590
580
558
62
317
19
197
11
43
665
573
917
361
570
432
554
947
643
389
481
666
204
398
437
85
940
713
417
820
132
51
414
886
741
351
788
474
592
146
182
662
819
980
431
387
686
860
925
16
503
796
5
835
552
47
562
841
707
89
862
275
826
681
153
67
439
785
433
231
59
478
764
753
95
649
21
268
708
228
75
561
756
493
495
464
660
81
325
779
362
99
535
823
674
477
49
428
259
587
453
936
811
469
658
61
202
997
90
739
628
239
407
215
931
839
599
846
596
574
505
401
64
740
578
343
382
79
717
267
420
338
23
46
339
751
278
868
243
9
509
821
232
650
372
694
403
508
286
222
290
556
882
299
465
530
630
470
670
366
782
279
393
693
684
60
647
565
476
623
17
386
276
837
581
223
719
395
962
34
367
568
885
148
569
115
537
360
517
461
303
24
137
27
227
263
815
812
245
121
141
