265
351
305
113
300
165
201
6
28
422
416
311
86
296
170
219
90
2
95
434
441
148
97
263
319
11
256
230
375
211
401
292
288
367
87
418
220
178
242
140
228
101
352
398
118
27
226
323
445
88
31
171
372
361
342
309
248
277
67
125
116
96
107
146
209
182
336
133
369
82
447
48
145
269
360
188
184
443
181
280
200
355
417
29
14
100
136
16
17
185
102
38
354
34
192
227
233
177
26
138
141
433
297
161
428
294
274
99
231
380
98
370
75
21
307
334
152
0
421
104
217
424
232
207
92
76
163
79
15
183
353
272
19
173
137
271
225
24
78
293
23
127
175
308
7
391
394
74
42
229
155
89
115
51
395
190
245
286
239
413
435
410
436
202
196
411
291
284
41
40
407
279
322
439
362
237
70
333
72
331
180
382
39
315
440
81
425
13
5
68
20
431
3
186
77
30
215
204
403
83
143
426
374
438
423
132
381
275
22
320
206
109
154
343
172
390
153
126
25
142
8
276
387
285
348
144
