34
277
189
234
258
35
99
8
214
279
18
207
138
86
264
290
226
146
257
223
177
269
0
302
291
163
135
89
319
80
184
296
44
304
181
15
311
158
260
67
251
170
7
58
81
64
147
225
132
33
183
190
95
295
72
3
321
10
12
317
201
24
173
157
91
124
116
306
160
228
43
156
242
113
119
196
253
22
96
141
301
50
300
286
320
55
84
237
241
313
14
243
111
182
2
298
221
209
227
101
231
49
215
30
185
31
314
88
250
131
29
287
268
122
248
191
188
9
175
28
25
39
144
218
100
150
263
219
94
74
235
128
83
281
103
38
229
255
247
104
68
121
267
308
114
230
312
16
294
92
289
117
52
19
27
57
206
75
105
213
120
284
285
275
297
107
133
154
21
204
53
45
271
200
17
4
309
244
108
82
123
65
171
280
164
224
245
66
288
54
220
115
1
36
40
299
93
56
59
69
136
26
110
166
252
307
272
187
240
192
239
20
143
102
212
152
51
85
41
145
63
98
112
148
303
106
87
11
198
217
176
118
316
169
46
178
211
6
61
174
142
256
265
126
262
203
199
292
78
323
47
274
172
70
137
233
129
153
246
71
5
