986
592
976
250
771
712
665
425
796
501
121
588
51
276
1064
1050
488
586
898
526
447
927
146
997
296
684
254
528
587
73
364
830
383
845
1128
846
316
585
32
424
559
1048
410
570
1058
661
1016
1013
318
659
355
205
615
732
701
262
148
553
25
641
398
342
843
1033
808
1073
931
813
213
495
1098
700
891
408
29
764
336
62
908
531
1107
656
261
422
348
1110
467
373
876
806
967
499
1096
260
278
20
395
90
928
75
392
990
634
291
766
562
157
554
603
520
416
248
218
391
770
746
1049
163
331
271
1046
179
1002
619
72
947
193
689
292
901
900
581
691
215
574
155
8
774
695
33
750
397
277
791
93
1024
486
688
906
881
353
290
421
176
182
865
234
681
1004
1020
382
123
23
97
84
340
640
595
204
722
188
963
1077
936
1015
707
810
727
907
207
952
337
841
943
354
710
219
378
836
564
491
600
669
714
283
1130
70
492
647
1112
494
782
677
117
698
149
330
194
483
812
1088
725
978
1010
9
1116
584
636
1012
475
637
1026
930
696
189
493
580
744
167
994
807
280
333
227
185
1045
875
434
230
273
896
118
624
440
772
490
697
959
435
1117
765
1072
76
678
533
1051
834
221
610
389
351
890
39
405
345
804
109
159
529
519
311
299
535
557
934
988
1035
672
481
505
457
992
536
761
755
53
844
604
22
257
297
563
820
842
719
814
558
56
246
893
432
168
737
736
683
957
95
686
479
1081
325
942
1124
60
609
1079
158
860
832
694
326
442
521
753
703
776
455
941
762
192
198
653
127
573
406
403
476
324
980
