88
286
401
370
100
185
447
129
15
24
395
38
246
388
291
134
8
115
32
7
242
13
225
333
297
58
28
16
181
25
56
152
186
131
101
429
123
364
426
109
84
437
446
402
144
270
393
106
229
336
102
120
372
317
220
373
415
137
260
21
66
258
156
139
355
78
49
302
314
110
376
231
275
99
430
87
46
236
103
339
83
247
95
86
54
165
381
300
111
288
389
76
362
9
377
96
39
298
12
303
398
416
53
171
287
73
232
408
204
374
263
47
167
351
434
173
195
11
400
296
72
136
274
20
347
239
428
436
85
23
62
411
311
390
276
433
256
412
354
335
188
42
301
203
307
17
214
348
290
386
315
71
421
360
280
310
249
127
145
70
268
50
344
154
5
117
80
441
40
126
27
0
207
19
271
318
67
413
75
74
223
36
269
135
69
61
65
215
380
396
93
272
379
157
248
343
212
191
92
116
334
64
267
33
431
141
329
265
387
113
35
176
43
435
48
192
163
366
419
89
342
82
410
383
356
299
108
199
407
44
211
394
443
230
31
172
378
200
438
285
284
179
30
292
244
205
226
313
305
405
439
235
107
160
128
164
104
209
255
332
201
352
353
166
361
37
14
202
382
182
234
279
237
210
151
170
63
262
81
322
153
121
57
97
10
68
375
367
278
309
140
158
175
330
146
445
406
312
293
198
369
448
159
168
266
41
77
328
59
228
346
308
155
189
133
217
118
358
105
26
442
243
52
323
245
306
18
174
29
341
51
79
425
316
138
169
331
219
294
221
197
149
345
187
45
444
450
124
190
143
142
277
385
206
391
363
183
162
60
227
22
289
