0 76
0 87
0 103
0 123
0 135
0 233
0 275
0 320
0 328
1 5
1 26
1 44
1 180
1 319
2 84
2 140
2 176
2 181
2 202
2 317
3 21
3 252
3 278
3 316
3 334
4 45
4 97
4 145
4 153
4 276
5 26
5 44
5 46
5 144
5 164
5 207
5 270
5 294
5 319
6 19
6 63
6 110
6 221
6 237
7 11
7 30
7 137
7 199
7 287
7 318
8 20
8 71
8 144
8 226
8 270
8 280
8 295
8 302
9 243
9 269
10 99
10 118
10 338
11 68
11 137
11 190
11 196
11 199
11 208
11 219
11 232
11 240
11 249
11 270
11 281
11 287
11 301
11 309
11 316
11 323
11 326
12 196
12 335
13 14
13 49
13 163
13 199
13 221
14 49
14 68
14 163
14 190
14 199
15 57
15 196
15 245
16 17
16 252
16 303
17 24
17 37
17 101
17 104
17 122
17 133
17 141
17 143
17 165
17 169
17 264
17 300
18 105
18 187
18 213
18 259
18 297
18 317
18 324
18 331
19 29
19 168
19 174
19 225
19 250
19 251
19 289
19 307
20 35
20 71
20 82
20 144
20 168
20 175
20 209
20 232
20 270
20 280
20 302
21 39
21 53
21 80
21 91
21 119
21 215
21 220
21 278
21 325
21 334
22 237
22 266
23 30
23 84
23 100
23 232
23 266
23 277
23 332
24 73
24 101
24 188
24 200
24 212
24 253
24 255
24 259
24 304
25 282
25 284
26 46
26 209
26 218
26 319
27 57
27 101
27 113
27 117
27 132
27 138
27 144
27 156
27 161
27 200
27 219
27 287
27 291
28 30
28 46
28 63
28 79
28 100
28 101
28 129
28 138
28 144
28 149
28 167
28 182
28 184
28 194
28 208
28 270
28 274
28 312
28 317
28 334
29 40
29 63
29 168
29 215
29 225
29 234
29 250
29 251
29 292
29 307
29 308
30 100
30 108
30 158
30 190
30 199
30 208
30 277
30 305
30 316
30 318
30 323
31 155
31 166
31 322
32 158
32 210
33 174
33 218
33 234
33 239
33 289
33 321
34 49
34 51
34 115
34 125
34 199
34 272
34 310
35 39
35 41
35 53
35 103
35 119
35 172
35 193
35 220
35 288
35 331
35 335
36 88
36 197
37 89
37 133
37 143
37 169
38 110
38 234
38 307
39 53
39 119
39 179
39 194
39 220
39 269
39 282
39 286
39 297
40 44
40 63
40 79
40 146
40 161
40 246
40 304
40 323
41 220
41 331
42 130
42 159
43 51
43 59
44 46
44 70
44 141
44 180
44 215
44 218
44 234
44 266
44 294
44 304
44 319
45 70
45 153
45 167
46 106
46 174
46 180
46 215
46 218
46 253
46 289
46 307
46 319
47 54
47 73
47 82
47 138
47 197
47 224
47 286
47 323
48 70
48 124
48 129
48 148
48 166
48 185
48 211
48 257
49 158
49 198
49 199
49 301
50 70
50 127
50 236
50 262
50 314
50 336
51 125
51 272
51 310
52 53
53 72
53 91
53 119
53 129
53 166
53 187
53 202
53 220
53 257
53 301
53 318
54 62
54 154
54 179
54 271
55 142
56 84
56 176
56 201
56 232
57 74
57 117
57 139
57 146
57 193
57 241
57 252
58 72
58 170
58 206
58 237
58 253
58 289
59 155
59 166
59 257
60 95
60 121
60 162
60 204
60 226
60 259
61 107
61 176
61 228
61 310
62 122
62 154
63 70
63 79
63 109
63 146
63 188
63 196
63 246
63 321
64 158
64 177
64 198
64 208
64 244
65 104
65 180
65 308
65 319
66 88
66 90
66 151
66 198
66 202
67 137
67 301
68 100
68 163
68 190
68 208
68 232
68 235
68 249
68 266
68 277
68 318
68 323
68 330
69 100
69 184
69 264
69 325
70 110
70 129
70 132
70 138
70 140
70 166
70 167
70 196
70 203
70 252
70 257
70 263
70 301
70 321
71 84
71 144
71 204
71 232
71 270
71 295
71 302
72 81
72 97
72 106
72 162
72 170
72 206
72 215
72 237
72 276
72 289
72 318
72 329
73 95
73 117
73 121
73 139
73 162
73 171
73 201
73 224
73 241
74 139
74 241
75 86
75 101
75 134
75 155
75 238
75 254
75 271
76 216
76 233
76 275
76 304
76 320
77 96
77 111
77 127
77 191
77 192
77 231
77 260
78 178
79 113
79 138
79 146
79 156
79 167
79 194
79 264
79 270
80 83
80 191
80 195
80 236
80 260
81 89
81 101
81 106
81 165
81 184
81 202
81 209
81 234
81 243
81 264
81 294
81 325
82 95
82 117
82 122
82 197
82 241
82 280
82 290
82 317
83 118
83 268
83 298
84 92
84 144
84 160
84 163
84 176
84 185
84 202
84 227
84 232
84 277
84 280
84 302
85 117
85 155
85 209
85 231
85 298
86 113
86 194
86 238
86 259
86 291
86 317
87 137
87 147
87 216
87 233
87 275
87 320
88 98
88 145
88 215
89 133
89 169
89 300
90 120
90 177
90 221
91 288
92 140
92 160
92 202
92 227
92 306
92 312
93 96
93 105
93 111
93 127
93 205
93 260
93 317
94 109
94 332
95 122
95 156
95 333
96 102
96 111
96 116
96 127
96 128
96 178
96 205
96 223
96 231
96 260
96 262
96 296
97 106
97 152
97 153
97 190
97 199
97 276
97 305
97 318
98 145
98 151
99 203
99 317
99 337
99 338
100 125
100 141
100 176
100 209
100 221
100 272
100 277
100 330
101 132
101 138
101 172
101 194
101 199
101 202
101 209
101 212
101 264
101 270
101 301
101 325
102 159
102 260
103 135
103 193
103 328
104 143
104 165
104 169
105 116
105 118
105 127
105 128
105 187
105 191
105 213
105 220
105 231
105 236
105 262
105 282
105 297
105 338
106 152
106 215
106 218
106 250
106 253
106 276
106 289
106 305
107 176
107 181
107 228
107 285
107 310
108 221
108 277
108 305
109 113
109 163
109 232
109 251
109 332
110 229
110 234
110 307
111 122
111 127
111 204
111 226
111 259
111 298
112 122
112 143
112 156
112 223
112 238
112 252
112 259
112 302
113 138
113 162
113 194
113 249
113 309
114 120
115 120
115 125
115 145
115 221
115 232
115 240
115 244
115 272
115 277
115 332
117 139
117 212
117 327
118 338
119 212
120 221
120 232
120 267
121 327
122 149
122 185
122 190
122 193
122 204
122 223
122 253
122 259
122 312
122 316
123 141
123 233
123 275
123 320
124 129
124 148
124 232
124 257
124 263
125 221
125 272
125 281
126 143
126 242
126 278
127 141
127 192
127 205
127 209
127 248
127 262
127 298
127 327
127 336
128 191
128 231
128 262
129 155
129 185
129 194
129 257
129 259
129 299
130 159
130 189
131 141
131 196
131 217
131 279
132 151
132 185
132 219
132 315
132 325
133 169
133 264
134 200
135 151
135 153
135 265
135 275
135 320
135 328
136 148
136 166
137 199
137 232
137 240
137 277
137 309
137 326
138 167
138 193
138 254
138 258
138 264
138 270
138 287
138 336
140 158
140 160
140 176
140 177
140 181
140 212
140 219
140 252
140 285
140 312
141 153
141 158
141 165
141 189
141 197
141 263
141 275
141 284
141 305
141 314
141 320
141 325
142 143
142 256
142 302
142 308
143 157
144 163
144 184
144 194
144 204
144 226
144 232
144 270
144 280
144 295
144 302
145 191
146 156
146 192
146 271
147 294
148 236
148 257
148 322
149 204
149 226
149 259
149 274
150 162
150 277
150 323
152 276
152 305
152 307
152 324
154 196
155 185
155 257
155 299
155 312
155 322
156 172
156 196
156 199
156 212
156 312
157 216
157 275
158 161
158 163
158 208
158 219
158 232
158 244
158 318
159 179
160 176
160 202
160 209
160 227
160 261
160 285
160 325
161 190
161 194
161 280
162 190
162 200
162 226
162 252
162 259
162 277
163 199
163 208
163 232
163 273
163 280
164 294
164 319
165 300
166 212
166 257
166 322
167 182
167 194
167 270
167 274
167 304
167 321
169 184
169 256
169 264
169 300
169 302
170 206
170 215
171 200
171 201
172 193
172 209
172 214
172 307
172 327
173 174
173 234
173 307
173 321
174 218
174 234
174 239
174 250
174 253
174 259
174 289
174 321
175 260
175 313
176 181
176 204
176 228
176 259
176 306
176 310
176 312
177 221
178 192
178 231
179 194
179 197
179 279
179 282
181 184
181 203
181 228
181 252
182 193
182 194
182 271
183 207
184 209
184 264
184 302
184 325
185 312
186 245
186 304
187 213
187 297
188 289
188 317
189 230
190 199
190 208
190 221
190 230
190 238
190 240
190 246
190 249
190 277
190 281
190 312
190 318
191 195
191 220
191 286
191 288
192 260
193 301
193 319
194 270
194 280
194 287
194 301
194 316
194 323
195 220
195 283
195 286
195 288
195 293
196 321
197 222
198 232
198 244
198 281
199 209
199 249
199 270
199 277
199 301
199 318
199 325
199 327
199 330
200 223
201 312
202 203
202 209
202 227
203 208
203 222
203 255
203 317
204 226
204 238
204 252
204 259
204 270
204 302
205 260
205 262
206 215
206 237
206 289
207 242
207 303
207 326
208 232
208 235
208 240
208 244
208 246
208 252
208 281
208 309
208 316
208 318
208 323
208 326
208 330
209 212
209 227
209 228
209 259
209 294
209 302
209 307
209 325
209 334
210 219
212 247
212 252
212 264
212 319
213 297
214 246
214 291
215 234
215 250
215 289
215 307
216 275
216 320
217 247
218 234
218 239
218 321
219 287
219 315
220 283
220 288
222 247
222 290
223 284
223 310
223 317
225 250
225 251
226 270
227 306
228 312
229 234
230 273
231 260
231 262
232 240
232 270
232 280
232 302
232 316
232 323
233 275
233 320
233 328
234 253
234 307
234 321
236 314
236 322
238 312
239 307
240 326
242 325
243 269
244 272
244 281
245 259
246 295
247 252
247 317
248 312
249 292
249 301
249 316
250 251
250 253
250 289
250 307
250 321
252 285
252 312
254 262
254 293
254 317
254 337
256 308
257 327
258 311
259 314
259 318
259 323
260 296
262 338
265 304
269 282
270 274
270 280
270 295
270 301
270 302
271 321
272 281
272 310
275 320
275 328
276 305
277 281
277 316
277 318
277 323
277 327
278 319
280 302
282 286
283 288
283 331
286 288
286 297
286 331
288 331
289 329
289 331
291 317
292 321
294 307
294 319
294 324
298 336
300 302
301 326
301 330
304 311
309 326
315 321
316 323
316 330
316 333
318 323
319 325
320 328
323 330
324 331
325 326
325 334
