246
185
124
238
271
148
67
304
135
126
271
305
226
83
209
131
193
246
197
265
77
205
184
84
14
77
105
216
217
265
171
140
271
6
270
10
265
138
87
6
228
184
269
186
326
6
183
205
162
77
256
138
130
60
193
213
55
6
304
217
271
270
71
199
185
304
180
50
55
111
130
68
77
5
6
6
207
156
74
257
72
170
159
6
131
114
150
72
165
140
64
297
40
236
313
205
200
123
6
162
60
56
53
217
217
140
110
109
118
256
282
195
270
160
184
137
219
6
70
107
60
10
321
30
235
43
171
144
108
47
135
194
83
71
26
190
256
67
207
93
140
116
207
152
270
256
138
203
251
180
207
6
214
6
227
119
205
135
131
289
63
207
4
