283
8
13
54
161
181
109
108
188
113
102
149
305
277
60
59
151
63
196
9
213
272
190
83
258
307
269
58
46
223
187
243
150
324
225
66
229
64
53
32
171
146
284
297
147
286
23
56
214
259
265
20
173
159
117
169
261
34
86
42
163
244
167
93
310
175
144
232
128
303
270
17
185
14
89
135
19
118
16
253
242
0
106
205
233
216
62
312
285
193
166
247
122
47
322
273
254
197
160
282
4
85
155
76
137
110
317
37
2
204
126
141
210
299
191
194
300
221
323
97
264
189
276
176
308
212
245
180
281
88
95
140
302
51
172
237
100
74
82
222
22
96
228
203
267
250
309
116
162
321
183
68
271
318
304
268
275
255
198
260
184
39
124
256
145
257
148
211
41
152
289
251
280
195
186
236
87
306
127
325
230
234
224
206
279
202
241
77
10
153
164
201
120
226
315
220
218
84
165
123
130
6
246
91
266
262
290
114
38
231
287
208
156
238
154
182
319
219
168
81
112
3
132
7
178
311
25
235
