0 23
0 59
0 101
23 98
23 101
59 117
101 11
98 109
98 86
11 3
11 10
11 12
11 17
11 39
11 109
11 129
1 43
1 82
43 20
43 53
43 97
43 131
43 136
82 13
82 16
82 20
82 53
82 131
82 136
20 97
20 53
20 136
20 138
53 6
53 68
53 131
53 136
97 16
97 31
97 102
97 131
97 138
131 31
131 68
13 22
16 48
16 65
16 31
16 78
16 80
16 83
16 104
16 141
31 100
31 7
31 37
31 85
31 90
31 124
31 133
31 135
138 129
138 38
138 68
2 93
93 44
93 61
93 119
44 5
44 61
44 119
5 42
5 67
5 75
5 100
61 119
61 56
61 68
61 73
61 129
119 47
47 75
47 57
3 10
3 120
10 109
120 46
120 49
109 49
109 86
12 8
12 54
12 60
12 103
17 80
17 78
17 24
17 49
17 60
17 104
39 100
39 141
39 54
39 89
39 121
39 128
129 67
129 100
129 135
46 49
49 86
4 28
4 48
4 65
4 77
4 106
28 14
28 18
28 38
28 41
28 45
28 65
28 77
28 123
28 139
48 65
48 77
48 106
48 110
48 116
65 77
65 106
65 116
77 14
77 38
77 76
77 88
77 123
14 18
14 25
14 38
14 88
18 38
18 123
18 137
18 139
38 76
38 88
38 123
38 139
41 88
41 123
45 139
123 25
123 139
139 25
139 88
139 64
139 130
110 35
116 60
116 91
76 84
88 25
42 57
42 75
67 111
75 62
75 125
100 7
100 24
100 36
100 37
100 60
100 81
100 85
100 95
100 115
100 124
100 127
100 133
100 141
57 125
56 115
56 73
111 15
111 33
62 29
62 108
7 36
7 37
7 72
7 80
7 126
7 133
7 141
24 63
24 81
24 121
36 95
36 72
36 83
36 85
36 113
36 115
36 118
36 122
36 133
37 26
37 51
37 85
37 115
37 124
37 126
37 133
60 27
60 81
60 122
81 133
81 54
81 63
81 27
81 87
81 121
81 122
81 134
85 80
85 83
85 19
85 113
85 115
85 118
85 124
85 133
95 19
95 133
115 133
115 19
115 74
115 118
115 124
124 80
124 126
124 26
124 51
124 74
124 90
127 133
127 118
133 72
133 83
133 19
133 118
133 122
6 94
94 105
105 22
105 70
105 137
19 113
72 122
80 83
80 118
80 126
126 83
126 51
126 74
78 8
78 27
78 34
78 104
83 118
83 122
104 34
135 9
135 52
135 58
135 66
113 54
113 121
26 51
8 55
55 21
55 69
54 121
54 134
27 63
9 52
9 66
52 50
52 35
52 96
52 99
52 140
66 58
50 30
50 96
50 114
30 108
30 114
96 58
96 32
114 58
35 99
35 140
99 140
89 121
89 128
121 63
121 134
134 87
22 91
22 112
64 130
15 33
33 71
71 79
108 107
40 132
132 92
