0 3
0 36
0 64
0 67
3 12
3 64
3 67
36 64
36 67
64 67
67 51
51 68
1 19
1 37
1 47
19 30
19 37
19 46
19 58
37 46
47 6
47 7
47 16
47 30
47 40
47 42
47 52
47 57
47 61
30 22
30 15
30 58
30 61
46 58
6 57
6 7
6 52
6 16
6 20
6 26
6 42
6 53
7 4
7 16
7 27
7 42
7 52
16 57
16 52
16 26
16 42
40 44
40 49
40 42
40 32
40 70
40 54
40 45
42 57
42 52
42 27
42 15
42 32
52 57
52 4
52 53
57 2
57 24
57 28
61 17
61 18
61 43
2 24
2 28
24 28
28 56
56 59
27 5
27 21
27 8
27 9
27 15
27 39
27 44
27 45
27 49
27 66
27 70
53 26
53 62
5 21
5 23
5 44
5 66
21 23
21 44
21 66
23 44
23 66
44 70
66 33
66 50
66 70
8 22
9 49
9 32
9 33
9 39
9 70
39 49
39 32
39 41
39 70
45 49
45 32
49 33
49 50
49 54
49 70
70 32
70 33
70 50
70 54
33 50
54 65
54 11
20 62
22 65
65 11
41 25
41 55
10 14
10 29
10 48
10 59
10 69
14 34
14 48
14 69
29 34
29 48
29 69
48 63
48 69
69 25
69 38
69 55
69 60
69 63
34 38
34 63
25 55
25 60
38 60
55 60
13 17
13 18
13 31
13 35
13 43
17 18
17 31
17 35
17 43
18 35
18 68
31 43
35 43
