0 29
0 59
0 61
0 63
0 73
0 74
0 111
0 123
0 133
0 154
0 161
0 173
0 219
0 263
29 74
29 263
59 63
59 134
59 145
59 154
59 161
59 173
59 197
59 219
59 248
61 63
61 173
63 161
63 173
73 133
74 263
111 14
111 32
111 83
111 123
111 138
111 144
111 150
111 152
111 173
111 183
111 210
111 262
123 83
123 173
123 183
154 173
154 219
161 173
173 219
134 248
145 248
145 260
145 14
145 197
197 248
248 5
248 170
248 14
248 57
248 221
248 247
248 251
248 260
14 260
14 25
14 55
14 57
14 76
14 141
14 152
14 262
32 210
32 82
83 242
83 183
83 95
83 262
83 78
83 168
83 178
83 204
138 150
144 262
144 20
144 94
144 126
144 41
144 122
144 136
144 137
144 177
144 241
144 257
150 47
150 49
150 235
152 78
183 3
183 153
183 4
183 95
183 127
183 168
183 202
183 262
210 24
210 42
210 149
210 162
210 180
210 182
210 38
210 48
210 82
210 88
210 228
210 249
210 250
262 242
262 39
262 143
262 178
262 202
262 204
1 45
1 68
1 109
1 261
45 109
45 261
68 109
109 58
109 70
109 125
109 207
109 250
109 261
58 125
58 207
125 33
125 113
125 146
125 159
207 33
207 146
207 159
250 33
250 31
250 129
250 259
250 66
250 100
250 147
250 195
250 239
250 244
250 258
2 34
2 166
2 181
2 242
34 166
34 196
166 181
166 196
166 242
181 196
181 242
242 196
242 204
3 153
153 127
153 202
4 95
95 168
5 33
5 170
5 251
5 260
33 67
33 146
33 156
33 159
33 170
33 216
33 226
33 244
170 251
170 260
260 40
260 57
67 216
146 216
146 113
146 53
146 101
146 156
146 159
146 226
156 216
156 226
159 113
216 139
216 10
216 54
216 186
216 19
216 60
216 86
216 107
216 115
216 120
216 140
216 148
216 157
216 165
216 174
216 191
216 198
216 199
216 213
216 226
216 229
216 245
221 247
40 151
40 172
6 175
6 211
6 217
175 65
175 80
175 160
175 211
175 217
211 23
211 102
211 217
217 9
217 12
217 65
217 80
217 85
217 104
217 160
217 191
217 194
217 215
217 233
217 236
80 9
80 12
80 85
80 104
80 160
80 194
80 236
160 17
160 81
160 191
160 192
160 205
160 215
160 218
160 233
160 240
23 87
23 102
23 130
23 212
9 12
9 85
9 104
9 236
12 85
12 104
12 236
85 104
85 236
104 236
191 186
191 19
191 56
191 97
191 148
191 229
191 233
194 259
7 11
7 71
7 93
7 164
11 164
11 264
71 93
71 164
71 264
93 164
164 16
164 264
264 16
264 46
264 259
46 259
46 50
46 237
259 18
259 52
259 99
259 21
259 37
259 50
259 51
259 237
8 90
8 131
8 139
8 185
90 131
90 139
90 185
131 139
131 185
139 106
139 107
139 110
139 115
139 155
139 157
139 165
139 186
139 198
139 229
185 79
185 118
185 158
185 184
106 110
107 186
107 229
107 115
107 121
107 157
107 165
107 198
107 203
115 186
115 229
115 157
115 165
115 198
155 186
155 229
155 130
155 212
155 116
157 186
157 165
157 198
165 186
165 229
165 198
186 10
186 54
186 19
186 26
186 84
186 116
186 120
186 121
186 148
186 198
186 203
186 209
186 213
186 229
186 256
198 229
229 54
229 19
229 120
229 213
229 121
229 203
79 118
79 158
79 184
118 184
158 184
10 54
19 120
19 213
26 84
26 256
84 256
120 213
121 203
148 137
209 256
60 22
60 53
60 86
60 130
60 132
60 140
60 174
60 179
60 199
60 212
60 225
60 245
86 22
86 140
86 174
86 179
86 222
140 22
140 174
140 179
140 222
174 53
174 245
245 53
13 31
13 129
31 15
31 129
31 214
129 147
129 214
129 239
147 66
147 128
147 195
147 201
239 234
239 252
239 253
25 76
55 141
39 62
39 143
39 200
39 231
39 246
17 81
17 192
17 205
17 218
17 240
81 44
81 192
81 205
81 218
81 240
192 205
192 240
205 218
205 240
218 44
218 98
218 240
18 52
18 99
18 190
52 99
37 51
50 237
51 75
51 117
51 169
51 171
56 97
20 94
20 126
20 176
20 241
20 257
94 136
94 137
94 241
94 257
126 36
126 163
126 188
241 257
136 137
137 41
137 122
36 163
36 188
163 188
41 89
41 122
41 189
41 238
41 243
122 135
122 177
53 113
53 101
130 91
130 179
130 208
130 212
130 220
132 225
179 212
212 35
212 91
212 208
212 220
91 206
91 167
24 42
24 149
24 180
42 149
42 162
42 180
42 182
149 162
149 180
149 182
180 162
180 48
180 182
180 228
162 182
182 28
48 38
48 249
88 124
27 96
27 108
27 142
27 187
27 224
27 232
27 255
96 105
96 108
96 142
96 187
96 224
96 227
96 232
108 105
108 187
108 224
108 227
108 232
108 255
108 258
142 224
142 232
142 255
187 43
187 105
187 224
187 227
187 232
187 255
187 258
224 43
224 105
224 227
224 232
224 255
224 258
232 255
105 227
258 103
258 66
258 195
30 77
30 103
30 112
30 193
77 103
77 112
77 193
77 230
103 112
103 193
103 230
112 193
112 230
66 195
113 101
75 171
117 169
117 171
169 171
62 200
62 231
62 246
200 231
200 246
231 246
151 172
189 238
189 243
238 243
47 49
49 235
64 69
64 72
64 119
69 72
69 119
69 206
72 119
72 206
119 114
119 206
119 254
206 167
114 254
254 223
128 92
234 253
