0 8
0 12
0 24
0 59
0 61
0 72
0 85
0 86
0 98
0 132
0 141
0 148
0 170
0 178
0 184
0 192
1 9
1 13
1 14
1 18
1 23
1 57
1 62
1 63
1 65
1 71
1 92
1 94
1 102
1 139
1 142
1 147
1 162
1 166
1 174
1 176
1 179
1 181
1 185
1 188
2 11
2 27
2 41
2 42
2 44
2 55
2 80
2 84
2 89
2 96
2 103
2 143
2 146
2 151
2 165
2 172
3 27
3 30
3 34
3 37
3 40
3 42
3 50
3 77
3 82
3 103
3 154
3 159
3 165
3 168
3 172
4 7
4 10
4 17
4 45
4 46
4 67
4 73
4 81
4 116
4 117
4 183
4 193
4 198
5 15
5 16
5 21
5 33
5 52
5 74
5 85
5 91
5 121
5 145
5 160
5 164
5 169
5 190
6 129
6 171
7 10
7 17
7 45
7 46
7 67
7 73
7 81
7 104
7 116
7 117
7 183
7 193
7 198
8 12
8 24
8 59
8 61
8 72
8 86
8 97
8 98
8 132
8 141
8 148
8 170
8 178
8 184
8 192
9 13
9 14
9 23
9 57
9 62
9 63
9 64
9 65
9 71
9 92
9 94
9 139
9 142
9 147
9 158
9 162
9 174
9 176
9 179
9 181
9 185
10 17
10 35
10 45
10 46
10 67
10 73
10 81
10 116
10 117
10 183
10 193
10 198
11 27
11 37
11 42
11 44
11 55
11 80
11 84
11 89
11 96
11 103
11 143
11 146
11 151
11 165
11 172
12 24
12 59
12 61
12 72
12 86
12 132
12 141
12 148
12 170
12 178
12 184
12 192
13 14
13 23
13 57
13 62
13 63
13 65
13 71
13 90
13 92
13 94
13 102
13 139
13 142
13 147
13 158
13 162
13 166
13 174
13 176
13 179
13 181
13 185
14 23
14 57
14 62
14 63
14 65
14 71
14 92
14 94
14 139
14 142
14 147
14 162
14 166
14 174
14 176
14 179
14 181
14 185
15 16
15 21
15 32
15 33
15 74
15 85
15 91
15 107
15 121
15 122
15 124
15 130
15 134
15 145
15 156
15 157
15 160
15 164
15 169
16 21
16 33
16 74
16 85
16 121
16 145
16 160
16 164
16 169
17 35
17 45
17 46
17 67
17 73
17 81
17 116
17 117
17 183
17 193
17 198
18 137
19 22
19 38
19 47
19 53
19 68
19 113
19 115
19 144
19 175
19 190
19 194
20 25
20 26
20 30
20 31
20 34
20 40
20 42
20 50
20 77
20 82
20 93
20 99
20 126
20 143
20 154
20 159
20 163
20 165
20 172
20 177
21 33
21 52
21 74
21 85
21 91
21 121
21 145
21 160
21 164
21 169
22 38
22 47
22 53
22 68
22 83
22 115
22 144
22 175
22 194
23 57
23 62
23 63
23 65
23 71
23 92
23 94
23 102
23 139
23 142
23 147
23 158
23 162
23 166
23 174
23 176
23 179
23 180
23 181
23 185
24 29
24 56
24 59
24 61
24 69
24 70
24 72
24 76
24 86
24 87
24 88
24 98
24 110
24 120
24 128
24 132
24 136
24 138
24 140
24 141
24 148
24 161
24 170
24 178
24 182
24 184
24 187
24 192
24 195
24 199
25 30
25 31
25 34
25 50
25 93
25 99
25 126
25 159
25 163
26 31
26 93
26 126
27 30
27 34
27 37
27 42
27 44
27 50
27 55
27 77
27 80
27 84
27 89
27 96
27 143
27 146
27 151
27 154
27 159
27 165
27 172
28 54
28 64
28 119
28 135
28 158
28 180
29 59
29 69
29 72
29 76
29 79
29 88
29 98
29 136
29 148
29 152
29 178
30 31
30 34
30 37
30 40
30 42
30 50
30 66
30 77
30 82
30 93
30 99
30 126
30 143
30 154
30 159
30 165
30 172
31 34
31 40
31 42
31 50
31 77
31 93
31 99
31 126
31 154
31 159
31 163
31 165
31 172
31 177
32 107
32 122
32 124
32 130
32 134
32 156
32 164
33 52
33 74
33 85
33 91
33 121
33 145
33 160
33 164
33 169
33 190
34 37
34 40
34 42
34 50
34 55
34 66
34 77
34 82
34 93
34 99
34 103
34 126
34 143
34 154
34 159
34 163
34 165
34 172
34 177
35 45
35 81
35 116
36 39
36 70
36 105
36 150
37 40
37 42
37 50
37 55
37 77
37 80
37 82
37 89
37 96
37 99
37 103
37 143
37 146
37 154
37 159
37 165
37 168
37 172
38 47
38 53
38 58
38 68
38 83
38 115
38 144
38 194
40 42
40 50
40 66
40 77
40 82
40 93
40 99
40 103
40 126
40 143
40 154
40 159
40 165
40 172
40 177
41 55
41 143
41 146
41 165
42 44
42 50
42 55
42 66
42 77
42 80
42 82
42 84
42 89
42 96
42 99
42 103
42 143
42 146
42 151
42 154
42 159
42 165
42 172
43 100
43 114
43 149
44 55
44 80
44 84
44 89
44 96
44 143
44 146
44 151
44 165
44 172
45 46
45 67
45 73
45 81
45 116
45 117
45 183
45 193
45 198
46 67
46 73
46 81
46 104
46 116
46 117
46 183
46 193
46 198
47 53
47 58
47 68
47 83
47 115
47 144
47 173
47 175
47 194
48 109
48 112
48 113
48 190
49 111
49 173
49 186
49 189
49 196
50 55
50 77
50 82
50 89
50 93
50 96
50 99
50 103
50 126
50 143
50 154
50 159
50 165
50 168
50 172
50 177
51 87
51 110
51 128
51 138
51 161
51 182
51 195
52 61
52 74
52 85
52 113
52 121
52 145
52 155
52 160
52 190
53 58
53 68
53 83
53 115
53 144
53 175
53 194
54 64
54 119
54 135
54 158
54 180
55 77
55 80
55 84
55 89
55 96
55 143
55 146
55 151
55 154
55 159
55 165
55 172
56 72
56 75
56 87
56 110
56 120
56 128
56 130
56 134
56 138
56 155
56 161
56 164
56 178
56 182
56 187
56 195
57 62
57 63
57 65
57 71
57 92
57 94
57 102
57 137
57 139
57 142
57 147
57 162
57 166
57 174
57 176
57 179
57 181
57 185
57 188
58 194
59 61
59 69
59 72
59 76
59 79
59 86
59 88
59 98
59 132
59 136
59 141
59 148
59 152
59 170
59 178
59 184
59 192
60 75
60 155
60 197
61 72
61 86
61 98
61 132
61 141
61 148
61 170
61 178
61 184
61 192
62 63
62 65
62 71
62 78
62 92
62 94
62 102
62 118
62 125
62 127
62 139
62 142
62 147
62 153
62 162
62 166
62 174
62 176
62 179
62 181
62 185
62 188
63 65
63 71
63 92
63 94
63 139
63 142
63 147
63 162
63 174
63 176
63 179
63 181
63 185
64 92
64 119
64 135
64 158
64 180
64 181
65 71
65 92
65 94
65 102
65 129
65 137
65 139
65 142
65 147
65 158
65 162
65 166
65 174
65 176
65 179
65 181
65 185
65 188
66 82
66 99
66 159
67 73
67 81
67 116
67 117
67 183
67 193
67 198
68 83
68 115
68 144
68 175
68 194
69 72
69 76
69 79
69 88
69 98
69 136
69 148
69 152
69 178
70 72
70 87
70 105
70 110
70 120
70 128
70 138
70 150
70 161
70 167
70 178
70 182
70 187
70 195
71 92
71 94
71 102
71 139
71 142
71 147
71 158
71 162
71 166
71 174
71 176
71 179
71 181
71 185
72 76
72 79
72 86
72 87
72 88
72 98
72 110
72 120
72 128
72 132
72 136
72 138
72 141
72 148
72 152
72 161
72 167
72 170
72 178
72 182
72 184
72 187
72 192
72 195
72 199
73 81
73 116
73 117
73 183
73 193
73 198
74 85
74 91
74 121
74 145
74 160
74 164
74 169
75 108
75 155
75 197
76 79
76 88
76 98
76 136
76 148
76 152
76 178
77 82
77 84
77 89
77 93
77 96
77 99
77 103
77 126
77 143
77 146
77 154
77 159
77 165
77 168
77 172
77 177
78 118
78 125
78 127
78 153
79 88
79 98
79 136
79 148
79 152
79 178
80 84
80 89
80 96
80 143
80 146
80 151
80 165
80 172
81 116
81 117
81 183
81 193
81 198
82 99
82 143
82 154
82 159
82 165
82 172
83 115
83 144
83 175
83 194
84 89
84 96
84 143
84 146
84 151
84 165
84 172
85 91
85 113
85 121
85 145
85 160
85 164
85 169
86 98
86 132
86 141
86 148
86 170
86 178
86 184
86 192
87 98
87 110
87 120
87 128
87 138
87 161
87 167
87 178
87 182
87 187
87 195
87 199
88 98
88 136
88 140
88 148
88 152
88 178
88 182
89 96
89 117
89 131
89 143
89 146
89 151
89 154
89 165
89 172
90 129
90 182
91 121
91 124
91 134
91 145
91 160
91 164
91 169
92 94
92 102
92 139
92 142
92 147
92 158
92 162
92 166
92 174
92 176
92 179
92 180
92 181
92 185
93 99
93 126
93 154
93 159
93 163
93 165
93 172
93 177
94 139
94 142
94 147
94 162
94 166
94 174
94 176
94 179
94 181
94 185
95 123
96 143
96 146
96 151
96 165
96 172
98 110
98 120
98 128
98 136
98 138
98 140
98 148
98 152
98 161
98 170
98 178
98 182
98 184
98 187
98 192
98 195
98 199
99 126
99 143
99 154
99 159
99 165
99 172
100 101
100 149
101 133
102 139
102 142
102 147
102 162
102 166
102 174
102 176
102 179
102 181
102 185
103 143
103 154
103 159
103 165
103 172
104 114
104 198
105 150
106 111
106 173
106 189
106 196
107 122
107 124
107 130
107 134
107 156
107 164
108 155
109 112
109 113
109 190
110 120
110 128
110 138
110 161
110 167
110 178
110 182
110 187
110 195
110 199
111 173
111 186
111 189
111 196
112 113
112 190
113 190
114 149
115 144
115 175
115 194
116 117
116 183
116 193
116 198
117 171
117 191
117 193
117 198
118 125
118 127
118 153
119 135
119 158
119 180
120 128
120 138
120 161
120 167
120 178
120 182
120 187
120 195
120 199
121 145
121 160
121 164
121 169
122 124
122 130
122 134
122 156
122 164
123 163
124 130
124 134
124 156
124 164
125 127
125 153
126 154
126 159
126 163
126 165
126 172
126 177
127 153
128 138
128 161
128 167
128 178
128 182
128 187
128 195
128 199
130 134
130 156
130 164
131 133
131 163
132 141
132 148
132 170
132 178
132 184
132 192
134 156
134 164
135 158
135 180
136 140
136 148
136 152
136 178
137 142
137 179
138 161
138 167
138 178
138 182
138 187
138 195
138 199
139 142
139 147
139 162
139 166
139 174
139 176
139 179
139 181
139 185
140 178
141 170
141 184
141 192
142 147
142 158
142 162
142 166
142 174
142 176
142 179
142 181
142 185
142 188
143 146
143 151
143 154
143 159
143 165
143 172
144 175
144 194
145 160
145 164
145 169
146 151
146 165
146 172
147 158
147 162
147 166
147 174
147 176
147 179
147 181
147 185
147 188
148 152
148 170
148 178
148 184
148 192
151 165
151 172
152 178
154 159
154 165
154 168
154 172
155 190
155 197
156 164
158 162
158 174
158 176
158 179
158 180
158 181
158 185
159 165
159 172
159 177
160 164
160 169
161 167
161 178
161 182
161 187
161 195
161 199
162 166
162 174
162 176
162 179
162 181
162 185
163 177
164 169
165 172
166 174
166 176
166 179
166 181
166 185
167 178
167 182
167 187
167 195
168 172
170 178
170 184
170 192
171 191
173 186
173 189
173 196
174 176
174 179
174 180
174 181
174 185
174 188
175 194
176 179
176 181
176 185
178 182
178 184
178 187
178 192
178 195
178 199
179 181
179 185
179 188
180 181
181 185
181 188
182 187
182 195
182 199
183 193
183 198
184 192
185 188
186 189
186 196
186 197
187 195
187 199
189 196
193 198
195 199
