63
472
656
540
422
143
527
225
496
690
300
238
441
559
301
185
493
154
226
469
314
505
350
669
308
645
167
371
624
202
521
426
59
390
123
694
162
487
421
35
675
341
600
326
99
262
156
611
329
282
40
541
486
246
615
389
106
602
524
404
689
643
174
311
392
391
118
330
365
644
466
473
519
467
712
260
356
590
528
574
215
462
564
136
477
351
333
418
654
449
580
165
157
576
155
189
474
485
193
443
335
142
148
38
216
43
503
249
299
53
369
111
362
700
516
340
331
318
305
182
518
210
359
470
492
385
552
572
230
366
628
412
132
640
683
152
278
73
464
532
562
688
50
409
494
316
565
74
236
58
452
513
455
307
535
147
502
137
146
461
511
190
504
360
579
229
623
468
345
626
293
170
622
573
707
423
484
554
349
482
597
395
269
257
224
220
533
97
306
440
660
703
582
41
375
604
488
593
297
348
244
481
344
108
376
543
664
388
442
80
463
451
287
363
529
662
501
222
510
617
614
616
317
420
209
131
478
598
387
499
634
187
531
319
121
588
357
173
428
612
268
701
479
570
453
46
647
378
60
377
592
471
691
184
250
465
657
427
271
433
272
374
405
495
315
81
364
539
571
709
54
577
98
241
608
144
248
497
515
514
302
161
445
606
191
