101
176
80
72
348
0
247
3
140
271
232
136
99
59
71
130
265
359
76
318
227
339
142
290
117
100
153
267
177
274
231
375
123
224
282
135
221
317
223
281
31
185
165
319
217
355
134
41
158
193
146
9
49
93
79
233
105
45
189
11
254
204
94
67
320
228
261
35
168
75
163
50
133
129
61
325
152
154
284
81
46
206
184
172
188
291
143
170
125
311
39
175
166
194
199
340
244
150
277
28
88
178
213
324
179
289
305
333
342
51
132
36
164
95
32
17
266
62
296
283
328
313
230
23
108
376
73
14
300
18
255
303
308
173
131
312
87
13
90
156
251
219
352
366
102
198
360
1
74
363
253
286
139
351
256
239
119
273
322
371
370
332
137
107
70
372
257
234
323
83
258
330
103
118
98
276
48
12
116
155
263
202
106
331
113
350
25
200
183
37
8
122
357
16
112
285
298
275
361
218
126
349
344
207
10
192
138
222
124
326
365
334
229
269
378
55
293
210
147
2
220
214
148
288
358
270
373
236
354
144
205
356
145
15
89
264
347
6
278
104
157
209
33
201
226
56
262
85
44
65
287
367
66
299
4
96
195
268
301
353
346
345
128
7
297
127
246
5
34
84
38
309
97
211
78
186
237
60
279
341
374
57
245
306
29
212
252
114
68
120
191
110
216
215
235
203
343
77
310
109
86
260
280
190
174
19
248
21
91
30
149
52
169
69
187
43
167
111
238
302
377
20
249
141
92
63
304
292
329
171
364
121
327
115
64
82
22
42
259
47
58
