0 6
0 11
0 19
0 21
0 24
0 43
0 49
0 51
0 55
0 57
0 63
0 90
0 93
0 97
6 10
6 23
6 31
6 38
6 39
6 43
6 57
6 60
6 63
6 65
6 75
6 90
6 91
6 93
6 97
11 18
11 19
11 23
11 39
11 41
11 43
11 45
11 51
11 55
11 63
11 65
11 75
11 97
19 13
19 4
19 5
19 17
19 20
19 21
19 24
19 25
19 29
19 32
19 36
19 39
19 43
19 54
19 57
19 63
19 75
19 93
19 95
21 10
21 13
21 24
21 30
21 34
21 37
21 39
21 41
21 45
21 49
21 51
21 55
21 57
21 60
21 63
21 64
21 66
21 83
21 90
21 97
24 18
24 31
24 39
24 49
24 55
24 60
24 93
24 95
24 97
43 13
43 17
43 37
43 39
43 51
43 60
43 75
43 90
43 93
43 95
43 97
49 39
49 51
49 55
49 60
49 65
49 75
49 90
49 93
49 95
49 97
51 23
51 39
51 45
51 54
51 55
51 57
51 63
51 75
51 97
55 30
55 31
55 39
55 53
55 57
55 60
55 90
57 23
57 41
57 31
57 32
57 36
57 39
57 60
57 63
57 65
57 67
57 75
57 97
63 10
63 41
63 2
63 4
63 14
63 18
63 29
63 31
63 35
63 36
63 39
63 40
63 48
63 65
63 67
63 75
63 76
63 90
63 93
63 95
90 13
90 23
90 75
90 39
90 40
90 42
90 76
93 41
93 60
93 75
93 31
93 59
93 95
97 23
97 41
97 60
97 65
97 75
97 95
97 18
97 26
97 39
97 85
97 92
10 5
10 17
10 20
10 25
10 27
10 28
10 30
10 36
10 40
10 66
10 72
23 13
23 17
23 27
23 31
23 39
23 41
23 56
23 58
23 60
23 65
23 73
23 75
23 76
23 95
31 13
31 41
31 60
31 95
31 54
31 56
31 58
31 91
31 39
31 45
31 76
38 60
38 75
38 35
38 68
38 96
38 73
38 56
38 62
38 71
38 82
39 13
39 60
39 75
39 54
39 40
39 29
60 13
60 41
60 26
60 30
60 75
60 77
65 41
65 75
65 95
75 13
75 18
75 29
75 45
75 95
91 54
91 47
91 4
91 14
91 17
91 29
91 32
91 45
91 48
91 76
91 83
91 84
5 4
5 17
5 25
5 27
5 29
5 32
5 36
5 40
5 58
5 66
5 92
17 54
17 72
17 4
17 20
17 25
17 36
17 58
17 66
17 92
20 9
20 54
20 4
20 25
20 27
20 28
20 40
20 58
20 66
20 83
25 4
25 27
25 29
25 32
25 36
25 37
25 40
25 58
25 66
25 92
27 30
27 36
27 40
27 58
27 66
27 92
28 4
28 30
28 36
28 66
28 85
30 53
30 34
30 72
30 4
30 36
30 40
30 62
30 66
30 85
36 4
36 40
36 56
36 58
36 66
36 80
36 85
36 88
36 92
40 14
40 58
40 66
40 67
40 76
40 80
40 92
66 4
66 58
66 85
66 92
72 53
72 68
72 42
72 54
72 12
72 16
72 44
72 59
72 8
72 70
72 79
72 80
72 81
72 87
72 88
18 41
18 95
41 95
45 54
45 14
45 58
45 85
45 92
45 32
45 26
45 48
45 50
45 76
45 83
45 84
13 48
48 14
48 85
48 32
48 26
48 67
48 70
48 76
48 83
48 84
4 54
4 64
4 14
4 56
4 88
4 92
29 69
29 54
29 14
29 85
29 26
29 32
29 37
29 67
29 76
29 86
32 69
32 14
32 85
32 37
32 50
32 67
32 83
32 84
54 69
54 76
54 83
54 84
95 58
34 42
34 3
34 12
34 62
34 71
34 79
34 81
34 87
37 85
37 50
37 83
37 26
64 3
64 15
64 22
64 61
64 62
64 80
64 87
64 88
64 94
83 50
83 67
83 76
83 26
56 73
56 47
58 15
58 71
58 85
73 2
73 46
73 3
73 47
73 59
73 62
73 71
73 82
73 89
76 85
76 50
76 71
76 84
76 86
53 1
53 9
53 33
53 35
53 46
53 47
53 68
53 82
53 96
67 69
67 16
67 14
67 50
67 84
26 68
26 69
26 89
26 50
26 84
2 1
2 9
2 33
2 46
2 96
14 69
14 84
14 85
14 89
35 1
35 9
35 15
35 42
35 68
35 82
35 89
35 96
42 3
42 12
42 16
42 44
42 59
42 62
42 79
42 80
42 81
42 87
59 12
59 16
59 44
59 62
59 71
59 78
59 81
85 69
85 84
1 33
1 96
33 9
33 46
33 68
33 82
33 84
96 9
96 46
96 71
9 44
9 47
9 68
9 82
9 89
46 47
46 82
46 94
44 3
44 12
44 16
44 62
44 71
44 79
44 81
44 87
47 3
47 52
47 71
68 52
68 74
68 78
68 89
82 89
84 69
15 88
15 7
15 8
15 80
15 94
74 78
78 87
69 50
3 12
3 16
3 87
12 62
12 79
12 81
12 87
12 94
16 62
16 81
16 87
16 94
62 79
62 81
62 87
62 88
79 81
79 87
80 87
80 88
80 7
80 8
80 61
80 22
80 94
81 87
94 88
94 7
94 8
94 61
22 88
22 8
22 61
61 7
88 7
88 8
