0 254
0 310
1 21
2 108
2 120
2 160
2 250
2 411
2 434
3 5
3 63
3 116
3 133
3 201
3 258
3 259
3 284
3 373
3 483
4 257
5 116
5 124
5 247
5 299
5 374
5 428
5 432
5 443
5 453
6 82
6 127
6 173
6 207
6 226
6 241
6 301
6 305
6 383
6 401
6 491
7 178
7 434
7 466
8 132
8 232
8 299
8 419
8 459
9 22
9 26
9 92
10 86
10 181
10 184
10 229
10 343
10 353
10 398
10 449
11 56
11 103
11 160
11 250
11 357
12 144
12 178
12 287
12 402
12 406
12 479
12 490
13 20
13 37
13 110
13 158
13 227
13 252
13 255
13 260
13 266
13 287
13 325
13 409
13 467
14 73
14 272
14 290
14 336
14 363
14 478
15 282
15 299
16 31
16 40
16 106
16 210
16 278
16 317
16 341
16 404
16 444
17 22
17 44
17 72
17 81
17 92
17 96
17 151
17 168
17 203
17 229
17 264
17 285
17 321
17 344
17 415
17 446
17 477
17 485
18 27
18 124
18 167
18 204
18 209
18 219
18 234
18 240
18 299
18 324
18 426
18 428
18 472
19 77
19 81
19 107
19 156
19 215
19 243
19 249
19 256
19 279
19 298
19 364
19 371
19 379
19 471
20 37
20 291
20 416
21 114
21 178
21 244
21 327
21 406
22 33
22 38
22 70
22 72
22 79
22 92
22 96
22 105
22 138
22 151
22 229
22 273
22 308
22 311
22 332
22 446
22 477
23 160
23 357
23 413
24 67
24 229
24 259
24 264
24 284
24 289
24 332
24 340
24 373
25 120
25 163
26 43
26 68
26 71
26 92
26 262
26 267
26 404
27 78
27 124
27 142
27 167
27 191
27 299
27 347
27 365
27 400
27 428
27 472
28 178
28 290
28 434
28 485
29 56
29 62
29 80
29 250
29 283
29 337
29 413
30 59
30 85
30 194
30 204
30 219
30 292
30 324
30 347
30 349
30 354
30 386
30 396
30 410
30 454
30 455
30 472
31 102
31 106
31 178
31 210
31 335
31 341
31 434
31 488
32 282
32 406
33 36
33 62
33 209
33 252
33 287
33 310
33 434
33 459
34 185
34 188
34 227
34 313
34 402
34 406
34 488
35 59
35 150
35 292
35 303
35 481
36 40
36 45
36 58
36 75
36 93
36 105
36 106
36 115
36 126
36 131
36 132
36 153
36 159
36 162
36 165
36 177
36 178
36 229
36 248
36 258
36 261
36 300
36 310
36 319
36 332
36 366
36 417
36 419
36 422
36 444
36 466
36 492
36 497
37 110
37 158
37 252
38 89
38 151
38 220
38 270
38 273
38 351
38 358
38 406
38 469
38 477
39 109
39 171
39 278
39 317
39 434
39 474
39 480
40 84
40 111
40 135
40 178
40 251
40 307
40 466
40 478
41 231
41 262
41 408
41 411
42 274
42 329
42 359
43 71
43 404
44 81
44 92
44 344
44 415
44 485
45 93
45 102
45 115
45 153
45 161
45 422
45 444
45 497
46 170
46 179
46 297
46 302
46 352
47 130
47 170
47 209
47 240
47 297
47 331
47 376
47 412
47 441
47 451
48 114
48 266
48 325
48 406
48 488
49 144
49 406
50 271
50 339
50 382
51 53
51 88
51 115
51 119
51 126
51 132
51 175
51 180
51 186
51 190
51 208
51 225
51 316
51 320
51 333
51 432
51 444
51 457
51 492
51 497
52 111
52 141
52 182
52 259
52 268
53 119
53 186
53 225
53 295
54 79
54 201
54 264
54 284
54 286
54 300
54 361
54 370
54 373
55 129
55 274
55 345
56 160
56 250
56 413
57 200
57 239
57 241
57 345
57 359
57 372
57 462
57 491
58 100
58 105
58 117
58 131
58 135
58 153
58 238
58 332
58 388
58 391
58 497
59 85
59 97
59 159
59 292
59 303
59 349
59 356
59 386
59 394
59 410
59 420
59 481
60 62
60 106
60 278
61 204
61 322
61 330
62 106
62 174
62 181
62 184
62 211
62 229
62 231
62 262
62 278
62 289
62 390
62 398
62 404
63 116
63 133
63 247
63 432
63 483
64 79
64 184
64 195
64 259
64 318
64 340
64 353
65 204
65 290
65 354
65 461
66 309
66 315
66 382
67 229
67 284
67 289
67 340
67 430
68 71
68 321
68 408
69 315
69 375
69 392
70 72
70 138
70 151
70 203
70 269
70 273
70 308
70 311
70 421
70 438
70 477
71 262
71 404
71 408
72 96
72 151
72 438
72 446
72 477
73 272
73 290
73 336
73 363
73 478
73 485
74 112
74 257
74 294
74 392
75 140
75 175
75 190
75 242
75 258
75 288
75 293
75 312
75 316
75 320
75 384
75 417
75 423
75 442
75 444
75 445
75 492
75 494
76 137
76 414
77 81
77 92
77 107
77 156
77 215
77 249
77 256
77 279
77 364
77 379
77 471
77 485
78 142
78 191
78 219
78 235
78 324
78 365
78 400
78 428
78 454
79 195
79 284
79 286
79 340
79 361
79 370
80 90
80 230
80 283
80 310
80 317
80 337
80 404
81 107
81 147
81 149
81 156
81 168
81 215
81 249
81 256
81 285
81 298
81 321
81 338
81 344
81 371
81 415
81 427
81 471
81 477
82 301
82 458
83 168
83 306
83 338
83 369
83 432
84 272
85 292
85 333
85 349
85 386
85 394
85 405
85 410
86 184
86 353
87 93
87 150
87 178
87 237
87 406
88 115
88 126
88 132
88 162
88 177
88 190
88 208
88 444
88 457
88 492
89 270
89 330
89 358
89 406
89 469
90 108
90 109
90 211
90 334
90 337
91 173
91 228
91 265
92 138
92 192
92 321
92 332
92 344
92 415
92 485
93 115
93 356
93 422
93 436
93 444
93 497
94 282
94 380
95 105
95 133
95 300
95 373
95 387
95 412
95 465
96 446
96 477
97 159
97 386
97 394
97 420
98 227
99 402
99 490
100 117
100 131
100 132
100 216
100 238
100 388
100 391
100 407
100 444
100 497
101 137
101 181
101 195
101 242
101 258
101 370
102 106
102 115
102 140
102 153
102 161
102 217
102 287
102 335
102 442
102 497
103 160
103 250
103 467
104 212
104 429
104 456
105 126
105 131
105 133
105 159
105 204
105 240
105 248
105 259
105 300
105 376
105 412
105 444
105 497
106 140
106 162
106 171
106 174
106 177
106 210
106 231
106 341
106 390
106 417
106 435
106 442
106 474
106 480
107 156
107 215
107 256
107 279
107 379
107 471
107 477
108 109
108 411
109 171
109 278
109 317
109 474
109 480
110 158
110 252
110 260
110 266
110 287
110 325
111 132
111 135
111 141
111 182
111 202
111 259
111 268
111 307
111 373
112 173
112 392
113 325
113 327
114 144
114 244
114 406
114 488
115 126
115 132
115 153
115 162
115 175
115 180
115 190
115 208
115 217
115 333
115 422
115 444
115 457
115 475
115 492
115 497
116 133
116 483
117 131
117 238
117 292
117 356
117 388
117 391
117 407
117 441
118 136
118 139
118 347
118 432
119 186
119 225
119 253
119 452
120 160
120 163
120 250
121 356
122 218
122 304
122 385
122 464
123 250
123 334
123 411
124 167
124 299
125 236
125 346
125 382
125 482
125 486
125 489
126 131
126 135
126 159
126 162
126 175
126 177
126 180
126 208
126 248
126 259
126 391
126 444
126 457
126 497
127 274
127 359
127 401
127 491
128 247
129 447
129 487
130 166
130 240
130 297
130 376
130 412
130 441
130 451
131 135
131 153
131 159
131 238
131 248
131 292
131 356
131 388
131 391
131 444
131 497
132 135
132 153
132 162
132 165
132 180
132 190
132 208
132 216
132 232
132 261
132 299
132 333
132 419
132 444
132 457
132 459
132 475
132 488
132 492
132 497
133 135
133 184
133 201
133 204
133 259
133 284
133 295
133 300
133 412
133 425
133 465
133 483
134 136
134 139
134 155
134 172
134 213
134 314
134 374
134 399
134 453
135 162
135 184
135 259
135 307
135 388
135 391
135 457
135 465
135 497
136 139
136 186
136 223
136 276
136 302
136 303
136 394
136 431
137 181
137 195
137 306
137 414
137 449
138 229
138 311
138 321
138 485
139 394
139 453
140 181
140 312
140 360
140 384
140 423
140 439
140 442
141 182
141 198
141 201
141 259
141 268
141 373
141 396
141 472
141 483
141 495
142 219
142 235
142 324
142 347
142 365
142 400
142 454
142 472
143 338
143 437
144 244
144 342
144 362
144 406
144 459
144 488
145 207
145 245
145 301
145 498
146 193
146 433
146 486
147 168
147 285
147 321
148 252
148 275
148 416
148 418
149 256
149 298
149 371
149 427
150 292
151 203
151 269
151 273
151 300
151 308
151 311
151 351
151 377
151 421
151 438
151 477
152 291
153 158
153 287
153 356
153 388
153 416
153 444
153 497
154 189
154 299
154 350
154 426
155 172
155 213
155 297
155 314
155 374
156 215
156 256
156 379
156 471
157 185
157 227
157 313
157 402
158 252
158 260
158 287
159 248
159 280
159 386
159 394
159 420
159 431
159 444
159 497
160 250
160 357
160 434
160 467
160 476
162 177
162 180
162 208
162 259
162 391
162 457
162 475
163 250
164 226
164 383
164 440
164 491
165 261
166 170
166 240
166 376
167 299
168 256
168 285
168 321
168 344
168 370
168 415
168 430
169 468
170 179
170 189
170 209
170 266
170 297
170 302
170 331
170 352
170 376
170 412
170 451
171 317
171 474
171 480
172 213
172 297
172 314
172 374
172 443
173 228
173 241
173 257
173 265
173 309
173 315
173 382
174 231
174 390
175 180
175 190
175 208
175 320
175 444
175 457
175 497
176 348
176 450
177 208
177 259
177 300
177 319
177 457
178 183
178 187
178 237
178 252
178 287
178 290
178 310
178 325
178 341
178 367
178 389
178 395
178 402
178 406
178 434
178 466
179 297
179 302
179 352
180 444
180 457
180 475
180 497
181 231
181 258
181 289
181 390
181 398
181 449
182 201
182 202
182 259
182 268
182 300
183 389
183 395
183 466
184 195
184 258
184 259
184 353
184 398
184 404
184 417
184 465
185 227
185 313
186 223
186 225
186 276
186 295
186 303
186 405
186 431
187 252
187 281
187 310
187 456
188 313
188 450
189 259
189 266
189 299
190 208
190 283
190 320
190 333
190 417
190 444
190 492
191 365
191 400
192 323
192 332
193 218
193 433
194 219
194 300
194 324
194 347
194 393
194 455
194 472
195 242
195 259
195 284
195 318
195 340
195 353
195 370
196 347
197 309
197 447
198 201
198 268
198 373
198 387
198 483
198 495
199 224
199 241
200 241
200 246
200 329
200 359
200 372
200 462
201 202
201 258
201 259
201 284
201 295
201 300
201 373
201 425
201 430
201 483
201 495
202 300
203 269
203 273
203 308
203 421
204 219
204 234
204 240
204 277
204 322
204 324
204 354
204 396
204 406
204 426
204 461
204 465
204 472
205 255
205 281
206 266
206 409
207 245
207 301
207 305
207 383
207 498
208 284
208 295
208 444
208 457
208 492
209 240
209 266
209 331
209 354
209 376
209 412
209 428
209 441
209 451
209 459
210 341
210 417
210 435
210 442
211 334
211 337
212 218
212 464
213 297
213 314
213 374
214 224
214 239
214 241
214 246
214 345
214 372
214 462
215 256
215 279
215 471
216 444
216 497
217 497
218 433
218 463
219 234
219 300
219 324
219 347
219 354
219 393
219 396
219 454
219 455
219 472
220 377
220 477
221 243
221 321
221 448
221 471
221 496
222 228
222 241
222 246
222 263
222 296
222 487
223 276
223 303
223 431
224 239
224 345
224 462
225 253
226 359
226 383
226 401
226 440
226 458
227 313
227 402
227 409
227 456
228 263
228 482
228 487
228 489
229 232
229 240
229 251
229 264
229 284
229 289
229 321
229 332
229 340
229 343
229 376
229 404
229 415
230 317
230 404
231 262
231 289
231 317
231 390
231 398
231 408
232 251
232 299
232 419
232 459
233 280
233 436
234 324
234 472
235 365
236 296
236 482
237 252
237 287
238 292
238 388
238 391
239 345
239 462
240 259
240 376
240 412
240 451
240 465
241 246
241 265
241 274
241 372
242 258
242 288
242 293
242 370
242 398
242 445
242 494
243 448
243 496
244 406
245 301
245 392
245 498
246 372
246 491
247 432
248 356
248 444
248 497
249 471
250 334
250 411
250 413
250 434
250 485
251 478
252 260
252 281
252 287
252 416
253 452
254 413
254 463
254 484
255 368
255 403
256 298
256 338
256 371
256 379
256 427
256 471
257 309
257 375
257 382
257 482
258 284
258 293
258 398
258 417
258 423
258 445
258 492
258 494
259 268
259 302
259 353
259 373
259 376
259 391
259 457
259 465
259 483
260 287
260 325
260 327
260 362
262 267
262 289
262 408
263 296
263 424
264 321
264 332
264 370
264 415
264 446
264 485
265 274
265 447
265 487
266 287
266 299
266 325
266 326
266 376
266 409
266 412
266 441
266 488
268 387
269 270
269 273
269 308
269 378
269 421
270 358
270 378
270 406
270 469
271 381
271 487
272 290
272 332
272 336
272 363
272 478
273 308
273 311
273 421
274 359
274 381
274 491
275 416
275 418
276 303
276 431
277 354
277 396
277 426
278 289
278 317
278 398
278 404
278 474
278 480
280 297
280 431
280 436
280 443
280 481
281 291
281 456
282 299
282 354
282 380
282 406
282 488
283 417
284 286
284 295
284 300
284 340
284 361
284 370
284 430
285 321
285 344
285 415
286 358
286 361
286 377
286 453
287 304
287 310
287 325
287 342
287 366
287 376
287 402
287 416
287 418
287 419
287 488
287 490
288 417
288 442
288 445
288 494
289 390
289 398
290 336
290 354
290 363
290 367
290 478
290 485
291 456
292 349
292 356
292 386
292 410
293 445
293 494
294 375
295 370
295 405
295 425
295 430
295 444
296 397
296 424
296 486
297 302
297 352
297 376
297 394
297 412
297 441
297 443
297 451
298 343
298 364
298 371
298 427
299 326
299 419
299 459
299 488
300 319
300 351
300 370
300 373
300 377
300 387
300 393
300 412
300 465
300 477
301 392
301 498
302 352
302 376
303 431
303 436
303 441
303 481
304 310
304 385
304 464
305 383
305 401
305 447
306 369
308 311
308 340
308 358
308 421
309 382
310 366
310 434
311 340
311 358
312 384
312 423
312 442
313 450
314 374
315 375
315 382
316 320
316 444
316 492
317 404
317 474
317 480
320 432
320 444
321 344
321 367
321 404
321 415
321 471
321 485
324 347
324 354
324 396
324 454
324 455
324 472
325 327
325 342
325 362
325 376
325 409
325 467
327 342
327 362
327 409
328 355
328 456
328 484
330 406
330 469
331 412
331 451
332 336
332 363
332 478
333 349
333 394
333 405
333 444
334 337
334 411
336 363
336 478
338 430
338 432
338 437
338 477
339 382
340 358
340 430
342 362
342 402
342 490
343 364
343 371
343 404
344 415
344 485
345 462
346 486
346 489
347 354
347 365
347 396
347 399
347 400
347 432
347 454
347 455
347 472
348 359
348 470
349 356
349 386
349 394
349 405
349 410
350 426
351 377
351 460
351 477
352 356
354 396
354 454
354 472
355 484
355 493
356 436
357 413
358 377
358 469
359 470
359 491
360 439
361 446
362 402
362 409
363 478
364 371
365 400
366 488
367 395
367 466
368 403
370 430
371 427
372 462
373 387
373 396
373 430
373 438
373 465
373 472
373 483
373 495
374 443
375 392
376 412
376 416
376 441
376 443
376 451
377 460
377 477
379 471
380 385
380 406
380 488
381 487
383 440
384 423
384 442
385 464
386 394
386 410
386 420
387 465
388 391
388 497
389 395
389 466
390 398
391 407
391 457
394 405
394 420
394 453
395 466
396 454
396 472
396 483
396 495
397 482
397 486
398 404
398 445
398 449
399 472
400 472
401 458
402 479
402 484
402 490
404 449
406 459
406 469
406 488
408 411
412 441
412 451
413 433
413 476
415 485
416 456
416 459
417 442
419 459
422 436
422 444
422 497
423 442
423 445
428 443
429 456
430 437
430 438
431 443
432 444
432 472
433 468
433 486
434 473
434 488
435 442
436 441
436 481
438 477
441 451
441 481
443 453
444 457
444 492
444 497
445 494
446 477
446 485
448 496
454 472
455 472
457 475
457 492
457 497
459 488
460 477
463 484
464 488
467 486
468 485
471 485
472 483
472 495
474 480
479 490
482 486
483 495
484 493
485 496
486 489
487 489
