222
22
189
208
179
111
234
277
4
274
3
262
204
49
215
228
154
244
178
243
235
238
231
278
285
7
216
129
156
173
255
8
207
168
95
120
133
229
220
36
296
46
99
316
172
242
282
89
6
110
140
134
196
66
264
35
20
117
16
58
57
68
114
188
62
128
77
157
175
28
254
124
239
25
271
313
163
275
2
253
247
123
211
273
259
43
0
214
60
90
141
100
147
59
26
167
106
203
153
181
217
71
9
158
164
268
265
183
135
52
12
191
165
193
76
38
67
202
24
237
102
1
171
64
225
42
131
148
13
263
45
85
39
113
118
65
139
240
169
97
23
286
142
221
146
51
103
75
198
130
261
104
72
276
192
210
195
266
287
136
126
108
245
