264
138
274
281
21
268
279
83
271
160
26
36
255
211
238
321
316
140
78
197
0
282
322
79
17
221
176
94
233
263
60
50
173
250
33
232
324
201
214
75
258
105
133
100
82
86
132
195
127
139
242
156
216
3
74
317
61
265
172
244
101
199
103
144
212
76
12
135
122
285
44
170
286
147
42
182
315
295
278
84
185
165
247
120
159
56
64
91
54
225
23
110
81
174
128
69
73
200
72
203
257
256
272
284
52
9
163
151
280
63
53
2
302
314
249
273
136
95
111
57
8
239
207
188
41
150
131
67
235
190
24
99
305
196
22
31
154
219
29
92
300
34
320
323
236
114
28
27
167
6
45
289
181
134
169
313
306
87
204
97
13
171
304
