0 42
0 64
0 185
0 198
0 241
0 289
0 311
0 353
0 360
0 412
0 429
0 443
42 360
64 35
64 65
64 119
64 132
64 140
64 191
64 263
64 304
64 332
64 344
64 360
64 381
64 384
64 393
64 400
64 429
185 68
185 113
185 244
185 289
185 300
185 311
185 350
185 353
185 393
185 410
185 422
185 423
185 428
185 443
198 78
198 107
198 129
198 392
198 451
241 169
241 193
241 278
241 296
241 300
241 324
241 334
241 353
241 436
241 441
241 448
289 86
289 140
289 180
289 202
289 270
289 300
289 311
289 353
289 399
289 410
289 436
311 378
311 381
311 422
311 429
353 53
353 58
353 89
353 186
353 192
353 261
353 279
353 300
353 307
353 308
353 350
353 390
353 397
353 407
353 412
353 416
353 423
353 428
353 436
353 443
360 37
360 54
360 94
360 105
360 137
360 156
360 225
360 332
360 390
360 393
360 397
360 400
360 410
360 428
360 429
412 37
412 124
412 140
412 143
412 171
412 300
412 374
412 410
412 429
429 397
429 43
429 89
429 94
429 97
429 103
429 104
429 113
429 124
429 125
429 140
429 158
429 160
429 172
429 179
429 196
429 224
429 231
429 261
429 263
429 299
429 300
429 316
429 339
429 350
429 356
429 381
429 390
429 399
429 428
429 436
429 443
443 25
443 37
443 58
443 89
443 171
443 172
443 231
443 270
443 300
443 316
443 334
443 339
443 350
443 375
443 390
443 393
443 404
443 410
443 441
35 6
35 68
35 87
35 90
35 93
35 139
35 159
35 189
35 217
35 225
35 332
35 336
35 344
35 381
35 384
35 387
35 420
35 432
65 276
65 140
65 356
65 400
65 173
119 54
119 308
119 103
119 286
119 304
119 46
119 197
119 196
119 147
119 18
119 24
119 90
119 115
119 142
119 247
119 337
132 256
132 344
132 348
132 139
132 93
132 274
140 122
140 197
140 384
140 19
140 68
140 24
140 98
140 201
140 224
140 332
140 352
140 400
191 260
191 228
191 298
263 171
263 209
263 220
263 231
263 395
263 424
304 6
304 103
304 175
304 46
304 59
304 63
304 68
304 75
304 110
304 189
304 197
304 207
304 293
304 318
304 381
304 401
332 261
332 159
332 344
332 284
332 394
332 225
332 251
332 68
332 400
332 416
332 94
332 104
332 372
332 383
332 386
344 338
344 159
344 9
344 90
344 93
344 180
344 266
344 387
344 391
344 415
344 416
344 419
344 438
381 261
381 233
381 6
381 249
381 276
381 318
381 336
381 23
381 24
381 98
381 126
381 156
381 160
381 169
381 195
381 232
381 239
381 240
381 242
381 262
381 294
381 350
381 403
381 411
381 424
381 438
384 54
384 246
384 43
384 336
384 338
384 7
384 8
384 96
384 357
384 29
384 68
384 109
384 243
384 355
384 374
384 400
384 404
384 406
384 408
384 416
393 43
393 339
393 428
400 433
400 348
400 19
400 68
400 24
400 239
400 330
400 373
400 416
400 426
400 427
68 329
68 233
68 308
68 419
68 222
68 19
68 24
68 120
68 204
68 266
68 386
68 424
113 103
113 189
113 95
113 167
113 212
244 74
244 452
244 169
244 399
300 397
300 101
300 178
300 210
300 166
300 78
300 278
300 25
300 44
300 58
300 89
300 97
300 157
300 172
300 221
300 316
300 330
300 373
300 399
300 423
300 427
300 448
350 261
350 100
350 80
350 399
350 221
350 407
350 410
350 58
350 160
350 436
410 422
410 103
410 286
410 178
410 74
410 57
410 186
410 167
410 437
410 316
410 137
410 53
410 86
410 172
410 179
410 436
422 12
422 53
422 78
422 80
422 94
422 167
422 169
422 390
422 392
422 396
422 407
423 397
423 178
423 19
423 74
423 25
423 89
423 107
423 418
428 397
428 130
428 348
428 452
428 57
428 186
428 339
428 156
428 390
428 58
428 267
428 374
78 178
78 166
78 12
78 52
78 144
78 277
78 279
78 290
78 407
78 427
107 392
107 129
129 178
129 74
392 84
392 178
392 12
392 200
392 52
392 120
392 144
392 270
392 277
392 424
451 7
451 75
169 80
169 452
169 25
169 44
169 27
169 186
169 316
169 448
193 100
193 278
193 452
193 44
193 252
193 124
278 316
278 334
278 448
278 452
296 100
296 14
296 147
296 334
296 441
324 155
324 297
324 101
324 371
324 281
324 339
324 124
324 316
324 374
324 104
324 267
334 452
334 399
334 167
334 316
334 441
334 390
334 307
436 103
436 101
436 399
436 167
436 157
436 231
436 307
436 378
441 210
441 224
441 44
441 316
448 452
448 25
448 399
448 58
448 157
448 172
448 221
448 310
448 316
448 368
86 437
180 419
180 205
180 243
180 176
180 415
180 135
202 224
270 397
270 329
270 248
270 96
270 197
270 130
270 417
270 409
270 227
270 437
270 143
270 75
270 94
270 260
270 291
270 352
270 367
270 95
270 118
270 237
270 363
270 389
399 452
399 25
399 44
399 186
399 58
399 157
399 179
399 221
399 231
399 316
399 339
399 390
378 427
53 54
53 218
53 348
53 416
53 62
53 94
53 192
53 260
53 291
53 352
53 358
58 221
58 316
58 172
89 397
89 255
89 356
89 26
89 221
89 302
89 390
186 178
186 80
186 44
186 26
186 221
192 256
192 159
192 171
192 417
192 93
192 380
192 102
192 291
192 337
192 367
261 2
261 24
261 41
261 85
261 98
261 99
261 104
261 145
261 175
261 200
261 217
261 224
261 242
261 253
261 258
261 276
261 286
261 299
261 348
261 356
261 365
261 372
261 385
261 404
261 413
279 84
279 80
279 200
279 316
279 407
307 167
307 245
307 316
307 390
307 179
308 5
308 233
308 256
308 41
308 63
308 93
308 158
308 187
308 203
308 239
308 259
308 260
308 348
308 356
308 383
308 396
308 416
308 424
390 286
390 167
390 56
397 231
397 291
397 356
407 178
407 200
407 316
407 111
416 233
416 175
416 197
416 66
416 128
416 219
416 239
416 273
416 367
416 375
416 389
37 100
37 275
37 411
37 151
37 293
54 1
54 24
54 87
54 159
54 318
54 345
54 348
54 362
54 367
54 370
54 372
54 380
54 387
54 404
94 365
94 159
94 117
94 166
94 262
94 165
94 196
94 225
94 209
94 215
94 69
94 87
94 81
94 153
94 333
94 444
105 417
105 83
105 389
137 365
137 108
137 256
137 420
137 387
137 67
137 95
137 367
156 103
156 215
156 56
156 126
156 133
156 82
156 223
156 242
156 294
156 305
225 249
225 12
225 165
225 196
225 14
225 61
225 90
225 139
225 209
225 220
225 380
225 396
231 100
231 178
231 452
291 136
291 162
291 75
291 120
291 242
291 290
291 345
356 19
356 83
356 293
356 302
356 372
124 44
124 245
143 250
143 44
143 115
143 97
171 276
171 70
171 101
171 13
374 136
374 385
374 355
374 284
374 110
374 250
374 195
374 77
374 135
12 196
12 200
80 84
80 316
167 74
167 44
167 26
167 157
167 245
396 153
43 6
43 85
43 128
43 214
97 175
97 44
97 41
103 447
103 85
103 147
103 157
103 209
103 240
103 272
103 275
103 276
103 319
103 383
103 413
104 365
104 385
104 110
104 420
104 372
104 294
104 79
104 299
125 365
125 377
125 284
125 215
125 189
125 25
125 56
125 82
125 158
125 240
125 294
125 323
125 342
125 364
125 409
125 450
158 433
158 233
158 145
158 31
158 160
158 337
160 313
160 249
160 159
160 206
160 222
160 345
160 383
160 72
160 176
160 181
160 301
172 310
179 157
196 121
196 403
196 165
196 38
196 87
196 127
196 200
196 215
196 242
196 294
196 298
196 323
196 386
224 79
224 299
224 352
224 372
224 437
299 385
316 44
339 293
25 44
375 219
404 182
404 233
404 256
404 284
404 348
404 362
404 91
404 345
404 373
1 47
1 246
1 288
47 115
47 182
246 7
246 8
246 51
246 71
246 96
246 122
246 131
246 254
246 288
246 338
246 406
246 449
288 71
288 88
288 163
288 254
288 265
288 365
288 408
288 421
115 155
115 385
115 349
115 85
115 26
115 50
182 51
182 66
182 130
182 136
182 213
182 349
24 175
24 348
24 281
24 362
24 411
24 417
87 70
87 117
87 61
87 217
87 139
87 430
159 8
159 46
159 92
159 102
159 266
159 337
159 348
159 420
318 6
318 175
318 33
318 214
318 446
345 419
345 95
345 112
345 364
345 366
345 383
348 136
348 349
348 232
348 284
348 18
348 50
348 72
348 93
348 139
348 208
348 239
348 280
348 352
348 362
362 433
362 175
362 336
362 93
362 411
367 123
367 349
367 251
367 426
367 352
367 120
367 330
367 366
370 387
372 313
372 276
372 93
372 420
372 98
380 70
380 61
380 209
380 217
380 139
380 220
387 256
387 419
387 317
387 67
387 118
51 28
51 207
66 365
66 213
130 233
130 275
130 67
130 259
130 321
130 352
136 2
136 49
136 5
136 71
136 188
136 230
136 254
136 315
136 329
136 421
213 329
213 365
349 233
349 222
7 8
7 46
7 55
7 70
7 101
7 178
7 357
7 406
7 440
7 449
8 338
8 70
8 122
8 357
71 49
71 365
71 233
71 211
96 338
96 55
96 29
96 109
96 148
96 417
96 449
122 338
122 163
122 201
122 355
122 357
122 406
122 408
122 449
131 352
131 120
131 389
131 170
254 365
254 420
254 50
254 67
254 73
254 421
338 237
338 262
338 317
338 359
338 406
338 420
338 449
406 285
406 357
406 109
406 166
406 216
406 228
406 229
406 322
406 417
406 449
449 148
88 233
88 148
88 257
88 317
163 243
265 365
265 62
265 358
265 190
365 188
365 306
365 50
365 67
365 95
365 211
408 70
408 109
408 148
408 398
421 211
421 190
421 73
2 230
2 306
2 329
2 347
230 49
230 188
230 41
230 347
306 188
329 50
329 55
329 120
347 188
347 385
5 32
5 84
5 162
5 218
5 233
5 256
5 313
5 377
315 355
315 161
41 150
41 110
41 420
41 106
85 121
85 145
85 175
85 275
85 232
85 262
85 38
85 48
85 30
85 92
85 99
85 151
85 259
85 287
85 326
85 351
85 359
85 363
85 424
85 442
98 166
98 424
99 100
99 145
99 249
99 275
99 403
99 262
99 217
99 22
99 38
99 69
99 23
99 92
99 128
99 133
99 168
99 259
99 273
99 326
99 328
99 351
99 359
99 424
145 6
145 38
145 72
145 92
145 239
145 249
145 262
145 273
145 297
145 326
145 359
145 369
175 6
175 23
175 411
175 432
200 52
200 194
217 233
217 262
217 150
217 209
217 139
217 189
217 214
217 259
217 273
217 354
217 424
242 275
242 403
242 149
242 273
242 56
242 126
242 133
242 294
242 305
242 424
253 11
253 123
253 248
253 262
253 431
276 6
276 92
276 126
276 173
286 6
286 170
286 181
286 228
286 293
286 383
286 398
385 6
385 106
385 110
385 150
385 173
385 294
385 413
385 424
413 447
413 411
413 264
413 322
413 446
55 70
55 243
55 357
120 433
120 162
120 210
120 75
120 118
120 330
120 363
120 389
67 285
67 293
67 52
67 95
67 298
67 383
95 108
95 419
95 112
95 208
95 309
95 366
3 285
3 433
285 298
433 166
433 330
433 373
433 426
298 354
298 127
298 228
298 368
166 256
166 11
166 178
166 419
166 210
166 194
166 302
166 330
166 373
166 426
166 442
330 178
330 357
330 210
330 74
330 426
330 277
330 427
373 210
373 117
373 426
373 452
373 386
373 427
426 357
426 210
426 19
4 346
4 447
346 320
346 446
346 447
447 229
447 320
447 411
447 446
320 434
320 368
320 446
446 184
446 411
446 229
229 411
229 322
229 264
411 233
411 52
411 280
32 336
84 178
84 325
162 135
218 201
218 358
218 377
233 102
233 195
233 256
233 352
233 355
233 386
233 389
233 419
256 251
313 77
313 204
313 260
313 437
336 6
336 335
336 153
336 205
336 222
336 251
178 18
178 19
178 75
178 247
178 277
178 343
178 427
178 444
325 18
108 352
352 251
352 195
352 170
155 206
155 284
206 9
206 195
206 419
206 438
284 177
284 203
284 247
284 323
284 379
284 394
284 414
135 176
201 205
201 161
201 112
201 415
102 266
102 391
195 379
355 70
355 357
355 29
355 257
355 430
386 81
389 417
419 19
419 146
419 266
419 280
419 415
251 18
251 73
251 127
63 250
93 111
93 420
187 331
187 435
203 177
203 379
203 272
203 425
239 297
239 431
239 215
239 72
239 133
239 424
259 121
259 275
259 403
259 262
259 38
259 252
259 126
259 273
259 328
259 363
260 354
383 106
383 112
383 309
383 366
424 121
424 235
424 249
424 297
424 403
424 117
424 262
424 431
424 139
424 252
424 126
424 328
437 403
437 151
437 118
6 11
6 100
6 121
6 123
6 235
6 248
6 249
6 275
6 283
6 297
6 335
11 248
11 262
11 283
11 431
100 26
100 27
100 38
100 151
100 273
100 275
100 328
100 359
121 72
121 248
121 249
121 262
121 431
121 439
123 238
123 314
123 439
235 16
235 232
248 273
248 275
248 283
248 314
248 328
248 363
249 22
249 72
249 151
249 168
249 215
249 262
249 326
249 359
249 382
249 388
275 22
275 48
275 69
275 72
275 168
275 262
275 287
275 297
275 351
275 359
275 369
275 388
275 431
283 262
297 294
297 328
297 369
297 371
335 60
335 153
262 148
262 273
262 305
262 319
262 359
262 388
262 431
431 38
431 238
90 438
139 61
139 209
139 21
139 189
139 273
189 61
189 21
189 273
189 281
189 354
189 402
420 34
420 111
420 176
432 92
432 128
432 151
432 295
128 403
128 388
128 234
128 273
128 72
214 61
214 209
26 149
26 221
27 221
38 22
38 48
38 92
38 151
38 326
38 351
38 359
38 382
151 359
151 92
151 273
273 402
273 72
273 328
273 363
273 369
328 403
328 388
328 133
328 226
359 22
359 168
359 388
157 44
209 117
209 165
209 61
209 15
209 134
209 220
240 341
272 342
272 76
319 354
319 368
72 215
72 106
72 287
439 268
92 371
92 294
92 369
326 22
326 48
326 69
326 168
326 351
326 388
23 388
23 268
16 20
16 184
232 331
363 236
363 227
363 75
22 69
22 168
22 351
22 388
168 48
168 69
168 351
168 388
215 70
215 403
215 20
215 56
215 82
215 220
215 223
215 287
215 294
215 303
215 305
215 361
382 305
388 48
388 69
388 351
388 442
48 69
69 351
287 126
351 149
126 56
126 303
181 398
228 216
293 79
293 292
293 398
398 357
398 79
398 109
294 403
294 149
294 56
294 133
371 20
46 59
46 75
46 401
46 405
59 247
59 142
59 174
59 343
75 74
75 417
75 144
75 427
110 18
197 18
197 247
197 401
401 250
401 183
401 142
33 9
33 227
33 438
153 415
205 116
205 280
222 17
222 106
237 176
317 29
317 268
317 148
317 216
317 430
403 141
403 252
403 281
106 91
106 274
150 15
70 357
70 430
101 395
357 109
357 430
405 142
243 148
430 29
430 216
430 257
29 20
29 148
29 216
29 257
109 148
148 210
148 379
148 323
417 281
395 83
395 267
395 418
19 210
247 74
247 142
247 343
277 427
343 427
427 74
427 176
444 74
444 144
141 36
141 226
252 36
322 152
266 112
266 176
337 57
337 309
257 45
9 236
227 45
391 415
146 271
280 379
280 91
280 118
280 176
10 177
10 210
10 255
10 379
10 394
177 269
177 323
177 379
210 74
210 425
255 83
255 312
379 62
379 114
394 212
269 61
269 402
269 30
74 250
312 418
414 30
62 190
114 61
212 36
117 21
21 61
21 402
305 149
305 56
165 81
165 333
127 176
61 15
61 402
13 340
452 44
184 152
354 79
354 368
73 91
208 366
208 309
44 221
418 267
56 133
82 149
82 223
82 303
82 361
223 303
223 361
303 361
36 234
234 295
219 282
342 39
342 310
342 327
342 76
342 376
364 366
364 112
364 309
409 28
450 39
450 327
450 376
450 434
310 39
310 76
310 434
31 282
116 164
116 199
111 176
176 154
112 366
112 309
118 154
118 292
292 271
39 327
39 376
39 434
327 434
376 434
40 161
40 341
161 138
161 341
341 138
138 445
366 309
