0 2
0 16
0 21
0 22
0 24
0 28
0 29
0 32
0 36
0 39
0 43
0 44
0 47
0 60
0 61
0 64
0 66
0 69
0 72
0 74
0 86
0 87
0 98
0 104
0 107
0 112
0 118
0 120
0 129
1 7
1 12
1 18
1 40
1 48
1 62
1 71
1 86
1 110
2 14
2 28
2 29
2 44
2 61
2 69
2 72
2 81
2 87
2 104
2 107
3 14
3 19
3 22
3 38
3 49
3 58
3 59
3 60
3 64
3 65
3 66
3 67
3 73
3 80
3 82
3 92
3 98
3 107
3 111
3 128
4 9
4 13
4 15
4 32
4 33
4 35
4 40
4 41
4 43
4 45
4 63
4 68
4 79
4 80
4 95
4 99
4 103
4 118
4 122
4 126
5 14
5 16
5 24
5 27
5 28
5 32
5 72
5 74
5 76
5 85
5 87
5 90
5 109
5 111
5 120
5 124
5 127
6 12
6 21
6 37
6 39
6 52
6 53
6 62
6 77
6 84
6 125
7 8
7 18
7 38
7 62
7 71
7 110
8 9
8 10
8 21
8 25
8 26
8 31
8 34
8 49
8 55
8 56
8 57
8 70
8 74
8 86
8 88
8 90
8 100
8 106
8 116
8 119
9 11
9 16
9 23
9 30
9 33
9 35
9 54
9 63
9 78
9 79
9 83
9 93
9 97
9 100
9 105
9 106
9 114
9 122
10 21
10 25
10 26
10 34
10 49
10 55
10 56
10 57
10 74
10 86
10 88
10 95
10 100
10 106
10 126
11 30
11 35
11 63
11 78
11 79
11 83
11 93
11 97
11 105
11 114
11 115
11 122
12 21
12 32
12 34
12 39
12 52
12 62
12 71
12 77
12 84
12 94
12 125
13 15
13 32
13 40
13 41
13 43
13 45
13 47
13 68
13 71
13 95
13 103
13 112
13 115
13 118
13 126
14 19
14 21
14 24
14 27
14 28
14 29
14 32
14 33
14 42
14 45
14 46
14 47
14 59
14 60
14 72
14 76
14 81
14 85
14 87
14 92
14 98
14 102
14 104
14 107
14 109
14 120
14 124
14 127
15 32
15 40
15 41
15 43
15 45
15 68
15 99
15 103
15 112
15 126
16 17
16 22
16 28
16 29
16 36
16 39
16 44
16 51
16 60
16 61
16 62
16 63
16 65
16 66
16 67
16 69
16 72
16 80
16 85
16 87
16 90
16 102
16 104
16 111
16 120
16 125
17 24
17 27
17 38
17 50
17 51
17 58
17 59
17 60
17 64
17 65
17 66
17 67
17 73
17 74
17 75
17 92
17 98
17 100
17 107
17 111
17 123
17 128
18 37
18 48
18 62
19 22
19 29
19 38
19 43
19 50
19 51
19 58
19 59
19 60
19 61
19 64
19 65
19 66
19 67
19 72
19 77
19 82
19 92
19 98
19 107
19 108
19 111
19 115
19 119
19 129
20 23
20 32
20 43
20 47
20 62
20 69
20 80
20 91
20 96
20 112
20 114
20 117
20 118
21 25
21 26
21 31
21 32
21 34
21 37
21 39
21 49
21 52
21 55
21 56
21 57
21 62
21 63
21 65
21 66
21 74
21 77
21 80
21 86
21 88
21 100
21 106
21 112
21 113
21 114
21 116
21 119
21 125
21 126
22 38
22 50
22 58
22 59
22 60
22 64
22 65
22 66
22 67
22 72
22 75
22 85
22 92
22 98
22 107
22 108
22 111
23 32
23 43
23 50
23 79
23 80
23 91
23 96
23 101
23 112
23 117
23 122
24 27
24 46
24 50
24 60
24 66
24 85
24 90
24 97
24 98
24 109
24 120
24 124
24 127
24 129
25 26
25 31
25 34
25 55
25 56
25 57
25 74
25 86
25 88
25 100
25 106
25 113
25 116
26 31
26 34
26 49
26 55
26 56
26 74
26 86
26 88
26 89
26 106
26 113
26 116
26 118
26 119
27 36
27 65
27 66
27 67
27 72
27 85
27 100
27 107
27 109
27 113
27 124
27 127
27 129
28 29
28 44
28 58
28 59
28 60
28 61
28 69
28 72
28 76
28 81
28 85
28 87
28 92
28 98
28 104
28 120
29 36
29 43
29 44
29 61
29 62
29 69
29 72
29 76
29 81
29 87
29 97
29 102
29 107
29 108
29 120
29 128
30 33
30 43
30 54
30 63
30 78
30 79
30 83
30 93
30 97
30 103
30 114
30 115
30 121
30 122
31 49
31 56
31 57
31 70
31 74
31 77
31 86
31 88
31 100
31 106
31 116
31 119
32 40
32 41
32 43
32 45
32 47
32 53
32 56
32 62
32 68
32 80
32 91
32 95
32 99
32 103
32 112
32 116
32 118
32 126
33 35
33 43
33 63
33 77
33 79
33 97
33 117
33 122
33 125
34 38
34 49
34 53
34 55
34 57
34 62
34 66
34 74
34 86
34 88
34 100
34 106
34 113
34 116
34 119
35 41
35 54
35 63
35 79
35 83
35 114
35 122
36 42
36 46
36 58
36 61
36 72
36 73
36 87
36 102
36 104
36 107
36 108
37 39
37 62
37 66
37 71
37 77
37 84
37 86
37 125
38 50
38 51
38 58
38 59
38 60
38 61
38 64
38 65
38 66
38 67
38 73
38 74
38 75
38 76
38 82
38 92
38 98
38 107
38 108
38 111
38 123
38 128
39 52
39 53
39 62
39 64
39 65
39 77
39 84
39 86
39 97
39 100
39 108
39 115
39 125
40 41
40 43
40 45
40 47
40 68
40 86
40 95
40 99
40 103
40 112
40 117
40 118
40 126
41 43
41 45
41 68
41 73
41 77
41 95
41 99
41 103
41 108
41 112
41 118
41 126
42 61
42 104
42 120
43 45
43 47
43 63
43 78
43 79
43 95
43 99
43 103
43 112
43 114
43 115
43 118
43 122
43 126
44 69
44 72
44 74
44 87
44 120
45 68
45 95
45 99
45 103
45 112
45 118
45 126
45 129
46 66
46 67
46 76
46 85
46 90
46 92
46 107
46 109
46 111
46 120
46 124
46 127
46 129
47 68
47 90
47 99
47 107
47 112
47 118
47 126
48 62
48 80
48 113
49 55
49 56
49 74
49 88
49 100
49 106
49 116
50 51
50 58
50 60
50 65
50 66
50 67
50 73
50 75
50 87
50 92
50 98
50 107
50 108
50 111
50 123
50 128
51 58
51 60
51 64
51 66
51 75
51 92
51 107
51 111
51 123
51 128
52 53
52 55
52 62
52 71
52 77
52 94
52 125
53 62
53 77
53 84
53 110
54 63
54 78
54 79
54 83
54 97
54 105
54 112
54 114
54 121
55 56
55 57
55 71
55 74
55 86
55 88
55 89
55 100
55 113
56 57
56 62
56 74
56 86
56 88
56 100
56 106
56 119
56 125
57 70
57 74
57 86
57 88
57 100
57 106
57 116
58 60
58 61
58 64
58 65
58 66
58 67
58 72
58 75
58 82
58 87
58 92
58 102
58 104
58 107
58 108
58 128
59 60
59 62
59 64
59 66
59 69
59 72
59 73
59 85
59 87
59 92
59 98
59 107
59 108
59 111
59 128
60 61
60 65
60 66
60 67
60 69
60 72
60 73
60 75
60 76
60 77
60 86
60 87
60 90
60 91
60 92
60 98
60 100
60 104
60 107
60 108
60 111
60 121
60 123
60 124
60 128
60 129
61 66
61 69
61 72
61 73
61 81
61 85
61 87
61 102
61 104
61 108
61 111
61 120
61 124
62 63
62 71
62 77
62 80
62 81
62 84
62 86
62 88
62 94
62 98
62 100
62 103
62 112
62 117
62 124
62 125
63 77
63 78
63 79
63 83
63 86
63 90
63 93
63 97
63 98
63 102
63 114
63 115
63 122
63 125
64 65
64 66
64 67
64 73
64 83
64 92
64 107
64 108
64 111
64 121
64 124
64 125
64 128
65 66
65 67
65 73
65 82
65 92
65 107
65 108
65 111
65 126
65 128
66 67
66 72
66 73
66 75
66 77
66 84
66 85
66 86
66 87
66 88
66 91
66 92
66 98
66 100
66 102
66 106
66 107
66 108
66 109
66 111
66 114
66 123
66 124
66 128
66 129
67 75
67 82
67 92
67 98
67 108
67 111
67 123
67 128
68 95
68 99
68 103
68 112
68 115
68 118
68 126
69 72
69 76
69 81
69 85
69 87
69 90
69 98
69 102
69 104
69 107
70 86
70 89
70 116
70 119
70 123
71 97
71 113
72 79
72 81
72 85
72 87
72 98
72 102
72 104
72 120
73 82
73 102
73 107
73 108
73 111
74 86
74 88
74 89
74 100
74 106
74 108
74 113
74 116
74 125
74 126
74 127
75 82
75 92
75 98
75 107
75 108
75 111
75 123
75 124
75 128
76 85
76 109
76 120
77 84
77 94
77 106
77 125
78 79
78 83
78 93
78 97
78 105
78 114
78 115
78 121
78 125
79 83
79 93
79 97
79 101
79 105
79 108
79 112
79 114
79 115
79 121
79 122
79 125
80 91
80 96
80 101
80 112
80 117
81 87
82 90
82 92
82 107
82 108
82 111
82 128
83 93
83 97
83 105
83 114
83 115
83 121
83 122
84 85
84 90
84 94
84 125
85 90
85 98
85 109
85 120
85 124
85 127
85 129
86 88
86 91
86 92
86 95
86 100
86 106
86 116
86 117
86 118
86 127
87 89
87 92
87 102
87 104
87 106
87 120
87 124
87 125
88 100
88 106
88 116
89 116
89 119
89 125
90 109
90 120
90 124
90 127
90 129
91 96
91 102
91 117
92 98
92 100
92 108
92 109
92 111
92 123
92 124
92 128
93 105
93 108
93 115
93 122
94 95
94 125
95 99
95 103
95 112
95 117
95 118
95 126
96 101
96 117
96 120
97 102
97 105
97 107
97 115
97 116
97 122
97 126
98 107
98 108
98 128
99 103
99 112
99 118
99 126
100 106
100 113
100 125
101 117
101 121
102 104
102 107
102 116
102 120
103 112
103 118
103 126
104 107
104 111
104 113
105 114
105 122
106 113
106 116
106 119
107 108
107 111
107 117
107 118
107 124
107 128
107 129
108 109
108 111
108 115
108 119
108 124
108 128
109 117
109 120
109 124
109 127
109 129
110 113
111 113
111 123
111 128
112 117
112 118
112 126
112 128
113 125
114 115
114 121
114 122
115 121
115 122
115 125
116 119
117 118
117 122
117 124
117 129
118 126
119 121
120 124
120 127
121 122
122 125
123 124
123 128
124 127
124 129
125 126
127 129
