0 19
0 75
0 110
0 117
0 128
0 130
0 164
0 220
19 25
19 61
19 75
19 117
19 128
19 131
19 136
19 196
19 220
19 266
75 47
75 80
75 117
75 128
75 172
75 206
75 267
110 25
110 48
110 112
110 172
117 128
130 25
130 1
130 7
130 8
130 9
130 16
130 24
130 26
130 29
130 36
130 37
130 43
130 49
130 50
130 54
130 62
130 65
130 71
130 77
130 85
130 89
130 105
130 106
130 109
130 111
130 121
130 136
130 138
130 141
130 142
130 147
130 153
130 162
130 164
130 166
130 172
130 181
130 193
130 195
130 196
130 200
130 218
130 219
130 220
130 225
130 236
130 240
130 245
164 219
164 220
220 25
220 172
220 1
220 7
220 8
220 22
220 26
220 29
220 36
220 37
220 40
220 43
220 44
220 49
220 50
220 54
220 57
220 62
220 65
220 71
220 77
220 84
220 85
220 89
220 105
220 106
220 109
220 111
220 121
220 138
220 141
220 142
220 147
220 153
220 162
220 166
220 179
220 193
220 195
220 219
220 245
25 12
25 15
25 22
25 26
25 28
25 29
25 31
25 34
25 36
25 37
25 38
25 39
25 41
25 49
25 56
25 60
25 63
25 85
25 90
25 100
25 112
25 115
25 118
25 131
25 133
25 138
25 140
25 141
25 143
25 146
25 147
25 155
25 157
25 168
25 169
25 171
25 172
25 178
25 186
25 187
25 192
25 196
25 201
25 208
25 210
25 212
25 216
25 232
25 240
25 243
25 248
25 254
25 261
25 264
25 267
25 268
61 22
61 18
61 99
61 214
61 260
61 192
61 16
61 21
61 65
61 79
61 90
61 92
61 127
61 129
61 132
61 136
61 156
61 208
61 217
61 224
131 172
131 1
131 15
131 34
131 49
131 66
131 72
131 99
131 138
131 143
131 161
131 182
131 190
131 194
131 216
136 195
136 214
136 228
136 234
196 80
196 206
196 24
196 248
266 248
12 172
12 169
12 26
12 99
12 80
12 36
12 85
12 154
12 168
12 240
12 256
12 259
12 263
15 172
15 143
15 182
15 3
15 18
15 34
15 38
15 77
15 80
15 133
15 206
22 172
22 182
22 2
22 8
22 20
22 28
22 34
22 35
22 37
22 49
22 63
22 80
22 82
22 83
22 100
22 102
22 127
22 138
22 153
22 156
22 162
22 186
22 197
22 204
22 232
22 254
22 267
26 172
26 77
26 4
26 44
26 49
26 65
26 73
26 80
26 85
26 86
26 91
26 99
26 105
26 106
26 114
26 121
26 125
26 137
26 141
26 144
26 146
26 147
26 151
26 158
26 161
26 174
26 175
26 176
26 194
26 202
26 206
26 218
26 225
26 240
26 251
26 267
28 20
28 39
28 80
28 206
28 260
28 34
29 3
29 77
29 237
31 172
31 6
31 80
31 95
31 118
31 119
31 155
31 190
31 267
34 172
34 39
34 80
34 206
34 46
34 63
34 70
34 138
34 243
34 247
36 172
36 169
36 20
36 39
36 127
36 138
36 267
37 172
37 39
37 82
38 80
38 206
38 63
38 90
39 172
39 103
39 18
39 5
39 20
39 13
39 24
39 42
39 49
39 64
39 76
39 82
39 85
39 102
39 107
39 113
39 120
39 138
39 142
39 153
39 157
39 167
39 173
39 207
39 221
39 227
39 236
39 240
41 172
41 127
41 156
41 118
41 178
41 187
49 172
49 143
49 18
49 20
49 82
49 80
49 206
49 177
49 92
49 135
49 59
49 23
49 30
49 43
49 50
49 56
49 58
49 60
49 74
49 83
49 91
49 94
49 107
49 137
49 138
49 146
49 147
49 158
49 162
49 163
49 185
49 194
49 204
49 233
49 254
56 80
56 206
56 180
60 172
60 143
60 80
60 206
60 141
60 250
63 80
63 206
63 70
63 88
63 100
85 172
85 169
85 99
85 20
85 80
85 47
85 66
85 138
85 161
85 188
85 216
85 267
90 206
90 156
100 80
100 206
112 172
112 5
115 172
115 80
115 206
115 177
133 172
133 74
133 138
138 172
138 143
138 82
138 80
138 206
138 192
138 127
138 267
138 27
138 46
138 47
138 66
138 74
138 101
138 104
138 155
138 189
138 201
138 216
138 232
138 242
138 244
138 254
140 172
140 3
140 80
140 186
140 206
141 172
141 143
141 99
141 82
141 80
141 206
143 48
143 172
143 1
143 30
143 35
143 66
143 77
143 80
143 104
143 182
143 184
143 185
143 197
146 92
146 135
146 23
147 99
147 80
147 206
147 121
155 172
155 119
157 172
157 20
157 119
157 187
157 201
168 175
168 198
168 233
168 240
169 172
169 2
169 80
169 99
169 212
169 240
169 267
171 172
171 254
172 2
172 3
172 4
172 8
172 17
172 18
172 20
172 23
172 27
172 32
172 33
172 40
172 42
172 43
172 51
172 57
172 62
172 64
172 65
172 70
172 71
172 72
172 73
172 74
172 77
172 80
172 81
172 82
172 84
172 89
172 92
172 95
172 98
172 99
172 103
172 104
172 107
172 111
172 123
172 124
172 127
172 132
172 134
172 135
172 142
172 144
172 148
172 150
172 152
172 153
172 156
172 159
172 183
172 188
172 190
172 193
172 197
172 199
172 201
172 203
172 207
172 210
172 211
172 212
172 213
172 214
172 215
172 226
172 227
172 231
172 238
172 240
172 245
172 246
172 252
172 257
172 258
172 260
172 261
172 262
172 263
172 265
178 95
186 206
186 216
187 201
192 80
192 206
192 11
192 32
192 96
192 52
192 129
201 260
201 242
208 80
208 267
208 21
208 254
210 119
210 95
212 127
216 80
216 206
216 66
216 74
216 104
216 161
232 35
232 50
232 224
232 264
240 77
240 43
240 92
240 135
240 189
254 80
261 206
261 142
264 48
267 206
267 127
267 21
267 65
267 111
267 194
268 119
268 95
48 139
48 149
48 206
139 173
139 80
139 206
149 24
206 69
206 173
206 10
206 80
206 24
206 27
206 32
206 97
206 101
206 102
206 113
206 127
206 177
206 180
206 188
206 214
206 236
206 239
206 253
206 260
47 188
80 195
80 231
80 10
80 21
80 24
80 27
80 51
80 65
80 95
80 97
80 102
80 113
80 126
80 127
80 132
80 142
80 156
80 177
80 188
80 194
80 209
80 214
80 235
80 239
80 253
7 159
7 179
8 82
8 245
9 81
9 106
16 59
16 156
16 166
24 20
43 77
43 20
43 82
43 145
50 162
54 73
54 121
62 270
65 89
71 181
71 152
77 182
77 18
77 99
105 76
105 40
111 127
111 265
142 20
142 74
153 20
153 82
153 204
162 18
162 163
181 99
193 200
193 134
200 99
200 86
218 57
219 82
219 241
219 269
225 99
225 114
236 20
236 135
236 33
236 129
236 209
245 211
2 103
2 148
3 18
3 69
4 99
4 159
4 197
17 124
17 126
17 203
17 205
17 262
18 42
18 64
18 69
18 107
18 163
18 165
18 207
18 221
20 5
20 13
20 42
20 64
20 76
20 82
20 107
20 113
20 120
20 127
20 167
20 173
20 207
20 227
23 135
23 40
27 51
32 257
32 11
32 51
32 96
32 209
33 129
33 209
42 6
42 64
51 199
57 238
64 6
64 227
70 88
72 260
73 53
81 92
81 191
82 197
82 30
82 83
82 184
82 204
82 233
82 241
82 269
84 44
92 13
92 53
92 86
92 134
92 135
92 151
92 174
92 189
92 191
92 194
92 238
92 258
92 270
98 263
98 120
99 44
99 76
99 144
99 151
99 158
99 161
99 174
99 175
99 176
99 191
99 197
107 221
107 58
123 252
123 45
123 66
123 253
124 205
124 262
132 190
132 247
134 135
134 194
135 53
135 86
135 114
135 176
135 189
135 191
135 202
135 211
135 238
135 251
135 270
144 145
150 189
156 59
156 88
183 10
183 214
188 97
190 247
197 30
197 91
199 45
199 214
203 126
207 227
207 231
213 265
214 10
214 67
214 116
214 177
214 234
214 256
214 257
215 10
227 6
227 231
231 6
231 221
246 165
246 189
252 10
252 45
252 66
252 253
257 10
258 151
260 10
260 235
262 205
263 14
263 108
263 154
263 256
263 259
44 191
179 83
66 161
182 185
194 125
30 91
30 137
30 233
185 137
69 122
163 165
221 6
91 175
91 251
125 202
137 175
202 13
251 53
76 113
5 173
113 180
241 269
177 11
177 67
177 116
209 129
253 45
67 11
67 116
67 256
116 11
116 256
234 228
11 96
96 14
96 222
96 223
96 255
14 108
14 229
222 55
222 223
223 55
223 249
255 55
255 229
255 249
154 230
154 259
108 230
229 55
79 58
79 224
217 94
217 68
198 250
189 88
87 78
87 93
87 160
78 93
78 160
78 170
93 160
160 170
