0 47
0 118
0 209
0 262
0 263
47 27
47 48
47 89
47 96
47 101
47 104
47 112
47 114
47 166
47 184
47 190
47 191
47 208
47 209
47 211
47 242
47 253
47 260
47 262
47 270
47 288
118 89
118 95
118 96
118 178
118 208
118 209
118 211
118 223
118 227
118 242
118 253
118 263
118 296
209 57
209 89
209 201
209 217
209 262
209 265
262 95
262 96
262 104
262 178
262 184
262 211
262 223
262 227
262 232
262 242
262 260
262 296
263 253
27 101
27 119
27 189
27 191
27 212
27 241
27 244
27 298
48 288
48 114
48 206
89 128
96 184
96 208
96 242
101 75
101 206
101 212
101 241
101 298
104 184
104 208
104 242
104 260
112 135
112 288
112 114
112 151
112 281
114 206
166 288
184 40
184 136
184 53
184 100
184 194
184 208
184 224
184 260
191 75
208 242
208 260
260 227
260 296
288 2
288 135
288 206
95 2
95 3
95 53
95 111
223 232
227 296
57 217
57 265
201 247
217 14
217 18
217 24
217 35
217 39
217 58
217 81
217 82
217 124
217 140
217 222
217 265
265 14
265 26
265 36
265 92
265 120
265 124
265 140
265 164
265 165
1 60
1 246
1 249
60 49
60 171
60 246
60 249
49 234
49 171
49 170
49 44
49 73
49 102
49 138
49 158
171 67
171 234
171 7
171 16
171 17
171 44
171 73
171 93
171 102
171 115
171 138
171 158
171 170
171 197
171 216
2 3
2 45
2 107
2 135
2 188
2 266
3 45
3 63
3 107
3 135
3 188
3 266
45 185
45 222
107 105
107 290
135 151
185 222
222 124
111 52
105 11
105 68
105 108
105 110
105 290
151 180
151 281
4 8
4 67
4 122
4 144
4 175
4 199
4 234
4 259
8 175
8 259
67 17
67 234
122 199
144 199
144 259
175 91
175 259
234 17
234 44
234 51
234 72
234 76
234 125
234 126
234 181
234 204
234 214
234 283
259 91
259 154
17 44
17 72
17 204
91 154
44 138
51 72
51 181
72 76
72 87
72 126
72 181
72 214
72 283
76 87
125 204
125 50
125 214
125 283
126 204
126 50
126 214
126 283
204 28
204 84
204 214
204 283
214 50
214 283
283 109
283 56
283 195
283 230
283 300
5 21
5 25
5 205
5 285
21 261
25 274
205 261
285 261
274 13
274 34
274 39
274 117
274 130
274 157
274 193
274 278
274 295
13 157
34 193
34 257
130 157
278 9
278 42
278 113
278 131
278 152
278 159
278 186
278 245
278 250
295 77
295 145
295 291
295 299
6 192
6 258
192 20
192 65
192 258
258 196
258 12
258 20
258 43
258 65
258 85
258 97
258 115
258 121
258 216
196 43
196 54
196 85
196 88
196 134
196 146
196 148
196 168
196 202
196 213
196 225
196 228
43 12
43 85
43 88
43 134
43 146
43 162
43 225
43 272
54 116
54 173
54 177
54 202
54 251
85 66
85 271
85 64
85 78
85 148
85 174
85 198
85 213
85 228
85 292
88 168
134 146
148 61
148 149
148 169
148 226
148 228
148 248
168 10
168 33
168 240
168 254
168 256
168 264
213 55
213 46
213 59
213 79
213 80
213 103
213 128
213 220
213 237
213 276
225 271
228 272
12 97
97 121
115 93
115 216
129 90
129 187
129 215
129 233
187 31
187 215
215 31
16 93
16 170
73 170
73 102
93 170
102 170
138 158
113 69
131 241
131 298
131 280
152 245
159 123
159 147
159 161
159 292
186 69
245 23
245 133
245 119
10 33
10 240
33 150
33 240
240 264
254 141
254 264
256 141
256 264
256 294
264 141
264 294
11 68
68 108
108 110
110 160
160 289
18 24
18 58
18 82
18 140
24 35
24 82
24 140
35 58
35 82
35 140
58 82
58 140
81 124
82 140
124 41
26 36
26 92
26 120
26 164
26 179
36 164
92 120
92 164
92 165
92 179
120 164
120 165
164 165
164 179
164 284
15 19
15 55
15 99
15 287
19 55
19 99
55 128
55 236
55 237
128 79
128 237
237 59
237 172
28 269
22 153
22 282
153 282
282 248
248 244
248 277
248 268
248 61
248 149
248 62
248 226
248 255
189 241
189 298
212 241
212 298
241 280
241 298
244 149
244 255
298 280
149 277
149 61
149 70
149 127
149 132
149 226
149 252
149 255
255 277
29 46
29 203
46 203
46 276
46 279
203 279
276 80
276 103
276 182
276 220
30 66
30 239
30 271
66 71
66 74
66 78
66 137
66 139
66 207
66 239
66 271
66 297
239 207
239 271
271 207
271 137
271 293
271 297
71 143
74 143
137 207
137 293
139 238
207 61
207 70
207 293
207 297
297 293
61 70
32 109
32 221
32 286
109 195
109 221
109 230
109 231
109 286
221 286
286 231
195 56
195 230
195 300
230 56
230 300
257 229
37 268
268 183
268 218
268 243
218 167
218 176
218 243
218 275
38 106
38 267
38 273
106 40
106 267
106 273
267 40
267 273
273 40
40 136
40 224
40 302
136 224
136 302
100 194
64 174
174 98
174 210
174 235
198 292
79 103
80 103
80 220
103 220
220 94
52 83
116 173
116 177
116 251
173 177
173 251
177 251
169 142
127 132
98 235
210 235
77 86
77 145
77 163
77 291
77 299
86 291
145 163
145 291
123 200
147 161
161 155
289 219
141 294
156 301
167 176
167 275
176 275
