115
233
354
636
87
799
258
1055
658
138
862
740
1101
839
433
992
730
1045
1111
116
1109
945
370
724
285
413
199
649
1071
918
20
938
1039
767
616
814
707
611
911
525
723
866
606
690
279
942
300
1095
166
908
970
989
508
1085
71
901
1
941
60
464
904
454
644
178
758
150
589
1022
406
679
189
772
177
859
776
1115
764
759
1069
70
1096
410
14
976
264
872
496
596
598
435
434
890
587
875
766
117
318
547
1068
883
280
672
720
416
713
205
81
323
1012
401
962
695
99
119
79
465
276
1099
574
340
610
647
105
324
813
238
122
1122
965
152
129
350
588
1064
614
294
700
201
899
210
405
94
366
608
604
170
183
179
1129
540
744
841
557
893
933
84
306
181
142
926
419
623
1035
78
4
1061
788
507
655
303
703
725
162
618
293
274
1100
662
261
362
253
58
670
936
640
111
375
924
1084
852
769
22
583
834
838
314
41
313
335
704
271
1028
125
97
1021
32
1026
85
349
972
912
826
929
828
738
68
448
977
801
421
1127
842
242
1076
800
671
