111
136
100
81
139
174
61
176
241
149
72
122
107
49
145
21
97
230
76
137
59
193
283
98
33
43
190
24
91
40
187
214
27
124
205
47
96
204
262
261
251
252
63
227
50
65
280
44
41
101
177
288
231
110
29
166
78
232
68
92
267
118
119
90
242
313
235
103
56
105
207
203
152
45
206
86
7
266
15
74
53
125
30
259
199
80
34
99
2
73
192
217
215
17
269
48
274
244
236
131
69
94
10
265
35
121
198
159
179
156
245
271
161
5
130
268
170
12
127
84
270
104
202
23
281
13
194
31
276
200
88
249
115
212
3
77
18
138
160
196
70
37
4
275
95
186
284
66
248
158
237
11
243
318
32
240
26
246
257
272
143
79
87
