197
316
1113
832
694
951
122
341
637
234
732
405
619
163
538
627
498
303
820
882
431
372
250
727
585
48
392
719
748
167
545
743
456
877
715
302
358
58
932
350
148
29
129
447
488
376
985
712
321
1108
1039
522
1120
871
864
986
785
728
505
1054
1014
159
125
300
801
326
819
1080
31
425
352
233
200
63
947
437
111
503
902
827
853
807
1109
723
490
476
215
1043
859
179
77
320
462
649
512
211
1081
73
989
687
644
332
483
52
978
771
94
681
1016
878
1012
1100
929
600
677
241
511
617
394
686
375
829
910
759
338
464
134
106
757
591
92
837
491
423
761
664
558
680
286
791
1002
56
658
893
72
481
740
1003
891
443
176
276
117
778
1089
356
1058
193
45
860
184
340
632
1017
861
523
26
127
924
1
155
379
87
1048
353
487
890
911
734
1064
1045
1018
116
949
699
102
297
124
251
1047
655
783
1069
662
636
521
104
816
863
724
684
612
967
1116
717
368
336
753
955
814
216
555
731
1033
515
781
840
701
909
923
596
226
965
546
151
1050
981
650
475
253
279
937
65
808
560
1019
940
139
182
836
174
593
78
187
156
389
1085
620
995
205
976
1121
221
123
201
422
678
453
97
2
885
798
817
787
710
335
1032
633
229
181
1076
11
606
145
79
290
1010
30
360
440
410
502
1075
227
1007
944
942
789
839
143
559
69
1034
803
941
206
1037
390
218
371
466
53
1095
638
654
114
962
1026
821
12
554
599
312
569
566
906
232
520
979
361
1044
168
62
46
1122
866
68
595
956
992
71
146
210
939
552
1119
583
408
879
88
813
797
541
510
135
1114
235
963
1015
673
178
672
999
1040
101
852
547
970
982
739
439
876
188
152
209
407
228
44
153
298
1030
23
623
579
854
294
692
1036
194
55
931
544
888
397
110
14
1022
518
384
494
165
473
1063
788
415
611
525
108
271
540
76
652
287
794
461
183
213
741
291
1068
311
571
39
1093
19
777
872
322
133
28
725
1118
270
795
1123
455
383
588
856
434
855
509
1038
8
635
851
1078
435
674
936
1117
409
317
22
436
1035
458
1046
1111
38
934
666
469
972
115
1031
474
417
208
570
74
904
255
24
1110
364
1052
561
416
169
792
1083
396
527
615
576
1009
119
809
927
838
1103
1077
339
411
607
713
236
639
565
132
66
624
486
769
614
480
420
804
1096
1004
679
964
870
344
685
768
622
254
776
299
948
983
126
621
275
670
517
36
812
459
834
551
580
446
430
144
707
196
313
273
849
683
903
366
64
281
195
642
57
887
696
1112
83
730
292
1090
830
264
43
1094
914
548
704
608
873
958
343
25
261
698
454
534
935
1023
412
