0 53
0 70
0 140
0 194
0 292
0 299
0 303
0 329
53 1
53 2
53 4
53 6
53 8
53 9
53 10
53 12
53 13
53 14
53 17
53 18
53 19
53 20
53 21
53 22
53 27
53 33
53 35
53 36
53 41
53 43
53 44
53 45
53 47
53 49
53 50
53 51
53 55
53 56
53 57
53 60
53 62
53 63
53 64
53 66
53 69
53 70
53 71
53 77
53 79
53 80
53 82
53 83
53 84
53 85
53 86
53 88
53 90
53 93
53 94
53 97
53 99
53 101
53 102
53 103
53 105
53 106
53 111
53 114
53 118
53 124
53 126
53 127
53 129
53 131
53 132
53 133
53 136
53 141
53 142
53 143
53 145
53 147
53 151
53 152
53 158
53 160
53 161
53 162
53 168
53 169
53 172
53 173
53 176
53 177
53 182
53 186
53 188
53 189
53 194
53 196
53 197
53 198
53 199
53 202
53 206
53 208
53 211
53 213
53 215
53 216
53 217
53 219
53 220
53 221
53 223
53 224
53 226
53 230
53 232
53 234
53 237
53 238
53 240
53 241
53 243
53 249
53 250
53 251
53 254
53 255
53 256
53 257
53 258
53 260
53 261
53 262
53 263
53 264
53 266
53 270
53 271
53 274
53 275
53 278
53 279
53 284
53 285
53 291
53 292
53 295
53 296
53 297
53 298
53 299
53 303
53 304
53 307
53 313
53 314
53 315
53 316
53 318
53 320
53 322
53 324
53 328
53 331
53 334
53 335
53 338
53 339
53 340
53 347
53 350
53 353
53 355
53 358
53 363
53 365
53 367
53 369
53 370
53 371
53 372
53 373
53 374
53 375
53 376
53 377
53 378
53 383
53 386
53 395
53 396
53 398
53 400
53 402
53 405
70 2
70 10
70 45
70 46
70 52
70 83
70 89
70 91
70 108
70 119
70 137
70 154
70 155
70 157
70 162
70 188
70 194
70 220
70 221
70 233
70 266
70 289
70 299
70 303
70 318
70 319
70 337
70 369
70 400
70 403
140 83
140 176
140 208
140 260
140 299
140 359
140 377
140 383
140 402
194 13
194 83
194 162
194 173
194 188
194 221
194 299
194 320
194 383
194 385
194 404
292 220
292 221
292 263
292 299
292 402
299 13
299 14
299 21
299 22
299 56
299 69
299 83
299 88
299 97
299 118
299 162
299 173
299 176
299 188
299 192
299 195
299 221
299 226
299 241
299 254
299 260
299 271
299 278
299 298
299 303
299 304
299 313
299 316
299 318
299 320
299 331
299 337
299 340
299 343
299 347
299 360
299 372
299 377
299 383
299 396
299 400
303 1
303 2
303 25
303 45
303 57
303 69
303 83
303 86
303 88
303 92
303 105
303 106
303 116
303 157
303 163
303 167
303 171
303 174
303 176
303 185
303 187
303 188
303 207
303 208
303 209
303 221
303 233
303 238
303 240
303 260
303 265
303 271
303 273
303 275
303 276
303 289
303 298
303 300
303 309
303 317
303 329
303 331
303 345
303 371
303 376
303 377
303 383
303 387
303 396
303 400
329 74
1 145
1 176
1 186
1 208
1 260
1 266
1 271
1 377
2 83
2 102
2 137
2 221
2 332
2 387
4 31
4 58
4 61
4 80
4 130
4 147
4 287
4 406
6 145
6 176
6 208
6 260
6 271
6 377
6 400
8 10
8 150
9 208
9 260
9 317
9 374
10 221
10 383
10 142
10 243
10 244
10 392
12 105
12 136
12 361
13 162
13 318
14 176
14 377
14 83
14 383
14 147
14 400
14 45
14 56
14 99
14 103
14 304
14 328
17 221
17 295
18 48
18 57
18 376
19 44
19 77
19 78
19 93
19 160
19 254
19 325
19 373
19 375
20 186
20 137
20 105
20 339
21 173
21 226
21 232
22 109
22 188
22 192
22 220
22 246
22 347
22 360
22 372
27 260
27 32
27 255
33 86
33 230
35 398
36 400
36 151
36 161
36 279
41 83
41 383
41 95
41 66
41 195
41 201
41 250
41 366
41 367
43 383
43 328
43 296
43 247
44 320
44 175
44 254
44 347
44 397
45 208
45 260
45 271
45 83
45 221
45 383
45 400
45 99
45 103
45 118
45 131
45 195
45 304
45 316
45 337
45 343
45 396
47 221
47 201
47 310
47 350
47 358
49 105
49 339
49 85
49 275
50 221
50 118
50 396
50 82
51 83
51 383
51 90
51 372
51 250
51 196
51 242
51 261
51 363
55 57
55 376
55 127
56 176
56 208
56 260
56 377
56 221
56 147
56 62
56 99
56 118
56 161
57 145
57 361
57 144
57 48
57 25
57 164
57 168
57 178
57 191
57 202
57 211
57 237
57 238
57 255
57 276
57 281
57 302
57 307
57 313
57 336
57 350
57 356
57 364
57 376
60 208
60 260
60 71
60 238
62 347
62 277
62 354
63 274
64 208
64 260
64 16
66 90
66 107
66 196
66 250
66 330
66 367
66 395
69 400
69 119
69 298
71 208
71 105
71 339
71 322
77 176
77 377
77 86
77 160
77 373
79 221
79 90
79 249
79 267
80 128
82 208
82 260
82 253
83 3
83 5
83 7
83 11
83 29
83 37
83 38
83 39
83 72
83 75
83 76
83 81
83 84
83 90
83 100
83 102
83 105
83 109
83 110
83 112
83 113
83 114
83 123
83 131
83 137
83 147
83 148
83 150
83 153
83 156
83 161
83 166
83 169
83 171
83 172
83 180
83 183
83 187
83 195
83 201
83 212
83 220
83 224
83 225
83 226
83 232
83 241
83 245
83 246
83 247
83 252
83 254
83 259
83 261
83 267
83 269
83 273
83 276
83 277
83 278
83 282
83 285
83 304
83 308
83 312
83 326
83 330
83 332
83 343
83 347
83 350
83 352
83 367
83 372
83 379
83 383
83 387
83 396
83 399
83 400
83 402
83 404
83 405
84 221
84 383
84 400
84 103
84 328
84 220
84 225
85 94
86 176
86 266
86 377
86 102
86 328
86 78
86 160
86 373
86 375
86 220
86 54
86 116
86 126
86 132
86 133
86 153
86 230
86 235
86 291
86 300
86 338
86 388
88 297
88 331
90 383
90 328
90 15
90 75
90 117
90 196
90 229
90 242
90 249
90 250
90 267
90 343
90 363
90 368
90 394
93 221
93 383
93 328
93 78
93 160
93 325
93 373
93 375
93 397
94 208
94 260
94 345
97 221
97 254
97 114
97 216
97 389
99 208
99 260
99 400
99 206
99 248
99 304
99 328
101 221
101 132
102 221
102 235
102 291
102 383
103 383
103 143
103 190
103 253
103 286
103 293
103 304
103 309
103 328
103 337
103 354
105 145
105 208
105 260
105 266
105 137
105 221
105 383
105 387
105 147
105 374
105 16
105 32
105 42
105 73
105 92
105 104
105 111
105 121
105 136
105 144
105 146
105 161
105 163
105 164
105 165
105 173
105 178
105 188
105 191
105 200
105 252
105 275
105 276
105 281
105 289
105 304
105 311
105 321
105 322
105 335
105 336
105 339
105 356
105 364
105 393
106 176
106 377
106 256
106 280
111 208
111 260
111 266
111 137
111 339
111 313
114 383
114 143
114 254
114 148
114 216
114 217
114 286
118 271
118 137
118 221
118 383
118 147
118 400
118 304
118 328
118 161
118 76
118 187
118 312
118 313
118 316
118 348
118 396
124 224
126 220
126 291
127 208
127 260
127 200
129 271
129 221
129 400
129 396
129 174
129 182
129 213
129 315
129 348
131 221
131 400
131 347
131 125
131 225
131 277
132 208
132 260
132 221
132 291
133 220
133 291
136 208
136 260
136 92
141 208
141 260
141 307
141 165
142 221
142 152
142 243
143 221
143 87
143 135
143 217
143 222
143 328
145 147
145 161
145 176
145 208
145 221
145 260
145 266
145 313
145 321
145 376
147 221
147 383
147 31
147 58
147 61
147 130
147 161
147 173
147 287
147 304
147 321
147 328
147 339
147 406
151 176
151 377
151 279
151 362
152 221
158 176
158 260
158 377
160 176
160 300
161 221
161 400
161 284
161 304
161 339
161 173
161 223
161 321
162 173
162 188
162 196
162 385
162 395
168 376
168 334
169 383
169 113
169 172
169 349
172 383
172 72
172 349
173 176
173 208
173 260
173 377
173 221
173 383
173 304
173 328
173 339
173 232
173 263
173 385
176 26
176 46
176 76
176 78
176 109
176 113
176 128
176 150
176 163
176 170
176 181
176 182
176 205
176 212
176 256
176 258
176 271
176 280
176 297
176 300
176 302
176 322
176 327
176 340
176 350
176 355
176 359
176 362
176 365
176 373
176 375
176 377
176 381
176 382
176 400
176 401
177 296
182 208
182 260
182 271
182 377
182 221
182 400
182 352
182 365
188 320
188 339
188 54
188 119
188 155
188 163
188 220
188 240
188 344
188 347
188 378
188 385
189 221
196 107
196 330
196 395
197 208
197 260
197 335
197 122
198 221
198 328
198 219
198 223
199 285
199 291
202 144
202 376
202 314
206 248
208 16
208 28
208 32
208 34
208 40
208 42
208 46
208 65
208 74
208 92
208 96
208 116
208 122
208 137
208 150
208 155
208 165
208 207
208 221
208 243
208 249
208 253
208 260
208 263
208 266
208 267
208 270
208 271
208 306
208 311
208 314
208 317
208 324
208 327
208 334
208 344
208 359
208 365
208 386
208 387
208 400
208 401
211 376
211 386
211 191
213 290
213 313
213 315
215 234
215 251
215 353
216 221
216 389
217 221
217 87
219 221
219 283
219 351
220 266
220 119
220 225
220 263
220 285
220 291
220 347
220 404
221 260
221 377
221 137
221 29
221 37
221 76
221 89
221 125
221 135
221 171
221 181
221 187
221 209
221 214
221 222
221 224
221 225
221 239
221 241
221 243
221 244
221 245
221 252
221 254
221 268
221 269
221 273
221 274
221 276
221 277
221 284
221 285
221 286
221 295
221 301
221 304
221 306
221 312
221 321
221 328
221 332
221 339
221 340
221 343
221 344
221 347
221 348
221 352
221 358
221 359
221 378
221 383
221 387
221 389
221 392
221 396
221 397
221 400
221 402
221 404
223 400
223 328
224 383
224 372
224 222
224 340
226 383
226 243
226 304
226 113
226 344
226 357
232 383
232 326
234 251
234 257
234 353
237 376
237 364
238 376
238 276
238 336
240 54
240 344
240 371
241 383
241 166
241 75
241 340
241 389
243 260
243 65
243 134
243 357
249 260
249 328
249 15
249 72
249 228
249 267
249 324
249 343
249 344
249 394
250 367
251 257
251 353
251 405
254 383
254 304
254 87
254 286
254 389
255 376
255 281
256 377
256 113
257 353
257 405
258 377
258 298
258 340
260 16
260 26
260 32
260 34
260 42
260 46
260 65
260 92
260 96
260 116
260 122
260 137
260 155
260 165
260 200
260 207
260 253
260 263
260 266
260 267
260 270
260 311
260 314
260 317
260 324
260 327
260 345
260 350
260 359
260 365
260 386
260 387
260 400
260 401
261 383
261 328
261 372
262 296
263 377
263 28
263 67
264 271
264 400
264 26
264 52
266 119
266 291
266 339
270 271
270 40
270 91
271 34
271 52
271 91
271 116
271 137
271 157
271 167
271 193
271 218
271 265
271 275
271 305
271 319
271 377
271 378
271 400
271 401
275 400
275 374
275 339
275 119
275 121
275 157
275 319
278 383
278 372
278 367
285 383
285 236
285 291
285 369
285 404
291 153
291 235
291 388
295 113
296 24
297 377
297 181
304 383
304 400
304 25
304 113
304 148
304 156
304 239
304 268
304 282
304 283
304 286
304 290
304 313
304 328
304 339
304 348
304 384
307 376
307 25
313 376
313 290
313 312
314 311
316 400
316 328
322 339
322 212
324 333
328 383
328 400
328 54
328 68
328 117
328 171
328 185
328 190
328 195
328 210
328 231
328 247
328 253
328 290
328 293
328 309
328 310
328 335
328 337
328 338
328 343
328 348
328 350
328 354
328 372
328 376
328 384
328 397
334 96
335 25
338 400
338 54
339 383
339 387
339 374
339 16
339 144
339 42
339 96
339 146
339 164
339 165
339 178
339 191
339 200
339 289
339 336
339 364
340 377
340 222
340 389
347 377
347 400
347 109
347 37
347 175
347 225
347 277
347 354
347 360
347 397
350 377
350 383
350 376
350 195
350 201
350 310
350 68
350 405
355 377
355 110
363 242
365 377
365 327
367 379
369 236
369 403
370 400
371 190
372 383
372 109
372 246
373 377
373 78
375 377
375 78
375 325
376 383
376 361
376 144
376 48
376 25
376 164
376 178
376 191
376 276
376 281
376 302
376 336
376 356
376 393
377 26
377 46
377 74
377 76
377 109
377 110
377 113
377 128
377 150
377 163
377 170
377 181
377 205
377 212
377 280
377 300
377 302
377 327
377 352
377 359
377 362
377 381
377 382
377 400
377 401
378 401
383 137
383 332
383 3
383 5
383 7
383 11
383 25
383 29
383 37
383 38
383 39
383 72
383 75
383 76
383 81
383 100
383 109
383 110
383 112
383 113
383 123
383 125
383 148
383 150
383 153
383 171
383 180
383 183
383 187
383 201
383 209
383 212
383 225
383 239
383 244
383 245
383 246
383 247
383 252
383 259
383 267
383 268
383 273
383 277
383 282
383 283
383 290
383 306
383 308
383 312
383 326
383 330
383 342
383 343
383 348
383 352
383 379
383 384
383 387
383 396
383 397
383 400
383 402
383 404
383 405
386 42
395 107
395 330
396 400
396 348
398 382
400 137
400 167
400 29
400 37
400 52
400 89
400 91
400 116
400 119
400 125
400 195
400 245
400 265
400 269
400 277
400 305
400 319
400 337
400 343
400 352
400 401
400 404
52 233
89 392
89 210
89 207
89 337
108 154
108 403
119 155
119 233
119 319
154 403
155 267
157 233
157 73
157 121
157 159
157 289
233 159
337 190
359 76
192 360
195 95
195 68
195 231
195 308
195 310
195 343
343 117
343 344
25 104
25 163
92 387
116 207
163 302
171 184
171 273
171 323
174 120
174 272
174 341
185 23
185 300
187 209
209 125
265 345
265 305
273 399
276 252
309 75
309 253
387 332
387 32
74 26
321 73
321 146
321 391
109 245
109 246
113 156
128 381
150 267
150 306
150 401
170 362
181 342
181 222
205 382
280 148
280 357
302 393
327 380
16 144
34 65
34 193
34 218
40 48
42 178
96 191
165 164
267 344
306 344
306 214
306 301
311 336
344 54
344 72
344 134
344 148
344 214
344 227
344 228
344 282
344 301
344 357
200 364
193 218
110 244
332 391
3 183
5 112
5 259
7 39
11 180
29 269
38 39
72 228
75 366
75 229
75 368
81 308
100 183
123 153
148 134
153 388
166 201
180 246
201 310
225 277
245 384
246 342
247 330
277 354
282 227
330 107
214 301
239 268
244 392
286 87
348 290
397 175
283 351
283 384
31 287
31 406
58 130
58 287
61 130
61 229
61 368
406 30
406 95
406 149
229 368
368 366
30 95
30 149
95 59
95 98
95 115
95 139
95 149
95 179
95 204
95 288
95 294
95 366
149 139
149 204
149 288
149 294
134 357
361 356
73 146
121 356
121 146
146 281
146 356
281 159
293 354
210 23
231 310
15 138
15 394
59 115
59 179
98 115
98 179
98 288
115 179
115 288
139 204
139 294
288 294
236 346
184 323
120 203
120 272
120 341
203 272
203 341
272 341
380 390
