0 97
0 113
0 154
0 186
0 221
0 281
0 293
97 35
97 59
97 113
97 121
97 151
97 208
97 221
97 245
97 293
97 314
97 353
113 293
113 323
154 56
154 323
186 56
186 121
186 198
186 202
186 228
186 281
186 323
221 180
221 208
221 280
221 293
221 323
221 353
281 61
281 129
281 241
293 15
293 71
293 101
293 137
293 140
293 151
293 173
293 180
293 208
293 241
293 254
293 340
35 353
35 59
35 151
35 218
35 314
35 350
59 208
59 353
59 121
59 151
59 218
59 245
59 260
59 273
59 314
121 353
121 241
121 314
121 49
121 55
121 66
121 136
121 245
151 180
151 208
151 353
151 101
151 254
151 83
151 137
151 260
151 280
151 314
151 343
208 1
208 15
208 17
208 28
208 46
208 72
208 102
208 105
208 159
208 192
208 218
208 260
208 273
208 313
208 340
208 344
208 353
245 353
245 241
245 314
245 66
245 136
353 1
353 102
353 159
353 173
353 254
353 307
353 343
353 350
323 11
323 141
323 220
56 96
198 119
198 4
198 27
198 65
198 91
198 105
198 149
198 157
198 179
198 191
198 202
198 243
198 251
198 335
198 344
202 335
202 243
202 156
202 333
228 342
180 1
180 93
180 27
180 101
180 201
180 209
180 254
180 280
180 309
180 317
180 338
180 343
180 354
280 200
280 239
280 140
280 37
280 40
280 95
280 156
280 168
280 233
280 120
280 150
280 291
61 96
61 129
61 287
241 15
241 17
241 38
241 66
241 102
241 136
15 200
15 217
15 17
15 22
15 53
15 157
15 173
15 254
15 259
15 335
15 344
71 34
71 190
71 17
71 73
71 135
71 173
71 234
71 246
71 254
71 313
101 4
101 27
101 137
101 204
101 251
101 335
101 338
101 343
140 161
140 239
140 102
140 340
140 28
140 244
140 308
140 355
173 102
173 254
173 350
254 192
254 200
254 52
254 66
254 81
254 83
254 102
254 104
254 147
254 253
254 260
254 338
254 350
340 264
340 22
340 157
340 102
340 46
340 91
340 105
340 118
340 159
340 256
1 62
1 74
1 209
1 242
1 309
62 19
62 20
62 44
62 93
62 125
62 242
62 277
62 338
74 93
74 120
74 161
74 165
74 178
74 225
74 309
74 328
209 93
209 96
209 194
209 201
209 309
209 324
209 343
209 352
242 93
242 53
242 106
242 171
242 183
242 200
242 290
242 349
309 93
309 343
19 93
19 106
19 44
19 51
19 52
19 87
19 98
19 103
19 125
19 170
19 183
19 253
19 277
19 305
19 348
20 44
20 103
20 125
20 167
20 183
20 229
20 258
20 272
20 277
20 278
20 305
20 312
20 321
20 325
44 106
44 87
44 98
44 253
44 317
93 17
93 82
93 106
93 125
93 161
93 200
93 229
93 244
93 277
93 308
125 51
125 170
125 174
125 183
125 277
125 305
277 170
277 174
277 183
277 92
277 167
277 229
277 244
277 258
277 272
277 305
277 349
338 201
338 37
338 291
338 194
338 343
120 178
120 219
120 328
120 308
120 95
120 291
120 346
161 6
161 48
161 95
161 165
161 178
161 225
161 230
161 244
161 326
161 328
165 328
165 24
165 39
165 203
165 279
178 6
178 95
178 328
225 7
225 86
225 326
225 114
225 95
225 236
225 244
328 6
328 230
328 95
328 114
328 203
17 102
17 123
17 163
17 246
17 313
82 47
82 171
82 308
82 244
82 60
82 153
82 286
106 52
106 87
106 98
106 145
106 226
106 229
106 253
106 274
106 324
106 352
200 6
200 192
200 53
200 63
200 91
200 104
200 132
200 156
200 157
200 166
200 179
200 217
200 223
200 237
200 239
200 256
200 257
200 264
200 335
229 183
229 226
229 258
229 272
229 352
244 86
244 114
244 279
244 39
308 95
308 355
27 192
27 264
27 335
27 344
27 65
27 91
27 105
27 179
27 243
201 28
201 37
201 194
201 291
201 346
317 354
317 194
343 307
354 11
354 81
354 96
354 194
28 355
46 264
46 22
46 53
46 344
46 77
46 79
46 267
46 275
72 123
72 108
72 247
105 264
105 157
105 335
105 344
105 65
105 91
105 149
105 179
105 205
159 91
159 218
159 83
159 118
159 256
159 260
159 273
192 6
192 65
192 104
192 264
192 344
218 260
218 273
218 350
260 83
260 273
313 34
313 295
313 190
313 123
313 135
313 163
313 234
313 246
313 250
344 264
344 217
344 22
344 157
344 65
344 149
344 179
96 287
96 81
96 324
96 352
324 348
324 226
324 274
324 330
352 52
352 226
352 274
53 22
53 79
53 157
53 259
53 267
53 275
171 8
171 47
171 54
171 290
183 103
183 39
183 290
183 305
290 54
290 265
349 51
349 321
349 265
307 98
307 253
307 226
2 116
2 310
2 331
2 339
116 339
310 210
310 331
310 337
310 339
331 210
331 337
339 41
339 164
337 100
337 16
337 196
41 13
41 25
41 196
41 235
164 288
3 119
3 160
3 182
119 4
119 160
119 251
160 4
160 182
160 251
160 301
4 70
4 107
4 148
4 158
4 204
4 251
251 204
301 33
70 23
70 73
70 107
70 148
70 158
70 187
70 206
70 266
107 23
107 148
107 158
107 266
148 158
148 217
148 266
148 295
148 319
148 345
158 23
158 266
23 266
266 10
266 26
266 351
73 34
73 190
73 234
73 246
73 275
73 206
187 10
187 217
187 169
187 177
187 136
187 216
187 222
187 276
187 300
187 341
206 177
206 276
206 257
206 345
206 181
335 191
335 22
335 157
335 63
335 65
335 91
335 149
335 156
335 179
335 181
335 237
335 243
335 257
335 267
335 333
217 9
217 10
217 22
217 157
217 169
217 300
217 319
217 345
295 34
295 133
295 220
295 345
319 10
319 26
345 34
65 264
65 91
65 179
65 243
91 264
91 191
91 157
91 237
91 267
91 134
91 141
91 149
91 179
91 205
91 243
149 264
149 205
157 184
157 22
157 63
157 79
157 181
157 257
157 267
179 184
179 264
179 191
179 237
179 63
179 181
179 205
179 243
179 257
191 10
191 222
191 243
243 156
10 9
10 11
10 34
10 169
10 177
10 216
10 222
10 300
26 34
26 43
26 135
26 155
351 11
351 69
351 133
351 220
351 227
351 240
351 296
5 152
5 303
152 112
152 193
152 268
152 332
303 142
303 175
303 312
112 48
112 255
193 269
193 132
193 223
193 134
193 318
268 255
332 188
142 312
142 306
175 270
175 306
312 289
6 21
6 86
6 184
6 219
6 230
6 239
6 263
6 264
6 269
6 302
6 326
6 334
6 336
21 7
21 114
21 236
21 263
86 114
86 256
86 269
86 302
86 334
184 63
184 128
184 146
184 219
184 237
184 250
184 269
184 316
184 336
219 143
219 150
219 156
219 213
239 156
239 302
239 327
239 336
263 7
263 114
263 236
264 205
269 128
269 132
269 134
269 146
269 302
269 334
302 334
302 336
334 132
336 143
336 156
336 213
7 114
7 236
114 29
114 236
256 132
256 166
256 118
48 176
48 255
95 37
95 168
63 257
63 181
63 316
128 146
237 22
237 79
237 250
237 276
237 294
250 188
250 190
250 88
250 132
250 223
250 67
250 134
250 94
250 126
250 195
250 249
132 88
132 38
132 67
132 78
132 92
132 126
132 166
132 212
132 223
132 224
132 318
156 40
156 143
156 150
156 168
156 327
166 78
166 92
166 212
166 285
166 318
223 32
257 276
257 31
257 181
257 224
257 298
143 150
143 213
150 168
150 213
327 37
327 40
327 168
134 190
134 38
134 138
134 141
134 248
134 271
203 279
203 75
203 329
8 47
8 54
47 57
34 43
34 69
34 85
34 133
34 135
34 155
34 234
34 246
34 347
169 31
169 136
169 216
169 222
169 300
169 341
216 300
222 136
222 341
22 79
22 261
22 267
22 275
22 276
22 341
43 276
43 135
43 155
43 347
69 133
69 220
69 240
69 296
85 123
85 135
85 234
85 246
133 240
133 296
135 190
135 123
135 163
135 246
135 155
135 347
155 347
234 246
246 123
31 284
31 315
136 341
136 66
341 276
341 284
341 292
341 315
276 275
276 292
220 240
220 296
141 190
141 55
141 271
81 52
81 253
81 147
81 262
12 14
12 124
12 139
12 188
12 190
14 76
14 88
14 188
14 199
14 252
14 299
124 88
124 138
124 139
124 195
124 249
139 195
139 249
188 94
188 190
190 94
190 123
190 248
190 292
76 144
76 199
76 299
88 67
88 195
88 232
88 297
88 322
199 299
252 30
252 32
138 38
138 67
138 195
195 232
249 94
123 108
248 38
13 42
13 100
42 25
100 58
100 235
25 235
196 16
235 16
235 122
235 282
58 16
144 50
67 38
67 232
67 297
67 311
232 311
232 322
30 131
30 238
79 267
79 275
261 294
267 77
267 275
275 77
52 98
52 226
52 253
52 330
52 348
87 98
87 253
98 226
98 253
145 39
226 253
226 348
226 274
226 330
253 51
253 147
253 262
274 348
274 330
38 189
38 224
38 287
66 49
147 262
16 122
108 247
18 84
18 109
18 231
18 270
84 109
84 117
84 255
109 89
109 207
231 127
231 270
270 289
270 306
80 238
238 131
238 289
117 207
89 289
51 68
51 90
51 103
51 115
51 153
51 167
51 172
51 174
51 258
51 286
51 305
51 321
103 305
170 68
170 305
305 174
348 330
167 90
167 111
167 172
167 197
167 320
258 272
272 304
278 304
325 110
325 215
68 174
90 115
90 172
90 197
90 214
90 286
90 320
115 153
115 214
115 286
153 60
153 214
153 286
153 320
172 320
286 214
286 60
286 320
330 287
39 279
39 75
39 329
92 78
111 45
111 110
111 215
197 320
320 60
320 110
304 211
110 215
284 315
315 298
24 279
279 75
279 329
75 329
37 40
37 168
37 233
37 291
291 346
346 342
131 283
224 126
78 285
212 285
36 162
36 185
36 288
162 50
162 185
288 99
40 168
40 233
168 233
189 287
287 64
49 55
342 130
