107
499
257
366
597
655
537
148
394
101
428
591
547
580
393
196
129
450
923
53
658
345
172
668
367
402
290
929
226
730
179
798
318
44
607
577
959
530
787
69
480
396
454
613
841
68
899
392
165
784
662
849
406
371
917
847
1
624
14
108
596
947
612
241
275
905
358
495
16
678
462
838
413
379
719
524
532
391
626
513
827
797
430
292
109
150
972
138
463
801
136
51
133
751
324
871
823
850
771
178
316
892
749
805
759
712
514
598
170
380
737
204
446
30
474
271
195
637
710
685
794
661
399
833
546
589
796
333
77
159
239
997
183
303
544
263
38
800
860
155
306
804
50
447
7
403
519
416
43
168
594
259
270
542
401
27
219
291
945
858
268
722
34
386
173
506
583
266
507
83
222
763
864
207
541
845
618
422
115
205
486
910
731
706
97
327
64
390
861
249
135
21
355
384
821
533
339
198
468
701
26
372
857
119
282
375
302
789
465
143
437
15
467
553
592
221
348
17
718
130
104
699
250
540
500
253
102
234
528
94
315
831
817
991
233
863
217
825
45
485
893
786
354
808
611
736
350
0
582
927
412
87
481
707
328
531
680
777
278
581
300
145
382
584
202
557
510
63
912
579
330
154
807
509
407
24
161
779
605
617
78
151
627
556
835
958
140
469
555
971
647
88
875
149
470
635
326
918
806
260
669
231
164
146
341
698
793
112
866
732
590
267
216
477
436
820
615
42
543
575
444
139
708
48
256
498
128
127
272
156
802
809
126
491
644
244
535
18
880
122
633
214
453
879
70
186
224
167
370
949
549
175
852
711
783
347
461
225
100
587
134
40
705
561
197
342
361
903
19
383
82
760
208
309
261
588
28
317
210
92
558
209
6
650
520
395
554
351
851
190
703
232
818
994
628
645
381
141
10
338
629
649
497
13
408
334
199
799
443
693
411
237
240
105
570
950
840
113
353
193
889
98
488
246
245
289
373
956
563
776
230
832
504
264
305
493
187
527
964
868
23
359
420
911
431
308
704
516
449
58
458
426
153
822
1003
717
445
920
194
254
192
720
564
672
874
166
459
293
169
877
349
571
213
99
415
475
709
248
813
201
642
419
95
815
770
72
638
47
754
738
494
508
725
460
360
279
81
666
29
567
464
189
321
429
545
320
103
715
329
171
106
562
75
114
844
576
501
865
242
466
733
600
702
243
227
332
609
526
595
525
896
552
795
505
915
184
496
904
565
746
287
694
142
369
74
25
610
837
729
352
120
262
400
276
982
295
33
768
385
671
79
745
872
931
803
977
682
442
490
313
191
121
954
906
517
839
846
180
269
125
752
425
601
157
677
828
478
623
681
31
636
90
91
22
325
255
238
299
66
479
368
356
476
683
782
174
417
89
484
110
387
335
307
319
336
80
152
748
274
750
132
273
312
634
39
286
887
963
548
965
734
848
523
599
96
340
785
518
374
223
265
111
688
630
551
713
606
492
218
277
862
608
343
674
740
215
137
346
675
76
427
502
670
181
67
631
35
251
728
185
84
936
247
288
676
735
252
362
679
20
404
285
660
163
448
93
973
65
41
236
652
790
503
434
727
885
471
578
409
646
131
296
