343
9
273
129
1
235
192
2
43
348
16
104
349
135
261
14
353
248
80
228
0
145
122
216
21
93
106
25
132
189
267
219
120
127
322
17
232
35
220
134
85
33
133
94
84
107
6
82
250
210
312
46
196
60
88
370
302
297
105
198
363
98
278
366
92
38
83
253
197
378
361
237
187
281
69
15
169
91
244
190
153
247
111
315
256
97
218
168
325
131
10
305
79
44
118
347
188
212
209
45
74
231
191
336
367
87
306
257
112
123
259
67
151
286
201
113
8
31
178
200
108
240
373
355
249
68
362
342
372
199
175
81
41
230
75
7
266
30
3
39
152
234
246
251
265
350
214
66
34
252
203
313
29
96
239
103
125
202
285
23
215
377
284
20
86
233
323
290
176
50
245
13
296
12
258
223
307
287
333
365
213
5
130
32
73
211
272
4
352
