438
573
540
771
433
149
502
790
874
754
615
495
564
43
449
372
36
120
1108
818
75
990
197
282
411
1085
883
917
151
589
67
209
330
701
506
578
34
430
419
1100
702
636
937
679
227
114
568
611
417
814
287
914
306
762
368
28
18
823
722
249
225
606
21
584
535
931
595
643
278
539
325
993
65
656
807
569
81
156
721
358
291
1068
623
968
726
951
356
1110
40
489
97
863
714
91
279
343
485
57
549
965
374
30
919
802
1045
1078
1075
610
538
1000
13
800
153
1047
735
252
150
470
267
312
235
51
788
808
431
705
488
87
730
388
924
479
749
994
483
685
500
925
290
541
362
963
934
301
336
773
48
270
222
437
1036
130
866
982
637
243
311
906
426
123
318
12
92
167
774
806
820
675
723
352
1120
1105
205
329
1052
180
340
439
804
421
323
988
193
60
196
604
410
661
724
915
403
84
96
451
799
561
805
317
135
572
159
110
537
207
1046
833
281
344
562
995
435
565
221
896
499
259
511
740
379
189
827
879
605
247
1020
707
5
778
90
1128
641
333
983
592
436
497
858
142
1071
1043
824
300
521
640
591
548
1076
741
468
634
72
986
454
1089
158
453
89
658
319
583
264
1123
867
108
786
239
1053
593
422
684
398
713
162
109
256
1131
1019
77
63
781
649
967
15
864
955
520
557
56
386
1092
491
1072
175
624
1081
157
668
893
1018
877
42
837
761
80
70
848
404
248
298
601
822
688
1077
913
59
801
929
621
184
941
1058
510
1050
530
536
895
359
397
22
115
400
41
878
168
682
650
842
850
835
414
283
513
695
98
680
716
1038
8
1002
665
230
751
816
797
1109
304
332
690
625
494
608
503
308
423
851
375
408
241
849
1115
1003
922
657
811
3
171
118
277
525
94
117
856
1114
619
547
44
316
769
898
873
218
345
315
783
798
940
890
1087
1006
509
200
698
1014
119
1055
88
999
958
647
997
321
830
784
519
395
1012
266
767
297
1094
678
651
176
674
590
980
1028
199
305
964
1024
387
1064
27
341
195
302
927
384
1122
912
587
652
1008
1104
2
693
99
73
102
692
131
875
390
274
389
177
204
880
361
571
38
825
881
464
885
1126
147
976
377
597
755
288
111
100
405
486
970
736
585
442
669
671
1079
1096
260
529
104
440
326
812
210
213
68
133
201
246
737
322
961
1102
957
373
382
553
504
882
182
1044
627
1111
852
764
427
794
514
37
984
886
148
137
719
942
950
930
985
792
268
155
803
528
217
165
1132
683
95
718
838
1057
1035
1033
1031
841
276
432
935
194
469
579
357
700
1069
979
112
936
853
1056
125
1091
413
544
664
832
921
327
462
911
1015
85
459
1116
1095
269
910
1086
869
860
857
1070
145
524
923
415
998
129
892
902
1129
1130
257
455
746
909
78
600
948
581
686
26
370
275
1098
907
328
821
401
739
144
1025
891
1093
639
412
173
113
10
139
202
233
161
242
1034
872
531
231
518
62
876
443
425
342
402
662
758
348
566
1017
128
945
198
884
285
670
629
186
691
169
127
4
560
240
563
1049
901
473
599
973
447
750
1090
759
46
244
420
360
226
262
789
953
354
959
1009
828
261
672
687
399
630
1118
731
463
477
734
648
732
206
9
760
160
409
696
681
172
14
393
706
666
831
618
391
1011
371
310
1097
829
324
770
523
507
810
191
293
349
748
64
140
482
715
559
609
522
1083
987
309
638
756
480
331
1060
616
899
1037
515
58
452
546
154
258
0
939
181
126
253
845
211
1013
1067
745
1124
614
461
481
71
224
938
32
228
660
954
673
826
1022
720
854
947
76
1042
710
39
612
1040
493
25
292
458
757
385
441
254
179
448
865
50
54
337
11
296
1074
920
813
655
904
782
236
533
586
369
744
1010
779
1039
136
742
79
631
69
534
450
187
582
1088
659
487
1061
24
338
105
972
280
445
335
166
1029
596
517
635
840
918
570
1119
554
353
47
273
699
991
870
406
697
396
943
350
467
220
836
383
725
703
772
394
843
416
777
31
106
263
183
977
894
704
711
1026
121
839
550
116
763
809
728
1127
733
49
975
556
602
457
846
926
887
712
981
82
1106
314
900
498
152
727
466
978
992
407
1099
170
577
351
1059
855
484
516
460
689
346
188
743
1
