79
757
465
1122
740
136
52
344
410
283
280
30
573
276
812
840
724
180
110
578
843
713
500
844
1027
210
415
481
732
517
467
602
554
524
1083
248
353
300
388
155
309
903
273
658
926
314
709
1077
421
735
617
541
936
440
417
41
587
700
461
264
122
837
1035
48
1099
796
722
526
807
538
200
78
1002
459
675
977
673
1074
395
1097
606
456
727
927
649
408
710
698
358
488
404
1003
493
862
1010
817
826
997
790
678
96
157
347
648
787
336
84
228
1018
294
584
946
32
337
499
46
369
782
375
1004
1130
679
1014
1037
343
391
634
917
420
666
304
746
43
963
380
169
1117
615
25
845
975
1078
189
133
326
620
370
77
162
990
92
335
919
996
680
1059
961
389
74
991
949
424
205
1039
1082
371
349
307
600
599
962
387
1060
559
1129
861
928
56
788
66
1016
182
218
882
616
242
316
372
270
310
28
841
569
898
170
19
139
90
1086
364
69
556
253
235
945
219
738
65
221
266
933
536
40
271
374
797
1109
123
871
144
720
965
1058
240
153
794
254
223
626
3
976
477
911
1131
289
72
609
696
73
442
45
651
809
198
918
934
449
800
1022
509
881
94
397
71
701
152
547
820
572
968
656
166
667
769
723
26
799
604
860
1090
193
694
635
504
1119
1106
576
955
252
593
515
780
810
4
924
1057
412
419
596
774
305
650
269
234
1024
386
540
250
1096
1118
1111
821
142
222
1085
1063
528
38
942
1114
491
551
879
908
978
232
743
624
431
192
446
619
401
935
1047
85
759
423
1087
473
64
549
1113
109
1124
645
194
646
1069
989
402
970
257
195
407
460
686
737
611
939
87
1079
274
636
282
872
920
5
802
728
901
521
697
665
671
520
887
522
904
1049
181
177
836
1007
806
938
756
31
1100
897
279
333
350
10
621
197
1101
86
184
187
585
127
1073
179
564
275
262
725
785
883
771
241
453
237
641
469
183
662
448
828
116
674
1081
435
251
931
803
324
695
886
215
129
1020
507
663
354
592
993
483
231
356
366
104
486
910
742
851
376
857
516
819
319
972
653
512
149
1098
98
772
108
561
846
498
967
776
630
525
224
940
60
581
317
1064
632
163
2
791
22
627
345
111
1095
618
899
670
905
770
1026
1005
95
712
864
510
553
313
1061
260
767
338
382
529
801
937
206
287
690
589
101
546
20
441
835
97
413
1019
750
707
114
135
792
105
51
102
405
1071
1120
1116
318
655
583
508
590
1088
941
1066
256
1046
323
699
891
849
290
929
398
249
888
143
704
603
571
703
660
555
954
447
533
100
608
1068
875
474
292
560
661
425
852
640
607
1084
403
830
1
1065
612
463
106
562
758
958
204
199
922
818
761
311
511
614
178
497
909
827
687
134
957
668
332
475
762
329
165
895
814
923
341
70
1015
1042
176
906
876
1123
68
544
328
760
1076
331
303
464
642
14
112
302
186
61
146
598
416
117
745
455
233
763
623
261
330
47
567
866
744
505
683
291
58
293
485
631
1102
118
628
639
42
731
815
83
838
813
16
12
798
1050
1110
454
637
1080
394
995
138
430
859
1029
959
1023
422
9
734
766
586
392
1052
132
434
246
340
689
107
915
951
438
