267
693
119
227
540
259
602
293
273
455
526
860
114
694
326
570
832
475
228
909
82
0
887
310
238
730
396
409
768
709
569
188
675
872
341
582
112
322
701
720
904
458
596
812
431
29
16
790
72
881
950
47
141
763
201
573
148
875
915
165
597
136
337
652
209
500
533
264
585
261
276
401
428
195
303
472
911
372
516
508
561
135
161
212
329
937
399
430
715
808
793
515
12
753
563
560
810
638
622
662
769
626
14
17
45
274
391
983
882
565
905
248
127
553
593
27
633
173
230
600
595
146
835
685
234
23
757
413
350
510
713
378
478
896
503
705
695
786
512
56
67
424
621
156
728
676
233
767
321
716
580
75
554
545
807
417
423
639
263
149
592
83
433
451
537
550
404
678
249
280
200
30
774
402
435
616
92
144
260
139
418
89
806
295
766
170
383
132
155
142
609
708
138
80
719
784
262
568
963
803
901
58
416
361
145
482
836
9
879
400
331
655
192
348
613
429
368
107
281
822
73
599
636
564
6
444
118
397
325
405
294
179
25
710
647
163
164
81
342
922
187
631
344
412
704
219
682
623
35
816
324
547
544
96
336
562
459
86
594
489
683
43
727
499
726
158
172
330
846
376
85
191
796
587
316
286
751
66
711
754
861
335
687
468
255
50
759
218
821
618
617
243
432
8
126
190
640
204
671
357
642
196
791
222
97
729
839
389
476
277
940
627
235
746
501
577
194
387
530
312
487
71
422
962
825
101
853
964
76
52
232
398
347
90
168
207
147
185
415
143
461
749
28
36
859
426
707
157
819
750
448
913
541
959
601
518
60
888
301
811
305
87
557
524
46
527
224
877
182
464
531
463
100
362
661
470
385
178
502
441
591
466
625
1002
256
958
33
943
257
74
681
492
365
542
217
202
125
214
440
529
115
614
794
961
606
443
598
226
2
686
266
663
5
419
37
339
747
279
247
288
850
798
169
373
103
393
410
152
775
493
559
269
947
236
371
203
612
7
439
24
116
229
392
956
538
552
183
366
113
304
450
308
932
174
134
449
581
700
208
471
377
756
483
813
48
664
290
579
369
437
528
628
94
154
363
216
454
241
479
54
603
841
635
65
171
333
343
739
231
497
95
688
814
856
189
519
284
395
916
370
19
772
650
513
586
309
629
446
421
770
674
407
690
425
137
403
122
62
474
931
111
364
360
820
584
785
68
162
351
731
215
453
706
827
61
779
420
643
548
576
128
317
936
110
22
669
891
57
467
210
477
414
382
578
77
771
367
11
159
129
624
551
98
473
41
59
462
665
758
3
299
902
659
800
830
634
842
44
927
91
291
900
654
124
870
42
78
102
517
788
386
523
660
4
356
481
104
49
338
722
265
15
