668
420
796
1077
402
852
388
19
759
279
938
53
477
559
31
795
122
390
232
598
299
1067
456
275
684
229
1099
172
1032
744
1083
1114
754
290
353
619
309
789
338
691
1049
524
967
791
176
922
671
677
959
391
551
883
104
794
314
464
241
447
904
1086
467
71
991
224
487
493
15
963
83
408
195
695
989
180
473
707
525
439
808
1047
138
1095
841
1
1081
202
345
928
316
826
733
983
22
557
30
538
215
1116
1096
124
885
645
471
658
617
358
121
681
977
460
182
3
204
555
587
1082
1045
99
697
1097
14
1043
836
849
643
123
368
873
317
480
291
788
848
567
1127
283
637
558
917
150
675
373
699
1104
641
606
992
731
1050
346
678
624
626
659
1016
60
510
958
494
515
981
490
20
481
349
961
943
491
167
924
937
466
666
879
115
896
394
1066
433
228
313
911
13
1130
255
185
636
505
1087
58
651
453
919
84
926
336
632
1046
370
812
800
790
188
374
187
821
498
771
612
472
730
758
375
1107
902
1108
575
426
184
1084
910
743
418
1020
669
642
192
151
242
434
1012
816
604
1102
876
366
341
127
563
116
867
1028
190
517
899
608
393
226
757
672
609
344
73
501
1105
144
615
544
148
379
787
218
994
872
590
822
376
1110
939
413
801
782
451
109
422
274
282
414
622
680
1048
871
194
146
441
356
1075
254
920
435
23
90
1098
838
415
101
614
479
102
978
77
158
507
45
419
1071
272
193
449
634
169
973
975
599
542
440
954
807
342
42
1014
688
819
882
742
280
573
662
207
746
1004
1124
918
755
850
333
250
610
934
1013
197
793
403
40
936
364
508
908
640
488
862
1033
495
767
781
318
386
171
698
319
745
1090
909
653
772
87
436
474
844
397
94
966
117
39
972
205
887
72
1024
990
584
952
946
529
231
1080
125
497
457
362
1118
648
56
1101
578
931
1078
519
331
448
776
895
1129
303
483
631
476
142
859
1125
463
387
1128
504
294
357
728
157
412
721
780
526
305
200
92
554
929
432
406
111
533
297
76
738
1035
881
727
720
271
890
520
398
37
1064
549
925
1123
710
311
330
118
1010
1040
12
766
927
620
875
270
300
1009
119
143
199
1038
679
683
785
154
621
1015
326
935
263
957
288
713
221
747
296
329
703
1117
293
292
323
704
260
97
421
78
196
907
306
8
595
26
1122
940
792
1068
906
1073
348
832
894
183
947
522
996
178
581
818
810
170
163
1018
942
219
95
618
1027
535
647
328
1052
547
531
459
273
240
325
660
655
686
553
941
405
607
820
423
589
261
1003
277
191
1120
997
835
585
528
866
950
1100
591
600
750
367
627
181
912
1131
149
725
564
0
