520
116
384
407
220
173
630
533
382
161
208
661
356
518
296
96
615
565
226
473
151
667
263
378
477
449
688
48
659
589
386
456
613
621
509
483
440
625
542
505
619
340
606
457
701
706
46
10
504
285
394
395
563
632
4
344
410
78
181
690
23
454
572
54
673
577
273
326
682
103
469
110
404
539
28
618
361
155
580
364
536
387
352
517
443
648
87
471
137
160
69
202
461
610
497
453
626
266
582
317
593
576
229
564
221
24
527
525
687
417
413
540
133
541
272
318
592
397
538
12
488
176
591
50
175
56
400
658
75
186
198
307
93
414
396
487
486
495
510
704
543
58
512
551
373
260
702
712
2
537
684
86
479
445
210
494
128
324
604
91
99
351
391
442
472
53
631
244
73
622
558
595
29
447
605
433
474
388
124
313
422
611
59
207
286
430
612
241
467
411
370
240
544
152
695
428
363
597
222
499
246
174
319
594
322
134
312
707
209
446
140
329
620
617
80
516
669
476
275
635
547
90
358
530
350
462
693
569
335
419
408
528
331
559
567
515
111
189
213
34
303
107
403
644
157
705
333
354
421
376
514
380
562
251
571
206
35
211
532
169
402
711
212
62
76
228
375
415
409
25
579
268
65
560
164
33
36
550
616
43
478
602
500
534
82
257
60
264
463
614
185
399
444
348
566
568
287
26
131
372
475
531
392
119
522
657
267
401
377
489
64
398
458
327
51
143
607
598
680
139
269
590
38
459
32
385
359
37
235
455
481
526
276
650
480
460
347
293
535
223
278
581
115
217
552
1
231
291
369
390
27
177
367
295
441
420
493
153
22
11
436
182
485
683
360
320
519
634
172
670
685
524
513
573
496
283
624
418
113
623
136
158
21
314
188
425
219
465
325
6
491
529
279
628
106
121
464
122
660
328
601
30
700
633
574
545
39
561
171
523
470
366
112
371
0
381
426
663
315
232
357
482
262
215
81
92
183
