183
377
244
88
14
325
349
238
214
59
53
101
48
295
102
109
141
93
81
92
65
313
91
71
203
47
132
177
375
245
200
21
86
241
365
168
212
364
303
89
352
74
124
230
236
232
22
259
35
85
126
164
265
355
302
206
63
354
4
51
184
34
197
353
75
134
7
363
347
218
306
129
72
105
121
348
83
166
239
133
9
39
84
87
370
54
329
213
284
210
342
69
118
68
368
231
312
24
167
16
23
29
372
242
0
376
317
90
314
175
46
98
45
94
351
31
100
307
165
12
97
125
249
130
32
50
70
223
256
194
17
369
357
30
131
99
44
41
103
142
235
127
82
148
107
251
373
187
240
60
327
339
113
246
266
153
15
350
140
57
211
219
340
257
169
269
204
323
299
143
40
96
276
367
322
112
209
95
154
3
297
79
237
66
310
198
201
315
25
