553
322
704
371
529
431
550
64
1052
1083
893
926
1115
1126
187
324
879
578
481
306
803
959
640
154
248
346
818
120
827
814
419
767
1046
383
873
556
98
261
158
518
863
895
495
135
655
448
544
1123
247
316
1044
976
612
963
425
1008
22
1022
1042
720
354
221
246
772
528
172
864
155
792
279
75
1037
200
688
198
9
892
1064
1095
375
968
311
980
554
1047
464
650
14
56
744
473
559
761
918
78
450
906
73
975
442
373
470
758
197
726
1033
332
763
1102
387
210
439
432
678
240
714
1092
293
1014
292
34
1050
1067
180
851
62
468
884
517
459
372
407
707
658
699
569
885
627
467
583
572
719
338
876
1093
152
762
713
177
321
480
26
1076
126
731
196
39
268
735
927
415
937
58
705
829
343
99
965
875
156
140
398
742
102
1077
942
337
97
63
1059
1035
840
427
511
715
1
941
25
233
520
664
1130
443
695
821
1122
253
978
227
716
685
206
157
225
416
335
130
639
757
384
68
830
420
1009
404
222
42
461
359
537
531
670
199
825
358
541
724
205
235
789
948
538
539
972
186
945
40
379
54
560
445
981
239
1120
951
943
547
30
183
8
438
264
148
315
15
623
540
231
133
176
360
584
353
964
24
296
1061
828
499
548
806
689
1074
454
1015
665
330
386
4
314
121
269
721
345
65
855
161
894
447
340
188
10
672
82
452
494
412
718
400
104
125
94
697
732
182
1068
1111
113
305
71
2
79
485
108
910
608
808
985
179
1110
836
940
1100
165
656
105
226
533
848
846
914
800
249
816
907
909
638
151
710
382
145
319
611
503
1010
374
563
228
605
831
801
276
263
194
449
92
624
169
687
773
883
661
128
275
394
1116
515
211
488
725
466
144
680
820
331
686
878
730
244
310
756
502
436
486
283
771
849
740
618
288
13
498
596
37
31
85
217
1099
110
571
370
856
777
621
616
1040
123
1043
788
189
204
76
397
1097
890
986
277
748
675
388
325
794
1072
12
482
281
483
368
841
523
810
304
635
336
630
326
728
421
1129
60
826
159
393
106
1098
90
5
96
606
722
435
287
973
