531
523
607
469
124
501
10
541
284
427
248
186
347
168
492
206
395
556
568
582
243
454
452
573
240
579
660
142
283
664
312
467
152
188
543
63
515
191
114
486
211
475
506
326
291
290
235
580
689
535
703
590
121
319
78
389
595
391
286
282
372
173
378
624
434
530
293
483
639
397
402
76
503
650
636
532
596
296
681
202
591
586
401
113
493
398
343
709
451
82
544
171
447
90
423
125
249
207
479
534
159
387
494
161
307
162
379
616
57
273
442
64
338
426
34
120
408
597
516
341
634
386
440
210
234
491
435
143
495
575
683
594
481
100
613
668
102
476
374
158
65
412
604
126
385
611
484
554
315
189
108
175
400
422
287
254
631
292
317
466
320
302
277
359
403
642
241
377
368
355
295
190
274
552
220
561
357
344
460
396
511
314
340
156
599
420
692
457
588
366
13
583
663
614
394
661
409
672
518
255
414
232
9
424
670
222
688
197
392
455
649
592
458
