0 58
0 64
0 69
0 109
58 64
58 69
64 109
69 43
69 77
69 109
43 77
77 53
77 24
77 29
77 70
77 30
77 27
77 84
77 91
77 111
1 14
1 37
14 15
14 19
14 25
14 31
14 37
14 75
37 25
15 19
15 75
15 89
19 75
25 75
31 2
31 9
31 22
31 33
31 34
31 44
31 49
31 59
31 61
31 71
31 80
31 90
31 92
31 97
31 102
31 103
75 21
75 89
2 8
2 49
2 61
2 92
8 49
8 92
49 18
49 48
49 57
49 61
49 92
49 112
61 22
61 92
61 102
92 3
92 18
92 36
92 41
92 48
92 53
92 57
92 63
92 73
92 78
92 85
92 102
92 112
9 34
9 79
22 102
33 34
33 59
33 44
33 71
33 97
34 59
34 71
34 79
34 80
34 90
34 97
34 102
34 103
44 59
44 71
44 80
44 97
59 20
59 35
59 54
59 71
59 80
59 93
59 97
59 106
71 102
71 80
71 86
71 97
80 97
90 103
18 3
18 57
18 73
18 85
18 112
48 6
48 100
48 104
48 112
57 112
3 53
3 73
3 85
36 78
53 5
53 12
53 24
53 29
53 40
53 63
53 70
53 91
53 94
53 95
53 101
73 85
78 26
78 39
78 98
5 40
12 40
12 70
24 7
24 17
24 10
24 11
24 29
24 30
24 70
24 88
24 107
29 11
29 70
29 107
40 70
70 27
70 47
70 72
70 84
70 99
70 111
91 101
94 101
95 101
4 26
4 39
4 98
39 98
6 100
6 104
100 104
7 17
7 88
17 32
17 45
17 51
17 66
17 74
17 87
17 88
17 108
17 110
32 81
32 87
32 108
32 110
45 81
51 81
51 87
51 108
51 110
66 74
66 81
87 81
87 28
87 108
87 110
108 110
110 81
10 82
10 96
11 13
11 16
11 46
11 56
11 65
11 107
107 16
107 46
107 56
107 65
107 52
107 55
13 46
13 65
16 65
46 56
46 65
56 65
52 23
52 55
55 23
27 38
27 50
27 60
27 62
27 67
27 68
27 72
27 76
27 83
27 105
84 111
89 21
20 35
20 54
20 93
20 106
35 54
35 93
35 106
54 106
93 106
38 50
38 60
38 67
38 83
50 60
50 67
50 83
60 67
60 83
62 68
62 76
62 105
67 83
67 105
68 76
68 105
76 105
86 42
