0 6
0 33
0 42
0 49
0 50
0 72
0 86
0 98
0 99
0 112
0 150
0 153
0 162
0 209
0 211
0 213
6 2
6 8
6 14
6 22
6 28
6 34
6 39
6 41
6 42
6 44
6 60
6 66
6 72
6 75
6 86
6 89
6 99
6 102
6 111
6 112
6 120
6 123
6 133
6 134
6 137
6 146
6 153
6 156
6 161
6 177
6 180
6 186
6 202
6 209
6 211
6 215
6 221
33 7
33 27
33 34
33 39
33 50
33 78
33 92
33 108
33 112
33 155
33 160
33 163
33 170
33 177
33 186
33 188
33 189
33 190
33 201
33 207
33 225
42 28
42 9
42 17
42 22
42 34
42 51
42 72
42 75
42 86
42 92
42 98
42 99
42 108
42 112
42 115
42 120
42 137
42 149
42 150
42 155
42 158
42 163
42 172
42 177
42 186
42 188
42 209
42 211
42 213
42 220
42 222
49 2
49 17
49 22
49 27
49 60
49 68
49 78
49 83
49 92
49 110
49 122
49 141
49 163
49 170
49 172
49 186
49 188
49 189
49 200
49 207
50 28
50 15
50 51
50 52
50 72
50 75
50 86
50 97
50 98
50 101
50 108
50 112
50 133
50 137
50 141
50 147
50 168
50 172
50 185
50 188
50 209
50 213
50 218
72 2
72 8
72 12
72 22
72 34
72 51
72 71
72 73
72 75
72 86
72 97
72 99
72 120
72 136
72 144
72 147
72 153
72 156
72 162
72 168
72 177
72 180
72 202
72 209
72 213
72 222
86 12
86 39
86 63
86 71
86 73
86 98
86 99
86 112
86 113
86 120
86 136
86 137
86 139
86 146
86 147
86 153
86 162
86 177
86 180
86 193
86 200
86 202
86 209
86 213
98 28
98 8
98 12
98 22
98 51
98 71
98 99
98 120
98 136
98 137
98 153
98 177
98 209
98 213
99 28
99 3
99 8
99 22
99 39
99 51
99 71
99 73
99 85
99 89
99 105
99 112
99 115
99 120
99 133
99 136
99 137
99 153
99 156
99 162
99 168
99 177
99 209
99 218
99 222
112 28
112 51
112 83
112 89
112 92
112 120
112 122
112 137
112 150
112 153
112 202
112 209
112 211
150 3
150 4
150 9
150 12
150 15
150 17
150 39
150 66
150 71
150 75
150 92
150 105
150 108
150 123
150 135
150 161
150 162
150 168
150 171
150 172
150 178
150 186
150 188
150 189
150 202
150 218
150 221
150 222
150 224
153 28
153 137
153 2
153 3
153 8
153 12
153 22
153 51
153 105
153 136
153 156
153 160
153 202
153 209
153 213
162 2
162 3
162 4
162 9
162 12
162 22
162 36
162 39
162 41
162 66
162 71
162 83
162 93
162 105
162 115
162 123
162 147
162 149
162 161
162 163
162 168
162 171
162 172
162 178
162 180
162 202
162 213
162 218
162 221
162 222
162 224
209 28
209 8
209 22
209 71
209 75
209 108
209 136
209 141
209 156
209 177
209 202
209 213
211 28
211 120
211 8
211 22
211 39
211 67
211 75
211 133
211 154
211 168
211 170
211 177
211 219
213 120
213 137
213 8
213 22
213 34
213 57
213 71
213 75
213 105
213 115
213 133
213 136
213 141
213 156
213 161
213 171
213 189
213 200
213 225
2 8
2 22
2 60
2 66
2 78
2 89
2 108
2 114
2 122
2 163
2 172
2 188
2 189
2 190
2 200
2 219
8 28
8 120
8 137
8 1
8 3
8 9
8 13
8 15
8 17
8 22
8 51
8 55
8 63
8 71
8 78
8 89
8 90
8 91
8 93
8 101
8 105
8 107
8 108
8 123
8 127
8 133
8 136
8 141
8 156
8 163
8 167
8 168
8 170
8 171
8 172
8 173
8 178
8 183
8 190
8 200
8 202
8 219
8 221
8 222
8 225
14 142
14 22
14 66
14 102
14 17
14 221
14 222
14 44
14 54
14 58
14 65
14 69
14 75
14 77
14 82
14 84
14 93
14 104
14 113
14 138
14 139
14 175
14 187
14 198
14 204
14 206
14 216
22 28
22 120
22 137
22 34
22 173
22 225
22 9
22 17
22 24
22 51
22 63
22 71
22 74
22 75
22 78
22 91
22 105
22 115
22 123
22 129
22 133
22 156
22 161
22 177
22 178
22 186
22 190
22 202
22 207
22 222
28 34
28 75
28 120
28 137
28 170
28 177
28 202
34 60
34 61
34 68
34 78
34 89
34 92
34 97
34 108
34 114
34 115
34 118
34 122
34 134
34 147
34 148
34 157
34 160
34 161
34 163
34 170
34 175
34 180
34 189
34 190
34 200
34 202
34 206
34 219
34 221
34 222
39 3
39 4
39 12
39 17
39 63
39 68
39 71
39 73
39 97
39 149
39 161
39 168
39 171
39 178
39 180
39 221
39 222
41 26
41 36
41 83
41 101
41 142
41 194
41 66
41 190
41 11
41 97
41 134
41 143
41 24
41 30
41 131
41 165
41 169
41 192
41 193
41 199
41 201
41 227
44 61
44 176
44 60
44 66
44 221
44 186
44 20
44 47
44 54
44 69
44 74
44 87
44 93
44 104
44 130
44 138
44 139
44 164
44 166
44 198
44 204
60 27
60 66
60 92
60 108
60 122
60 141
60 149
60 163
60 190
60 200
66 27
66 9
66 12
66 71
66 84
66 102
66 115
66 134
66 149
66 161
66 168
66 171
66 180
66 218
66 221
66 222
75 126
75 108
75 163
75 172
75 105
75 115
75 222
75 186
75 143
75 147
75 51
75 133
75 148
75 177
89 27
89 78
89 115
89 122
89 133
89 141
89 156
89 160
89 163
89 172
89 188
89 200
102 70
102 225
102 37
102 47
102 54
102 58
102 65
102 69
102 77
102 81
102 82
102 87
102 93
102 104
102 111
102 125
102 128
102 131
102 138
102 139
102 143
102 161
102 164
102 166
102 175
102 198
102 204
102 206
102 215
102 216
102 226
111 76
111 135
111 225
111 114
111 143
111 144
111 147
111 184
111 18
111 19
111 31
111 53
111 54
111 58
111 85
111 94
111 95
111 100
111 113
111 119
111 154
111 165
111 174
111 181
111 195
111 196
111 215
120 17
120 32
120 108
120 133
120 137
120 170
120 177
120 178
120 200
123 225
123 9
123 12
123 17
123 105
123 115
123 15
123 71
123 73
123 81
123 93
123 149
123 160
123 168
123 178
123 186
123 218
123 221
123 224
133 137
133 220
133 190
133 219
133 17
133 136
133 156
133 202
134 7
134 26
134 48
134 76
134 83
134 101
134 126
134 146
134 151
134 173
134 217
134 168
134 221
134 5
134 13
134 23
134 55
134 90
134 91
134 97
134 117
134 129
134 84
134 143
134 156
134 157
134 169
134 201
134 210
134 223
137 51
137 70
137 85
137 156
137 177
137 180
137 202
146 1
146 7
146 48
146 61
146 107
146 109
146 121
146 126
146 10
146 23
146 32
146 97
146 116
146 129
146 151
146 159
146 197
146 205
146 223
146 225
156 17
156 51
156 136
156 177
161 101
161 135
161 163
161 3
161 4
161 12
161 17
161 63
161 105
161 115
161 149
161 11
161 168
161 171
161 178
161 186
161 202
161 222
161 224
177 101
177 173
177 205
177 141
177 170
177 90
177 51
177 164
177 202
180 126
180 3
180 4
180 17
180 63
180 105
180 115
180 149
180 168
180 171
180 15
180 71
180 73
180 144
180 160
180 186
180 218
180 221
180 222
180 224
186 108
186 9
186 12
186 17
186 63
186 105
186 149
186 168
186 178
186 218
186 221
186 222
186 148
186 155
186 202
186 224
202 126
202 108
202 163
202 172
202 190
202 63
202 115
202 222
202 91
202 147
202 51
202 64
202 103
202 148
215 76
215 135
215 143
215 144
215 147
215 184
215 18
215 53
215 94
215 100
215 119
215 145
215 148
215 158
215 165
215 174
215 196
221 83
221 3
221 9
221 17
221 63
221 149
221 168
221 218
221 71
221 73
221 74
221 104
221 160
221 222
170 225
170 27
170 78
170 141
170 163
170 92
170 160
170 168
170 188
170 189
170 190
170 200
170 207
170 219
7 1
7 10
7 11
7 17
7 21
7 30
7 48
7 55
7 61
7 76
7 79
7 83
7 88
7 97
7 105
7 106
7 109
7 117
7 118
7 126
7 129
7 131
7 143
7 148
7 151
7 157
7 169
7 179
7 185
7 193
7 197
7 201
7 210
7 217
7 220
7 223
27 68
27 92
27 122
27 141
27 155
27 160
27 163
27 172
27 190
27 200
78 48
78 92
78 97
78 108
78 131
78 163
78 188
78 189
78 190
78 207
78 219
92 220
92 108
92 122
92 163
92 172
92 188
92 189
92 190
92 200
92 17
92 105
92 149
92 222
92 68
92 155
108 61
108 135
108 17
108 68
108 90
108 105
108 115
108 141
108 149
108 155
108 160
108 163
108 172
108 188
108 189
108 204
108 207
155 141
155 163
155 172
155 188
155 189
155 200
155 115
155 184
155 68
155 160
155 207
160 122
160 141
160 163
160 172
160 189
160 200
160 105
160 115
160 168
160 222
160 15
160 71
160 43
160 207
163 122
163 141
163 17
163 63
163 68
163 115
163 129
163 158
163 172
163 188
163 189
163 190
163 200
163 207
163 222
188 48
188 122
188 141
188 172
188 59
188 84
188 105
188 190
188 200
188 207
189 141
189 172
189 68
189 132
189 168
189 200
190 122
190 141
190 172
190 63
190 178
190 200
190 219
201 61
201 83
201 129
201 144
201 131
201 169
201 193
201 95
201 96
201 125
201 181
201 199
201 227
207 141
207 172
207 115
207 168
207 171
207 97
207 68
207 139
207 132
207 24
207 128
225 1
225 26
225 35
225 36
225 48
225 83
225 106
225 107
225 110
225 121
225 126
225 127
225 152
225 159
225 176
225 183
225 203
225 208
225 212
225 220
225 5
225 15
225 31
225 53
225 56
225 74
225 143
225 157
225 174
225 182
225 210
9 3
9 4
9 15
9 17
9 63
9 105
9 178
9 222
9 224
17 83
17 3
17 4
17 15
17 63
17 71
17 105
17 164
17 222
51 143
51 31
51 136
115 3
115 4
115 63
115 105
115 10
115 15
115 71
115 73
115 130
115 149
115 178
115 222
115 224
149 63
149 105
149 15
149 71
149 73
149 168
149 171
149 218
149 222
149 224
158 70
158 76
158 135
158 151
158 114
158 13
158 16
158 129
158 144
158 147
158 184
158 154
158 18
158 19
158 25
158 31
158 38
158 53
158 58
158 67
158 85
158 87
158 95
158 100
158 103
158 116
158 119
158 140
158 145
158 165
158 174
158 181
172 141
172 4
172 82
172 200
220 26
220 29
220 35
220 36
220 40
220 46
220 57
220 76
220 101
220 106
220 110
220 118
220 121
220 127
220 152
220 159
220 176
220 183
220 203
220 208
220 212
220 214
220 13
220 21
220 84
220 91
220 129
220 138
220 139
220 165
222 3
222 4
222 12
222 63
222 105
222 171
222 178
222 218
222 15
222 20
222 54
222 71
222 82
222 91
222 129
222 193
222 210
222 224
68 200
68 219
68 11
83 1
83 30
83 84
83 96
83 101
83 125
83 131
83 142
83 173
83 182
83 193
83 194
83 199
83 205
83 227
110 1
110 26
110 36
110 40
110 57
110 101
110 106
110 62
110 91
110 118
110 121
110 127
110 128
110 152
110 159
110 176
110 183
110 203
110 208
110 212
110 214
122 128
122 138
122 139
122 141
122 200
122 219
141 3
141 15
141 200
141 219
200 97
200 219
15 208
15 4
15 63
15 105
15 168
15 171
15 144
52 167
52 217
52 71
52 32
52 55
52 182
52 179
52 59
52 84
52 96
52 80
52 128
52 191
97 36
97 48
97 118
97 126
97 151
97 176
97 183
97 197
97 203
97 205
97 5
97 10
97 23
97 55
97 91
97 117
97 129
97 157
97 184
97 199
97 210
101 1
101 29
101 36
101 46
101 48
101 57
101 21
101 56
101 84
101 118
101 152
101 159
101 183
101 204
101 214
147 48
147 70
147 76
147 126
147 135
147 167
147 16
147 32
147 143
147 144
147 18
147 19
147 25
147 31
147 53
147 58
147 64
147 67
147 69
147 80
147 85
147 87
147 93
147 100
147 116
147 119
147 138
147 145
147 148
147 154
147 165
147 169
147 181
147 184
147 195
147 204
147 206
168 35
168 3
168 4
168 12
168 63
168 105
168 82
168 216
168 218
168 224
168 226
185 1
185 46
185 48
185 118
185 152
185 167
185 183
185 11
185 18
185 24
185 32
185 55
185 59
185 79
185 84
185 124
185 128
185 179
185 182
185 208
185 212
218 105
218 171
218 224
12 61
12 3
12 63
12 105
12 171
71 219
71 4
71 63
71 105
71 171
71 178
71 73
71 224
73 126
73 214
73 63
73 171
73 178
73 23
73 144
73 224
73 84
136 176
136 11
144 61
144 76
144 135
144 114
144 5
144 16
144 124
144 18
144 19
144 25
144 30
144 38
144 65
144 67
144 82
144 85
144 87
144 93
144 94
144 100
144 103
144 116
144 131
144 132
144 139
144 140
144 145
144 148
144 164
144 165
144 169
144 184
144 187
144 193
144 195
144 196
144 204
144 226
63 127
63 3
63 4
63 84
63 178
113 70
113 76
113 16
113 143
113 154
113 54
113 25
113 38
113 67
113 87
113 95
113 116
113 164
113 174
113 175
113 181
113 206
139 70
139 74
139 93
139 37
139 54
139 65
139 77
139 82
139 104
139 138
139 18
139 47
139 87
139 130
139 132
139 187
139 198
139 199
139 226
193 61
193 70
193 194
193 16
193 69
193 30
193 131
193 169
193 24
193 58
193 87
193 96
193 100
193 125
193 166
193 192
193 199
193 204
193 216
193 227
3 4
3 105
3 171
3 178
85 70
85 135
85 16
85 91
85 184
85 148
85 58
85 138
85 18
85 19
85 31
85 64
85 87
85 103
85 116
85 119
85 145
85 165
85 195
105 127
105 4
105 20
105 21
105 69
105 81
105 143
105 171
105 178
105 210
32 48
32 107
32 109
32 121
32 126
32 151
32 159
32 167
32 197
32 5
32 45
32 47
32 56
32 80
32 84
32 90
32 91
32 117
32 210
178 135
178 167
178 4
178 171
70 1
70 61
70 16
70 19
70 20
70 25
70 31
70 53
70 54
70 58
70 64
70 67
70 69
70 76
70 94
70 95
70 103
70 114
70 119
70 126
70 132
70 138
70 143
70 145
70 148
70 154
70 164
70 165
70 174
70 181
70 184
70 195
70 204
70 206
70 227
4 171
135 1
135 106
135 18
135 19
135 20
135 25
135 31
135 53
135 64
135 74
135 77
135 82
135 87
135 91
135 94
135 95
135 100
135 103
135 114
135 116
135 132
135 138
135 143
135 145
135 148
135 152
135 154
135 165
135 167
135 174
135 175
135 196
135 197
135 204
224 126
36 1
36 26
36 29
36 35
36 21
36 62
36 87
36 118
36 165
36 174
36 183
36 203
36 208
36 212
36 214
93 74
93 47
93 54
93 104
93 132
93 138
67 76
67 173
67 208
67 114
67 16
67 90
67 143
67 184
67 88
67 148
67 54
67 58
67 82
67 125
67 206
67 19
67 25
67 31
67 53
67 64
67 87
67 94
67 95
67 100
67 103
67 116
67 119
67 145
67 165
67 174
67 181
67 195
154 114
154 16
154 143
154 184
154 19
154 25
154 31
154 38
154 53
154 87
154 88
154 95
154 100
154 103
154 116
154 119
154 125
154 140
154 145
154 165
154 174
154 181
154 195
154 206
57 1
57 26
57 29
57 46
57 21
57 84
57 106
57 118
57 121
57 127
57 129
57 152
57 159
57 183
57 197
57 208
57 212
57 214
57 223
1 26
1 29
1 35
1 40
1 46
1 48
1 61
1 76
1 106
1 107
1 109
1 118
1 121
1 126
1 127
1 151
1 159
1 167
1 173
1 176
1 183
1 194
1 197
1 203
1 205
1 208
1 212
1 214
26 10
26 29
26 35
26 48
26 84
26 106
26 118
26 126
26 127
26 152
26 182
26 183
26 192
26 197
26 199
26 212
26 214
29 35
29 40
29 46
29 106
29 118
29 121
29 127
29 152
29 159
29 164
29 183
29 203
29 212
35 40
35 84
35 90
35 106
35 118
35 121
35 127
35 129
35 145
35 152
35 159
35 173
35 176
35 183
35 197
35 203
35 212
35 214
35 223
40 46
40 106
40 118
40 124
40 127
40 152
40 159
40 183
40 208
40 212
46 24
46 53
46 79
46 84
46 106
46 118
46 126
46 127
46 130
46 152
46 157
46 169
46 179
46 183
46 194
46 203
46 204
46 208
46 210
46 212
48 5
48 43
48 45
48 55
48 56
48 59
48 84
48 91
48 100
48 103
48 117
48 118
48 124
48 126
48 128
48 129
48 142
48 151
48 167
48 179
48 182
48 191
48 205
48 210
48 217
61 62
61 96
61 131
61 138
61 142
61 165
61 169
61 174
61 191
61 192
61 194
61 199
61 206
61 208
61 227
76 13
76 19
76 25
76 45
76 53
76 58
76 77
76 87
76 94
76 95
76 103
76 114
76 116
76 119
76 129
76 130
76 140
76 143
76 165
76 174
76 181
76 195
106 10
106 118
106 121
106 126
106 159
106 176
106 203
106 208
106 212
106 214
107 11
107 55
107 109
107 117
107 157
107 173
107 191
107 205
107 210
107 217
109 74
109 121
109 126
109 129
109 159
109 173
109 197
118 10
118 21
118 31
118 79
118 84
118 121
118 176
118 179
118 197
118 203
118 208
118 212
118 214
121 21
121 74
121 127
121 152
121 157
121 159
121 176
121 183
121 205
121 208
121 214
126 5
126 10
126 11
126 13
126 23
126 55
126 56
126 58
126 77
126 82
126 88
126 90
126 91
126 116
126 117
126 124
126 128
126 132
126 145
126 151
126 157
126 169
126 173
126 182
126 191
126 197
126 210
126 216
126 217
126 223
127 10
127 79
127 152
127 173
127 176
127 179
127 183
127 203
127 208
127 212
151 23
151 55
151 91
151 129
151 159
151 173
151 197
151 217
159 152
159 21
159 183
159 208
159 212
159 214
167 13
167 45
167 56
167 59
167 69
167 80
167 91
167 124
167 128
167 129
167 179
167 182
167 191
173 152
173 5
173 10
173 11
173 13
173 23
173 55
173 90
173 91
173 117
173 129
173 157
173 197
173 198
173 205
173 206
173 210
173 217
176 152
176 11
176 62
176 183
176 203
176 212
183 45
183 130
183 157
183 179
183 197
183 208
183 212
194 24
194 30
194 96
194 103
194 131
194 192
194 199
194 210
197 5
197 11
197 13
197 23
197 24
197 55
197 90
197 117
197 129
197 157
197 179
197 210
197 217
197 223
203 152
203 58
203 212
205 23
205 90
205 91
205 210
205 217
208 10
208 43
208 143
208 206
208 212
212 152
212 114
212 214
214 21
214 62
10 11
10 23
10 79
10 88
10 90
10 91
10 117
10 129
10 210
11 217
11 5
11 55
11 90
11 117
11 129
11 157
11 210
21 152
21 169
30 142
30 223
30 24
30 96
30 104
30 169
30 192
30 199
30 227
55 217
55 5
55 56
55 84
55 88
55 90
55 91
55 117
55 128
55 179
55 191
55 210
79 182
79 59
79 179
88 13
88 129
117 5
117 13
117 23
117 56
117 90
117 91
117 129
117 157
117 179
129 217
129 5
129 13
129 16
129 23
129 90
129 91
129 59
129 157
131 142
131 24
131 37
131 58
131 65
131 95
131 96
131 100
131 103
131 130
131 169
131 192
131 204
131 227
143 114
143 5
143 19
143 25
143 38
143 47
143 53
143 54
143 58
143 84
143 95
143 103
143 119
143 140
143 165
143 181
143 195
148 16
148 184
148 18
148 19
148 25
148 53
148 54
148 58
148 64
148 65
148 94
148 100
148 103
148 165
148 181
157 217
157 5
157 13
157 23
157 90
157 91
157 210
169 142
169 24
169 125
169 227
179 43
179 56
179 84
179 119
179 145
210 5
210 13
210 23
210 90
210 91
210 45
210 191
210 199
217 142
217 13
217 25
217 45
217 90
217 91
223 24
13 152
13 59
13 90
13 91
90 152
90 53
90 58
90 91
91 5
91 23
91 24
91 84
91 165
84 152
84 56
84 124
84 182
84 74
84 19
84 45
84 100
84 191
152 53
152 62
182 5
182 43
182 56
182 124
182 80
182 191
192 142
192 43
192 199
199 142
199 96
199 227
164 114
164 69
164 54
164 58
164 65
164 77
164 82
164 138
164 19
164 47
164 64
164 103
164 116
164 130
164 140
164 198
164 204
164 206
164 216
114 16
114 19
114 31
114 38
114 53
114 58
114 69
114 100
114 103
114 116
114 119
114 140
114 145
114 165
114 174
114 184
114 195
114 196
175 69
175 54
175 65
175 77
175 82
175 138
175 24
175 81
175 130
175 166
175 204
175 206
175 226
206 69
206 54
206 58
206 65
206 77
206 82
206 125
206 187
206 204
206 47
206 81
206 87
206 130
206 145
206 166
206 216
206 226
145 16
145 69
145 58
145 19
145 31
145 53
145 64
145 94
145 100
145 103
145 116
145 119
145 38
145 174
145 181
145 195
145 196
62 77
62 45
87 16
87 74
87 54
87 77
87 82
87 216
87 19
87 47
87 64
87 20
87 81
87 100
87 103
87 165
87 181
87 195
165 16
165 58
165 18
165 19
165 25
165 31
165 47
165 94
165 95
165 100
165 116
165 119
165 38
165 140
165 181
165 195
174 16
174 184
174 58
174 25
174 31
174 53
174 64
174 103
174 116
174 119
174 38
174 140
174 181
174 195
174 196
124 5
124 45
24 142
24 82
24 96
24 227
53 16
53 23
53 184
53 58
53 19
53 95
53 100
53 103
53 116
53 140
53 181
53 195
130 69
130 74
130 37
130 54
130 58
130 65
130 82
130 138
130 187
130 198
130 204
130 216
130 47
130 95
130 103
130 181
130 20
130 81
130 132
130 166
130 226
204 69
204 74
204 37
204 54
204 58
204 77
204 104
204 138
204 187
204 20
204 47
204 64
204 140
204 166
204 226
5 16
5 23
5 43
5 56
5 184
43 45
43 80
43 128
45 59
45 80
45 191
56 16
56 59
56 80
56 184
56 191
59 80
100 16
100 69
100 58
100 125
100 18
100 19
100 31
100 94
100 95
100 38
100 96
100 103
100 116
100 119
100 140
100 181
100 196
103 142
103 16
103 184
103 37
103 54
103 65
103 82
103 18
103 31
103 64
103 94
103 95
103 38
103 81
103 96
103 116
103 119
103 195
128 80
128 191
142 54
142 80
142 96
142 227
191 80
96 82
96 125
96 119
96 20
96 227
138 69
138 74
138 54
138 58
138 65
138 77
138 82
138 20
138 47
138 132
138 187
138 198
138 216
227 116
16 19
16 25
16 31
16 47
16 58
16 64
16 95
16 181
19 184
19 58
19 94
19 95
19 116
19 140
19 181
20 69
20 74
20 37
20 54
20 58
20 77
20 187
20 198
20 216
20 18
20 47
20 195
20 81
20 132
20 166
20 226
25 184
25 58
25 18
25 31
25 38
25 64
25 95
25 116
25 119
25 181
25 195
31 58
31 18
31 38
31 47
31 64
31 94
31 95
31 116
31 119
31 181
31 195
31 196
54 74
54 47
54 58
54 65
54 82
54 104
54 125
54 132
54 166
54 187
54 195
54 198
54 216
54 226
58 64
58 65
58 81
58 82
58 94
58 95
58 116
58 119
58 140
58 181
58 195
58 216
64 18
64 116
64 119
64 181
69 37
69 47
69 65
69 74
69 77
69 82
69 116
69 125
69 132
69 166
69 187
69 198
69 226
94 18
94 95
94 116
94 119
94 195
95 184
95 47
95 116
95 119
95 181
95 195
119 184
119 18
119 38
119 140
119 181
119 195
132 74
132 82
132 187
132 198
132 216
132 47
132 81
132 226
181 184
181 18
181 116
181 38
181 140
181 195
184 116
184 140
195 18
195 38
195 196
77 74
77 65
77 47
77 81
77 125
77 166
77 216
116 82
116 18
116 38
140 82
140 125
125 74
125 82
125 104
125 47
125 226
74 37
74 47
74 65
74 81
74 82
74 104
74 187
74 226
82 65
82 47
82 81
82 187
82 216
216 65
216 104
216 187
216 198
216 47
216 81
216 166
216 226
18 187
198 104
37 47
37 166
37 187
47 65
47 104
47 187
47 166
47 226
65 81
65 104
65 166
65 187
81 226
104 187
166 226
226 187
