0 7
0 52
0 53
0 59
0 72
0 116
0 151
0 166
0 202
0 204
0 210
0 219
0 234
0 265
0 267
0 304
0 330
0 338
0 381
0 421
0 451
0 487
0 503
0 516
0 552
7 59
7 127
7 171
7 204
7 330
7 408
7 424
7 477
52 93
52 406
52 459
52 481
52 497
52 503
52 504
52 510
53 161
53 166
53 207
53 219
53 352
59 72
59 127
59 141
59 159
59 168
59 204
59 251
59 267
59 330
59 344
59 377
59 392
59 477
59 518
72 116
72 168
72 202
72 267
72 516
72 518
116 202
116 267
116 392
116 516
151 127
151 28
151 50
151 95
151 161
151 265
151 290
151 304
151 342
151 381
151 385
151 421
151 451
151 533
166 161
166 14
166 32
166 219
166 352
166 377
166 466
166 507
166 568
202 267
202 516
204 91
204 141
204 159
204 168
204 178
204 210
204 251
204 267
204 268
204 304
204 311
204 330
204 392
204 412
204 516
210 6
210 23
210 165
210 377
210 472
210 475
210 507
219 161
219 264
219 387
234 127
234 47
234 50
234 126
234 153
234 168
234 192
234 217
234 246
234 265
234 268
234 290
234 471
234 503
234 522
234 533
234 552
265 3
265 50
265 68
265 126
265 167
265 192
265 246
265 290
265 338
265 381
265 421
265 442
265 451
265 471
265 548
267 159
267 311
267 330
267 392
267 412
267 516
304 127
304 161
304 47
304 168
304 178
304 268
304 552
330 127
330 159
330 171
330 311
330 392
330 412
330 424
338 167
338 168
338 421
338 451
338 471
338 545
381 50
381 95
381 316
381 409
381 421
381 451
381 533
381 551
421 167
421 226
421 291
421 342
421 451
421 471
421 545
421 548
451 3
451 68
451 167
451 226
451 246
451 290
451 291
451 342
451 361
451 442
451 548
487 436
487 235
487 288
487 438
487 497
503 78
503 145
503 173
503 217
503 236
503 250
503 356
503 364
503 429
503 438
503 468
503 472
503 497
503 510
503 552
503 554
516 28
516 342
516 385
516 518
552 26
552 47
552 78
552 145
552 217
552 221
552 236
552 364
552 468
552 472
127 47
127 161
127 168
127 171
127 217
127 268
127 344
127 377
127 424
171 321
171 327
171 407
171 424
408 190
408 288
408 321
408 401
408 407
408 424
408 491
408 554
408 565
477 161
477 112
477 184
477 566
477 377
477 169
477 302
477 423
477 450
477 466
477 471
477 568
93 126
93 185
93 462
93 481
406 459
406 497
406 504
406 510
459 497
459 504
459 510
481 462
481 33
481 247
481 44
481 139
481 185
481 270
481 326
481 389
497 145
497 217
497 260
497 364
497 438
497 468
497 504
497 510
504 510
510 462
510 77
510 80
510 100
510 145
510 217
510 236
510 250
510 468
510 473
510 554
161 11
161 169
161 264
161 302
161 387
352 377
352 507
352 32
352 251
352 522
352 164
352 328
141 6
141 32
141 83
141 344
141 377
141 507
159 311
159 412
159 392
168 377
168 471
168 32
168 251
168 245
168 178
168 217
168 253
168 268
168 458
168 518
168 544
251 377
251 23
251 32
251 164
251 328
344 167
344 246
344 377
344 32
344 75
344 389
377 167
377 6
377 32
377 164
377 328
377 472
377 507
392 178
47 549
47 221
47 464
47 56
47 225
47 232
47 311
47 327
47 412
47 425
47 445
47 528
47 544
47 555
217 78
217 250
217 236
217 260
217 268
217 438
217 468
268 178
28 37
28 257
28 120
28 162
28 324
28 385
28 391
50 246
50 290
50 4
50 9
50 95
50 126
50 192
50 211
50 316
50 409
50 417
50 471
50 533
50 551
95 290
95 316
95 409
95 533
95 551
290 542
290 3
290 68
290 246
290 9
290 126
290 129
290 192
290 329
290 342
290 442
290 471
290 548
342 68
342 167
342 246
342 295
342 548
342 9
342 81
342 129
342 154
342 226
342 244
342 288
342 291
342 325
342 361
342 394
342 471
342 530
342 551
533 9
533 153
533 165
533 316
533 409
533 551
11 112
11 545
11 475
11 63
11 96
11 169
11 188
11 222
11 292
11 309
11 390
11 526
11 538
11 559
11 567
169 112
169 475
169 96
169 264
169 390
169 423
169 559
169 562
169 568
264 112
264 472
264 562
264 71
264 387
264 535
302 184
302 282
302 545
302 295
302 471
302 104
302 315
302 443
14 112
14 106
14 146
14 466
32 466
32 83
32 568
466 112
466 568
507 6
507 472
507 107
507 255
507 310
568 184
568 73
568 315
568 423
568 450
91 31
91 463
91 529
91 245
91 256
311 221
311 56
311 225
311 88
311 170
311 308
311 318
311 321
311 412
311 415
311 445
311 528
311 544
311 569
412 56
412 225
412 88
412 308
412 528
412 544
412 555
6 472
6 475
23 557
23 472
23 249
23 41
23 165
23 346
23 382
165 472
165 471
165 222
165 102
165 162
165 179
165 285
165 360
165 397
165 404
165 437
165 522
472 557
472 41
472 71
472 213
472 249
472 324
472 325
472 390
472 471
472 475
472 522
472 535
475 112
475 96
475 175
475 188
475 559
126 246
126 471
126 13
126 77
126 185
126 192
126 243
126 334
126 363
126 462
126 517
126 540
192 246
192 211
192 471
246 184
246 3
246 68
246 167
246 9
246 81
246 129
246 226
246 295
246 321
246 329
246 333
246 361
246 370
246 391
246 442
246 471
246 537
246 548
246 551
471 37
471 257
471 184
471 545
471 68
471 370
471 132
471 244
471 329
471 361
471 480
471 567
522 567
522 31
522 249
522 310
522 449
522 463
522 529
522 346
522 107
522 213
522 245
522 256
522 181
522 272
522 397
3 184
3 68
3 167
3 295
3 442
3 537
3 548
68 542
68 9
68 81
68 167
68 226
68 291
68 295
68 329
68 361
68 370
68 442
68 548
167 226
167 295
167 361
167 442
442 81
442 226
442 321
442 333
442 361
442 389
442 537
442 548
548 291
545 282
545 542
545 63
545 90
545 96
545 104
545 105
545 142
545 148
545 379
545 391
545 538
545 559
316 409
316 417
316 551
409 211
409 250
409 345
409 551
551 129
551 345
226 295
226 361
436 78
436 86
436 553
78 567
78 221
78 56
78 145
78 438
78 468
78 491
78 530
78 553
86 553
361 184
361 295
361 333
235 26
235 39
235 40
235 288
235 464
288 221
288 301
288 427
288 438
288 530
288 154
288 318
288 244
288 325
288 353
288 394
288 565
438 173
438 547
438 250
438 123
438 154
438 156
438 195
438 238
438 286
438 353
438 429
145 236
145 260
145 468
173 257
173 542
173 9
173 22
173 132
173 137
173 154
173 199
173 223
173 238
173 244
173 275
173 278
173 331
173 339
173 356
173 480
173 532
173 547
173 567
236 250
236 468
236 364
250 270
250 70
250 468
356 9
356 98
356 114
356 119
356 201
356 278
356 530
429 257
429 547
429 286
429 223
429 157
429 195
429 189
429 212
429 238
429 287
429 532
468 260
554 185
554 77
554 100
554 190
554 491
26 221
26 464
221 186
221 225
221 318
221 445
221 464
221 491
221 544
221 565
1 37
1 200
1 257
1 447
1 557
37 36
37 58
37 257
37 347
37 447
200 56
200 162
200 179
200 257
200 371
200 382
200 398
200 404
200 437
200 512
257 10
257 22
257 36
257 58
257 90
257 132
257 142
257 160
257 197
257 266
257 275
257 278
257 347
257 398
257 413
257 447
257 483
257 549
447 36
447 347
557 41
557 64
557 83
557 87
557 134
557 213
557 216
557 242
557 249
557 271
557 289
557 307
557 382
557 390
557 397
557 426
557 461
557 513
36 347
58 483
56 88
56 225
56 308
56 427
56 528
56 544
56 555
162 179
162 324
162 371
162 404
162 437
162 512
179 120
179 371
179 404
179 437
179 512
371 382
371 437
371 512
382 249
382 41
382 346
382 64
382 134
382 140
382 147
382 213
382 242
382 269
382 297
382 337
382 373
382 397
382 398
382 461
382 467
382 494
382 514
382 515
382 524
398 483
404 437
404 512
437 512
10 118
10 137
10 365
10 549
10 556
22 266
22 278
90 391
90 104
90 142
132 567
132 483
132 197
132 339
132 367
132 531
142 542
142 391
142 483
142 104
142 154
142 198
142 358
160 549
160 99
160 189
160 354
197 278
197 201
197 228
266 549
266 320
266 329
275 206
275 393
275 525
275 118
275 137
275 212
275 223
275 229
275 365
278 199
278 567
278 119
278 158
278 228
278 238
278 532
278 547
413 157
483 567
483 144
483 154
483 411
483 467
483 499
549 525
549 365
549 154
549 181
549 205
549 274
549 286
549 340
549 341
549 354
549 357
549 380
549 427
549 431
549 530
549 556
41 249
41 83
41 87
41 134
41 140
41 271
41 307
41 397
41 513
64 213
64 242
64 515
83 249
83 134
83 209
83 271
83 307
83 513
87 249
87 245
87 134
87 140
87 209
87 216
87 240
87 242
87 263
87 271
87 281
87 307
87 337
87 360
87 373
87 376
87 433
87 456
87 494
87 502
87 505
87 513
87 561
134 249
134 140
134 271
134 307
134 397
134 513
213 31
213 107
213 242
213 397
216 307
216 513
249 18
249 140
249 245
249 256
249 271
249 307
249 346
249 397
249 463
249 513
249 529
271 513
289 17
289 46
289 297
289 461
307 513
390 188
390 239
390 391
390 479
390 519
390 531
390 535
390 562
397 140
397 239
397 272
397 285
397 494
426 239
426 422
426 259
426 298
461 209
461 281
461 456
461 109
461 494
461 502
461 539
461 561
2 48
2 103
2 112
2 184
2 194
2 282
2 476
2 542
2 566
48 103
48 184
48 282
48 566
103 184
103 282
112 96
112 559
112 562
184 73
184 282
184 295
184 315
184 333
184 423
184 450
184 537
184 566
194 476
282 104
282 315
282 542
282 566
542 9
542 198
542 294
542 358
542 370
566 423
96 538
96 559
559 175
559 309
559 538
559 131
559 422
559 465
559 519
73 423
73 450
295 81
295 443
315 423
315 450
333 537
423 450
537 321
104 391
9 359
9 199
9 211
9 370
198 358
294 370
370 329
63 188
105 117
105 148
105 379
105 411
105 519
148 188
148 117
148 379
148 411
148 519
379 188
379 117
379 411
379 519
391 188
391 519
81 462
81 75
81 172
81 521
329 211
329 42
329 82
329 323
321 247
321 327
321 308
321 407
443 526
443 531
389 44
389 139
389 185
389 270
389 326
389 75
4 359
211 123
211 172
211 323
211 417
211 540
417 243
417 320
417 343
417 528
417 123
417 172
417 303
417 314
417 521
417 540
5 206
5 230
5 393
5 525
206 195
206 201
206 230
206 393
206 525
206 547
230 393
230 525
525 154
195 547
195 156
195 189
195 212
201 30
201 79
201 228
201 435
201 520
547 38
547 199
547 114
547 157
547 158
547 238
547 532
154 556
154 312
154 427
154 530
154 99
154 286
154 357
154 480
164 401
164 253
164 255
164 328
328 346
71 535
324 325
325 244
325 394
535 101
535 102
535 224
535 263
535 433
175 110
175 131
175 193
175 239
175 259
175 362
175 422
188 117
188 411
188 519
107 31
107 310
107 449
107 463
107 255
255 310
255 181
255 253
255 380
255 205
255 340
310 18
310 31
310 74
310 449
310 463
327 340
327 563
407 121
190 135
190 80
190 100
190 152
190 473
401 462
401 33
401 135
491 419
491 318
565 318
565 186
8 38
8 418
38 368
38 418
368 228
199 158
199 238
199 532
137 118
137 223
223 556
223 189
223 212
238 158
238 532
244 530
244 394
331 119
339 312
339 541
339 149
339 366
532 189
532 212
567 530
158 114
172 462
172 243
172 528
172 540
172 75
172 303
172 521
323 270
323 70
323 77
323 396
323 452
323 474
540 462
540 243
540 270
540 528
540 70
540 314
540 303
540 334
540 363
540 396
540 414
540 474
540 517
540 521
394 530
530 556
530 301
98 119
114 435
365 556
556 99
556 212
556 354
212 189
229 30
229 113
229 136
229 319
229 399
229 523
181 449
181 463
181 529
181 245
181 43
181 205
181 274
181 340
181 380
181 458
205 380
205 274
205 340
274 395
274 380
274 431
286 99
340 380
340 431
340 563
341 427
354 99
357 427
357 149
357 558
380 74
380 486
380 489
427 558
431 395
222 337
222 360
292 111
292 261
292 384
309 465
526 76
526 384
526 416
526 467
526 531
110 239
110 362
131 215
131 422
193 259
239 259
239 272
239 298
239 362
239 479
259 362
259 422
259 298
259 479
362 422
422 215
422 298
117 67
117 261
117 411
117 519
411 519
519 531
360 373
360 486
360 505
111 215
111 261
111 467
111 384
111 388
261 67
261 384
261 531
384 531
76 416
76 84
76 144
76 467
416 62
416 136
416 283
416 467
416 484
467 215
467 499
467 84
467 144
467 388
467 498
12 27
12 277
12 335
12 383
12 485
27 277
27 335
27 383
27 410
277 89
277 124
277 335
277 383
277 410
277 485
335 218
335 383
335 434
335 454
335 478
335 485
383 143
383 454
383 508
485 196
485 432
485 454
485 478
485 508
410 124
410 138
410 457
89 124
89 495
124 20
124 403
124 546
218 508
218 143
218 434
434 508
434 143
454 508
454 143
454 478
478 432
478 508
478 143
478 448
143 196
143 508
143 564
508 20
508 455
508 49
508 284
508 564
196 20
196 61
196 174
196 386
196 432
196 457
432 176
432 20
432 386
432 61
432 355
432 403
432 457
432 470
432 543
13 462
462 75
462 243
462 334
462 396
462 517
462 521
185 44
185 139
185 77
185 270
185 326
185 363
77 70
77 363
77 452
243 42
243 303
243 334
243 517
243 521
243 528
334 517
363 414
363 474
75 521
396 474
521 528
521 303
106 146
146 536
15 125
125 220
220 128
220 273
16 176
16 306
16 317
16 527
176 20
176 317
306 279
306 527
527 501
20 180
20 386
20 455
279 564
279 509
501 448
46 297
46 336
297 336
18 31
18 74
18 208
18 449
18 463
18 529
31 74
31 245
31 256
31 449
31 463
31 529
74 208
74 449
74 463
74 489
208 449
208 463
449 463
463 245
463 253
463 256
463 458
463 529
529 256
245 346
245 43
245 133
245 253
245 256
245 456
245 458
256 346
253 43
253 133
458 133
19 45
19 69
19 94
45 25
45 187
45 420
45 550
45 564
69 94
69 187
69 254
69 428
69 460
69 469
69 482
69 511
94 25
94 187
94 258
94 482
94 506
94 509
94 511
25 187
187 62
187 66
187 157
187 254
187 469
187 488
420 509
420 550
420 564
564 378
564 509
254 378
254 446
254 469
254 509
428 506
460 51
460 130
460 374
460 128
460 163
460 273
460 293
460 492
460 496
460 506
482 258
482 509
482 511
511 258
258 509
506 130
506 203
506 182
506 183
506 332
506 351
506 496
509 130
509 378
509 446
180 378
180 440
386 21
386 284
386 402
386 403
455 54
455 61
455 130
455 378
455 495
403 402
403 543
546 54
378 495
378 155
378 313
378 440
440 293
61 284
61 280
174 470
174 457
457 150
457 138
21 150
21 284
21 305
21 470
284 150
284 24
284 29
284 130
284 470
284 500
402 313
355 49
355 280
355 322
355 439
470 305
54 150
54 214
130 51
130 233
130 262
130 332
130 496
495 313
495 348
49 439
150 24
305 29
24 60
24 122
24 369
24 500
29 500
500 60
500 122
500 369
500 85
500 227
500 349
500 490
320 42
320 82
320 314
228 435
102 101
102 285
102 444
102 534
285 486
147 375
147 55
147 319
147 514
147 541
269 515
373 505
494 209
494 281
494 109
494 224
494 296
494 502
494 561
514 375
514 405
515 231
524 62
524 241
60 85
60 369
122 369
85 203
85 430
85 182
85 227
85 262
85 493
227 276
227 349
227 490
349 439
349 322
62 191
62 488
157 144
157 498
488 92
464 39
464 40
464 555
186 318
225 88
225 170
225 308
225 419
225 445
225 528
225 544
318 308
318 170
318 299
318 419
318 115
318 563
318 569
445 544
544 528
544 88
544 170
544 308
544 419
39 40
30 523
523 113
435 57
520 34
136 399
319 237
319 400
399 191
456 281
456 109
456 296
456 502
456 561
209 109
209 240
209 263
209 281
209 376
209 433
209 502
209 539
209 561
33 135
33 247
135 80
135 100
135 152
135 300
135 415
247 308
80 100
80 473
100 152
100 473
152 473
415 308
308 528
308 88
308 170
308 299
308 569
44 139
44 270
44 326
139 270
139 326
270 70
270 314
270 326
34 191
34 312
191 55
191 92
191 237
191 366
191 560
312 149
312 366
55 237
55 541
55 560
92 97
92 400
237 35
237 108
237 400
366 149
560 372
35 108
35 375
108 541
375 405
375 541
541 453
240 263
240 376
240 433
263 224
263 376
263 433
263 502
281 296
281 502
281 561
376 433
433 224
433 502
502 336
502 109
502 224
502 296
502 561
561 109
42 343
343 314
303 528
528 88
314 70
232 425
88 170
88 419
170 65
170 419
170 569
419 65
419 299
419 115
419 569
569 299
569 115
51 203
51 374
51 430
203 183
203 332
203 430
374 496
430 273
430 276
430 493
262 182
332 350
496 214
273 128
163 248
163 313
293 492
214 177
214 441
177 155
177 441
441 155
372 97
299 65
299 115
144 499
144 84
144 283
144 484
144 498
499 67
499 215
182 351
484 84
67 215
215 388
474 414
101 534
84 252
84 498
252 498
313 348
189 287
534 444
