3729 2962
1296 508
1601 2877
3741 2550
4653 1663
987 2328
2573 3766
3703 1415
1383 2719
1416 4057
2165 2395
1140 4626
216 648
4164 4684
5001 3806
480 2489
4581 1763
1653 4467
2249 3697
2328 917
99 1087
19 812
3310 2524
2046 5104
1527 4036
718 683
4968 2705
3873 4374
388 1475
3709 1458
233 1847
3560 4309
3391 2555
4432 4325
846 3549
4983 3186
3769 3082
558 1805
4052 2418
1857 1525
2260 1026
2201 4529
4748 1366
55 2412
2482 2270
0 3747
2218 5076
1216 5067
1479 2944
1163 1374
1375 783
2594 3669
152 608
3760 4333
4229 739
4297 3850
2300 3817
4595 4719
1863 946
2627 4158
3124 291
4144 4400
2640 3146
4044 1504
248 1859
4281 1317
2275 4565
1350 3112
3780 3872
5112 3271
3633 3456
3509 3039
778 1595
3810 3005
1114 1501
2193 3465
899 74
1513 2582
116 3318
310 1340
