236
393
820
650
658
771
299
992
384
600
654
835
15
173
163
538
672
699
872
831
88
661
417
567
705
551
619
489
733
329
319
597
467
487
198
22
379
785
162
380
752
986
786
36
385
876
60
274
591
351
873
254
122
707
635
77
667
89
303
647
158
555
584
443
710
644
462
519
109
362
866
264
706
285
65
869
815
852
78
202
259
383
156
746
41
66
220
330
966
442
375
221
694
214
497
824
927
784
305
271
528
730
576
169
565
68
69
288
255
668
426
100
250
343
207
498
335
401
571
80
745
449
982
96
671
533
312
427
191
429
911
293
422
603
554
318
704
166
692
85
653
337
146
179
808
523
749
522
504
760
246
488
113
70
2
412
24
622
332
682
353
963
21
180
224
423
611
37
514
386
548
334
48
147
478
940
696
326
45
447
875
547
140
648
496
718
90
606
610
128
526
590
956
339
247
958
545
194
209
278
596
837
601
985
291
52
691
892
446
492
922
231
962
287
381
474
776
204
794
390
499
405
452
525
703
802
240
279
618
320
402
642
759
629
556
901
728
617
505
674
382
270
877
289
517
192
308
53
62
404
491
137
712
4
797
479
27
581
524
139
609
248
199
810
914
350
432
10
19
61
502
879
716
71
457
471
435
136
508
709
577
539
975
197
272
416
20
838
719
481
170
885
720
142
338
154
208
296
388
185
130
187
592
50
361
693
93
244
708
638
509
579
1003
450
583
42
121
544
181
527
698
360
108
532
345
13
947
148
475
645
424
201
398
900
304
131
842
464
793
530
937
3
359
56
262
916
1
697
486
164
778
46
430
408
111
806
688
501
290
848
328
12
118
356
336
394
440
931
25
915
81
300
8
857
646
153
465
754
411
252
342
83
683
763
853
364
215
239
840
563
38
409
105
531
428
734
74
724
917
436
72
887
99
513
721
395
445
912
701
165
924
58
275
832
193
702
174
97
354
167
355
407
949
367
18
660
258
868
92
82
589
324
51
807
861
434
787
594
5
500
537
63
886
823
612
680
67
587
32
516
685
470
656
368
553
494
681
607
821
652
714
370
994
182
257
315
263
549
768
735
171
341
748
828
172
814
391
6
79
372
200
152
506
782
495
817
226
863
791
623
437
476
399
406
480
731
468
448
431
403
444
114
159
98
253
144
615
557
469
141
75
454
550
229
129
675
777
317
552
643
157
725
816
9
309
340
520
803
700
854
453
218
441
670
676
827
132
47
243
477
850
809
0
373
347
878
29
273
233
415
466
325
896
7
575
357
205
232
588
849
237
633
30
459
102
133
561
282
637
766
510
620
155
14
987
400
35
266
655
740
110
458
39
125
387
507
249
425
57
84
780
413
127
825
451
624
463
781
277
921
562
582
333
881
738
844
846
662
307
732
649
657
371
503
899
28
490
599
461
862
210
756
134
833
666
755
860
946
245
737
86
800
369
242
796
678
858
542
779
727
346
276
950
616
59
783
795
31
736
813
104
713
715
627
219
321
951
363
234
374
143
580
94
909
739
135
954
631
103
34
663
195
213
659
175
55
874
628
216
420
856
267
49
54
95
460
493
238
595
790
316
251
918
115
751
677
414
598
11
327
543
485
