0 210
0 355
0 432
0 454
0 480
1 32
1 108
1 404
2 9
2 121
2 129
2 261
2 324
2 327
2 438
2 530
2 531
2 540
3 43
3 47
3 146
3 268
3 342
3 375
4 12
4 63
4 148
4 273
4 600
5 395
5 489
5 634
6 210
6 251
6 295
6 447
7 12
7 26
7 63
7 163
7 292
7 294
7 364
7 377
7 390
7 396
7 401
7 455
7 508
7 593
7 629
8 34
8 128
8 178
8 335
8 344
8 524
8 614
9 79
9 96
9 103
9 121
9 129
9 154
9 157
9 163
9 180
9 191
9 208
9 212
9 241
9 249
9 261
9 302
9 324
9 340
9 354
9 418
9 437
9 479
9 499
9 509
9 530
9 531
9 540
9 552
9 555
9 584
9 596
10 21
10 177
10 323
10 428
10 588
11 316
11 346
11 360
11 404
11 511
11 625
12 183
12 215
12 273
12 318
12 337
12 364
12 368
12 396
12 401
12 455
12 508
12 534
12 569
12 612
13 51
14 62
14 386
14 414
14 574
15 136
15 252
15 256
15 338
15 380
15 411
15 626
16 303
16 332
16 476
16 521
16 545
16 620
17 107
17 158
17 185
17 452
17 589
17 630
18 52
18 71
18 428
19 82
19 133
19 147
19 198
19 426
19 493
19 634
20 110
20 139
20 167
20 183
20 232
20 282
20 294
20 374
20 382
20 434
20 508
20 543
20 581
20 636
21 423
21 428
22 28
22 37
22 62
22 84
22 196
22 208
22 213
22 414
22 434
22 538
23 57
23 64
23 74
23 192
23 269
23 513
24 142
24 144
24 188
24 192
24 341
24 378
25 31
25 551
26 46
26 58
26 59
26 205
26 233
26 244
26 249
26 280
26 285
26 300
26 352
26 364
26 422
26 488
26 554
26 556
26 602
26 610
26 615
26 632
26 637
27 346
27 360
27 410
27 511
28 37
28 62
28 84
28 113
28 196
28 213
28 223
28 373
28 433
28 434
28 448
28 479
28 604
29 296
29 608
30 44
30 130
30 621
31 69
31 112
31 551
31 635
32 404
32 511
33 161
34 64
34 94
34 128
34 169
34 349
34 424
34 594
34 599
34 614
35 188
35 189
35 254
35 289
35 529
35 589
36 318
37 62
37 223
37 255
37 272
37 386
37 418
37 448
37 479
37 584
37 596
38 117
38 143
38 227
38 333
38 353
39 243
39 363
39 504
39 552
39 566
40 260
40 512
41 297
41 350
42 232
42 298
42 302
42 545
43 81
43 88
43 98
43 146
43 226
43 268
43 322
43 342
43 359
43 365
43 375
43 587
43 634
44 130
44 135
44 168
44 303
44 441
44 540
44 621
45 156
45 161
45 184
45 301
45 323
45 353
45 398
45 608
46 280
46 285
46 300
46 585
46 615
47 102
47 146
47 317
48 181
49 63
49 120
49 272
49 304
49 364
49 471
49 473
49 545
49 612
50 85
50 260
50 436
51 179
52 71
52 187
52 308
52 428
53 301
53 582
54 193
54 429
54 577
55 152
55 191
55 212
55 225
55 249
55 343
55 363
55 558
55 566
55 597
56 115
56 116
56 317
56 342
56 351
56 409
56 573
57 64
57 94
57 142
57 192
58 82
58 85
58 133
58 147
58 182
58 249
58 300
58 352
58 356
58 426
58 464
58 491
58 517
58 610
59 116
59 122
59 124
59 131
59 266
59 351
59 383
59 422
59 523
59 552
59 597
59 632
59 637
59 639
60 118
60 175
60 217
60 237
60 257
60 306
60 397
61 109
61 119
61 173
61 253
61 435
61 482
61 605
62 84
62 157
62 190
62 196
62 213
62 247
62 290
62 370
62 414
62 417
62 433
62 434
62 521
62 574
63 129
63 141
63 163
63 175
63 217
63 224
63 257
63 271
63 275
63 292
63 300
63 306
63 313
63 364
63 387
63 397
63 438
63 462
63 501
63 507
63 530
63 560
63 592
63 593
63 597
63 600
64 192
65 83
65 90
65 107
65 111
65 114
65 244
65 259
65 267
66 202
66 427
66 611
67 183
67 282
67 294
67 408
68 69
68 539
68 582
69 91
69 143
69 184
69 296
69 463
69 539
69 551
69 608
70 211
70 219
70 505
70 510
71 323
71 376
71 428
71 588
72 408
72 466
72 606
73 454
74 229
74 235
74 238
74 344
74 498
74 614
75 185
75 589
75 630
76 158
76 163
76 217
76 237
76 292
76 387
76 401
77 230
78 236
78 243
78 279
79 113
79 141
79 309
79 324
79 354
79 448
79 479
79 495
79 517
79 531
80 131
80 146
80 176
80 293
80 345
80 518
80 533
80 535
81 140
81 375
82 133
82 147
82 198
82 234
82 378
82 426
82 493
83 107
83 111
83 114
83 259
83 267
83 285
83 352
83 544
83 616
84 196
84 213
84 434
85 127
85 182
85 260
85 422
85 436
86 424
86 599
87 126
87 456
87 577
88 170
88 226
88 246
88 265
88 299
88 349
88 587
89 155
89 294
89 302
89 389
89 451
90 107
90 111
90 199
90 244
90 334
90 352
90 459
90 589
90 630
91 106
91 248
91 312
91 398
91 608
91 617
92 134
92 185
92 314
92 497
92 544
92 601
92 615
93 212
93 216
93 258
93 445
93 558
94 548
95 372
95 391
95 400
95 407
95 632
96 121
96 129
96 180
96 191
96 241
96 261
96 340
96 438
96 530
96 531
96 540
96 592
96 615
97 231
97 250
97 260
97 391
97 400
97 415
97 422
97 439
97 474
97 607
97 611
97 633
97 634
98 146
98 359
99 244
99 260
99 287
99 291
99 385
99 422
99 458
99 475
99 488
100 136
100 230
100 640
101 194
101 270
101 357
101 504
102 317
102 359
102 383
102 465
102 578
103 236
103 249
103 261
103 324
103 418
103 516
103 555
103 584
104 460
105 210
105 221
105 269
105 547
105 559
105 584
105 626
106 204
106 308
106 369
106 398
106 425
106 450
106 577
107 111
107 114
107 158
107 185
107 244
107 259
107 267
107 330
107 334
107 352
107 459
107 589
107 616
107 630
108 184
108 195
108 308
108 323
109 119
109 173
109 435
109 473
109 482
109 605
110 158
110 232
110 374
110 382
110 434
110 543
111 114
111 233
111 259
111 267
111 334
111 352
111 459
111 616
111 630
112 125
112 301
113 141
113 309
113 448
113 479
113 517
114 151
114 259
114 267
114 529
115 116
115 317
115 363
115 409
115 573
116 124
116 317
116 351
116 383
116 409
116 535
116 552
116 570
116 573
117 143
117 333
118 175
118 217
118 282
118 306
118 374
118 397
119 173
119 298
119 435
119 482
119 485
119 545
119 568
119 601
120 272
120 471
120 473
120 612
121 129
121 191
121 212
121 261
121 324
121 509
121 530
121 540
122 131
122 523
123 241
123 303
123 441
124 383
126 195
126 308
126 369
126 398
126 399
126 576
126 577
126 609
127 464
127 529
128 278
128 599
128 614
129 141
129 180
129 261
129 324
129 327
129 340
129 438
129 507
129 530
129 531
129 540
129 592
130 303
130 441
130 540
131 176
131 283
131 293
131 518
131 523
131 533
132 138
132 177
132 184
132 193
132 195
132 308
132 398
132 539
133 147
133 198
133 426
133 493
134 271
134 275
134 285
134 314
134 352
134 402
134 497
134 615
135 168
136 230
136 256
136 318
136 380
136 547
136 553
137 164
137 635
138 399
138 442
138 463
138 571
138 579
139 311
139 348
139 368
139 371
139 444
139 526
139 543
139 581
139 636
140 375
141 309
141 438
141 448
141 479
141 495
141 507
141 517
141 530
142 144
142 186
142 188
142 243
142 269
142 318
142 321
142 338
142 342
142 406
142 420
142 483
142 531
142 534
142 640
143 333
144 183
144 188
144 336
144 341
144 406
144 522
145 244
145 314
145 352
145 403
145 459
145 610
145 630
145 634
146 345
146 359
147 198
147 426
147 493
148 273
149 349
149 532
149 594
150 183
150 198
150 294
150 339
151 529
152 212
152 220
152 242
152 249
152 340
152 397
152 445
152 501
152 557
152 590
152 597
152 613
152 615
152 628
152 639
153 363
153 558
153 566
155 371
155 451
156 160
156 161
156 277
157 163
157 196
157 247
157 249
157 290
157 304
157 324
157 414
157 417
157 479
157 530
157 563
157 564
157 596
157 620
158 163
158 185
158 197
158 217
158 224
158 237
158 249
158 292
158 315
158 387
158 397
158 401
158 402
158 497
158 543
158 592
158 615
158 630
159 229
159 416
161 211
161 277
161 301
161 325
161 353
161 469
161 472
162 234
162 249
162 313
162 357
162 426
162 504
162 507
162 552
162 556
163 249
163 294
163 324
163 352
163 364
163 387
163 401
163 479
163 517
163 530
163 583
163 596
164 239
165 611
166 179
166 502
166 572
166 585
167 294
167 374
167 508
167 543
169 299
169 358
170 268
171 331
171 411
171 638
172 205
172 366
172 406
172 531
172 534
173 435
173 473
173 482
174 236
174 261
174 324
175 217
175 224
175 257
175 282
175 306
175 313
175 374
175 397
175 462
176 518
176 523
177 195
177 308
177 323
177 579
177 603
177 635
178 238
178 335
178 358
179 502
179 585
180 191
180 261
180 340
180 438
180 530
180 531
180 540
180 592
181 253
181 264
181 302
181 384
181 389
182 512
182 637
183 198
183 232
183 282
183 294
183 321
183 374
183 434
183 543
183 636
184 227
184 398
184 551
185 452
185 544
185 630
186 249
186 269
186 513
187 195
187 308
187 537
187 571
187 588
188 189
188 203
188 289
188 294
188 331
188 336
188 338
188 388
188 420
188 443
188 451
188 467
188 470
188 483
188 504
188 529
188 534
188 589
188 640
189 254
189 289
189 451
190 247
190 574
191 208
191 212
191 261
191 340
191 343
191 509
191 531
191 540
193 195
193 429
194 270
194 357
194 504
195 214
195 284
195 308
195 316
195 404
195 428
195 542
195 577
195 579
196 213
196 290
196 414
196 417
196 434
196 527
197 224
197 313
197 397
198 362
198 426
198 493
198 503
198 504
198 634
199 352
199 589
200 494
200 588
201 260
201 372
201 407
201 415
201 468
202 400
202 427
202 611
203 338
204 398
204 425
204 609
205 366
205 406
205 531
205 534
205 556
206 207
206 268
206 322
206 380
206 532
206 547
207 432
207 504
208 213
208 261
208 414
208 531
208 538
208 540
209 393
209 446
210 221
210 251
210 269
210 337
210 355
210 504
210 506
210 547
210 559
210 626
211 219
211 460
211 487
211 505
211 510
211 532
211 608
212 216
212 220
212 225
212 249
212 258
212 340
212 437
212 445
212 509
212 557
212 558
212 590
212 613
213 414
213 434
213 538
214 284
215 396
215 401
215 455
215 612
216 258
216 445
216 558
217 237
217 282
217 292
217 300
217 306
217 313
217 334
217 374
217 397
217 497
217 501
217 585
218 373
218 418
219 296
219 301
219 460
219 505
219 510
219 532
220 225
220 557
220 590
220 613
221 269
221 318
221 380
221 547
221 559
221 626
222 248
222 329
222 429
223 318
224 257
224 313
224 397
224 462
225 558
225 590
225 613
226 268
226 365
226 587
227 463
227 588
228 253
228 306
228 387
228 389
228 501
229 238
229 416
229 524
230 286
230 411
230 432
230 547
230 618
230 623
230 640
231 260
231 391
231 400
232 282
232 302
232 371
232 374
232 382
232 392
232 434
232 444
232 485
232 526
232 543
232 581
232 619
232 627
232 636
233 274
233 352
233 422
233 489
233 491
233 616
233 634
235 299
235 513
236 243
236 258
236 261
236 269
236 279
236 324
236 363
236 516
236 558
236 584
237 257
237 292
238 416
238 614
238 634
239 635
240 241
240 387
240 397
241 303
241 387
241 397
241 402
241 441
241 538
241 585
241 615
242 258
242 266
242 276
242 280
242 535
242 575
242 602
242 628
242 637
242 639
243 279
243 342
243 363
243 504
243 552
243 566
244 260
244 287
244 291
244 352
244 403
244 422
244 458
244 459
244 475
244 488
244 491
244 598
244 610
244 630
244 634
245 514
245 535
246 265
246 268
247 563
247 574
247 620
248 528
248 608
249 261
249 315
249 324
249 337
249 340
249 357
249 363
249 366
249 418
249 438
249 457
249 479
249 499
249 504
249 513
249 517
249 530
249 531
249 555
249 584
249 592
249 596
250 415
251 269
251 295
251 326
251 364
251 432
251 534
251 584
252 256
252 269
252 338
252 380
252 411
252 638
253 302
253 368
253 406
253 496
253 501
253 601
253 605
254 294
254 561
256 380
256 467
256 626
256 631
257 313
257 462
258 363
258 445
258 558
259 267
260 274
260 287
260 291
260 372
260 385
260 391
260 400
260 407
260 415
260 422
260 436
260 439
260 458
260 468
260 475
260 488
260 502
260 512
260 598
260 607
260 630
260 633
261 324
261 327
261 340
261 418
261 438
261 530
261 531
261 540
261 555
261 584
262 263
262 618
262 640
263 346
263 618
264 302
264 544
265 268
265 365
266 575
266 602
266 639
267 352
267 589
267 616
268 322
268 342
268 365
268 375
268 498
269 318
269 331
269 337
269 364
269 366
269 380
269 411
269 447
269 504
269 506
269 513
269 547
269 584
269 626
269 638
270 357
270 503
270 504
271 275
271 285
271 367
271 402
271 560
271 575
271 590
271 597
271 615
271 628
272 471
272 473
272 612
274 422
274 489
274 634
275 285
275 367
275 560
275 597
276 280
276 363
276 535
276 586
276 637
276 639
277 394
277 484
280 293
280 300
280 351
280 535
280 637
280 639
281 461
281 627
282 294
282 306
282 374
282 434
282 543
282 636
283 293
284 346
284 360
285 300
285 544
285 585
285 615
285 616
286 411
286 618
286 623
287 291
287 422
287 458
287 475
287 488
288 398
289 451
289 529
289 544
289 589
290 414
290 417
291 381
291 385
291 402
291 415
291 422
291 458
291 475
291 488
291 585
292 294
292 387
292 507
292 597
293 345
293 523
293 533
293 535
293 591
293 637
294 339
294 374
294 387
294 408
294 434
294 478
294 486
294 508
294 543
294 561
295 447
296 532
296 608
297 350
298 414
298 545
298 601
299 358
300 610
300 615
301 353
301 582
302 374
302 381
302 389
302 446
302 461
302 502
302 509
302 540
303 332
303 441
303 476
303 521
303 538
303 540
303 545
303 620
304 319
304 414
304 545
304 564
304 620
305 394
305 484
306 374
306 387
306 389
306 397
306 501
307 398
307 431
308 323
309 324
309 448
309 479
309 507
309 517
309 584
310 535
311 444
311 581
312 460
312 487
312 532
312 550
312 617
313 462
313 507
313 531
314 497
314 615
315 592
317 351
317 409
317 573
318 364
318 380
318 401
318 406
318 420
318 547
318 553
318 569
318 600
318 612
320 321
321 406
321 534
322 365
322 595
323 376
323 398
323 423
323 428
323 588
323 625
324 354
324 418
324 479
324 507
324 517
324 530
324 531
324 540
324 555
324 584
324 596
325 469
325 484
326 454
326 547
326 559
327 438
327 531
328 492
328 575
329 429
329 456
330 589
331 338
331 388
331 411
331 504
331 638
332 476
332 521
332 545
332 620
334 459
334 585
334 630
335 594
337 342
337 352
337 513
337 534
337 637
338 388
338 470
338 483
338 534
340 437
340 531
340 540
342 362
342 405
342 413
342 504
342 513
343 383
343 587
344 524
345 535
346 360
346 410
347 411
347 638
348 371
348 444
348 526
349 477
349 532
349 594
350 480
350 547
351 409
351 412
351 552
351 573
351 637
351 639
352 403
352 459
352 491
352 567
352 589
352 616
352 630
353 472
354 531
355 432
355 504
355 513
356 464
356 519
356 525
356 546
356 632
357 405
357 503
357 504
358 411
358 419
358 421
358 565
359 465
359 578
360 511
361 391
361 400
361 607
361 633
362 504
362 634
363 409
363 412
363 438
363 535
363 552
363 558
363 566
363 573
363 586
363 592
363 637
364 380
364 390
364 396
364 401
364 455
364 473
364 569
364 605
364 612
364 629
365 595
366 406
366 531
366 534
368 371
368 508
368 605
369 398
369 450
369 577
369 609
370 386
370 433
370 521
370 563
370 569
371 374
371 406
371 444
371 453
371 496
371 508
371 526
371 581
372 400
372 407
372 415
372 468
372 632
373 433
373 443
373 527
373 604
374 382
374 434
374 485
374 508
374 526
374 543
374 581
374 636
376 588
377 408
377 466
377 508
379 560
379 597
379 602
380 420
380 504
380 547
380 626
380 631
381 490
381 502
381 622
382 434
382 543
383 465
383 513
383 520
383 587
385 422
385 458
386 418
386 430
386 521
386 555
386 563
386 569
386 574
387 389
387 397
387 401
387 501
387 507
387 597
387 615
388 411
389 501
390 396
390 401
390 455
390 473
390 569
390 629
391 400
391 415
391 439
391 474
391 491
391 607
391 633
391 634
394 484
395 634
396 401
396 455
396 473
396 569
396 612
397 497
397 501
397 585
397 615
398 425
398 450
398 577
398 625
399 431
399 442
399 450
399 571
399 576
399 609
400 407
400 415
400 439
400 474
400 607
400 633
401 455
401 473
401 569
401 612
402 497
402 585
402 590
402 610
402 615
402 628
403 459
403 630
404 625
405 504
406 453
406 466
406 496
406 508
406 522
406 531
406 534
406 600
407 415
407 468
407 632
408 466
408 508
408 606
409 573
411 504
411 638
411 640
412 637
414 417
414 473
414 538
414 545
414 564
414 601
415 439
415 468
415 474
415 502
415 607
415 633
416 634
418 443
418 527
418 555
419 421
419 565
420 483
422 458
422 475
422 488
422 489
422 491
422 503
422 518
422 610
422 611
422 634
424 594
425 609
426 493
426 556
427 611
427 634
430 563
431 450
431 571
431 576
431 609
432 449
432 454
432 548
432 565
433 521
433 604
434 543
434 636
435 482
436 634
437 509
437 540
438 507
438 530
438 531
438 592
439 474
439 607
439 633
440 463
441 540
442 551
443 504
443 506
444 526
444 581
445 558
445 613
446 549
446 580
446 627
448 479
448 495
448 517
448 569
449 548
450 576
450 609
451 529
451 544
451 589
452 630
453 496
453 508
455 473
455 569
455 612
457 531
458 475
458 488
459 630
461 627
464 491
464 546
464 624
465 578
465 587
466 600
466 606
467 470
467 483
467 500
467 504
470 483
471 473
471 612
473 482
473 563
473 569
473 605
473 612
474 633
475 488
475 491
475 598
475 634
476 521
476 545
476 620
477 536
477 634
478 486
479 481
479 507
479 517
479 530
479 584
479 596
481 541
487 532
488 491
488 598
488 610
488 634
489 634
490 622
491 523
491 567
491 598
491 634
492 575
494 588
496 508
497 610
497 615
499 531
501 615
502 572
502 585
502 630
503 504
504 506
504 513
505 510
505 608
507 517
507 530
507 531
507 597
508 543
509 540
510 608
512 634
514 535
514 637
515 549
517 583
517 584
518 523
519 525
519 562
519 632
521 545
521 569
521 620
523 533
523 567
523 591
525 546
526 581
527 604
529 544
529 589
530 540
530 592
530 596
531 534
531 540
531 584
533 591
535 586
535 637
535 639
537 571
541 584
542 579
543 581
543 636
544 589
544 616
545 620
547 559
547 626
549 580
550 617
552 566
554 602
554 632
557 590
557 613
558 566
560 597
560 602
563 605
563 620
575 622
575 628
576 609
577 609
578 637
579 635
581 636
585 615
586 637
587 637
589 630
590 613
590 628
590 639
597 602
597 637
597 639
598 634
599 614
600 612
601 605
602 632
602 639
605 620
607 633
608 617
610 634
612 629
613 639
618 623
618 640
619 627
623 640
630 633
637 639
