97
25
186
141
234
123
191
175
102
106
213
321
326
305
16
271
114
282
188
124
226
312
155
23
53
284
89
237
164
86
317
150
60
231
84
251
319
140
201
258
112
268
228
6
96
118
302
323
281
117
82
198
289
180
206
322
310
100
202
261
210
225
156
222
218
176
3
163
167
189
62
280
58
113
287
320
8
238
126
132
146
187
275
166
233
279
208
88
22
264
152
147
144
98
47
257
148
325
120
178
285
243
244
224
74
91
300
153
110
294
168
10
254
116
245
77
216
39
229
149
211
93
14
151
219
108
0
212
87
265
2
160
256
184
196
292
172
246
304
255
324
182
7
247
309
306
205
161
260
269
236
241
34
130
197
308
159
169
204
122
221
32
259
9
38
76
203
272
195
273
109
315
127
299
13
4
154
54
183
173
66
42
286
165
311
297
194
242
185
46
137
17
56
262
181
95
145
171
162
290
190
83
64
270
128
277
51
85
307
19
303
318
296
232
37
223
250
230
135
81
253
214
235
267
276
20
193
283
