154
336
1001
78
484
8
619
765
76
69
307
377
1
459
135
162
507
536
245
840
575
815
693
149
104
626
146
268
614
147
449
621
792
451
922
278
532
360
308
578
63
365
416
512
863
12
745
181
615
448
793
102
89
635
185
95
427
263
670
17
33
424
955
313
107
641
337
62
406
756
407
605
848
179
841
417
384
946
881
399
165
318
859
98
101
606
453
443
235
276
545
589
61
73
71
321
88
964
988
764
322
692
604
53
566
457
96
831
58
199
207
463
704
36
83
312
382
305
987
306
418
471
446
680
272
460
231
230
425
0
466
862
800
504
499
122
658
798
156
642
802
828
206
282
585
747
552
287
808
662
812
94
553
327
323
892
718
727
436
423
482
439
109
148
568
68
202
478
51
236
349
223
537
986
270
473
742
241
683
995
617
789
32
820
844
678
335
138
731
697
412
817
735
861
216
535
854
218
909
644
980
434
353
150
289
228
257
454
712
776
556
143
340
396
359
441
379
262
677
174
269
503
705
976
853
5
130
649
251
880
517
242
477
45
209
344
111
326
569
595
1002
38
361
565
495
106
29
66
115
623
91
279
590
526
403
733
664
178
567
227
794
362
919
601
523
498
609
760
755
125
896
169
72
440
298
588
500
826
592
82
934
806
631
164
947
872
267
486
211
182
846
391
675
648
131
663
254
496
142
779
669
208
901
999
928
905
381
488
886
730
788
741
97
234
175
37
92
461
110
10
317
401
889
395
261
850
787
187
775
2
770
249
600
884
352
184
687
752
435
559
180
554
879
120
873
509
21
22
696
665
134
295
646
920
729
564
771
610
166
49
145
577
953
132
452
627
450
413
232
210
70
59
221
85
422
105
296
530
785
548
562
220
429
252
751
30
226
814
721
666
845
560
39
31
754
997
682
638
28
493
722
438
679
197
163
520
549
950
250
757
551
405
195
685
328
991
868
1003
823
833
563
99
492
924
300
15
949
952
674
426
119
921
543
467
266
347
984
891
650
404
973
324
597
118
281
580
505
544
358
700
657
203
871
371
821
35
673
625
332
818
333
726
152
937
639
114
885
196
368
144
334
716
979
957
375
271
397
797
902
542
978
141
314
325
743
117
26
695
24
192
87
510
225
173
911
411
882
43
402
782
136
348
698
860
914
702
875
827
16
502
750
531
428
725
878
596
620
77
200
398
966
813
103
591
253
518
387
52
634
780
57
239
661
319
356
170
191
275
380
810
355
129
547
157
357
956
229
339
465
84
183
653
710
740
20
46
408
936
971
374
3
264
977
671
244
366
124
7
963
456
189
186
437
81
177
487
153
940
215
65
470
419
598
190
801
660
587
383
835
582
491
624
258
992
158
320
618
277
343
900
444
691
877
476
719
204
224
168
583
819
795
581
50
584
34
640
474
293
790
194
959
301
690
768
689
290
856
923
400
372
201
238
494
274
607
707
558
23
44
139
286
629
824
155
346
240
715
285
709
137
469
594
865
864
243
870
160
256
123
647
126
508
341
866
945
907
975
612
656
967
485
890
497
316
393
838
329
90
519
311
944
247
918
56
188
576
47
688
388
931
309
248
80
791
927
506
480
364
113
159
462
93
464
489
468
219
916
766
611
769
151
694
847
546
48
74
851
540
128
734
161
171
525
167
728
557
100
193
686
842
883
717
86
292
932
759
737
367
514
527
894
79
965
633
839
475
941
895
133
265
27
13
67
513
217
237
350
116
777
415
579
455
632
781
985
490
420
351
373
310
951
701
60
172
303
533
64
176
887
796
4
628
981
608
852
807
996
127
112
431
205
390
521
529
830
345
711
315
515
958
389
369
259
378
917
213
291
198
586
681
708
338
342
41
799
19
108
651
430
706
75
994
767
233
528
763
703
54
501
255
738
637
783
458
652
989
299
330
11
445
14
472
541
409
246
699
260
42
524
273
561
214
724
962
534
516
816
302
908
40
481
447
912
386
778
479
832
599
748
140
18
974
522
676
803
929
636
645
915
222
888
385
910
746
897
855
869
392
370
394
6
288
811
555
55
538
25
655
354
297
9
121
723
