146
66
185
119
276
246
11
154
323
18
312
272
305
268
19
80
82
288
100
169
7
170
14
240
92
215
199
20
241
127
278
267
230
273
307
304
10
96
250
206
0
122
148
301
75
145
144
196
98
299
239
107
296
55
314
270
315
319
265
159
129
56
165
171
78
63
292
289
294
290
65
162
28
15
322
201
94
203
205
217
225
219
326
150
231
77
183
36
324
306
287
298
256
30
89
124
313
45
54
310
71
274
182
176
227
85
284
8
308
116
232
303
153
87
60
198
229
177
29
69
38
12
207
40
103
255
34
86
302
295
110
27
258
211
316
311
113
224
281
252
317
152
126
135
61
6
117
234
57
264
64
209
49
192
74
26
297
91
141
149
300
245
108
133
191
151
173
293
291
48
118
114
17
32
43
242
121
138
202
120
125
269
309
200
321
244
161
83
285
160
3
220
320
67
33
24
