0 80
0 161
0 170
80 3
80 11
80 17
80 29
80 40
80 42
80 44
80 45
80 63
80 69
80 72
80 74
80 83
80 87
80 89
80 109
80 110
80 124
80 139
80 180
80 192
80 198
80 216
80 228
80 241
80 249
80 251
80 261
80 272
80 273
80 280
80 287
80 290
80 297
80 315
80 318
80 322
80 336
80 362
80 385
80 391
80 404
80 405
161 4
161 83
170 272
3 8
3 28
3 63
3 134
3 182
3 188
3 197
3 199
3 202
3 212
3 213
3 216
3 229
3 244
3 276
3 290
3 296
3 321
3 331
3 342
3 347
3 359
3 389
11 339
11 10
11 251
17 315
17 390
29 273
29 284
29 349
40 272
40 4
40 15
40 22
40 70
40 102
40 107
40 152
40 164
40 173
40 236
40 263
40 295
40 316
40 320
40 322
40 366
40 367
40 391
42 272
42 96
42 125
42 28
42 39
42 132
42 134
42 188
42 197
42 212
42 257
42 290
42 347
42 72
42 93
42 255
42 315
42 254
42 280
42 77
42 13
42 21
42 50
42 58
42 65
42 109
42 113
42 136
42 139
42 140
42 145
42 208
42 241
42 243
42 273
42 283
42 284
42 285
42 286
42 306
42 345
42 358
42 372
42 404
44 4
44 83
44 144
44 251
44 273
44 284
45 96
45 125
45 315
45 294
45 124
63 96
63 21
63 136
63 212
63 280
63 358
69 272
69 318
69 125
69 294
69 328
69 374
69 376
72 199
72 4
72 83
72 280
74 391
74 332
83 272
83 257
83 276
83 342
83 16
83 18
83 41
83 51
83 55
83 73
83 78
83 87
83 92
83 93
83 107
83 156
83 162
83 164
83 166
83 181
83 192
83 207
83 220
83 221
83 255
83 282
83 291
83 297
83 314
83 315
83 316
83 329
83 339
83 346
83 364
83 366
83 370
83 393
83 401
87 272
87 165
87 192
89 273
89 345
109 297
109 267
110 55
110 297
110 385
110 277
124 96
124 315
139 96
139 125
139 315
139 266
139 273
139 284
139 352
180 55
192 82
192 183
198 374
198 64
198 151
198 175
216 272
216 96
216 8
216 28
216 39
216 132
216 134
216 182
216 188
216 197
216 199
216 202
216 212
216 213
216 229
216 232
216 244
216 257
216 276
216 290
216 296
216 321
216 330
216 331
216 342
216 347
216 389
228 381
228 96
228 114
228 119
228 249
228 351
241 132
241 287
241 208
241 267
249 332
249 275
249 317
251 272
251 318
251 96
251 125
251 55
251 9
251 47
251 56
251 68
251 76
251 152
251 190
251 235
251 266
251 267
251 280
251 287
251 325
251 338
251 362
251 404
261 318
261 336
272 6
272 8
272 10
272 12
272 13
272 15
272 18
272 19
272 20
272 25
272 27
272 30
272 34
272 35
272 36
272 49
272 52
272 53
272 54
272 55
272 56
272 60
272 66
272 67
272 68
272 70
272 76
272 77
272 78
272 79
272 84
272 85
272 86
272 91
272 92
272 93
272 96
272 97
272 103
272 107
272 112
272 115
272 118
272 122
272 125
272 126
272 131
272 136
272 138
272 141
272 144
272 146
272 148
272 152
272 155
272 157
272 158
272 162
272 164
272 165
272 166
272 171
272 181
272 182
272 189
272 196
272 200
272 203
272 204
272 205
272 207
272 209
272 211
272 213
272 214
272 215
272 219
272 222
272 223
272 224
272 225
272 226
272 229
272 230
272 232
272 242
272 243
272 244
272 247
272 250
272 255
272 257
272 259
272 263
272 264
272 266
272 273
272 274
272 276
272 278
272 280
272 282
272 284
272 285
272 286
272 289
272 292
272 293
272 294
272 295
272 296
272 297
272 298
272 299
272 301
272 302
272 306
272 308
272 309
272 310
272 311
272 312
272 314
272 315
272 316
272 318
272 321
272 324
272 329
272 330
272 331
272 332
272 333
272 335
272 336
272 344
272 345
272 349
272 355
272 359
272 360
272 361
272 362
272 371
272 372
272 373
272 374
272 376
272 378
272 379
272 380
272 383
272 388
272 391
272 394
272 399
272 400
272 402
272 403
273 318
273 257
273 342
273 18
273 41
273 55
273 78
273 93
273 144
273 166
273 207
273 217
273 315
273 339
273 370
273 401
273 250
273 68
273 13
273 25
273 27
273 36
273 52
273 86
273 103
273 113
273 127
273 136
273 173
273 174
273 234
273 237
273 239
273 262
273 283
273 284
273 285
273 295
273 308
273 317
273 319
273 344
273 345
273 369
273 383
273 385
273 397
280 318
280 6
280 20
280 141
280 254
280 9
280 58
280 106
280 152
280 155
280 215
280 279
280 319
287 9
287 338
290 96
290 125
290 213
290 315
297 4
297 55
297 13
297 54
297 75
297 76
297 138
297 159
297 234
297 267
297 284
297 288
297 327
297 329
297 338
297 354
297 362
297 370
297 380
315 318
315 195
315 96
315 125
315 257
315 5
315 16
315 55
315 93
315 156
315 207
315 217
315 268
315 282
315 6
315 19
315 21
315 57
315 66
315 67
315 81
315 95
315 97
315 100
315 101
315 112
315 120
315 127
315 135
315 137
315 143
315 147
315 149
315 152
315 153
315 163
315 168
315 171
315 185
315 186
315 194
315 204
315 224
315 225
315 226
315 235
315 243
315 266
315 284
315 294
315 295
315 299
315 304
315 309
315 319
315 328
315 333
315 341
315 352
315 362
315 371
315 374
315 376
315 380
315 392
315 394
315 400
315 403
315 405
318 4
318 6
318 10
318 12
318 20
318 34
318 55
318 81
318 88
318 93
318 96
318 114
318 115
318 125
318 141
318 166
318 176
318 187
318 191
318 194
318 195
318 207
318 211
318 235
318 246
318 247
318 282
318 304
318 310
318 314
318 321
318 336
318 341
318 362
318 382
322 173
322 236
336 92
362 195
362 96
362 55
362 314
362 284
362 332
362 21
362 115
362 275
362 47
362 191
362 235
362 309
385 284
385 23
391 4
391 107
404 58
404 267
405 96
405 125
405 332
405 398
4 199
4 257
4 276
4 342
4 5
4 16
4 18
4 41
4 48
4 51
4 73
4 78
4 93
4 107
4 144
4 162
4 164
4 165
4 166
4 181
4 207
4 217
4 220
4 221
4 255
4 268
4 282
4 314
4 316
4 329
4 339
4 341
4 354
4 364
4 366
4 370
4 393
4 401
6 96
6 55
6 93
6 10
6 20
6 141
6 149
6 254
6 310
8 39
8 77
10 166
10 141
10 194
13 96
13 125
13 55
13 58
13 145
13 266
13 284
13 294
15 55
15 274
15 279
18 41
18 284
18 329
19 295
20 93
20 200
20 254
20 310
25 250
25 284
25 90
27 213
27 284
30 23
30 306
34 125
34 157
34 298
35 93
36 284
36 140
49 222
52 284
52 113
53 125
53 81
53 95
53 118
53 193
53 230
53 264
54 55
54 284
54 75
54 361
55 125
55 5
55 9
55 21
55 47
55 75
55 76
55 103
55 104
55 138
55 149
55 153
55 156
55 163
55 173
55 176
55 191
55 196
55 224
55 227
55 235
55 274
55 275
55 286
55 294
55 309
55 311
55 314
55 333
55 338
55 341
55 370
55 374
55 380
56 125
56 394
56 57
56 135
56 399
60 125
60 332
60 298
60 242
66 81
66 95
67 168
68 257
68 181
68 9
68 58
68 75
68 152
68 278
68 284
68 295
70 152
70 278
70 320
76 144
76 58
76 267
76 270
76 306
76 372
78 152
78 160
78 194
78 284
79 374
79 121
84 103
84 172
85 189
86 284
86 271
91 378
91 373
92 268
93 96
93 21
93 58
93 108
93 243
93 254
93 286
93 312
96 158
96 195
96 5
96 21
96 46
96 48
96 57
96 58
96 99
96 100
96 104
96 108
96 114
96 115
96 117
96 120
96 125
96 127
96 133
96 136
96 137
96 149
96 153
96 157
96 167
96 169
96 178
96 183
96 185
96 191
96 203
96 204
96 206
96 211
96 220
96 224
96 226
96 242
96 243
96 248
96 256
96 258
96 275
96 276
96 281
96 286
96 291
96 294
96 298
96 301
96 304
96 307
96 309
96 314
96 352
96 356
96 371
96 377
96 387
96 390
96 395
96 400
97 111
97 164
97 316
97 332
97 400
97 264
97 177
103 314
103 284
103 21
103 172
112 125
112 152
112 278
112 293
112 223
112 360
118 125
118 81
118 171
118 403
122 259
125 158
125 195
125 2
125 5
125 16
125 24
125 48
125 57
125 99
125 100
125 104
125 108
125 114
125 117
125 120
125 127
125 129
125 133
125 149
125 150
125 153
125 156
125 163
125 169
125 174
125 178
125 183
125 185
125 191
125 203
125 206
125 220
125 224
125 227
125 242
125 243
125 256
125 258
125 266
125 276
125 281
125 286
125 294
125 301
125 307
125 314
125 333
125 341
125 343
125 353
125 357
125 371
125 387
125 390
125 406
126 284
126 136
126 237
131 207
131 341
131 227
131 154
136 284
136 332
138 401
141 106
144 284
152 341
152 149
152 100
152 160
152 194
152 278
152 320
155 341
155 298
155 88
155 382
157 129
157 209
158 1
158 200
158 209
158 256
158 381
162 48
162 147
165 73
171 193
171 403
181 257
181 71
181 284
182 308
189 378
196 51
196 286
196 33
200 242
203 7
203 119
203 174
203 191
203 209
203 219
203 242
203 250
203 265
203 332
203 351
203 388
204 194
205 332
205 243
207 243
207 284
207 286
207 299
207 314
209 242
211 114
211 256
213 347
214 61
214 238
214 324
214 379
215 319
215 279
219 242
222 276
222 387
223 293
223 337
224 333
225 286
226 21
229 244
229 361
230 332
230 21
230 95
230 193
232 132
232 369
242 388
243 260
243 58
243 332
243 21
243 32
243 38
243 210
243 253
243 286
243 299
243 350
243 355
243 386
250 7
250 174
250 191
250 265
250 319
250 332
250 384
255 220
255 58
255 383
257 286
257 350
257 354
259 321
259 236
263 102
264 316
264 366
264 106
264 177
266 352
266 371
276 195
276 201
276 292
276 326
276 332
276 342
276 387
278 295
278 22
278 320
278 367
282 95
282 304
284 342
284 41
284 217
284 291
284 329
284 354
284 370
284 325
284 23
284 50
284 113
284 127
284 140
284 173
284 234
284 237
284 271
284 295
284 308
284 317
284 319
284 334
284 344
284 345
284 349
284 361
284 369
284 383
284 394
284 397
284 402
285 321
285 58
286 58
286 294
286 21
286 311
286 350
289 221
289 355
292 326
292 256
292 302
293 59
294 321
294 16
294 21
294 299
294 328
294 332
294 376
294 395
296 239
298 156
298 332
299 321
299 21
301 73
306 58
308 397
309 332
309 275
309 100
311 392
312 46
314 21
314 275
314 332
314 403
321 121
321 154
321 185
321 395
324 238
329 5
329 374
330 344
331 202
332 195
332 319
332 279
332 21
332 26
332 47
332 105
332 116
332 154
332 163
332 190
332 191
332 201
332 265
332 281
332 303
332 317
332 328
332 392
332 400
332 403
333 341
333 227
333 100
335 394
344 65
349 372
355 260
355 32
355 253
355 386
359 197
371 367
371 98
373 378
373 363
374 328
374 121
376 402
379 61
379 238
379 387
383 58
394 46
394 82
394 123
394 262
399 291
400 341
400 37
402 317
403 275
403 193
403 101
403 186
81 95
88 382
114 95
176 187
191 195
191 319
191 265
195 1
195 26
195 201
195 281
195 381
235 47
235 135
246 304
304 186
341 37
341 100
341 106
341 154
341 227
341 382
1 128
1 130
1 218
1 231
1 260
1 269
1 313
1 340
1 365
1 381
1 396
128 269
128 300
128 396
130 269
130 365
218 313
231 260
231 365
231 396
260 253
260 396
269 396
313 300
365 396
381 119
381 351
256 326
26 326
281 326
281 343
253 210
119 386
119 351
2 357
357 99
21 73
21 58
21 46
21 116
21 137
21 167
21 179
21 183
21 248
21 275
21 328
21 395
46 73
46 319
46 377
46 82
46 123
48 57
57 135
58 28
58 134
58 347
58 65
58 113
58 140
58 145
58 208
58 271
58 283
58 397
100 227
104 153
104 227
108 307
117 356
120 268
120 150
120 169
120 186
127 291
127 319
127 240
127 375
183 319
183 123
183 275
185 154
206 353
248 116
248 233
258 31
275 47
275 154
275 303
275 317
291 174
291 370
352 323
356 22
377 342
377 14
377 319
387 61
395 328
395 121
16 217
24 406
150 156
163 116
163 43
174 325
174 319
406 319
406 184
28 65
28 389
134 397
197 271
199 212
202 283
347 140
39 270
270 267
132 208
208 350
283 239
350 323
51 33
221 346
268 186
364 393
366 111
9 288
9 325
9 338
47 105
111 177
82 123
186 101
159 234
159 327
234 262
234 327
143 392
319 123
319 240
319 279
319 375
37 106
190 245
7 368
240 375
105 94
116 43
398 252
32 210
59 142
61 238
62 337
337 305
64 151
64 175
175 348
