202
309
125
309
252
63
40
316
298
142
161
276
27
95
223
82
292
86
219
211
275
293
309
268
120
270
309
237
51
211
86
74
105
102
189
310
309
268
81
80
286
302
161
326
218
218
211
223
251
121
174
136
145
80
205
283
268
184
211
50
298
291
120
6
302
289
248
211
211
314
120
282
203
4
32
292
310
265
27
54
249
165
311
272
260
268
235
16
297
268
28
289
105
320
160
266
74
268
298
41
227
220
246
232
200
298
120
119
58
268
211
161
257
223
223
289
136
246
246
34
190
79
182
268
93
223
111
101
27
118
211
205
74
248
292
240
324
268
269
308
316
120
211
27
27
200
248
95
268
21
16
266
312
27
170
41
265
211
105
98
95
268
244
