42
216
420
153
389
255
416
171
34
54
62
107
271
194
44
87
160
242
310
39
156
221
207
363
109
210
387
51
344
278
115
450
55
182
386
366
265
374
56
407
305
343
284
390
97
181
362
256
272
82
2
281
154
146
98
206
144
105
68
22
334
47
294
431
301
48
169
203
338
36
14
365
346
100
313
173
448
157
78
442
222
198
318
303
378
90
72
40
342
58
168
178
179
239
195
367
262
412
175
5
247
245
380
196
192
237
127
190
135
145
180
73
400
116
364
158
289
322
176
32
249
15
20
452
379
77
315
406
277
276
376
308
317
162
427
422
184
215
126
302
244
449
227
377
235
398
234
149
394
341
201
8
43
200
402
170
359
396
333
356
30
17
223
172
248
269
351
299
328
292
381
143
424
86
131
306
84
405
214
314
67
49
117
99
41
61
348
354
212
388
228
288
280
18
102
81
435
7
209
296
312
243
183
275
373
372
323
108
92
134
423
76
369
391
27
350
63
417
88
226
155
124
232
123
204
37
368
411
375
246
353
331
421
347
300
150
408
69
316
345
64
19
152
266
197
439
213
95
205
445
225
83
1
167
199
16
79
185
258
133
151
211
434
268
335
413
425
324
274
166
229
21
9
438
352
443
236
233
433
395
74
355
409
80
285
177
89
118
349
437
11
130
24
142
6
297
307
35
270
70
385
96
263
230
121
186
436
59
219
187
311
60
332
428
148
57
426
