1003
149
867
309
1039
163
292
43
29
492
25
661
836
405
1028
490
414
848
820
368
963
455
138
398
124
242
408
531
912
337
936
1064
97
606
171
197
46
257
980
636
890
701
8
53
135
952
666
680
76
285
624
585
35
1056
553
87
314
159
1015
333
325
906
683
700
1058
322
619
90
707
660
879
84
202
583
970
691
174
1124
1032
1013
524
1033
750
331
806
796
330
686
172
696
219
1098
634
764
546
562
1002
739
316
425
254
812
277
99
188
440
953
587
435
808
875
248
1088
895
32
449
182
844
379
791
532
927
12
52
318
957
60
155
614
117
1024
723
1040
383
481
731
645
354
876
762
893
403
730
169
1095
744
771
976
183
1129
1048
189
843
158
148
865
118
273
260
438
943
647
127
776
1112
75
250
1004
755
540
410
736
965
397
990
193
1050
967
600
926
1118
603
358
725
994
604
570
870
157
533
580
1012
653
787
698
121
334
972
1081
641
150
559
807
1065
501
457
439
205
176
40
1077
896
95
493
211
109
543
986
814
703
1046
391
1
345
194
488
