371
690
600
584
88
89
745
425
115
596
141
93
243
601
693
250
268
494
485
178
510
682
407
582
492
733
553
102
436
402
435
373
567
462
592
481
414
230
308
526
463
550
669
94
593
474
75
173
50
417
786
101
556
47
789
205
386
867
765
528
624
890
110
554
808
363
401
48
660
51
355
280
943
963
739
317
49
670
393
81
816
774
907
263
19
120
514
531
565
470
762
191
118
41
579
767
577
244
23
737
28
247
647
876
134
650
392
278
121
489
375
264
954
7
552
862
599
3
83
478
719
128
505
321
269
622
276
806
143
217
226
821
716
870
434
248
172
174
666
476
22
663
76
339
465
281
499
111
92
221
576
421
501
169
517
607
391
612
218
303
37
738
326
431
285
676
500
502
548
316
345
6
866
902
616
34
483
360
503
871
694
547
127
420
533
297
233
571
782
493
145
498
747
642
753
12
746
631
437
460
