0 52
0 74
0 124
0 182
1 31
1 37
1 55
1 76
1 130
2 11
2 65
2 68
2 89
2 157
2 194
2 203
3 19
3 44
3 47
3 69
3 89
3 104
3 117
3 121
3 141
3 155
3 188
4 86
4 151
4 175
5 102
5 112
5 116
5 132
6 23
6 31
6 41
6 60
6 118
6 126
6 198
6 205
7 73
7 98
7 108
7 127
7 183
8 30
8 102
8 137
8 209
9 42
9 44
9 102
9 117
10 30
10 45
10 73
10 92
10 117
10 121
10 209
11 20
11 44
11 47
11 65
11 102
11 141
11 155
11 157
12 30
12 64
12 75
12 150
13 142
13 195
14 107
15 91
15 105
15 120
15 163
15 193
15 198
16 29
16 100
16 199
17 74
17 81
17 182
18 74
18 115
19 44
19 47
19 141
19 155
19 188
20 24
20 102
20 108
20 157
20 186
20 194
20 203
21 53
21 77
21 94
21 189
22 45
22 48
22 79
22 117
22 128
22 137
22 140
22 173
22 176
23 40
23 60
23 199
24 98
24 108
24 179
24 185
24 201
24 203
24 206
25 80
25 103
25 131
26 71
26 120
26 154
26 163
26 193
27 60
27 122
27 159
27 191
27 197
28 37
28 76
29 46
29 199
30 49
30 67
30 88
30 109
30 116
30 137
30 161
30 169
30 208
31 55
31 60
31 66
31 93
31 205
31 210
32 41
32 60
32 159
32 205
32 210
33 59
33 101
33 124
33 183
34 196
35 112
35 146
36 84
38 92
38 178
38 183
39 43
39 46
39 78
39 105
39 168
39 198
39 211
40 91
40 199
41 43
41 160
41 196
41 198
42 50
42 70
42 102
42 104
42 117
43 126
43 130
43 147
43 196
43 211
44 47
44 141
44 155
44 188
45 88
45 102
45 108
45 137
45 157
45 209
46 99
46 211
47 141
47 155
47 188
48 117
48 140
48 207
48 209
49 106
49 107
49 138
49 139
49 208
50 70
50 104
50 117
51 85
51 140
52 162
52 168
52 182
53 185
54 106
54 158
55 60
55 118
55 192
56 57
56 58
57 58
58 91
58 100
58 152
58 163
59 89
60 91
60 114
60 142
60 163
60 166
60 192
60 202
60 205
61 105
61 110
61 120
61 198
62 72
62 134
62 135
62 158
63 90
63 101
63 119
63 181
64 75
64 109
64 150
67 79
67 96
67 128
67 137
67 169
67 171
68 89
68 194
69 161
70 117
71 118
71 120
71 154
71 163
71 193
71 195
71 212
72 158
73 82
73 89
73 92
73 127
73 165
73 183
74 81
74 115
75 84
75 137
75 150
75 209
78 145
78 168
78 211
79 85
79 96
79 107
79 128
79 137
79 171
79 173
79 176
79 187
80 84
80 170
81 148
82 92
82 143
82 165
82 187
83 88
83 102
83 116
83 137
83 149
83 169
83 186
84 131
84 144
84 170
84 181
85 123
85 129
86 111
86 113
86 139
86 151
86 175
86 184
87 153
88 116
88 149
88 169
88 186
88 208
89 121
89 170
89 188
89 194
89 203
90 101
90 103
90 181
91 105
91 120
91 163
91 198
92 127
92 165
92 178
92 187
94 190
95 109
95 155
96 107
96 138
96 171
97 137
97 139
97 171
98 201
98 206
98 209
101 103
101 111
101 150
101 164
101 181
102 112
102 116
102 117
102 132
102 209
103 131
103 177
103 181
103 184
104 117
104 203
105 110
105 193
105 198
105 205
107 138
107 139
107 207
108 179
109 161
109 208
110 120
110 198
111 113
112 132
113 144
113 183
114 202
115 147
116 132
116 149
116 169
116 186
117 121
117 133
117 137
117 139
117 171
117 208
117 209
118 195
118 212
119 164
120 154
120 163
120 193
122 135
122 159
123 129
124 168
124 182
124 187
125 172
125 180
126 147
127 165
127 183
128 137
128 171
128 173
128 176
130 196
130 204
132 137
132 146
132 173
133 187
133 207
134 135
134 158
134 197
134 202
135 197
136 153
136 196
137 139
137 171
137 173
137 209
140 207
141 155
141 188
142 167
142 195
142 205
143 165
144 209
145 168
148 160
149 169
149 186
153 196
154 156
154 193
154 195
155 188
156 198
157 194
158 197
158 202
160 167
161 169
161 208
163 198
163 205
165 178
166 197
167 210
169 186
170 181
170 184
171 187
172 174
173 176
174 200
175 207
177 184
178 183
179 201
180 190
182 211
191 197
191 198
191 210
193 198
194 203
196 204
196 212
198 210
201 206
205 210
