500
190
776
295
745
69
398
473
322
416
95
727
650
316
616
672
888
852
677
396
634
265
123
262
8
49
202
603
740
748
75
671
656
903
619
91
528
153
495
885
403
978
589
509
51
469
132
272
135
951
234
678
85
102
93
751
251
907
556
714
997
13
23
356
350
977
612
973
205
4
900
203
923
595
82
291
478
472
382
828
518
20
850
349
793
3
33
286
583
617
710
60
497
24
157
750
201
670
419
26
1
537
544
231
52
373
808
944
2
274
70
943
588
535
445
522
964
829
792
196
739
777
247
831
183
397
939
423
842
284
708
46
144
94
711
206
73
412
334
181
630
76
221
81
98
431
623
614
444
763
817
113
182
794
128
636
832
578
897
467
282
16
364
195
225
227
137
838
390
948
245
303
260
168
548
117
312
669
7
482
688
120
12
318
11
192
391
40
56
10
1003
865
567
166
246
14
377
127
606
288
579
629
226
146
406
872
78
904
25
902
496
151
491
921
150
741
121
109
230
924
36
89
914
105
200
271
30
163
119
957
504
285
172
289
171
524
142
755
311
80
667
679
208
50
786
862
519
224
160
590
86
169
439
976
648
521
32
361
514
448
576
47
126
553
269
28
87
263
235
827
505
296
851
856
100
114
418
233
492
506
298
635
63
360
564
164
366
347
62
19
327
116
582
248
594
694
563
703
440
317
837
369
661
210
826
204
715
340
477
38
64
429
770
695
209
240
801
259
328
34
925
324
620
520
358
610
165
156
300
408
1000
559
892
675
297
293
692
586
359
41
910
194
315
213
191
599
188
111
103
981
996
736
701
742
99
197
920
59
737
461
79
875
479
720
199
319
184
301
308
179
252
732
71
228
530
29
437
212
18
108
389
21
279
415
442
362
814
724
84
487
402
685
974
992
139
621
546
554
27
375
333
67
728
959
734
474
57
660
68
926
180
844
426
624
141
222
223
857
275
841
43
593
65
129
558
644
649
873
540
430
994
239
344
411
118
219
58
152
884
372
886
90
161
173
668
189
835
54
387
39
952
707
787
35
713
813
637
273
458
37
464
383
45
343
893
915
581
968
455
237
130
680
186
61
399
309
823
800
421
840
124
277
542
861
175
158
691
42
833
906
104
241
598
145
88
72
290
480
995
905
569
584
1002
901
125
112
946
409
216
476
812
561
783
264
795
256
550
131
489
55
96
646
809
155
609
388
778
887
526
198
560
460
306
92
682
608
268
276
729
392
66
122
690
143
1001
709
338
270
174
0
749
255
811
557
936
470
896
790
101
611
320
110
386
17
394
147
733
824
633
555
699
845
313
782
74
465
307
310
462
211
266
730
654
894
44
167
395
178
148
353
220
106
508
911
218
676
331
15
380
940
162
6
22
538
217
754
97
31
370
428
335
77
625
577
336
154
134
115
401
193
249
858
299
498
434
381
83
133
232
450
704
283
571
989
645
436
950
138
159
772
543
949
712
815
53
483
918
698
443
916
149
214
278
591
846
207
696
427
705
261
798
867
187
641
407
627
351
855
663
185
346
176
725
229
400
365
490
170
177
414
468
747
463
449
107
453
499
215
628
5
913
580
513
9
665
267
140
136
236
48
238
592
