376
606
482
48
675
523
357
510
182
164
978
770
769
928
305
111
793
688
507
897
755
821
145
277
365
330
239
852
536
529
263
67
533
810
711
238
503
199
860
45
327
21
121
47
20
610
859
396
788
398
708
134
915
99
2
568
386
323
362
192
776
494
836
767
840
640
364
89
665
128
491
375
275
316
420
514
407
422
43
157
863
405
500
846
974
910
704
749
300
441
83
575
996
469
582
158
298
403
368
690
426
458
385
423
88
657
509
724
74
812
838
225
757
558
747
366
288
328
105
417
828
995
201
167
962
287
432
614
9
844
308
465
596
470
24
220
949
639
698
399
110
746
61
173
685
886
377
569
524
628
745
333
573
115
472
909
719
450
36
91
27
862
76
188
932
17
965
916
795
378
229
611
760
499
595
779
301
635
303
811
534
641
670
112
741
42
138
537
174
700
124
397
155
278
580
548
513
459
381
309
479
11
576
104
259
434
338
177
86
335
756
885
401
100
94
525
550
473
336
85
93
65
475
515
8
570
144
50
87
497
169
439
907
660
975
60
730
208
1002
785
433
447
716
361
102
0
488
574
699
873
887
827
991
296
72
140
816
63
116
233
80
545
477
581
437
618
211
553
81
170
240
231
561
687
429
562
964
492
937
673
33
337
832
204
322
498
923
737
400
634
800
114
861
566
205
212
133
264
402
765
369
373
868
605
195
163
796
831
3
466
652
944
29
30
585
1001
656
754
682
684
830
438
75
12
68
382
294
914
4
489
244
819
118
802
540
214
137
183
659
775
560
643
235
419
782
117
248
476
638
622
663
764
7
456
624
725
59
600
478
203
356
763
866
82
370
359
5
586
123
28
19
563
443
262
902
324
160
517
940
46
794
787
406
527
90
409
464
845
556
125
808
541
16
535
625
501
272
842
284
630
216
