0 104
0 123
0 151
0 244
0 334
104 187
104 244
104 299
104 338
123 2
123 8
123 9
123 15
123 22
123 26
123 29
123 31
123 47
123 49
123 55
123 62
123 69
123 77
123 82
123 83
123 84
123 86
123 89
123 95
123 118
123 125
123 126
123 129
123 136
123 137
123 146
123 151
123 159
123 163
123 179
123 204
123 206
123 209
123 225
123 238
123 240
123 243
123 244
123 258
123 260
123 281
123 285
123 287
123 290
123 291
123 297
123 304
123 308
123 311
123 313
123 315
123 316
123 322
123 324
123 332
123 334
123 345
123 350
123 352
123 353
123 354
123 359
151 2
151 9
151 15
151 22
151 26
151 29
151 31
151 47
151 49
151 55
151 62
151 69
151 77
151 82
151 84
151 86
151 89
151 95
151 118
151 125
151 126
151 129
151 136
151 137
151 146
151 163
151 168
151 179
151 204
151 206
151 209
151 225
151 238
151 240
151 243
151 244
151 258
151 260
151 270
151 281
151 285
151 287
151 290
151 291
151 297
151 304
151 308
151 311
151 313
151 315
151 322
151 324
151 332
151 334
151 345
151 350
151 352
151 353
151 359
244 1
244 2
244 3
244 4
244 7
244 9
244 12
244 17
244 19
244 21
244 23
244 24
244 26
244 30
244 31
244 34
244 40
244 46
244 47
244 49
244 53
244 55
244 56
244 57
244 58
244 61
244 63
244 64
244 68
244 71
244 77
244 80
244 81
244 82
244 84
244 85
244 88
244 91
244 94
244 95
244 96
244 97
244 100
244 102
244 103
244 105
244 110
244 111
244 115
244 117
244 118
244 119
244 125
244 127
244 129
244 130
244 132
244 136
244 137
244 141
244 146
244 147
244 148
244 150
244 162
244 165
244 166
244 168
244 169
244 170
244 174
244 176
244 178
244 180
244 183
244 184
244 186
244 187
244 189
244 191
244 194
244 195
244 196
244 198
244 202
244 205
244 208
244 209
244 212
244 213
244 216
244 219
244 221
244 222
244 224
244 226
244 227
244 230
244 231
244 232
244 233
244 236
244 237
244 238
244 240
244 243
244 249
244 250
244 254
244 255
244 256
244 257
244 260
244 262
244 263
244 265
244 266
244 267
244 271
244 273
244 274
244 275
244 279
244 280
244 283
244 285
244 290
244 291
244 294
244 298
244 300
244 303
244 308
244 310
244 311
244 312
244 313
244 319
244 320
244 324
244 325
244 328
244 331
244 332
244 333
244 335
244 338
244 340
244 342
244 343
244 344
244 345
244 346
244 348
244 349
244 350
244 352
244 353
244 354
244 357
244 359
244 360
334 16
334 77
334 191
187 308
187 299
187 301
187 62
187 12
187 16
187 80
187 91
187 96
187 97
187 100
187 117
187 128
187 130
187 207
187 222
187 234
187 252
187 278
187 285
187 319
187 326
187 359
299 6
299 77
299 144
299 252
299 279
299 291
299 294
299 336
338 301
338 62
338 294
338 144
338 12
338 80
338 91
338 96
338 97
338 100
338 128
338 130
338 199
338 222
338 234
338 252
338 276
338 278
338 285
338 326
338 356
338 359
2 53
2 103
2 20
2 49
8 312
8 14
8 23
8 31
8 38
8 62
8 68
8 76
8 124
8 145
8 182
8 190
8 229
8 270
8 294
8 322
8 345
8 358
9 273
9 311
15 103
15 75
15 81
22 360
22 55
22 159
26 103
26 344
26 83
29 308
29 84
29 135
31 23
31 21
31 76
31 182
31 274
31 358
47 77
47 353
47 23
47 39
47 144
47 170
47 191
47 102
47 146
47 189
47 321
49 103
49 17
49 23
49 55
49 353
55 53
55 103
55 256
55 308
55 7
55 10
55 17
55 23
55 36
55 39
55 52
55 60
55 73
55 74
55 92
55 102
55 114
55 131
55 135
55 136
55 149
55 166
55 168
55 170
55 175
55 192
55 212
55 218
55 230
55 231
55 235
55 239
55 247
55 248
55 250
55 263
55 279
55 294
55 309
55 311
55 324
55 329
55 331
55 344
55 353
62 53
62 103
62 188
62 285
69 77
69 191
69 243
69 278
77 308
77 13
77 16
77 23
77 37
77 121
77 126
77 128
77 129
77 144
77 146
77 160
77 170
77 179
77 189
77 191
77 199
77 207
77 208
77 212
77 223
77 225
77 252
77 258
77 272
77 276
77 278
77 279
77 281
77 284
77 290
77 291
77 294
77 297
77 298
77 300
77 312
77 315
77 325
77 326
77 339
77 344
77 356
77 359
82 41
82 89
83 39
84 300
89 308
95 316
95 222
118 53
118 103
118 350
118 23
118 87
118 102
118 60
118 212
118 266
118 324
118 325
125 291
125 206
126 191
126 356
129 103
129 350
129 23
129 294
129 191
129 176
129 212
129 219
129 230
129 275
129 279
129 325
129 339
129 352
136 350
136 353
136 23
136 74
136 294
136 39
136 144
136 102
136 60
136 149
136 216
136 235
136 247
136 250
136 263
136 279
136 324
136 351
137 208
137 225
146 179
146 191
146 80
159 308
159 351
163 53
163 103
163 270
163 322
163 144
163 170
163 213
179 239
179 10
179 39
179 132
179 191
179 238
179 332
179 359
204 290
204 97
209 297
209 91
225 308
225 315
238 308
238 353
238 237
240 357
240 304
243 100
258 191
258 326
260 319
281 191
281 276
281 354
285 53
285 103
285 144
285 110
285 134
285 201
285 330
287 312
287 239
287 322
290 191
290 298
291 294
291 144
291 279
297 191
297 315
304 294
304 263
304 341
308 103
308 360
308 4
308 133
308 6
308 7
308 13
308 17
308 23
308 37
308 39
308 42
308 43
308 68
308 97
308 106
308 122
308 135
308 144
308 153
308 170
308 174
308 175
308 199
308 211
308 223
308 242
308 251
308 277
308 305
308 312
308 315
308 321
308 333
308 335
308 341
308 344
308 346
308 350
308 353
311 353
313 117
315 23
315 144
315 170
315 321
315 327
316 191
322 144
322 170
322 265
322 345
324 294
324 144
324 279
324 60
324 236
324 349
332 23
332 58
332 132
345 14
345 74
345 294
345 46
345 245
345 265
350 53
350 103
350 312
350 7
350 320
350 23
350 34
350 39
350 42
350 50
350 57
350 60
350 74
350 80
350 85
350 88
350 99
350 102
350 144
350 149
350 169
350 170
350 176
350 177
350 182
350 183
350 195
350 205
350 219
350 221
350 230
350 247
350 248
350 249
350 262
350 267
350 279
350 331
350 333
350 335
350 351
352 53
352 30
352 169
352 54
353 53
353 103
353 7
353 239
353 10
353 17
353 102
353 135
353 168
353 175
353 277
353 344
354 130
359 53
359 103
359 23
359 212
359 284
359 325
359 80
359 168
168 53
168 103
270 23
270 144
270 170
1 53
1 103
1 148
1 171
1 256
3 53
3 103
3 63
3 224
3 271
3 340
3 360
4 53
4 133
4 172
7 239
7 320
12 273
17 23
17 194
17 214
17 227
17 248
17 305
19 265
19 317
21 23
21 343
23 53
23 103
23 224
23 312
23 30
23 33
23 38
23 39
23 46
23 52
23 56
23 57
23 58
23 64
23 71
23 73
23 74
23 75
23 78
23 99
23 101
23 102
23 110
23 112
23 114
23 124
23 142
23 143
23 144
23 149
23 153
23 154
23 162
23 165
23 167
23 169
23 170
23 173
23 180
23 186
23 198
23 199
23 211
23 212
23 214
23 215
23 216
23 218
23 230
23 235
23 242
23 248
23 250
23 267
23 268
23 274
23 279
23 284
23 294
23 296
23 309
23 321
23 323
23 325
23 327
23 329
23 331
23 343
23 351
23 357
24 80
24 152
24 289
30 360
30 312
30 239
30 39
30 144
30 170
30 54
30 73
30 78
30 132
30 162
30 169
30 216
30 249
34 39
34 205
40 14
40 144
40 170
40 233
40 342
46 265
46 186
53 20
53 44
53 45
53 60
53 75
53 81
53 103
53 106
53 111
53 127
53 154
53 157
53 172
53 192
53 195
53 228
53 232
53 269
53 271
53 298
53 301
53 328
53 331
53 346
53 360
56 279
57 64
57 99
57 167
57 303
61 226
61 35
61 93
61 107
61 176
61 178
63 103
63 224
63 340
63 360
64 167
64 303
68 312
68 174
68 293
71 60
71 142
71 173
71 263
71 268
71 296
71 303
80 194
80 87
80 102
80 143
80 279
80 181
80 289
80 302
81 103
81 144
81 170
81 333
81 347
85 144
85 170
85 142
85 255
85 262
88 312
88 333
88 286
91 234
94 261
96 128
96 208
97 199
100 16
102 294
102 144
102 214
102 248
102 87
102 143
102 153
102 181
102 212
102 279
102 325
102 357
103 6
103 20
103 44
103 52
103 60
103 72
103 106
103 111
103 127
103 154
103 157
103 171
103 172
103 192
103 195
103 202
103 232
103 269
103 271
103 298
103 301
103 328
103 331
103 346
103 360
105 144
105 196
105 141
105 156
105 254
110 198
110 201
111 154
111 335
115 162
115 132
117 207
119 348
127 157
127 346
130 326
132 360
132 165
132 162
132 197
141 144
141 170
141 262
147 39
147 162
147 28
147 314
148 256
150 294
150 144
150 170
150 226
150 262
162 144
162 170
162 73
165 360
165 144
165 170
165 18
165 197
165 321
166 294
166 231
169 347
170 74
170 188
170 190
170 11
170 51
170 52
170 60
170 72
170 73
170 75
170 78
170 99
170 107
170 114
170 120
170 140
170 143
170 149
170 153
170 156
170 157
170 177
170 192
170 196
170 199
170 200
170 201
170 212
170 215
170 216
170 217
170 218
170 226
170 230
170 235
170 241
170 242
170 246
170 248
170 250
170 262
170 269
170 274
170 275
170 279
170 282
170 321
170 323
170 325
170 327
170 329
170 331
170 347
170 355
170 361
174 48
176 312
176 39
176 205
176 93
176 178
178 226
178 265
178 35
178 93
178 107
178 196
178 254
180 294
180 99
180 167
180 263
180 268
180 279
180 303
183 348
184 224
184 294
184 144
184 116
184 286
189 191
189 237
191 294
191 144
191 121
191 344
191 16
191 207
191 212
191 223
191 276
191 278
191 279
191 283
191 298
191 300
191 325
191 326
191 339
191 356
194 227
195 142
195 167
195 221
195 232
195 267
196 144
196 149
196 203
196 66
196 201
196 254
202 224
202 340
202 360
202 306
205 39
205 230
212 256
212 144
212 87
212 279
212 284
212 325
213 274
216 294
216 144
219 182
219 275
222 278
224 172
224 294
224 306
224 340
226 144
226 254
226 262
226 265
226 317
230 312
230 39
230 144
230 73
230 333
230 339
232 320
233 342
249 52
249 331
249 253
250 144
250 211
250 235
254 265
257 280
257 44
262 294
262 144
262 52
262 253
263 190
263 144
263 279
263 48
263 60
263 302
263 341
265 74
265 294
265 144
265 59
265 108
265 245
265 317
266 309
266 331
266 302
267 144
267 167
267 122
267 177
271 172
271 340
271 360
274 144
274 101
274 215
275 144
275 282
279 182
279 190
279 294
279 144
279 214
279 33
279 87
279 112
279 60
279 157
279 325
280 32
280 79
280 158
280 210
280 318
283 344
283 41
294 133
294 74
294 293
294 48
294 60
294 134
294 144
294 149
294 181
294 214
294 245
294 247
294 288
294 292
294 302
294 325
294 330
294 341
294 355
298 269
300 344
303 190
303 144
303 99
303 296
312 6
312 39
312 239
312 286
312 331
312 339
319 356
325 144
325 87
325 284
325 32
325 60
325 79
325 109
325 158
325 210
325 318
328 343
328 72
331 52
331 78
331 114
331 235
331 309
331 286
331 302
333 39
335 42
340 99
340 172
340 286
340 306
342 144
344 239
344 39
344 13
344 277
344 36
346 106
357 248
360 152
360 172
360 197
360 251
360 293
171 45
20 264
44 228
60 144
75 144
106 76
106 190
154 142
154 323
157 182
157 144
192 144
269 144
269 246
301 6
301 252
52 144
52 253
72 215
264 138
99 268
99 286
286 116
152 251
133 292
292 351
13 121
13 277
37 121
37 277
37 284
39 239
39 10
39 25
39 28
39 36
39 131
39 144
39 223
39 247
39 277
39 314
39 351
43 239
43 131
43 160
122 144
122 59
122 66
122 108
122 341
135 92
144 14
144 74
144 182
144 188
144 11
144 51
144 73
144 78
144 90
144 98
144 107
144 112
144 114
144 120
144 143
144 149
144 153
144 156
144 177
144 181
144 199
144 200
144 201
144 211
144 214
144 215
144 217
144 235
144 241
144 242
144 246
144 253
144 259
144 282
144 309
144 321
144 323
144 327
144 347
144 355
144 361
153 211
199 272
223 121
223 277
242 246
277 160
305 67
305 70
305 185
321 327
5 67
5 70
5 185
67 70
67 185
70 185
121 128
121 160
121 234
239 36
239 131
74 149
74 245
149 66
149 134
149 203
149 288
149 330
149 355
218 309
218 329
235 309
247 351
247 48
248 214
309 78
309 302
177 201
182 76
182 188
351 101
14 229
76 190
76 358
145 188
190 358
33 112
101 215
142 173
142 323
214 181
268 296
323 241
323 253
327 164
134 201
134 288
355 140
25 28
25 314
28 314
11 51
51 241
98 361
107 35
107 93
120 259
200 253
200 217
59 108
59 210
108 66
108 210
66 203
203 27
203 155
203 161
203 193
203 113
203 139
203 220
203 295
203 307
32 27
32 79
32 193
79 109
158 210
158 318
27 155
27 161
27 193
27 220
27 337
155 161
155 220
193 220
337 295
113 139
113 307
139 307
295 307
35 93
65 261
