204
274
76
13
182
70
231
212
39
69
323
220
143
227
158
217
223
42
0
99
302
25
311
190
230
133
251
47
4
264
180
118
134
241
90
168
245
105
30
233
84
173
201
236
51
221
26
164
24
246
314
3
157
298
316
235
98
205
48
293
285
94
176
36
122
43
11
262
187
174
213
242
32
19
175
27
193
14
111
154
188
113
93
83
44
155
21
243
265
91
247
177
277
278
239
119
284
197
214
170
104
260
108
78
100
172
96
280
59
249
138
237
266
79
72
152
162
35
38
125
275
203
301
15
312
199
192
191
49
34
287
121
248
218
114
124
303
12
92
151
148
270
150
184
68
281
135
160
228
40
144
65
128
6
10
322
86
315
313
141
67
305
41
1
140
64
208
295
29
2
82
95
159
74
115
185
299
75
61
286
276
225
194
142
9
145
31
294
80
167
319
216
45
306
304
71
255
289
226
256
318
317
195
279
178
308
101
179
132
107
267
137
206
55
97
257
321
139
261
169
8
147
116
130
136
28
309
77
163
103
207
81
63
186
259
56
156
272
307
110
258
209
320
296
211
46
189
291
126
215
87
50
269
224
254
196
283
171
146
131
290
