219
206
104
290
327
47
33
307
22
269
94
75
72
289
210
69
76
274
45
53
115
96
317
167
225
8
377
68
221
34
139
368
30
67
222
369
92
40
270
10
77
122
177
54
88
71
215
20
271
74
182
318
117
23
35
265
240
118
378
180
211
3
121
60
84
218
213
82
288
163
70
347
208
275
149
209
181
9
169
81
50
292
348
276
284
168
41
226
261
216
268
42
83
241
212
31
266
363
205
319
87
32
214
217
328
262
52
148
220
105
79
119
376
228
223
150
86
267
108
242
49
80
374
293
243
286
375
46
320
51
78
73
259
66
120
287
227
247
48
224
166
349
29
350
204
362
44
302
291
231
11
