0 1
0 2
0 4
0 6
0 9
0 17
0 18
0 19
0 23
0 26
0 27
0 29
1 2
1 4
1 6
1 7
1 10
1 17
1 18
1 19
1 23
1 26
1 27
1 29
1 31
2 4
2 6
2 7
2 13
2 16
2 17
2 26
2 27
3 7
3 8
3 11
3 14
3 20
3 21
3 23
3 25
3 28
3 29
3 30
4 6
4 7
4 9
4 15
4 17
4 18
4 19
4 27
4 31
5 6
5 7
5 18
5 27
5 29
6 7
6 9
6 17
6 18
6 19
6 26
6 27
6 29
7 9
7 14
7 17
7 18
7 19
7 27
7 29
8 10
8 11
8 12
8 13
8 14
8 20
8 21
8 23
8 25
8 27
8 28
8 30
9 18
9 27
9 29
9 31
10 11
10 13
10 14
10 20
10 21
10 25
10 27
10 28
10 30
10 31
11 13
11 14
11 16
11 18
11 20
11 21
11 25
11 26
11 27
11 28
11 30
12 14
12 16
12 17
12 20
12 23
12 25
12 28
12 29
13 14
13 20
13 21
13 25
13 27
13 28
13 30
14 16
14 19
14 20
14 21
14 23
14 25
14 28
14 30
14 31
15 22
15 24
15 29
16 20
16 23
16 30
17 18
17 19
17 20
17 23
17 26
17 27
17 28
17 29
17 31
18 19
18 20
18 25
18 26
18 27
18 28
18 29
18 30
18 31
19 26
19 27
19 30
19 31
20 21
20 23
20 24
20 25
20 28
20 30
21 25
21 30
23 25
23 28
23 29
23 30
24 25
24 27
24 28
25 28
25 30
26 27
26 28
26 31
27 29
27 30
27 31
28 30
28 31
29 31
