93
55
234
218
98
144
17
253
174
345
364
352
3
43
139
31
158
351
235
18
323
127
38
344
195
281
372
126
312
310
374
141
113
134
366
334
273
353
230
237
264
16
140
15
13
29
12
251
187
361
279
25
61
198
280
256
133
370
236
50
89
46
171
336
131
96
153
125
101
179
177
330
112
246
95
301
313
300
109
1
311
170
130
33
173
375
114
367
102
100
322
201
172
147
376
202
199
257
333
178
145
359
325
64
30
297
365
206
63
355
306
231
23
340
21
110
19
278
20
7
339
0
332
97
22
228
91
188
132
45
298
346
146
354
232
175
249
299
307
258
56
128
296
220
194
34
135
193
200
92
331
94
324
329
267
219
32
245
14
44
142
207
248
129
111
176
244
260
4
294
108
90
203
39
277
143
152
252
239
326
238
99
65
35
2
360
263
295
373
