84
75
349
240
153
241
67
2
69
196
256
43
282
276
213
92
4
248
373
40
14
199
131
251
73
3
372
202
273
267
98
152
211
81
87
178
274
284
85
113
187
308
243
290
172
30
129
216
116
322
114
350
347
118
39
95
265
176
115
261
362
371
363
244
361
103
317
370
135
305
323
299
342
197
285
292
351
28
74
86
149
365
238
283
165
90
158
127
123
287
25
50
121
329
245
252
61
51
169
218
280
23
348
41
72
66
270
88
35
217
34
223
313
97
185
364
297
125
247
272
230
175
93
70
249
266
183
234
13
44
355
258
71
29
296
203
179
339
105
56
315
184
259
306
302
237
159
119
309
359
132
205
126
233
253
294
236
82
198
79
99
279
201
128
221
312
353
21
257
15
262
12
106
104
46
112
360
275
354
367
140
352
45
134
83
200
94
0
250
