192
196
255
75
322
141
116
264
227
146
52
190
113
7
241
38
303
172
270
319
202
57
67
60
294
198
177
291
278
49
304
252
12
308
289
258
108
279
45
314
326
129
83
137
74
93
144
65
157
71
152
118
85
243
244
69
16
246
284
301
120
316
10
239
169
48
126
272
8
112
98
266
292
123
29
222
103
14
24
161
200
307
224
66
310
159
100
318
315
245
309
312
173
231
305
55
64
114
306
229
288
11
324
225
182
89
56
148
160
320
215
133
94
296
293
27
15
207
321
230
311
317
295
134
302
107
256
201
80
125
191
117
232
323
300
20
119
283
96
149
209
26
54
199
299
234
36
32
18
0
30
265
61
298
110
50
297
25
285
22
261
151
217
