349
318
141
28
394
109
582
594
513
703
340
159
352
813
295
123
80
889
439
964
728
343
905
379
693
560
614
200
726
778
867
280
936
730
372
796
833
860
775
629
879
486
983
76
510
267
751
548
453
795
706
50
670
564
43
306
579
291
543
934
892
427
559
56
807
393
47
641
652
792
800
827
745
91
909
275
956
381
377
224
530
337
230
432
635
704
292
657
604
256
430
675
509
30
19
698
89
462
79
551
449
444
247
108
806
904
554
748
528
312
469
264
303
637
262
375
606
464
144
286
632
531
608
173
600
793
111
290
234
821
803
568
371
239
734
532
153
110
29
170
26
243
220
162
760
596
212
747
644
697
41
351
62
804
618
365
113
765
754
409
307
878
150
850
764
581
537
93
433
94
588
742
624
669
436
491
205
910
468
540
655
232
874
709
634
490
650
191
771
302
900
715
645
237
492
68
33
862
397
526
335
338
863
844
583
542
238
72
880
27
92
515
145
350
683
199
538
321
664
883
708
846
271
336
866
529
396
712
172
733
915
691
470
77
52
595
115
125
151
265
426
887
165
132
498
233
636
516
410
431
732
341
197
517
819
496
376
402
403
362
503
577
284
893
631
279
852
687
58
912
815
927
382
957
502
53
944
493
37
891
642
707
790
282
822
7
485
545
906
226
67
750
713
289
225
808
784
484
407
782
196
23
475
127
717
459
99
680
218
839
770
231
737
701
434
480
587
810
448
328
154
506
370
828
155
945
466
315
420
592
648
561
873
119
591
399
787
181
317
418
357
263
589
361
677
169
246
794
14
78
356
202
557
916
174
533
666
931
241
785
354
369
168
360
508
106
188
171
615
476
720
285
718
87
122
495
166
140
252
366
767
826
152
884
454
384
287
378
272
695
612
875
98
204
34
841
705
570
425
861
840
474
301
5
710
227
682
391
681
870
248
725
611
186
567
599
450
558
415
6
57
358
812
423
16
562
524
416
73
947
400
479
104
994
814
20
339
950
385
296
193
522
213
268
937
788
277
235
161
63
832
731
965
395
500
437
576
81
460
219
54
694
39
465
422
180
768
811
445
182
711
184
638
640
609
221
316
791
259
348
319
143
82
17
353
88
647
97
83
556
623
857
719
124
584
443
380
663
463
467
665
359
674
590
364
876
628
786
679
189
458
102
514
729
501
244
175
269
555
215
649
872
373
541
617
51
499
478
864
662
943
266
75
278
911
101
48
90
405
505
563
886
293
477
977
565
64
735
724
471
35
578
9
838
310
820
766
575
25
699
752
660
722
305
311
686
294
245
646
326
799
461
571
308
4
190
288
346
885
511
823
837
66
902
333
928
653
831
960
854
128
779
211
383
696
347
949
651
639
167
507
406
