296
245
674
528
175
927
170
153
591
367
492
468
109
320
251
275
453
420
731
444
831
840
530
490
76
790
400
502
312
581
494
226
594
204
855
618
507
577
892
615
143
644
469
89
401
813
234
193
369
374
803
617
58
360
51
128
580
766
582
963
173
555
776
403
677
504
205
463
889
278
277
866
533
345
338
264
642
417
646
729
647
317
710
333
624
493
694
120
165
628
342
583
265
470
959
567
121
680
833
430
704
517
862
464
495
896
174
192
545
584
735
601
514
28
372
383
318
553
219
508
563
242
6
282
248
596
926
94
462
549
531
353
246
395
782
734
334
532
678
75
997
481
500
24
448
425
99
141
600
215
152
476
373
461
335
551
259
509
682
821
478
510
868
285
786
316
977
612
606
783
576
498
356
434
832
675
191
330
650
40
459
303
607
552
588
754
752
81
247
480
19
611
20
556
407
916
326
565
23
499
506
823
645
513
47
827
347
339
108
250
491
503
458
768
343
737
828
787
806
631
394
315
404
115
579
590
274
93
172
471
746
662
465
140
923
547
127
516
587
308
321
436
391
180
25
413
332
562
838
592
437
243
169
97
233
263
623
526
745
485
262
371
431
319
244
48
88
386
719
83
779
50
82
443
110
589
837
629
181
561
660
595
748
359
460
693
652
329
111
325
599
554
393
213
635
218
877
903
666
740
231
