691
663
37
186
123
228
402
233
226
97
634
642
30
501
140
686
57
208
386
915
465
538
833
513
959
732
903
509
167
725
347
488
795
25
105
406
416
91
680
319
876
71
122
514
4
66
484
5
170
3
120
546
429
143
299
821
166
745
743
704
548
17
768
568
702
317
2
65
848
549
676
806
215
51
1003
31
367
584
526
599
397
737
515
205
100
241
248
271
710
551
394
38
368
845
865
404
204
318
235
682
133
748
733
74
506
325
556
79
175
58
247
236
709
724
624
291
532
153
449
784
474
328
45
339
311
69
193
374
764
528
189
307
12
740
176
611
257
128
267
696
152
464
200
16
192
644
222
11
50
669
467
157
892
793
92
33
790
52
886
370
901
853
455
831
59
655
522
694
771
382
917
118
381
199
471
904
7
943
934
53
607
373
14
48
978
505
944
296
87
246
109
674
68
8
933
720
736
161
966
950
838
94
635
89
338
778
948
986
956
63
229
275
245
9
270
337
648
108
42
888
400
188
858
217
21
428
442
940
211
10
434
593
182
510
315
497
991
39
906
469
575
85
437
383
177
251
125
96
258
893
24
855
13
131
213
879
974
458
557
202
730
580
23
254
417
786
628
312
468
209
316
292
344
333
662
640
113
765
329
395
326
76
106
650
49
576
277
335
507
187
352
36
18
977
399
539
450
342
244
475
263
789
1002
180
83
141
239
1000
159
868
521
130
173
835
278
249
230
242
700
815
716
1001
112
279
939
617
195
919
714
295
183
967
163
951
127
645
585
351
545
697
927
110
911
447
973
62
26
32
777
67
957
28
56
504
126
138
965
672
160
524
124
72
287
569
641
356
479
191
151
542
218
625
873
168
260
498
407
158
958
320
478
936
90
811
841
610
759
931
385
612
741
146
799
266
604
361
731
520
752
268
711
871
60
561
46
341
220
82
44
798
300
360
910
61
587
265
22
791
111
596
55
172
840
150
27
70
88
101
995
197
809
43
234
250
849
354
661
666
343
29
149
657
184
6
362
512
823
142
80
134
64
201
164
842
590
846
463
499
203
75
781
322
916
261
73
119
77
443
334
794
253
900
324
567
486
589
670
782
262
430
181
665
214
413
391
20
280
646
703
132
618
850
223
137
154
84
19
578
639
95
946
591
487
692
336
414
104
359
282
243
825
992
472
880
837
681
99
982
366
918
54
232
802
597
874
148
81
86
783
508
306
196
953
190
435
114
107
828
388
116
231
460
566
0
861
117
660
255
162
398
273
221
185
832
451
606
102
129
808
637
582
698
766
929
679
47
98
431
93
136
302
207
238
139
563
144
923
877
461
708
145
305
115
147
457
633
156
264
290
897
330
619
565
194
225
938
103
436
518
620
155
530
441
500
667
693
171
35
210
15
78
588
178
179
206
274
321
1
121
286
960
444
803
926
379
198
875
269
577
712
174
649
427
372
313
609
452
375
289
555
862
701
350
212
949
787
491
763
559
860
219
683
216
717
224
744
369
40
272
947
594
227
727
543
34
303
237
558
999
866
348
636
721
240
358
928
169
678
256
863
165
252
719
448
327
310
964
423
365
776
353
715
689
668
41
135
259
857
476
638
889
772
