0 1
0 6
0 7
0 8
0 19
0 21
0 25
0 27
0 29
0 46
0 47
0 52
0 57
0 61
0 72
0 73
0 78
0 83
0 84
0 94
0 101
0 105
0 110
0 112
0 114
0 116
0 121
0 124
0 126
0 128
0 138
0 141
0 142
0 145
0 149
0 151
0 154
0 160
0 162
0 165
0 168
0 169
0 170
0 172
0 184
0 187
0 190
0 197
0 198
1 5
1 9
1 16
1 19
1 21
1 23
1 25
1 29
1 30
1 43
1 45
1 52
1 58
1 61
1 62
1 63
1 72
1 75
1 83
1 86
1 94
1 98
1 105
1 106
1 110
1 112
1 114
1 115
1 116
1 119
1 122
1 127
1 134
1 138
1 141
1 142
1 145
1 154
1 156
1 158
1 162
1 167
1 172
1 181
1 184
1 187
1 197
6 5
6 7
6 11
6 12
6 27
6 31
6 34
6 38
6 47
6 49
6 64
6 87
6 111
6 116
6 121
6 131
6 146
6 152
6 160
6 168
6 178
6 196
6 197
7 5
7 9
7 11
7 17
7 18
7 19
7 27
7 28
7 31
7 33
7 34
7 37
7 52
7 60
7 64
7 73
7 78
7 79
7 84
7 87
7 109
7 111
7 113
7 118
7 121
7 137
7 139
7 141
7 146
7 147
7 148
7 149
7 152
7 155
7 160
7 168
7 169
7 170
7 178
7 184
7 185
7 188
7 189
7 190
7 196
7 197
7 199
8 5
8 19
8 21
8 23
8 25
8 27
8 29
8 30
8 43
8 45
8 52
8 57
8 58
8 61
8 73
8 75
8 83
8 94
8 95
8 98
8 101
8 103
8 106
8 110
8 114
8 119
8 126
8 141
8 142
8 145
8 165
8 170
8 175
8 177
8 178
8 181
8 189
19 5
19 9
19 16
19 21
19 23
19 25
19 27
19 37
19 39
19 45
19 46
19 47
19 52
19 57
19 58
19 61
19 63
19 68
19 72
19 73
19 74
19 75
19 78
19 83
19 85
19 94
19 101
19 105
19 106
19 112
19 114
19 115
19 116
19 119
19 122
19 126
19 127
19 134
19 138
19 141
19 142
19 145
19 149
19 151
19 154
19 155
19 160
19 162
19 168
19 169
19 170
19 172
19 178
19 181
19 184
19 187
19 189
19 197
21 5
21 25
21 27
21 29
21 37
21 43
21 45
21 47
21 52
21 61
21 63
21 73
21 75
21 78
21 83
21 85
21 94
21 110
21 112
21 115
21 116
21 119
21 122
21 124
21 126
21 138
21 141
21 145
21 149
21 160
21 167
21 168
21 169
21 181
21 187
21 189
25 5
25 9
25 30
25 37
25 45
25 52
25 58
25 61
25 63
25 78
25 82
25 83
25 94
25 98
25 101
25 106
25 110
25 112
25 115
25 116
25 119
25 126
25 127
25 138
25 142
25 145
25 149
25 154
25 162
25 165
25 167
25 168
25 169
25 170
25 172
25 181
25 182
25 184
25 189
27 9
27 16
27 18
27 26
27 30
27 33
27 34
27 39
27 47
27 61
27 69
27 73
27 87
27 92
27 94
27 110
27 112
27 121
27 124
27 126
27 128
27 138
27 141
27 145
27 154
27 155
27 160
27 162
27 168
27 170
27 181
27 184
27 185
29 9
29 23
29 30
29 37
29 43
29 46
29 47
29 52
29 57
29 63
29 73
29 75
29 83
29 94
29 99
29 101
29 105
29 110
29 112
29 114
29 119
29 138
29 149
29 160
29 167
29 170
29 172
29 181
29 184
46 5
46 9
46 16
46 30
46 37
46 43
46 45
46 58
46 61
46 63
46 68
46 73
46 75
46 78
46 83
46 85
46 86
46 94
46 98
46 101
46 105
46 106
46 110
46 112
46 114
46 115
46 116
46 119
46 126
46 127
46 132
46 138
46 141
46 142
46 145
46 149
46 154
46 158
46 160
46 162
46 165
46 167
46 168
46 169
46 172
46 181
46 184
46 189
46 197
47 5
47 16
47 30
47 33
47 10
47 23
47 43
47 52
47 57
47 61
47 63
47 83
47 85
47 93
47 94
47 99
47 101
47 105
47 106
47 110
47 112
47 116
47 121
47 122
47 124
47 128
47 129
47 142
47 145
47 146
47 149
47 155
47 162
47 169
47 170
47 172
47 178
47 181
47 184
47 185
47 187
47 188
47 189
47 190
52 5
52 16
52 30
52 23
52 37
52 39
52 43
52 58
52 59
52 61
52 63
52 72
52 73
52 75
52 78
52 85
52 94
52 98
52 102
52 105
52 106
52 112
52 114
52 115
52 116
52 122
52 124
52 126
52 127
52 134
52 138
52 141
52 142
52 145
52 149
52 154
52 156
52 167
52 169
52 170
52 178
52 181
52 184
52 187
52 189
57 5
57 16
57 30
57 33
57 37
57 39
57 45
57 61
57 63
57 75
57 94
57 101
57 105
57 110
57 114
57 116
57 119
57 126
57 127
57 134
57 138
57 141
57 142
57 145
57 149
57 154
57 162
57 167
57 168
57 169
57 172
57 184
57 189
57 197
61 5
61 9
61 16
61 23
61 39
61 43
61 45
61 58
61 62
61 63
61 68
61 75
61 78
61 83
61 85
61 86
61 101
61 105
61 106
61 110
61 112
61 114
61 115
61 116
61 119
61 122
61 126
61 128
61 134
61 138
61 141
61 142
61 145
61 154
61 158
61 160
61 162
61 167
61 168
61 169
61 170
61 178
61 181
61 184
61 187
61 189
61 197
72 5
72 9
72 30
72 23
72 37
72 45
72 63
72 68
72 83
72 90
72 98
72 101
72 110
72 112
72 114
72 119
72 122
72 126
72 127
72 142
72 145
72 156
72 158
72 162
72 165
72 167
72 181
72 197
73 5
73 9
73 16
73 30
73 33
73 15
73 18
73 23
73 37
73 39
73 40
73 43
73 45
73 58
73 74
73 75
73 78
73 95
73 98
73 99
73 105
73 106
73 110
73 112
73 115
73 116
73 119
73 122
73 126
73 127
73 134
73 136
73 138
73 142
73 145
73 149
73 156
73 160
73 162
73 165
73 167
73 168
73 169
73 170
73 172
73 178
73 181
73 187
73 189
73 197
78 5
78 30
78 33
78 15
78 18
78 28
78 39
78 48
78 58
78 63
78 74
78 75
78 81
78 83
78 93
78 94
78 95
78 101
78 104
78 105
78 106
78 110
78 112
78 114
78 115
78 116
78 119
78 123
78 124
78 125
78 138
78 141
78 151
78 154
78 160
78 168
78 169
78 170
78 172
78 175
78 178
78 181
78 187
78 189
78 191
78 197
83 5
83 9
83 16
83 30
83 33
83 2
83 4
83 23
83 37
83 39
83 45
83 58
83 63
83 68
83 74
83 75
83 85
83 86
83 94
83 98
83 99
83 101
83 103
83 104
83 106
83 110
83 112
83 114
83 115
83 116
83 119
83 120
83 122
83 127
83 134
83 138
83 141
83 142
83 145
83 148
83 149
83 151
83 153
83 154
83 158
83 165
83 167
83 168
83 169
83 172
83 178
83 181
83 184
83 187
83 189
83 197
84 79
84 17
84 20
84 38
84 109
84 131
84 137
84 141
84 152
84 160
84 178
84 185
94 5
94 9
94 30
94 2
94 15
94 23
94 37
94 40
94 43
94 45
94 58
94 59
94 63
94 68
94 85
94 99
94 103
94 105
94 106
94 110
94 112
94 114
94 115
94 116
94 119
94 122
94 126
94 127
94 134
94 138
94 141
94 145
94 149
94 151
94 156
94 162
94 165
94 167
94 168
94 169
94 170
94 172
94 175
94 177
94 178
94 181
94 187
94 189
94 197
101 5
101 9
101 16
101 30
101 37
101 45
101 58
101 63
101 85
101 105
101 110
101 112
101 116
101 119
101 122
101 127
101 138
101 141
101 142
101 145
101 149
101 154
101 156
101 162
101 165
101 167
101 168
101 169
101 172
101 178
101 184
101 189
101 193
101 197
105 5
105 9
105 16
105 30
105 33
105 34
105 2
105 15
105 18
105 23
105 36
105 43
105 48
105 58
105 59
105 63
105 93
105 98
105 110
105 112
105 114
105 116
105 119
105 126
105 127
105 134
105 138
105 141
105 145
105 148
105 149
105 151
105 154
105 160
105 162
105 168
105 169
105 172
105 189
105 197
110 5
110 9
110 30
110 33
110 2
110 14
110 15
110 28
110 32
110 36
110 39
110 45
110 48
110 50
110 55
110 58
110 59
110 63
110 68
110 71
110 75
110 81
110 91
110 98
110 102
110 103
110 104
110 112
110 114
110 115
110 116
110 119
110 120
110 126
110 127
110 133
110 134
110 135
110 144
110 145
110 149
110 151
110 154
110 156
110 158
110 167
110 170
110 172
110 175
110 177
110 178
110 184
110 187
110 189
110 191
110 192
110 194
110 197
112 5
112 9
112 16
112 30
112 23
112 39
112 45
112 63
112 68
112 85
112 106
112 114
112 115
112 116
112 119
112 122
112 126
112 128
112 134
112 138
112 142
112 145
112 149
112 154
112 156
112 158
112 162
112 165
112 167
112 168
112 169
112 170
112 172
112 178
112 181
112 184
112 187
112 197
114 5
114 9
114 16
114 30
114 23
114 37
114 39
114 43
114 45
114 58
114 59
114 63
114 68
114 75
114 85
114 86
114 98
114 106
114 115
114 116
114 119
114 122
114 124
114 126
114 134
114 138
114 141
114 145
114 149
114 154
114 156
114 167
114 168
114 169
114 170
114 172
114 178
114 184
114 189
114 197
116 30
116 23
116 26
116 37
116 45
116 58
116 63
116 75
116 98
116 103
116 119
116 124
116 126
116 138
116 141
116 142
116 145
116 148
116 149
116 151
116 154
116 160
116 165
116 167
116 169
116 170
116 172
116 178
116 181
116 184
116 187
116 189
116 197
121 34
121 79
121 11
121 12
121 17
121 38
121 49
121 64
121 100
121 111
121 113
121 118
121 129
121 131
121 137
121 139
121 141
121 146
121 147
121 152
121 155
121 168
121 185
121 191
121 196
121 197
121 199
124 5
124 16
124 30
124 37
124 45
124 93
124 138
124 141
124 142
124 145
124 149
124 151
124 154
124 160
124 168
124 169
124 181
124 184
124 187
124 189
124 197
126 5
126 9
126 16
126 30
126 119
126 122
126 37
126 39
126 43
126 58
126 63
126 68
126 75
126 82
126 98
126 103
126 106
126 115
126 117
126 127
126 134
126 138
126 141
126 149
126 151
126 153
126 156
126 160
126 162
126 165
126 167
126 168
126 169
126 170
126 172
126 181
126 184
126 196
126 197
128 10
128 66
128 129
128 141
128 155
128 168
128 178
128 187
128 190
128 197
138 5
138 9
138 16
138 119
138 2
138 23
138 37
138 43
138 45
138 58
138 63
138 71
138 75
138 85
138 91
138 106
138 115
138 134
138 141
138 145
138 149
138 151
138 154
138 160
138 162
138 167
138 169
138 172
138 175
138 177
138 178
138 181
138 184
138 187
138 189
138 197
141 5
141 9
141 16
141 30
141 79
141 119
141 122
141 17
141 26
141 37
141 38
141 39
141 45
141 49
141 58
141 63
141 64
141 74
141 75
141 92
141 95
141 98
141 99
141 106
141 109
141 115
141 131
141 134
141 142
141 145
141 146
141 149
141 151
141 152
141 155
141 156
141 160
141 162
141 165
141 167
141 169
141 170
141 172
141 178
141 181
141 184
141 185
141 188
141 189
141 190
141 196
141 197
142 5
142 9
142 16
142 30
142 119
142 122
142 23
142 37
142 43
142 45
142 58
142 95
142 106
142 127
142 134
142 145
142 148
142 149
142 151
142 155
142 156
142 160
142 162
142 165
142 167
142 168
142 170
142 172
142 177
142 178
142 181
142 184
142 187
142 189
145 5
145 9
145 16
145 30
145 33
145 119
145 122
145 23
145 26
145 37
145 43
145 49
145 58
145 63
145 74
145 75
145 86
145 90
145 98
145 99
145 106
145 127
145 129
145 149
145 154
145 156
145 162
145 165
145 167
145 169
145 170
145 172
145 178
145 184
145 187
145 189
145 193
145 196
145 197
149 5
149 9
149 119
149 122
149 23
149 37
149 39
149 43
149 45
149 63
149 75
149 86
149 99
149 106
149 115
149 127
149 134
149 154
149 160
149 162
149 165
149 167
149 168
149 169
149 170
149 172
149 181
149 184
149 189
149 197
151 16
151 33
151 34
151 2
151 4
151 14
151 15
151 28
151 32
151 36
151 37
151 40
151 50
151 55
151 58
151 80
151 91
151 95
151 103
151 104
151 106
151 123
151 125
151 133
151 135
151 144
151 154
151 155
151 160
151 168
151 175
151 177
151 178
151 180
151 181
151 188
151 189
151 191
151 196
154 5
154 9
154 16
154 30
154 119
154 15
154 23
154 32
154 37
154 40
154 45
154 58
154 60
154 63
154 75
154 81
154 91
154 93
154 95
154 106
154 115
154 134
154 160
154 167
154 168
154 169
154 172
154 177
154 181
154 184
154 187
160 5
160 16
160 30
160 34
160 79
160 155
160 11
160 12
160 17
160 31
160 38
160 49
160 64
160 87
160 111
160 113
160 118
160 131
160 139
160 146
160 162
160 168
160 169
160 170
160 178
160 185
160 187
160 196
160 197
160 198
160 199
162 5
162 16
162 119
162 2
162 15
162 23
162 37
162 45
162 48
162 58
162 63
162 71
162 75
162 90
162 91
162 96
162 98
162 106
162 115
162 120
162 134
162 156
162 167
162 169
162 170
162 172
162 177
162 181
162 184
162 187
162 189
162 197
165 5
165 16
165 30
165 119
165 122
165 23
165 37
165 39
165 43
165 45
165 63
165 68
165 75
165 85
165 98
165 106
165 127
165 134
165 158
165 167
165 169
165 170
165 181
165 197
168 5
168 9
168 30
168 34
168 119
168 122
168 155
168 12
168 17
168 26
168 37
168 38
168 45
168 49
168 63
168 87
168 98
168 106
168 109
168 131
168 139
168 146
168 169
168 178
168 181
168 184
168 185
168 187
168 189
168 190
168 196
168 197
168 198
169 5
169 9
169 16
169 30
169 119
169 122
169 167
169 23
169 39
169 45
169 63
169 77
169 98
169 134
169 170
169 181
169 184
169 189
170 5
170 9
170 16
170 30
170 33
170 122
170 167
170 23
170 37
170 45
170 60
170 63
170 75
170 98
170 103
170 106
170 127
170 133
170 134
170 148
170 172
170 177
170 181
170 184
170 187
170 189
170 197
172 5
172 9
172 16
172 30
172 119
172 122
172 167
172 37
172 43
172 45
172 58
172 59
172 63
172 75
172 85
172 86
172 90
172 92
172 98
172 99
172 106
172 115
172 127
172 134
172 181
172 184
172 187
172 189
172 197
184 5
184 9
184 16
184 119
184 122
184 167
184 178
184 23
184 26
184 37
184 39
184 92
184 99
184 127
184 150
184 185
184 188
184 189
184 196
184 197
187 5
187 9
187 16
187 30
187 119
187 167
187 178
187 181
187 23
187 45
187 92
187 185
187 197
190 30
190 79
190 155
190 178
190 17
190 38
190 49
190 66
190 87
190 109
190 129
190 146
190 159
190 185
190 197
197 5
197 16
197 30
197 33
197 119
197 122
197 155
197 178
197 181
197 17
197 23
197 26
197 37
197 38
197 40
197 43
197 49
197 58
197 63
197 64
197 68
197 75
197 85
197 98
197 99
197 106
197 109
197 115
197 129
197 131
197 134
197 139
197 146
197 152
197 156
197 159
197 185
197 196
198 34
198 17
198 109
198 139
198 152
198 196
5 2
5 4
5 9
5 14
5 15
5 16
5 23
5 28
5 30
5 32
5 33
5 36
5 37
5 43
5 45
5 50
5 59
5 60
5 63
5 71
5 75
5 80
5 81
5 91
5 93
5 98
5 103
5 115
5 119
5 120
5 122
5 123
5 125
5 127
5 132
5 133
5 134
5 135
5 144
5 148
5 155
5 156
5 167
5 175
5 177
5 178
5 179
5 181
5 189
5 191
5 192
5 194
9 16
9 23
9 26
9 30
9 33
9 43
9 63
9 75
9 85
9 90
9 99
9 106
9 115
9 119
9 127
9 134
9 156
9 167
9 181
9 188
9 189
16 2
16 15
16 18
16 23
16 26
16 28
16 30
16 33
16 36
16 37
16 40
16 43
16 48
16 58
16 60
16 63
16 71
16 80
16 91
16 95
16 96
16 106
16 115
16 119
16 123
16 132
16 133
16 148
16 155
16 167
16 175
16 177
16 178
16 189
16 191
16 192
23 33
23 119
23 122
23 167
23 37
23 43
23 58
23 63
23 102
23 127
23 134
23 156
30 40
30 43
30 45
30 85
30 99
30 106
30 119
30 122
30 167
30 178
30 189
43 33
43 119
43 181
43 45
43 60
43 63
43 68
43 75
43 115
43 127
43 133
45 167
45 181
45 189
45 37
45 58
45 63
45 75
45 85
45 106
45 156
58 119
58 167
58 178
58 181
58 37
58 63
58 177
62 39
63 119
63 122
63 167
63 178
63 189
63 37
63 15
63 68
63 85
63 86
63 95
63 96
63 98
63 99
63 106
63 115
63 134
63 156
63 158
75 33
75 119
75 122
75 155
75 167
75 181
75 68
75 2
75 14
75 91
75 96
75 98
75 127
75 134
75 156
86 119
86 68
86 98
98 119
98 122
98 167
98 189
98 37
98 68
98 59
98 106
98 115
98 127
98 134
98 156
98 158
106 33
106 119
106 167
106 181
106 37
106 85
106 15
106 71
106 99
106 125
106 127
106 156
115 167
115 189
115 37
115 42
115 134
119 37
119 39
119 68
119 85
119 90
119 127
119 134
119 181
122 37
122 68
122 85
122 156
122 158
122 181
127 167
127 37
127 85
127 156
134 33
134 167
134 189
134 37
134 15
134 18
134 39
134 48
134 59
134 71
134 96
134 125
134 194
156 167
156 37
156 68
156 85
158 181
158 37
158 85
167 37
167 85
167 189
181 33
181 34
181 178
181 2
181 15
181 18
181 37
181 40
181 60
181 81
181 95
181 103
181 133
181 148
181 177
181 192
2 33
2 4
2 14
2 15
2 18
2 28
2 32
2 36
2 44
2 48
2 50
2 55
2 71
2 80
2 81
2 91
2 95
2 96
2 103
2 120
2 123
2 125
2 133
2 135
2 148
2 175
2 177
2 179
2 191
2 192
2 194
4 15
4 32
4 48
4 50
4 55
4 60
4 81
4 104
4 120
4 123
4 133
4 135
4 144
4 148
4 175
4 191
4 192
14 37
14 15
14 28
14 55
14 71
14 81
14 91
14 95
14 96
14 120
14 125
14 133
14 175
14 177
14 179
14 192
15 33
15 37
15 28
15 32
15 36
15 44
15 50
15 55
15 60
15 71
15 80
15 81
15 91
15 95
15 96
15 104
15 120
15 123
15 125
15 144
15 148
15 175
15 177
15 179
15 192
28 34
28 18
28 36
28 44
28 48
28 55
28 60
28 71
28 81
28 95
28 120
28 123
28 125
28 133
28 135
28 144
28 148
28 175
28 180
28 192
32 33
32 36
32 48
32 55
32 60
32 71
32 81
32 91
32 123
32 125
32 133
32 135
32 144
32 148
32 175
32 177
32 180
32 191
32 192
33 18
33 26
33 36
33 40
33 48
33 55
33 60
33 71
33 81
33 91
33 95
33 103
33 104
33 120
33 123
33 125
33 133
33 144
33 148
33 155
33 175
33 177
33 178
33 188
33 192
33 194
36 18
36 50
36 71
36 81
36 96
36 104
36 120
36 125
36 135
36 144
36 175
36 177
36 180
36 191
37 178
37 189
37 68
37 91
37 123
50 55
50 81
50 91
50 123
50 133
50 135
50 144
50 148
50 175
50 192
50 194
60 34
60 18
60 48
60 55
60 91
60 95
60 103
60 120
60 123
60 133
60 135
60 148
60 175
60 177
60 180
60 191
60 192
71 55
71 80
71 81
71 91
71 95
71 96
71 120
71 125
71 133
71 135
71 144
71 177
71 179
71 180
71 192
71 194
80 48
80 81
80 120
80 175
80 192
81 48
81 55
81 91
81 95
81 104
81 120
81 123
81 125
81 133
81 135
81 144
81 148
81 175
81 192
91 44
91 48
91 55
91 95
91 96
91 120
91 123
91 125
91 133
91 135
91 144
91 148
91 175
91 179
91 191
91 192
91 194
93 178
93 40
93 42
93 69
93 74
93 188
103 34
103 189
103 18
103 120
103 123
103 133
103 148
103 175
103 191
120 34
120 18
120 44
120 48
120 55
120 95
120 96
120 104
120 123
120 125
120 175
120 179
120 180
120 191
123 34
123 48
123 125
123 133
123 144
123 175
123 177
123 191
125 48
125 55
125 96
125 133
125 135
125 144
125 148
125 175
125 177
125 179
125 180
125 192
125 194
132 96
132 13
132 24
133 48
133 55
133 95
133 104
133 135
133 144
133 148
133 175
133 177
133 180
133 191
133 192
135 34
135 18
135 48
135 55
135 104
135 144
135 148
135 175
135 177
135 192
144 55
144 104
144 148
144 175
144 177
144 180
144 192
148 34
148 155
148 48
148 55
148 95
148 104
148 175
148 177
148 180
148 191
155 34
155 10
155 11
155 12
155 38
155 87
155 109
155 131
155 147
155 177
155 178
155 185
155 189
155 191
155 196
175 34
175 18
175 48
175 55
175 104
175 177
175 191
175 192
177 34
177 178
177 18
177 55
177 95
177 104
177 180
177 192
177 196
178 34
178 79
178 18
178 26
178 31
178 38
178 49
178 87
178 109
178 146
178 152
178 185
178 188
178 196
179 44
179 48
179 96
179 192
179 194
189 40
189 196
191 18
191 48
191 55
191 192
192 48
192 95
192 96
192 180
192 104
194 44
194 95
194 96
11 79
11 31
11 38
11 64
11 87
11 100
11 109
11 111
11 113
11 118
11 131
11 139
11 146
11 152
11 185
11 186
11 196
11 199
12 79
12 31
12 38
12 49
12 64
12 87
12 100
12 109
12 111
12 118
12 129
12 131
12 137
12 139
12 147
12 152
12 196
12 199
31 79
31 38
31 49
31 64
31 87
31 100
31 109
31 111
31 113
31 118
31 129
31 131
31 139
31 147
31 152
31 185
31 186
34 18
34 87
34 131
34 196
38 79
38 17
38 64
38 87
38 109
38 111
38 113
38 118
38 129
38 131
38 137
38 139
38 146
38 152
38 185
49 79
49 17
49 64
49 87
49 100
49 109
49 111
49 113
49 118
49 129
49 131
49 137
49 139
49 146
49 152
49 186
49 199
64 79
64 17
64 87
64 100
64 109
64 111
64 113
64 118
64 129
64 131
64 137
64 139
64 196
64 199
87 109
87 131
87 137
87 146
87 147
87 185
87 199
111 79
111 113
111 118
111 131
111 139
111 146
111 147
111 152
111 186
111 196
111 199
131 79
131 109
131 118
131 17
131 129
131 137
131 139
131 146
131 152
131 185
131 196
131 199
146 79
146 109
146 113
146 118
146 17
146 100
146 129
146 137
146 152
146 185
146 186
146 196
146 199
152 79
152 109
152 113
152 118
152 147
152 17
152 100
152 137
152 139
152 185
152 186
152 199
196 79
196 109
196 118
196 147
196 185
196 100
196 137
196 139
196 199
17 79
17 113
17 20
17 137
79 100
79 109
79 118
79 139
79 147
79 185
79 199
109 100
109 113
109 118
109 137
109 139
109 199
113 118
113 137
113 139
113 185
113 186
113 199
118 129
118 137
118 139
118 147
118 185
118 186
118 199
137 139
139 147
139 185
139 199
147 100
147 185
185 100
185 129
185 199
188 69
188 150
199 100
95 48
95 180
26 69
26 76
26 150
85 68
85 99
40 74
48 44
48 55
48 96
48 104
96 13
74 42
82 35
82 51
82 53
82 54
82 56
82 89
82 117
82 153
82 164
82 174
82 176
82 182
82 183
182 35
182 41
182 51
182 53
182 89
182 117
182 153
182 164
182 176
69 76
69 150
69 157
55 104
55 180
104 166
10 161
129 66
129 159
153 35
153 41
153 51
153 53
153 54
153 89
153 56
153 164
153 174
153 176
193 22
193 108
193 140
117 41
117 51
117 53
117 54
117 88
117 130
117 163
117 176
66 159
77 44
77 22
150 76
150 157
42 130
42 163
3 22
76 65
76 70
161 140
35 41
35 53
35 54
35 174
35 176
35 183
51 41
51 53
51 54
51 56
51 89
51 164
51 174
51 176
51 183
53 41
53 54
53 89
53 164
53 174
53 183
54 89
54 174
54 176
54 183
56 89
89 41
89 164
89 174
89 183
164 41
164 174
164 176
164 183
174 41
174 176
174 183
176 41
176 183
183 41
157 195
65 195
70 107
70 143
70 173
70 195
195 67
195 173
88 163
107 143
143 173
173 67
97 171
