161
260
316
120
234
57
274
291
199
149
133
3
229
270
313
314
116
170
107
320
319
169
34
94
230
24
48
301
296
312
209
66
87
18
308
108
256
129
244
207
290
315
302
77
61
14
146
307
295
26
191
321
317
243
232
145
198
32
177
0
85
80
7
324
239
119
137
69
86
264
28
245
278
206
255
114
16
183
309
305
297
38
241
219
148
37
30
266
71
190
15
252
29
10
310
60
240
192
36
55
272
117
242
294
126
157
98
231
152
159
196
67
224
323
135
118
263
20
225
299
124
322
300
283
304
298
100
56
261
64
75
288
65
45
202
200
284
201
74
89
182
141
83
246
96
33
292
306
11
160
12
303
289
279
265
227
78
173
193
258
293
285
151
