469
438
537
627
309
922
544
1050
281
804
788
547
273
562
247
589
740
1105
662
963
337
316
923
566
90
1043
135
1116
571
751
832
656
879
605
1099
689
125
148
806
876
65
82
803
686
914
856
611
346
599
649
515
748
958
593
976
432
1119
362
68
323
398
931
534
679
1109
14
744
1044
1100
549
270
519
486
540
894
826
997
1102
560
206
420
759
226
1013
640
945
1035
22
1115
487
670
910
850
210
1046
719
128
790
130
604
950
569
727
4
388
441
473
162
516
499
972
166
1029
252
260
293
159
829
941
481
189
904
158
394
940
353
502
233
728
636
675
863
9
648
584
578
1129
239
221
782
1077
1033
447
830
386
1026
770
625
825
319
937
370
62
155
973
288
408
2
710
1083
494
975
186
1087
1086
726
1018
522
1009
991
881
769
818
43
985
287
893
807
906
259
109
1014
732
56
1101
459
772
384
395
757
332
361
554
485
403
304
718
263
618
692
800
261
34
1095
794
211
292
1017
161
246
96
898
372
435
884
176
28
1070
400
1079
342
71
827
1015
106
954
305
661
849
373
840
866
248
525
391
149
113
375
587
1012
582
693
774
503
559
1055
37
612
942
5
371
875
557
837
204
685
836
704
758
816
183
182
285
165
98
924
433
696
352
970
268
227
385
623
452
657
883
1094
123
356
480
374
1008
699
330
8
735
687
1098
187
311
926
393
322
951
172
225
383
750
73
157
907
228
1118
406
680
142
777
716
528
1006
673
411
437
218
678
722
1000
721
41
498
146
1025
1131
60
688
177
495
918
262
572
1111
450
153
546
15
831
269
104
779
947
911
943
573
67
36
959
724
739
448
461
85
1047
131
354
579
168
455
126
986
965
1060
586
798
583
553
507
982
152
236
439
412
763
133
851
443
529
40
11
368
539
855
231
723
407
230
523
12
568
488
1010
797
449
1110
1120
327
990
276
1092
482
531
936
326
848
533
242
695
200
556
1130
321
453
69
333
462
927
520
801
377
120
345
75
382
419
31
314
279
886
550
635
715
650
1019
820
1061
919
244
742
606
637
240
733
108
664
145
638
581
674
196
39
658
110
1068
1040
140
615
892
756
671
115
58
105
464
282
697
325
26
442
666
1126
359
402
76
466
121
427
315
220
102
1123
621
116
396
814
874
714
1122
328
939
891
869
720
890
331
249
416
684
964
895
13
624
1076
421
548
360
300
1059
180
652
217
725
1002
78
70
755
878
1124
324
608
873
655
524
50
647
841
336
631
1022
329
306
194
745
978
253
828
783
563
822
1064
1067
150
30
417
980
992
639
967
202
191
517
94
100
821
771
197
188
1097
511
445
665
1
463
410
867
97
184
436
597
630
10
1072
277
792
872
920
470
808
672
235
154
340
1024
63
968
705
707
896
1108
387
981
1037
296
72
1058
468
431
205
169
767
379
1042
585
195
1020
49
761
198
222
921
144
283
175
335
399
730
79
483
846
731
467
440
42
397
275
358
338
948
1093
1039
1090
64
425
789
92
264
514
561
46
59
810
713
504
842
864
887
596
643
538
518
415
151
1049
1052
343
616
909
1074
24
99
762
357
1106
1085
860
32
54
619
454
885
18
25
47
199
156
601
929
401
310
812
