665
405
265
854
463
465
92
554
548
248
837
108
831
436
629
577
683
440
886
388
708
625
173
645
587
821
728
913
824
863
698
51
526
365
746
305
510
80
437
356
419
826
464
718
282
504
278
89
778
144
706
407
430
732
413
264
594
607
927
566
308
82
563
387
532
912
20
823
212
517
561
490
966
528
737
868
862
140
851
491
585
321
613
642
963
48
808
866
620
487
580
670
641
163
956
873
520
28
109
481
250
233
667
644
102
486
172
337
391
815
439
611
98
707
609
569
143
914
128
662
169
251
581
545
813
234
292
951
24
508
596
531
461
34
945
589
401
444
825
833
946
806
709
19
211
915
329
307
710
544
420
204
315
712
330
855
141
406
480
50
318
741
205
726
320
583
935
303
652
32
400
226
441
844
501
425
394
39
6
132
650
734
647
458
595
745
267
701
586
291
502
290
975
471
243
549
541
462
244
175
617
722
472
218
877
453
921
316
459
445
121
476
335
936
551
846
693
53
183
760
660
623
591
656
325
931
275
788
442
507
733
635
857
360
495
582
694
332
666
94
174
467
473
277
246
768
880
196
827
783
319
663
97
618
509
443
754
52
409
899
530
492
681
590
262
803
606
932
417
83
954
485
790
242
158
841
740
215
752
299
294
523
21
600
110
377
470
259
559
403
334
47
231
77
300
876
690
751
500
555
820
695
383
353
25
431
372
682
285
493
679
393
371
513
279
367
675
469
802
447
342
653
748
691
735
853
506
850
704
787
374
505
499
646
127
592
776
75
336
619
552
373
562
628
828
599
719
588
498
664
496
288
385
516
247
384
359
565
503
871
556
93
838
819
567
896
661
811
494
703
357
631
345
881
885
688
111
333
547
343
782
812
575
88
166
468
994
578
297
601
680
624
668
612
40
674
553
448
514
170
758
