600
263
518
360
641
287
425
458
513
576
478
431
640
569
481
189
532
527
505
405
476
345
409
568
159
237
387
497
258
499
366
611
471
313
273
535
225
572
506
580
344
453
517
243
155
312
617
455
426
290
246
357
516
567
562
623
288
245
327
376
501
418
642
320
315
577
415
242
163
289
460
333
462
271
214
302
244
523
279
548
557
509
178
563
342
549
525
385
487
475
537
607
206
474
371
485
351
658
286
317
231
547
211
515
293
444
185
449
404
395
421
459
495
331
389
609
500
470
406
369
520
464
573
631
593
614
538
636
555
450
502
417
292
388
298
531
316
410
479
447
240
378
328
534
530
262
606
456
508
161
408
511
566
283
343
507
164
188
347
181
556
384
268
234
228
307
597
598
379
432
622
533
446
272
267
311
330
675
166
386
457
519
496
145
529
407
454
477
571
314
349
480
599
594
550
335
332
605
610
350
367
229
595
536
291
461
625
162
257
440
661
543
227
