0 54
0 61
0 91
0 92
0 122
0 127
0 128
0 132
0 137
0 139
0 140
0 141
0 153
0 165
0 178
0 192
54 4
54 15
54 17
54 19
54 21
54 26
54 27
54 33
54 36
54 38
54 64
54 65
54 70
54 72
54 76
54 78
54 79
54 89
54 90
54 91
54 92
54 102
54 108
54 119
54 128
54 132
54 133
54 139
54 140
54 145
54 147
54 149
54 150
54 153
54 156
54 158
54 171
54 183
54 191
54 194
61 7
61 10
61 13
61 22
61 45
61 59
61 63
61 78
61 79
61 80
61 81
61 99
61 102
61 109
61 111
61 124
61 125
61 132
61 136
61 142
61 144
61 151
61 153
61 157
61 159
61 162
61 166
61 170
61 174
61 185
61 191
91 63
91 4
91 15
91 16
91 23
91 33
91 89
91 92
91 102
91 119
91 133
91 136
91 139
91 145
91 147
91 153
91 159
91 164
91 171
91 194
92 63
92 76
92 4
92 11
92 15
92 25
92 33
92 72
92 102
92 133
92 137
92 149
92 153
92 176
92 192
92 194
92 195
122 7
122 20
122 27
122 31
122 52
122 79
122 80
122 84
122 94
122 95
122 96
122 103
122 104
122 105
122 136
122 144
122 152
122 154
122 156
122 157
127 14
127 63
127 2
127 17
127 21
127 40
127 44
127 46
127 72
127 116
127 131
127 137
127 163
127 165
127 171
127 175
127 178
127 181
127 183
128 63
128 76
128 8
128 9
128 15
128 25
128 33
128 51
128 72
128 78
128 89
128 90
128 102
128 111
128 113
128 119
128 121
128 133
128 135
128 139
128 147
128 149
128 153
128 164
128 176
128 192
128 194
132 63
132 28
132 29
132 123
132 131
132 137
132 140
132 160
132 178
132 182
137 63
137 21
137 38
137 131
137 160
137 165
137 170
137 183
137 195
139 63
139 76
139 21
139 25
139 33
139 36
139 44
139 46
139 72
139 89
139 90
139 102
139 140
139 147
139 150
139 164
139 171
139 175
139 176
139 192
139 194
139 195
140 63
140 10
140 17
140 19
140 44
140 74
140 119
140 153
140 160
140 165
140 176
141 6
141 23
141 33
141 34
141 48
141 64
141 65
141 75
141 86
141 89
141 105
141 107
141 109
141 130
141 150
141 166
141 170
153 63
153 4
153 9
153 10
153 15
153 19
153 25
153 33
153 36
153 72
153 99
153 119
153 133
153 147
153 149
153 150
153 162
153 176
153 185
165 18
165 22
165 33
165 64
165 74
165 97
165 109
165 117
165 118
165 130
165 135
165 154
165 164
165 166
165 176
165 178
165 183
165 192
178 63
178 44
178 53
178 71
178 119
178 133
178 160
192 63
192 76
192 145
192 9
192 15
192 25
192 33
192 36
192 58
192 81
192 89
192 102
192 113
192 119
192 136
192 147
192 149
192 150
192 164
192 169
192 187
192 194
192 195
1 2
1 9
1 14
1 16
1 19
1 21
1 26
1 35
1 40
1 57
1 85
1 89
1 108
1 116
1 145
1 149
2 76
2 8
2 9
2 16
2 26
2 35
2 40
2 44
2 47
2 74
2 77
2 85
2 116
2 117
2 135
2 144
2 163
2 171
2 175
2 182
9 76
9 176
9 19
9 21
9 25
9 33
9 36
9 89
9 90
9 102
9 119
9 133
9 147
9 150
9 164
14 17
14 46
14 63
14 68
14 150
14 163
16 8
16 21
16 26
16 108
16 116
16 117
16 133
16 182
19 76
19 10
19 13
19 21
19 26
19 34
19 38
19 40
19 51
19 85
19 89
19 98
19 108
19 113
19 116
19 117
19 125
19 133
19 135
19 152
19 154
19 166
19 171
19 174
19 182
21 20
21 29
21 40
21 44
21 47
21 85
21 108
21 113
21 116
21 150
21 171
21 182
26 40
26 58
26 72
26 85
26 108
26 116
26 117
26 136
26 163
26 182
35 64
35 74
35 148
35 171
40 8
40 15
40 70
40 108
40 111
40 116
40 117
40 157
40 166
40 168
40 171
40 182
57 72
57 74
57 117
85 8
85 108
85 150
85 171
85 182
89 63
89 76
89 145
89 4
89 15
89 25
89 72
89 77
89 100
89 105
89 107
89 123
89 149
89 164
89 169
89 171
89 194
89 195
108 8
108 116
108 117
108 171
108 182
116 8
116 15
116 25
116 44
116 117
116 163
116 171
116 182
145 25
145 33
145 72
145 119
145 125
145 150
145 164
145 195
149 63
149 15
149 34
149 36
149 62
149 102
149 121
149 133
149 150
149 166
149 171
149 174
149 191
149 195
17 63
17 163
17 15
17 67
46 63
46 44
46 74
46 163
46 131
46 72
63 4
63 31
63 33
63 44
63 67
63 72
63 74
63 76
63 97
63 119
63 123
63 130
63 131
63 147
63 150
63 160
63 171
63 176
63 191
63 195
68 183
68 171
68 47
68 72
68 23
68 34
68 86
68 107
68 123
68 129
68 109
68 39
68 75
68 115
68 167
150 76
150 25
150 33
150 70
150 72
150 119
150 133
150 147
150 10
150 90
150 129
150 162
150 164
150 184
150 190
163 44
163 3
163 15
163 67
163 70
163 72
163 131
4 25
4 33
4 70
4 102
4 133
4 147
4 164
4 194
4 195
15 76
15 176
15 33
15 70
15 102
15 133
15 147
15 164
15 194
15 90
27 117
27 154
27 20
27 144
27 59
27 71
27 99
27 100
27 136
27 31
27 78
27 111
27 38
27 126
27 103
27 41
27 43
27 52
27 56
27 79
27 84
27 87
27 93
27 94
27 95
27 96
27 143
27 157
27 187
27 193
33 76
33 176
33 74
33 7
33 25
33 22
33 36
33 72
33 102
33 107
33 119
33 133
33 138
33 143
33 147
33 164
33 166
33 167
33 170
33 195
36 76
36 176
36 135
36 25
36 72
36 147
36 64
36 90
38 154
38 20
38 144
38 160
38 184
38 100
38 13
38 78
38 166
38 191
38 12
38 41
38 43
38 79
38 80
38 84
38 87
38 93
38 94
38 95
38 96
38 97
38 103
38 126
38 130
38 138
38 148
38 156
38 161
64 188
64 99
64 112
64 155
64 98
64 48
64 65
64 66
65 83
65 172
65 53
65 112
65 138
65 109
65 98
65 187
65 30
65 48
65 158
65 161
70 72
70 119
70 147
70 168
72 76
72 117
72 171
72 44
72 25
72 102
72 107
72 119
72 121
72 133
72 158
72 164
72 166
72 169
72 170
72 194
72 195
76 25
76 47
76 90
76 119
76 133
76 164
76 187
78 20
78 135
78 144
78 7
78 133
78 170
78 59
78 86
78 136
78 152
78 22
78 31
78 45
78 58
78 60
78 41
78 81
78 84
78 94
78 95
78 97
78 103
78 110
78 111
78 124
78 126
78 156
78 159
78 162
78 166
78 174
78 191
79 20
79 144
79 170
79 62
79 100
79 126
79 41
79 56
79 84
79 87
79 93
79 95
79 96
79 97
79 104
79 157
79 193
90 176
90 171
90 133
90 147
90 194
90 195
102 160
102 25
102 129
102 133
102 164
102 195
119 176
119 44
119 160
119 25
119 113
119 133
119 147
119 164
119 169
119 194
119 195
133 176
133 25
133 51
133 113
133 143
133 147
133 164
133 180
133 194
133 195
147 176
147 117
147 131
147 25
147 51
147 81
147 125
147 138
147 146
147 164
147 170
147 185
147 187
147 194
156 151
156 86
156 100
156 126
156 103
156 41
156 56
156 105
156 148
156 104
156 143
156 157
158 77
158 32
158 146
158 151
158 172
158 173
158 51
158 53
158 113
158 186
158 109
158 98
158 97
158 48
158 66
171 8
171 3
171 11
171 34
171 74
171 77
171 113
171 123
171 170
171 182
171 191
171 195
183 67
183 99
191 135
191 144
191 7
191 170
191 37
191 59
191 99
191 136
191 152
191 10
191 13
191 31
191 45
191 58
191 60
191 142
191 159
191 166
191 168
191 81
191 94
191 95
191 103
191 110
191 124
191 157
194 176
194 8
194 25
194 164
194 170
194 5
194 51
194 113
194 125
7 20
7 135
7 10
7 13
7 45
7 58
7 59
7 60
7 99
7 107
7 111
7 125
7 136
7 152
7 159
7 166
7 168
7 170
7 174
7 185
10 164
10 170
10 59
10 99
10 136
10 13
10 31
10 45
10 58
10 110
10 111
10 125
10 142
10 162
10 166
10 168
10 174
10 185
13 135
13 170
13 59
13 99
13 152
13 22
13 31
13 58
13 60
13 103
13 110
13 111
13 124
13 125
13 142
13 166
13 168
22 20
22 135
22 59
22 86
22 99
22 136
22 152
22 31
22 45
22 58
22 60
22 94
22 110
22 111
22 124
22 125
22 126
22 142
22 159
22 166
22 167
22 168
22 174
22 185
45 20
45 135
45 170
45 59
45 107
45 136
45 152
45 58
45 60
45 110
45 124
45 125
45 142
45 159
45 162
45 166
45 174
59 135
59 6
59 31
59 58
59 60
59 81
59 111
59 126
59 136
59 142
59 152
59 159
59 168
59 174
59 185
80 154
80 188
80 34
80 99
80 100
80 103
80 94
80 95
80 105
80 148
81 136
81 152
81 31
81 58
81 125
81 159
81 162
81 166
81 185
81 50
81 94
81 124
81 155
81 189
99 23
99 34
99 31
99 41
99 43
99 58
99 87
99 100
99 104
99 107
99 123
99 124
99 125
99 126
99 130
99 136
99 142
99 148
99 152
99 159
99 162
99 168
99 174
109 146
109 188
109 51
109 53
109 155
109 12
109 30
109 66
109 98
109 143
109 161
109 177
109 187
111 135
111 25
111 170
111 152
111 31
111 58
111 103
111 112
111 115
111 124
111 125
111 142
111 159
111 166
111 174
111 185
124 135
124 58
124 60
124 125
124 159
124 166
124 185
124 41
124 103
124 126
125 135
125 170
125 146
125 136
125 31
125 58
125 110
125 126
125 159
125 166
125 168
125 185
125 186
136 170
136 6
136 31
136 58
136 110
136 126
136 162
136 166
142 135
142 195
142 152
142 31
142 58
142 60
142 41
142 159
142 162
142 166
142 168
142 174
142 185
144 154
144 20
144 74
144 41
144 43
144 50
144 56
144 58
144 71
144 84
144 86
144 87
144 93
144 94
144 96
144 97
144 100
144 103
144 105
144 148
144 157
144 180
144 193
151 5
151 24
151 32
151 88
151 120
151 146
151 51
151 58
151 62
151 66
151 106
151 118
151 172
151 181
157 154
157 20
157 74
157 25
157 162
157 168
157 126
157 103
157 41
157 43
157 84
157 87
157 94
157 95
157 105
157 148
157 193
159 135
159 71
159 152
159 31
159 58
159 110
159 126
159 166
159 168
159 174
159 185
162 170
162 152
162 31
162 58
162 94
162 103
162 126
162 138
162 166
162 174
162 185
166 164
166 170
166 31
166 58
166 103
166 115
166 134
166 167
166 168
166 174
170 20
170 77
170 135
170 58
170 60
170 126
170 152
170 168
170 185
174 135
174 152
174 31
174 58
174 60
174 168
174 110
174 112
174 185
185 86
185 152
185 31
185 126
31 20
31 47
31 37
31 71
31 123
31 129
31 41
31 56
31 58
31 60
31 103
31 110
31 168
31 193
44 176
44 117
44 74
67 160
74 8
74 117
74 182
74 34
74 55
74 113
97 154
97 100
97 123
97 51
97 138
97 41
97 43
97 56
97 84
97 87
97 94
97 96
97 105
97 48
97 187
123 47
123 175
123 6
123 18
123 34
123 37
123 71
123 107
123 28
123 75
123 115
123 129
123 130
123 167
123 180
130 18
130 23
130 34
130 71
130 86
130 152
130 168
130 28
130 167
131 3
131 118
131 160
160 182
176 25
176 164
195 164
25 34
25 51
25 96
25 113
25 121
25 164
47 18
47 23
47 34
47 71
47 75
47 82
47 129
47 175
47 180
164 113
164 138
187 32
187 172
187 188
187 86
187 51
187 113
187 121
187 155
187 186
187 118
187 103
187 98
187 30
187 48
187 66
187 161
187 177
23 6
23 18
23 28
23 34
23 37
23 39
23 62
23 71
23 86
23 105
23 107
23 115
23 180
11 77
11 83
11 188
11 134
11 29
11 50
11 51
11 53
11 69
11 73
11 101
11 113
11 114
11 121
11 138
11 169
11 179
11 186
11 189
20 154
20 41
20 43
20 52
20 56
20 84
20 87
20 100
20 126
20 148
20 193
52 154
52 103
52 43
52 84
52 95
84 154
84 172
84 100
84 60
84 103
84 56
84 87
84 95
94 154
94 188
94 86
94 100
94 58
94 50
94 138
94 103
94 41
94 43
94 56
94 87
94 93
94 95
94 96
94 105
94 148
94 167
95 188
95 71
95 100
95 58
95 126
95 103
95 41
95 43
95 56
95 87
95 96
95 104
95 105
95 148
95 193
96 154
96 100
96 103
96 87
96 104
96 105
103 154
103 100
103 60
103 126
103 41
103 43
103 56
103 87
103 93
103 104
103 105
104 154
104 146
104 100
104 41
104 43
104 56
104 105
105 154
105 100
105 41
105 43
105 161
152 6
152 58
152 110
152 168
154 48
154 51
154 56
154 58
154 87
154 100
154 113
154 126
154 148
154 161
154 193
175 6
175 18
175 28
175 43
175 51
175 71
175 82
175 107
175 115
175 180
181 77
181 184
181 32
181 73
181 101
181 113
181 138
181 12
181 118
8 135
8 182
51 77
51 83
51 173
51 62
51 29
51 50
51 12
51 66
51 69
51 98
51 112
51 113
51 114
51 121
51 138
51 143
51 155
51 179
51 186
113 77
113 24
113 146
113 29
113 69
113 73
113 112
113 12
113 48
113 49
113 55
113 98
113 138
113 155
113 169
113 179
121 77
121 134
121 29
121 101
121 138
121 155
121 169
121 189
135 58
135 87
135 110
28 18
28 86
29 134
29 55
29 69
29 73
29 101
29 112
29 138
29 155
29 179
29 186
29 189
182 173
182 180
6 18
6 37
6 62
6 71
6 86
6 100
6 107
6 129
34 18
34 48
34 71
34 101
34 107
34 129
34 167
48 172
48 53
48 138
48 155
48 98
48 143
48 30
48 161
75 18
75 37
75 86
75 129
75 180
75 115
86 18
86 37
86 62
86 71
86 39
86 107
86 112
86 115
86 129
86 167
86 180
86 193
107 18
107 62
107 71
107 39
107 82
107 115
107 129
18 71
18 180
118 77
118 32
118 83
118 173
118 188
118 190
118 186
118 12
118 49
118 106
53 24
53 172
53 188
53 50
53 30
53 66
53 69
53 73
53 98
53 114
53 143
53 161
53 177
53 189
71 62
71 39
71 43
71 129
71 167
71 180
58 110
58 126
58 168
169 77
169 62
169 129
169 73
169 101
169 112
169 155
169 55
169 189
77 50
77 55
77 66
77 112
77 134
77 138
77 155
77 179
77 189
98 188
98 138
98 55
98 66
98 143
98 193
148 100
148 43
148 143
148 193
168 60
168 110
168 126
168 138
100 190
100 41
100 43
100 56
100 87
100 106
100 112
100 126
100 129
100 161
62 37
62 66
56 43
56 193
87 41
87 43
126 60
126 193
161 50
161 112
161 138
193 41
173 184
173 5
173 24
173 88
173 146
173 172
173 12
173 106
180 129
180 115
180 167
41 43
41 167
43 93
82 129
82 115
129 39
129 115
129 167
55 134
55 69
55 73
55 112
55 179
55 189
55 66
50 134
50 101
50 112
50 138
50 186
66 188
66 143
66 30
112 184
112 134
112 69
112 73
112 101
112 114
112 138
112 143
112 177
112 179
112 186
112 189
134 69
134 101
134 114
134 155
134 179
134 186
134 189
138 188
138 69
138 73
138 101
138 114
138 42
138 49
138 186
138 189
155 190
155 114
155 49
155 143
155 189
179 184
179 172
179 69
179 73
179 101
179 114
179 177
179 189
189 69
189 114
110 115
115 190
115 37
143 88
143 146
143 190
143 177
167 37
146 184
146 24
146 32
146 83
146 88
146 120
146 12
146 30
146 106
146 114
146 172
146 186
146 190
184 5
184 24
184 32
184 42
184 49
184 88
184 106
184 172
190 5
190 32
190 83
190 88
190 120
190 172
5 24
5 83
5 88
5 120
5 172
5 188
24 12
24 83
24 88
24 106
24 114
24 120
32 42
32 49
32 88
32 101
32 172
32 186
42 120
42 49
42 106
49 83
49 120
49 172
49 101
49 12
49 106
88 172
106 172
106 12
172 83
172 120
83 30
83 186
120 188
114 69
114 73
114 186
101 186
186 69
30 177
37 39
