458
492
509
354
562
444
484
451
338
54
371
235
470
289
527
628
580
460
590
299
394
127
641
547
306
690
447
620
328
222
159
449
481
498
543
583
489
415
650
315
558
268
591
372
112
544
302
40
85
469
206
309
584
166
411
49
567
487
241
430
356
526
401
181
251
219
581
452
341
331
57
621
176
64
243
406
194
675
126
391
296
316
245
410
173
522
403
540
286
288
258
413
224
212
376
399
566
179
535
366
351
582
557
210
337
704
244
521
0
666
488
265
327
687
347
247
196
611
387
203
217
311
577
252
664
381
681
105
636
295
193
462
645
152
145
322
329
89
350
536
128
572
476
541
573
576
429
623
357
349
260
585
440
325
560
646
143
284
427
307
571
50
332
537
579
122
82
494
20
627
441
466
520
242
125
455
552
472
500
250
457
424
622
515
592
283
336
419
533
607
505
31
422
630
170
379
501
563
496
133
389
281
510
684
66
667
513
661
264
19
3
701
273
319
534
564
276
240
559
688
601
609
710
28
205
416
396
343
480
670
364
362
599
201
293
632
518
479
291
699
180
81
680
344
285
555
197
303
428
324
397
446
275
161
407
617
153
596
266
642
436
261
589
668
654
300
221
208
301
232
363
434
333
48
218
575
140
516
41
124
248
211
612
216
290
75
42
109
656
602
195
190
550
84
342
374
435
233
649
532
392
147
639
542
648
624
220
677
200
696
174
384
554
398
317
474
412
587
461
326
471
234
12
523
633
453
409
320
246
358
659
465
514
503
45
282
353
146
188
318
637
192
553
495
405
618
605
464
438
207
665
600
619
162
177
442
698
168
348
165
658
597
606
593
335
703
529
545
339
352
483
437
267
531
454
610
530
643
546
255
468
134
586
312
79
663
229
519
669
367
556
588
35
270
615
426
631
370
154
304
603
418
321
178
377
59
683
136
456
561
287
706
634
263
274
594
676
504
404
368
230
565
568
72
185
346
478
365
279
239
574
614
695
86
67
420
305
314
475
313
662
672
408
231
382
613
24
58
254
292
549
55
679
626
129
425
187
608
97
237
360
386
63
225
482
671
155
655
678
345
380
308
445
551
369
570
228
383
578
340
395
507
473
160
467
359
400
493
199
635
157
310
538
491
450
497
183
595
227
528
524
334
27
638
390
18
172
657
10
414
421
123
439
517
156
17
417
253
548
189
647
90
490
651
117
62
249
138
257
604
77
238
16
361
705
202
598
485
506
539
402
423
131
186
459
56
477
323
223
463
137
378
167
508
78
385
640
502
511
269
569
158
512
625
169
499
486
213
660
388
