0 2
0 3
0 8
0 10
0 11
0 14
0 15
0 16
0 26
0 31
0 32
1 3
1 4
1 7
1 9
1 12
1 14
1 17
1 18
1 20
1 21
1 22
1 23
1 24
1 26
1 27
1 28
1 29
1 30
1 31
1 34
2 3
2 5
2 7
2 9
2 10
2 14
2 16
2 25
2 30
2 31
3 5
3 11
3 14
3 15
3 16
3 25
3 32
3 33
4 6
4 8
4 9
4 12
4 17
4 20
4 21
4 22
4 24
4 27
4 28
4 29
4 30
4 31
4 34
5 9
5 10
5 11
5 14
5 16
5 17
5 19
5 23
5 25
5 31
5 32
5 33
6 7
6 8
6 9
6 11
6 13
6 18
6 20
6 21
6 22
6 24
6 27
6 28
6 29
6 30
6 31
6 33
7 8
7 9
7 12
7 13
7 18
7 20
7 21
7 22
7 25
7 28
7 29
7 30
7 31
7 33
8 9
8 12
8 13
8 17
8 18
8 19
8 20
8 21
8 22
8 23
8 24
8 26
8 28
8 29
8 30
8 31
8 34
9 12
9 17
9 18
9 20
9 21
9 22
9 23
9 24
9 25
9 27
9 29
9 30
9 33
9 34
10 11
10 14
10 15
10 16
10 32
11 14
11 15
11 16
11 32
12 14
12 17
12 20
12 21
12 22
12 24
12 27
12 28
12 29
12 31
12 33
12 34
13 17
13 18
13 21
13 22
13 28
13 31
13 33
14 15
14 16
14 25
14 32
14 33
14 34
15 16
15 32
16 18
16 19
16 25
16 26
16 32
16 33
17 18
17 19
17 20
17 21
17 22
17 24
17 26
17 28
17 31
17 33
17 34
18 20
18 21
18 22
18 28
18 29
19 23
19 24
19 26
19 33
20 21
20 22
20 28
20 29
20 30
21 22
21 28
21 29
21 30
21 31
21 33
22 24
22 25
22 26
22 27
22 28
22 29
22 30
22 31
22 33
22 34
23 26
24 27
24 28
24 29
24 30
24 31
24 33
24 34
25 26
25 31
26 27
26 32
27 30
27 34
28 29
28 30
28 31
28 33
28 34
29 30
29 31
29 33
29 34
30 31
30 33
30 34
31 32
31 33
31 34
33 34
