0 11
0 12
0 15
0 23
0 30
0 40
0 43
0 48
0 53
0 54
0 57
0 59
1 7
1 13
1 19
1 20
1 24
1 28
1 30
1 33
1 40
1 41
1 46
1 50
1 51
1 52
1 59
1 61
1 63
1 64
1 66
2 4
2 6
2 17
2 22
2 29
2 34
2 37
2 39
2 45
2 62
3 6
3 10
3 22
3 34
3 39
3 45
3 51
3 62
3 67
4 6
4 10
4 17
4 19
4 29
4 34
4 37
4 43
4 45
4 49
4 62
4 67
5 7
5 12
5 13
5 19
5 30
5 33
5 36
5 41
5 46
5 50
5 56
5 59
5 66
6 10
6 17
6 29
6 39
6 45
6 46
6 49
6 62
6 67
7 12
7 13
7 19
7 20
7 23
7 27
7 28
7 30
7 33
7 36
7 40
7 41
7 46
7 50
7 51
7 52
7 53
7 55
7 56
7 62
7 64
7 66
8 9
8 21
8 26
8 38
8 57
8 60
8 64
9 26
9 32
9 37
9 60
9 64
10 15
10 17
10 21
10 29
10 34
10 37
10 39
10 43
10 45
10 49
10 62
10 67
11 12
11 14
11 15
11 40
11 53
12 13
12 15
12 18
12 23
12 30
12 40
12 48
12 53
12 54
12 57
12 59
12 63
13 15
13 19
13 24
13 28
13 33
13 36
13 40
13 41
13 45
13 46
13 50
13 51
13 52
13 54
13 56
13 57
13 59
13 63
13 66
14 16
14 27
14 31
14 55
14 61
15 18
15 24
15 33
15 36
15 42
15 46
15 48
15 52
15 53
15 54
15 57
15 59
15 66
16 27
16 31
16 35
16 43
16 55
16 61
16 67
17 22
17 33
17 37
17 43
17 45
17 46
17 49
17 62
18 23
18 42
18 53
18 54
18 63
19 20
19 24
19 28
19 30
19 33
19 36
19 40
19 41
19 46
19 50
19 51
19 52
19 58
19 63
19 66
20 28
20 33
20 36
20 40
20 41
20 46
20 50
20 51
20 52
20 56
20 58
20 63
20 66
21 26
21 47
21 64
22 29
22 34
22 39
22 43
22 45
22 49
22 62
22 67
23 30
23 48
23 54
23 57
23 59
24 33
24 36
24 38
24 46
24 54
24 59
24 63
24 66
25 26
25 32
25 47
25 65
26 57
26 60
26 64
27 31
27 35
27 39
27 61
28 30
28 33
28 36
28 40
28 41
28 46
28 50
28 52
28 56
28 66
29 37
29 39
29 43
29 45
29 49
29 50
29 62
29 67
30 33
30 36
30 40
30 41
30 46
30 50
30 52
30 56
30 66
31 35
31 44
31 55
31 61
31 62
32 47
32 64
32 65
33 36
33 40
33 41
33 46
33 50
33 51
33 52
33 58
33 63
33 66
34 37
34 39
34 43
34 44
34 45
34 59
34 62
34 67
35 51
35 61
36 40
36 41
36 46
36 50
36 51
36 52
36 56
36 59
36 64
36 66
37 43
37 44
37 45
37 49
37 67
38 43
38 49
38 57
39 43
39 45
39 47
40 41
40 46
40 48
40 50
40 51
40 52
40 53
40 56
40 59
40 63
40 66
41 46
41 50
41 51
41 52
41 56
41 63
41 66
42 53
42 54
42 57
43 62
43 67
44 45
44 62
45 49
45 62
45 67
46 48
46 50
46 51
46 52
46 56
46 59
46 66
47 60
47 64
47 65
48 51
48 53
48 54
48 57
48 59
49 62
49 67
50 51
50 52
50 56
50 59
50 63
50 66
51 52
51 58
51 63
51 66
52 56
52 63
52 66
53 54
53 57
53 59
54 57
54 63
55 61
55 65
56 66
57 59
58 66
59 63
60 64
60 65
62 67
63 66
64 67
66 67
