0 39
0 55
0 86
0 106
0 145
0 188
0 191
0 200
0 221
0 229
0 250
0 258
0 264
0 278
0 279
0 307
0 429
0 447
0 517
0 546
1 25
1 31
1 61
1 100
1 171
1 316
1 358
1 399
1 464
1 493
1 509
1 538
2 25
2 167
2 225
2 320
2 334
2 351
2 356
2 373
2 392
2 400
2 440
2 459
3 37
3 62
3 87
3 132
3 220
3 239
3 241
3 262
3 271
3 346
3 351
3 424
3 477
3 492
3 493
3 544
4 83
4 259
4 358
4 411
4 437
4 445
4 546
5 7
5 41
5 90
5 172
5 184
5 246
5 262
5 278
5 286
5 309
5 408
5 490
5 493
5 557
6 524
6 563
7 99
7 103
7 109
7 129
7 141
7 175
7 183
7 301
7 337
7 351
7 376
7 410
7 426
7 433
7 454
7 477
7 489
7 490
7 493
7 497
8 120
8 156
8 194
8 295
8 539
9 31
9 61
9 220
9 248
9 287
9 367
9 427
9 528
9 538
10 248
10 267
10 351
10 356
10 373
10 385
11 167
11 225
11 351
11 389
11 392
11 416
12 76
12 97
12 125
12 248
12 268
12 277
12 281
12 365
12 502
12 539
13 84
14 108
14 139
14 160
14 538
15 291
15 312
15 313
15 358
15 410
15 443
15 523
15 541
16 83
16 152
16 374
16 446
17 37
17 62
17 141
17 159
17 220
17 241
17 337
17 381
17 424
17 454
17 477
17 492
17 494
17 562
18 77
18 98
18 125
18 142
18 194
18 212
18 215
18 245
18 299
18 338
18 353
18 377
18 383
18 441
18 458
18 526
18 541
18 542
19 39
19 185
19 221
19 273
19 282
19 331
19 349
19 393
19 474
19 481
19 558
20 73
20 189
20 191
20 213
20 337
20 395
20 454
20 477
20 480
20 488
20 517
21 36
21 59
21 67
21 133
21 255
21 302
21 360
21 441
21 515
21 536
21 541
22 36
22 84
22 134
22 202
22 205
22 247
22 276
22 295
22 318
23 121
23 222
23 314
23 357
23 444
23 498
23 564
24 37
24 62
24 66
24 141
24 241
24 307
24 325
24 424
24 454
24 477
24 492
24 562
25 45
25 73
25 94
25 136
25 137
25 162
25 168
25 169
25 225
25 320
25 338
25 351
25 392
25 405
25 493
25 562
26 162
26 169
26 267
26 338
26 402
26 414
26 458
26 512
27 44
27 185
27 270
27 283
27 305
27 344
27 419
27 517
27 548
27 565
28 63
28 560
29 242
29 289
29 349
29 369
29 403
29 419
29 473
29 488
29 495
29 511
30 68
30 134
30 182
30 233
30 245
30 296
30 339
30 373
30 374
31 254
31 388
31 398
31 460
31 555
32 45
32 60
32 135
32 340
32 548
33 78
33 124
33 201
33 326
33 390
33 467
33 535
33 539
34 82
34 159
34 188
34 203
34 237
34 311
34 315
34 355
34 375
34 440
34 544
35 399
36 67
36 115
36 144
36 205
36 247
36 552
37 62
37 98
37 159
37 218
37 220
37 241
37 271
37 341
37 351
37 375
37 382
37 410
37 424
37 477
37 492
37 493
38 69
38 196
38 248
38 292
38 436
38 494
38 530
39 42
39 95
39 148
39 185
39 186
39 211
39 221
39 273
39 307
39 349
39 511
39 517
39 532
39 541
40 98
40 291
40 377
40 470
40 479
40 541
41 58
41 90
41 100
41 172
41 184
41 188
41 246
41 258
41 262
41 278
41 286
41 292
41 309
41 341
41 346
41 375
41 395
41 404
41 408
41 447
41 490
41 498
41 518
41 545
41 551
41 557
41 558
42 169
42 186
42 200
42 251
42 283
42 310
42 349
42 403
42 417
42 438
43 62
43 154
43 239
43 271
43 280
43 298
43 358
43 375
43 388
43 450
43 523
43 531
43 556
44 251
44 273
44 343
44 349
44 396
44 419
44 495
44 499
44 532
44 533
44 565
45 46
45 60
45 69
45 137
45 231
45 236
45 285
45 321
45 494
46 54
46 60
46 69
46 135
46 136
46 150
46 171
46 236
46 270
46 303
46 317
46 340
46 395
46 402
46 414
46 428
46 548
47 88
47 225
47 459
47 489
48 124
48 155
48 161
48 281
48 487
49 166
49 436
49 451
49 538
50 206
50 214
50 221
50 282
50 324
50 340
50 392
50 500
51 121
51 129
51 235
51 300
51 301
51 395
51 452
51 557
52 144
52 205
52 247
52 276
52 422
52 462
53 141
53 337
53 477
53 525
54 60
54 77
54 162
54 340
54 517
55 145
55 191
55 349
55 495
55 511
55 564
56 68
56 93
56 367
56 431
57 126
57 484
58 373
58 395
58 441
58 446
58 458
59 255
59 302
59 536
60 75
60 77
60 81
60 86
60 136
60 137
60 153
60 157
60 162
60 213
60 260
60 303
60 336
60 338
60 383
60 412
60 414
60 470
60 476
60 501
60 512
60 517
60 542
60 550
61 115
61 238
61 392
61 400
61 410
61 416
61 451
61 459
61 549
62 66
62 104
62 132
62 141
62 152
62 198
62 220
62 241
62 245
62 248
62 258
62 262
62 271
62 272
62 309
62 325
62 366
62 382
62 395
62 424
62 477
62 492
62 544
62 545
63 65
63 199
63 494
63 553
64 78
64 91
64 326
64 390
64 402
64 435
65 79
65 110
65 116
65 158
65 159
65 163
65 199
65 203
65 218
65 280
65 296
65 319
65 330
65 374
65 405
65 519
65 540
65 553
65 558
66 180
66 407
66 525
67 274
67 494
67 523
68 73
68 79
68 92
68 102
68 108
68 182
68 189
68 196
68 220
68 233
68 234
68 245
68 255
68 315
68 334
68 339
68 356
68 374
68 397
68 496
69 77
69 81
69 150
69 157
69 193
69 236
69 258
69 310
69 327
69 334
69 396
69 414
69 446
69 494
69 558
70 114
70 178
70 238
70 351
70 362
70 410
71 128
71 214
71 269
71 396
72 158
72 203
72 384
72 538
72 547
73 82
73 114
73 117
73 129
73 141
73 163
73 177
73 188
73 209
73 213
73 217
73 248
73 256
73 259
73 272
73 289
73 338
73 345
73 356
73 359
73 367
73 379
73 384
73 414
73 419
73 425
73 428
73 440
73 441
73 447
73 458
73 482
73 508
73 527
73 531
73 547
74 180
74 181
74 311
74 372
74 386
75 83
75 350
76 91
76 116
76 171
76 277
76 316
76 326
76 329
76 373
76 386
76 402
76 502
76 527
76 534
77 135
77 150
77 158
77 162
77 171
77 230
77 243
77 284
77 316
77 340
77 346
77 402
77 414
78 96
78 124
78 149
78 177
78 201
78 345
78 365
78 467
79 108
79 110
79 116
79 196
79 199
79 234
79 248
79 339
79 355
79 362
79 373
79 374
79 434
79 451
79 469
79 496
79 512
79 550
80 173
80 258
80 406
80 502
81 137
81 150
81 260
81 336
81 340
81 380
81 414
82 171
82 215
82 259
82 267
82 316
82 338
82 353
82 458
82 512
82 527
82 531
82 542
83 180
83 340
83 366
83 501
83 538
83 558
85 99
85 103
85 109
85 129
85 300
85 301
85 309
85 367
85 395
85 448
85 456
85 545
86 162
86 207
86 321
86 338
86 340
86 396
86 415
86 419
86 437
86 484
86 517
86 533
86 550
86 565
87 424
87 492
88 168
88 351
89 306
89 354
89 395
89 433
89 520
89 545
90 99
90 172
90 184
90 246
90 272
90 278
90 286
90 292
90 309
90 351
90 357
90 387
90 404
90 408
90 490
90 518
90 545
90 557
91 240
91 277
91 329
91 345
91 364
91 427
91 535
91 554
92 163
92 362
92 512
93 315
93 514
93 529
94 317
94 351
94 385
94 477
94 493
94 504
94 562
95 105
95 148
95 185
95 186
95 221
95 242
95 267
95 273
95 310
95 349
95 403
95 428
95 474
95 565
96 124
96 201
96 231
96 248
96 365
96 467
96 485
96 496
97 173
97 181
97 265
97 281
97 311
97 372
97 386
97 502
97 505
98 197
98 291
99 103
99 109
99 151
99 183
99 301
99 367
99 433
99 456
99 489
100 117
100 121
100 129
100 152
100 191
100 441
100 476
100 559
101 147
101 297
101 360
101 449
101 515
101 556
102 110
102 114
102 119
102 166
102 196
102 210
102 238
102 296
102 321
102 352
102 425
102 493
102 540
103 105
103 109
103 183
103 218
103 266
103 301
103 321
103 354
103 367
103 415
103 433
103 448
103 456
103 489
103 497
103 520
103 527
103 551
104 110
104 191
104 271
104 343
104 511
104 516
104 551
104 564
105 116
105 127
105 153
105 191
105 207
105 218
105 237
105 249
105 266
105 269
105 289
105 361
105 394
105 413
105 414
105 415
105 418
105 419
105 437
105 476
105 481
105 484
105 488
105 509
105 538
105 546
105 555
106 191
106 229
106 250
106 258
106 264
106 369
106 429
107 212
107 254
107 280
107 312
107 355
107 388
108 120
108 224
108 234
108 339
108 393
109 151
109 183
109 242
109 289
109 301
109 367
109 410
109 448
109 456
110 190
110 199
110 233
110 254
110 277
110 319
110 330
110 398
110 402
110 405
110 519
110 540
110 553
111 222
111 258
111 262
111 314
111 342
111 357
111 387
111 498
112 175
112 189
112 221
112 258
112 287
112 321
112 394
112 484
113 176
113 223
113 308
113 323
113 449
113 510
113 536
114 129
114 138
114 150
114 154
114 199
114 237
114 238
114 248
114 257
114 269
114 315
114 320
114 350
114 353
114 358
114 373
114 395
114 419
114 446
114 450
114 466
114 525
114 545
115 120
115 169
115 197
115 262
115 377
115 470
115 471
115 472
115 482
115 526
115 541
116 138
116 163
116 166
116 171
116 192
116 204
116 205
116 218
116 255
116 256
116 333
116 346
116 353
116 362
116 374
116 376
116 378
116 395
116 400
116 402
116 414
116 437
116 485
117 165
117 174
117 184
117 258
117 272
117 309
117 357
117 376
117 433
117 451
118 275
118 350
119 210
120 194
120 441
120 472
120 479
120 482
120 526
121 180
121 188
121 220
121 245
121 312
121 314
121 342
121 357
121 367
121 370
121 444
121 490
121 531
121 551
121 557
121 563
122 200
122 236
122 393
122 446
122 474
123 463
123 501
123 513
124 181
124 201
124 326
124 390
124 467
125 127
125 173
125 194
125 245
125 299
125 332
125 364
125 365
125 378
125 383
125 441
125 471
125 472
125 482
125 535
125 539
125 541
125 554
126 153
126 185
126 191
126 283
126 322
126 398
126 415
126 447
126 481
126 488
126 517
127 166
127 171
127 217
127 218
127 219
127 414
127 528
127 547
128 284
128 415
128 547
129 237
129 292
129 367
129 376
129 387
129 395
129 448
129 452
129 458
130 346
130 402
131 134
131 138
131 156
131 401
131 410
132 220
132 407
133 147
133 198
133 297
133 360
133 515
133 536
134 163
134 169
134 259
134 284
134 295
134 401
134 402
135 136
135 137
135 336
136 137
136 162
136 517
136 542
137 157
137 162
137 260
137 270
137 285
137 305
137 317
137 338
137 414
137 428
137 512
137 517
137 546
138 160
138 166
138 230
138 248
138 257
138 303
138 353
138 365
138 398
138 401
138 432
138 485
138 502
139 159
139 237
139 374
139 453
140 153
140 393
140 418
141 152
141 241
141 407
141 477
141 480
141 493
141 510
141 525
141 562
142 472
142 527
143 163
143 401
143 487
144 147
144 297
144 556
146 294
146 346
147 297
147 360
147 410
147 515
147 556
148 186
148 253
148 273
148 310
148 354
148 403
148 565
149 158
149 390
149 527
149 554
150 157
150 260
150 317
150 336
150 340
150 380
150 493
150 562
151 183
151 286
151 301
151 343
151 354
151 456
152 241
152 454
152 477
152 527
152 562
153 163
153 221
153 242
153 249
153 266
153 273
153 283
153 289
153 312
153 340
153 344
153 349
153 369
153 393
153 398
153 415
153 418
153 428
153 429
153 473
153 484
153 488
153 511
153 551
154 291
154 298
155 173
155 277
155 364
155 467
155 502
155 539
155 554
156 451
156 468
156 538
156 558
157 285
157 494
158 160
158 163
158 166
158 171
158 236
158 267
158 379
158 402
158 411
158 414
158 456
158 484
158 494
158 502
159 163
159 166
159 196
159 203
159 217
159 218
159 237
159 287
159 334
159 355
159 364
159 374
159 414
159 415
159 440
159 441
159 446
159 460
159 485
159 535
160 171
160 205
160 414
161 177
161 197
161 277
161 329
161 333
161 487
161 554
162 267
162 340
162 413
162 414
162 458
162 517
162 542
163 237
163 295
163 320
163 358
163 384
163 401
163 415
163 419
163 427
163 428
163 493
163 494
163 528
164 293
164 539
165 174
165 288
165 357
165 367
165 375
165 486
166 169
166 203
166 205
166 238
166 373
166 402
166 436
166 450
166 494
166 549
167 225
167 389
167 392
167 400
168 262
168 351
168 356
168 385
168 460
168 493
169 171
169 215
169 247
169 267
169 338
169 340
169 392
169 416
169 421
169 438
169 458
169 493
169 512
169 517
169 542
169 550
170 291
170 358
170 545
171 217
171 256
171 316
171 338
171 346
171 353
171 355
171 373
171 402
171 458
171 494
171 542
171 547
172 184
172 246
172 278
172 286
172 309
172 408
172 490
172 518
172 557
173 181
173 195
173 364
173 386
173 435
173 502
173 539
174 188
174 220
174 292
174 404
175 197
175 198
175 288
176 223
176 423
176 449
176 478
176 491
176 544
177 181
177 277
177 329
177 333
177 427
177 487
178 243
178 319
179 460
180 240
180 258
180 279
180 301
180 326
180 366
180 378
180 395
180 423
180 447
180 538
180 558
181 195
181 277
181 281
181 311
181 345
181 372
181 386
181 502
182 189
182 237
182 296
182 315
183 367
183 409
183 456
184 235
184 246
184 262
184 278
184 286
184 300
184 309
184 314
184 408
184 466
184 490
184 518
184 557
185 186
185 211
185 221
185 273
185 282
185 298
185 349
185 419
185 481
185 517
185 532
185 565
186 235
186 251
186 273
186 283
186 310
186 369
186 403
186 417
186 419
186 517
187 351
187 392
187 398
187 400
187 459
188 258
188 285
188 367
188 370
188 375
188 381
188 440
188 536
188 544
188 555
189 191
189 220
189 255
189 259
189 322
189 356
189 367
189 383
189 413
189 415
189 420
189 441
189 446
189 458
189 476
190 210
191 200
191 221
191 229
191 250
191 258
191 259
191 264
191 266
191 269
191 275
191 280
191 283
191 289
191 344
191 349
191 351
191 361
191 367
191 369
191 378
191 393
191 394
191 396
191 410
191 413
191 415
191 419
191 427
191 428
191 429
191 437
191 447
191 473
191 480
191 484
191 488
191 493
191 517
191 531
191 532
191 550
191 551
192 216
192 235
192 256
192 271
192 284
192 347
192 433
192 440
192 545
192 547
192 559
194 245
194 259
194 295
194 299
194 377
194 383
194 441
194 457
194 471
194 482
194 541
195 277
195 311
195 386
195 502
196 220
196 227
196 233
196 257
196 334
196 362
196 366
196 374
196 379
196 425
197 291
197 324
197 441
197 479
197 482
198 239
198 253
198 366
198 491
198 536
199 240
199 280
199 312
199 319
199 330
199 356
199 381
199 405
199 493
199 551
200 258
200 259
200 287
200 378
200 388
200 413
200 418
200 438
200 440
200 476
200 528
201 365
201 467
202 205
202 370
202 425
202 431
202 450
202 462
203 218
203 237
203 248
203 257
203 258
203 267
203 283
203 333
203 355
203 374
203 400
203 440
203 441
203 485
203 502
203 529
204 307
204 340
204 350
204 366
204 414
204 446
204 501
204 508
204 538
205 240
205 247
205 280
205 373
205 400
205 450
205 462
205 538
205 549
205 552
206 214
207 321
207 415
207 437
207 484
208 227
209 255
209 259
209 304
209 363
209 373
209 420
209 441
209 445
209 485
209 531
210 397
210 493
210 496
210 509
211 221
211 289
211 369
211 473
211 511
211 517
211 551
212 254
212 312
212 377
212 388
212 472
212 479
212 526
213 266
213 283
213 369
213 412
213 419
213 480
213 488
213 546
214 349
214 392
214 396
214 481
214 565
215 217
215 267
215 316
215 338
215 353
215 355
215 426
215 458
215 512
215 542
215 550
216 235
216 237
216 253
216 259
216 288
216 331
216 347
216 363
216 547
217 219
217 230
217 316
217 319
217 342
217 352
217 379
217 402
217 427
217 436
217 494
217 528
217 542
218 241
218 262
218 327
218 332
218 346
218 355
218 357
218 361
218 374
218 395
218 402
218 466
218 545
219 233
219 257
219 356
219 501
219 522
219 528
220 233
220 271
220 315
220 325
220 334
220 339
220 356
220 363
220 367
220 373
220 382
220 427
220 434
220 440
220 441
220 454
220 477
220 492
220 510
220 531
220 562
221 273
221 283
221 289
221 344
221 349
221 361
221 369
221 393
221 403
221 473
221 474
221 481
221 517
221 532
221 564
222 342
222 357
222 444
222 498
223 308
223 323
223 423
223 449
223 478
223 544
223 551
224 233
224 397
224 434
225 320
225 351
225 356
225 389
225 392
225 400
225 459
225 493
225 516
226 240
226 267
226 338
226 394
226 509
226 510
226 512
226 548
227 245
228 245
228 479
229 250
229 254
229 264
229 429
230 280
230 287
230 346
230 358
230 418
230 485
230 522
231 248
231 249
231 260
231 365
231 397
231 419
231 485
231 496
232 453
233 248
233 299
233 334
233 359
233 373
233 381
233 427
233 434
233 436
233 440
234 295
234 318
234 397
234 410
235 253
235 256
235 288
235 331
235 347
235 349
235 361
235 378
235 538
236 248
236 260
236 270
236 305
236 340
236 548
237 255
237 258
237 315
237 334
237 374
237 376
237 400
237 414
237 420
237 436
237 440
237 441
237 446
237 450
237 451
237 458
237 492
237 501
237 502
237 519
237 528
237 531
237 534
238 389
238 400
238 421
238 425
239 334
239 338
239 491
239 544
240 280
240 353
240 376
240 378
240 416
240 529
240 560
241 271
241 382
241 407
241 424
241 454
241 477
241 492
241 510
241 562
242 289
242 371
242 444
244 299
244 334
244 335
244 339
244 374
244 519
245 262
245 299
245 332
245 341
245 352
245 377
245 383
245 434
245 441
245 470
245 471
245 479
245 482
245 518
245 519
245 541
246 278
246 286
246 309
246 408
246 490
246 557
247 421
247 450
248 257
248 290
248 294
248 326
248 353
248 365
248 367
248 373
248 381
248 436
248 485
248 496
248 509
248 528
248 544
248 547
249 415
249 437
250 340
250 517
250 533
251 310
251 396
251 403
251 419
251 495
251 532
251 533
252 397
252 494
253 260
253 288
253 453
253 509
253 536
253 558
254 269
254 312
254 352
254 361
254 388
254 483
255 257
255 315
255 460
255 492
255 541
256 316
256 346
256 347
256 384
256 402
256 547
257 280
257 290
257 398
257 485
257 494
257 512
258 269
258 277
258 287
258 301
258 309
258 312
258 344
258 356
258 366
258 367
258 378
258 381
258 386
258 419
258 420
258 423
258 440
258 450
258 456
258 460
258 508
258 513
258 548
258 561
258 563
259 269
259 295
259 304
259 338
259 346
259 356
259 363
259 373
259 393
259 413
259 420
259 440
259 441
259 445
259 458
259 488
259 508
259 527
259 528
259 529
259 531
259 546
259 550
260 336
260 340
260 351
260 356
260 380
260 383
260 493
261 282
261 303
261 305
261 463
261 474
261 499
262 272
262 276
262 309
262 367
262 387
262 395
262 444
262 460
262 486
262 490
262 493
262 497
262 498
262 518
262 545
262 557
263 368
263 375
263 453
265 502
266 289
266 321
266 383
266 393
266 396
266 402
266 415
266 419
266 433
266 532
267 316
267 338
267 382
267 428
267 458
267 512
267 517
267 542
269 287
269 328
269 375
269 396
269 484
269 550
269 565
270 544
270 548
271 272
271 357
271 375
271 395
271 410
271 424
271 492
271 545
272 300
272 309
272 314
272 346
272 357
272 376
272 382
272 391
272 395
272 404
272 424
272 452
272 456
272 492
272 545
273 310
273 343
273 349
273 396
273 403
273 429
273 488
273 495
273 517
273 532
274 523
274 560
275 480
276 422
277 311
277 326
277 329
277 333
277 345
277 364
277 365
277 386
277 390
277 410
277 487
277 493
277 502
277 534
277 539
278 286
278 309
278 408
278 490
278 557
279 388
279 438
280 283
280 334
280 344
280 356
280 362
280 367
280 370
280 373
280 376
280 379
280 381
280 400
280 402
280 469
280 473
280 485
280 490
282 303
282 324
282 349
282 415
282 499
282 503
283 289
283 344
283 349
283 361
283 393
283 396
283 402
283 403
283 419
283 476
283 480
283 481
283 517
283 532
284 402
284 440
284 482
284 494
284 541
284 547
285 321
286 309
286 408
286 490
286 557
287 315
287 338
287 356
287 363
287 366
287 395
287 420
287 434
287 563
288 347
288 518
288 545
289 312
289 344
289 369
289 393
289 396
289 403
289 415
289 419
289 428
289 484
289 511
289 565
290 359
290 373
290 485
290 503
290 538
291 541
292 301
292 309
292 334
292 357
292 404
292 452
292 466
292 497
292 563
293 362
293 379
293 425
293 427
293 479
293 553
294 296
294 334
294 339
294 397
294 451
294 494
295 318
295 330
295 401
296 352
297 360
297 410
297 515
297 556
297 558
298 449
298 523
298 537
299 334
299 383
299 441
299 471
299 482
299 541
300 306
300 309
300 314
300 381
300 395
300 433
300 456
300 479
300 545
300 557
301 351
301 366
301 367
301 410
301 433
301 448
301 456
301 489
301 497
302 360
302 434
302 551
303 305
303 499
303 503
304 373
304 401
304 464
304 550
305 349
305 419
305 499
305 548
305 565
306 354
306 409
306 433
306 520
306 545
307 402
307 437
307 558
309 314
309 334
309 395
309 404
309 408
309 433
309 466
309 490
309 518
309 527
309 538
309 545
309 557
310 403
310 417
311 372
311 386
311 530
312 388
312 446
312 479
312 526
313 451
314 342
314 346
314 357
314 376
314 387
314 402
314 498
314 507
314 557
315 427
315 434
315 494
316 338
316 353
316 379
316 411
316 418
316 458
317 351
317 428
317 499
317 548
317 562
318 320
318 493
319 330
319 493
319 519
319 540
320 428
320 488
320 562
321 344
321 369
321 393
321 394
321 415
321 437
321 488
321 533
322 427
323 423
323 478
325 477
325 480
325 492
325 509
326 333
326 364
326 365
326 390
326 535
326 539
327 409
328 396
328 512
329 333
329 430
329 435
330 339
330 405
330 540
331 369
331 383
331 412
331 480
331 488
331 517
332 373
332 383
332 441
332 526
332 538
333 365
333 390
333 434
333 435
333 436
333 487
333 502
333 509
333 535
333 538
333 555
334 339
334 356
334 362
334 434
334 439
334 492
334 493
334 494
334 540
335 405
335 506
336 340
336 380
336 493
337 454
337 477
337 562
338 340
338 353
338 355
338 424
338 458
338 512
338 517
338 527
338 542
338 550
339 370
339 373
339 374
339 531
339 561
340 474
340 511
340 517
340 521
340 542
340 550
341 452
341 470
342 498
342 507
343 396
343 495
343 511
343 517
343 532
343 558
344 367
344 369
344 415
344 419
344 481
344 495
344 499
344 532
344 565
345 390
346 357
346 402
346 411
346 492
346 514
346 545
347 490
348 457
348 469
349 403
349 429
349 481
349 488
349 499
349 517
349 564
349 565
350 446
351 356
351 385
351 433
351 446
351 456
351 493
351 504
351 523
351 548
351 562
352 373
352 379
352 410
352 427
353 355
353 388
353 458
353 527
353 542
354 395
354 409
354 433
354 520
354 545
355 373
355 384
355 402
355 440
355 458
355 542
356 366
356 368
356 373
356 400
356 415
356 427
356 458
356 459
356 460
356 493
356 562
357 382
357 395
357 447
357 456
358 402
358 460
359 373
360 515
360 536
360 556
361 476
361 517
361 546
362 374
363 367
363 373
363 440
363 445
363 531
364 434
364 442
364 502
364 534
364 539
365 496
366 378
366 395
366 447
366 518
366 562
367 375
367 381
367 382
367 395
367 420
367 433
367 440
367 448
367 456
367 458
367 469
367 490
367 531
367 544
367 563
368 453
368 493
369 393
369 403
369 419
369 427
369 488
369 511
369 551
370 462
372 386
372 502
373 381
373 393
373 395
373 427
373 431
373 440
373 441
373 445
373 454
373 458
373 522
373 529
373 531
373 550
374 453
374 496
374 519
375 393
375 398
375 440
375 477
375 555
376 387
376 456
376 490
376 557
377 383
377 441
377 472
377 482
377 526
377 539
377 541
378 447
379 425
379 451
380 493
380 560
380 562
381 425
382 395
382 424
382 477
382 492
382 493
383 433
383 436
383 441
383 471
383 482
383 488
383 508
383 513
383 541
383 546
384 441
384 458
384 482
384 531
384 547
385 493
385 504
386 502
387 395
387 444
387 557
388 555
389 392
389 400
390 467
390 535
390 554
391 436
392 400
392 416
392 543
393 402
393 419
393 429
393 488
393 517
394 415
394 455
394 484
395 420
395 433
395 448
395 456
395 466
395 490
395 492
395 531
395 545
396 410
396 419
396 484
396 517
396 532
398 485
398 528
398 540
400 410
400 416
400 459
400 483
400 538
400 543
402 411
402 418
402 482
402 484
402 485
402 493
402 508
402 509
402 514
402 528
402 547
403 417
403 473
403 511
404 418
404 447
404 490
404 518
404 557
405 410
405 496
405 519
405 540
405 553
406 538
407 477
407 510
408 490
408 518
408 557
409 433
409 516
409 520
410 428
410 562
410 565
411 547
411 558
411 559
413 415
413 458
413 484
413 533
413 551
414 494
414 501
414 546
415 437
415 438
415 458
415 476
415 484
415 488
415 493
415 533
415 562
415 565
416 459
418 433
418 494
419 481
419 484
419 494
419 509
419 517
419 533
419 546
419 555
419 565
420 438
420 512
420 559
422 489
423 443
423 478
423 510
423 537
423 544
423 551
424 458
424 492
425 462
426 542
427 458
428 455
428 493
428 499
428 511
429 532
431 462
432 558
432 564
433 447
433 456
433 497
433 520
433 545
434 435
435 493
435 501
436 441
436 558
437 533
437 538
438 447
438 475
438 484
440 446
440 458
440 531
440 544
441 458
441 466
441 471
441 482
441 526
441 531
441 538
441 541
442 502
442 530
443 478
443 537
443 541
444 498
444 507
445 446
445 447
445 531
445 538
445 558
446 501
446 508
446 513
446 551
446 558
447 518
447 538
448 456
448 545
448 563
450 551
451 469
451 529
451 544
452 516
452 557
454 480
454 492
454 562
456 497
456 545
456 557
458 512
458 517
458 531
458 542
458 550
459 483
459 494
459 543
460 493
460 509
460 523
460 541
460 544
461 496
461 561
462 549
465 501
465 508
466 490
466 497
467 539
469 522
470 472
470 479
471 482
471 541
472 482
472 526
473 511
474 551
474 565
476 484
476 564
477 480
477 492
477 493
477 525
477 551
477 562
478 541
478 544
479 526
479 540
479 541
480 494
480 563
481 517
481 532
481 565
482 526
483 494
483 543
484 488
484 517
485 494
485 496
485 528
487 539
488 509
488 517
488 546
488 565
490 518
490 557
490 562
491 537
492 562
493 504
493 512
493 540
493 562
494 543
495 532
495 564
497 545
498 507
499 565
500 521
501 508
501 509
501 513
501 527
502 505
502 538
503 504
508 513
508 524
509 528
509 545
509 555
509 557
510 551
511 517
512 517
512 541
512 542
512 550
513 524
513 551
517 524
517 532
517 542
517 550
518 557
521 527
526 541
527 531
531 544
531 546
531 547
534 558
535 539
538 560
545 557
546 550
551 555
551 557
551 563
