77
76
308
183
51
140
72
274
142
34
135
191
233
22
189
217
73
260
199
129
89
182
227
32
160
255
173
85
148
1
1
227
242
59
269
223
227
316
170
76
183
142
216
256
135
97
115
43
138
260
96
120
108
50
10
8
50
68
300
113
106
145
272
152
260
272
104
200
172
269
8
182
50
78
97
269
188
256
15
263
39
26
50
256
65
62
142
216
55
197
50
200
205
138
83
105
86
216
56
133
182
124
22
205
22
303
123
227
116
2
72
25
269
143
9
260
50
117
119
72
256
74
45
260
191
125
56
19
181
182
227
160
260
50
85
51
50
50
271
251
50
174
200
272
270
119
10
16
269
300
119
272
62
182
256
182
8
38
162
91
256
137
62
