41
274
240
302
281
238
139
361
288
148
347
120
178
221
125
8
215
273
241
108
50
30
296
40
236
372
39
230
116
206
174
42
97
327
368
124
293
72
209
291
284
322
75
213
239
49
242
21
3
33
31
329
69
254
45
172
10
159
306
374
267
126
317
179
128
70
373
271
38
216
11
375
115
233
51
95
15
286
245
168
307
287
4
363
67
78
328
53
94
335
204
326
54
222
177
169
265
275
121
270
122
118
377
321
173
14
219
160
127
80
35
369
161
166
217
266
23
292
214
103
318
76
220
243
255
77
52
92
106
268
46
235
378
140
68
223
74
231
376
348
71
155
25
32
211
9
93
29
323
269
149
218
175
289
349
247
20
350
226
212
319
98
176
232
256
228
34
150
162
210
320
336
224
325
167
66
123
44
248
290
79
370
237
96
12
7
227
22
276
