114
132
365
24
231
75
128
92
266
239
201
13
218
66
196
150
193
130
279
194
18
312
199
290
144
359
86
112
121
274
23
120
292
202
4
9
131
22
85
30
261
27
286
49
99
0
320
19
297
80
71
175
149
91
280
29
262
287
360
249
111
127
276
235
158
259
43
322
68
53
219
203
45
14
349
83
366
317
123
197
346
65
327
89
17
90
125
54
232
60
260
238
15
72
104
20
32
105
152
141
207
257
118
171
70
230
170
100
167
50
5
275
244
169
269
115
142
46
236
101
293
237
21
153
16
143
67
364
28
220
267
247
250
76
41
310
26
55
368
84
248
113
164
135
109
116
253
313
102
88
204
195
256
93
94
176
129
126
12
372
103
200
148
79
198
348
363
97
110
25
329
98
324
216
81
51
69
78
323
367
82
44
377
245
3
42
302
319
108
