114
43
223
256
75
148
180
267
206
36
225
108
83
59
184
37
42
270
178
49
152
91
187
258
102
38
134
24
198
160
281
137
186
19
196
220
157
139
14
45
128
94
265
97
197
166
113
183
234
145
87
156
238
176
53
217
22
269
169
259
118
233
100
214
151
199
268
110
285
70
209
318
138
10
65
193
215
266
76
211
48
93
86
115
213
279
71
95
219
205
82
191
203
309
54
263
104
240
90
260
185
243
182
194
154
17
60
239
150
26
284
192
20
149
13
34
313
314
126
283
0
11
88
271
144
262
74
162
236
12
195
23
51
123
124
56
131
228
72
171
140
264
16
275
146
245
89
58
280
246
47
85
304
2
62
122
96
212
61
55
207
201
33
