0 19
0 56
0 61
0 67
0 94
0 99
0 109
0 123
0 158
0 162
0 178
0 224
0 228
0 241
0 256
0 266
0 299
0 329
0 342
0 405
0 419
0 421
0 435
0 447
0 464
1 6
1 9
1 12
1 14
1 23
1 45
1 56
1 62
1 70
1 82
1 89
1 97
1 113
1 115
1 154
1 160
1 163
1 164
1 168
1 176
1 188
1 189
1 192
1 209
1 211
1 217
1 218
1 227
1 257
1 281
1 288
1 294
1 303
1 329
1 342
1 358
1 365
1 373
1 383
1 391
1 398
1 405
1 406
1 411
1 419
1 421
1 424
1 430
1 435
1 447
1 450
1 454
1 457
1 467
1 477
1 484
1 485
1 489
2 28
2 60
2 219
2 292
2 317
2 383
2 404
2 458
2 468
3 21
3 116
3 125
3 183
3 213
3 295
3 309
3 332
3 334
3 356
3 362
3 481
4 35
4 41
4 68
4 78
4 81
4 104
4 106
4 130
4 131
4 133
4 140
4 200
4 225
4 230
4 302
4 308
4 311
4 324
4 327
4 380
4 394
4 451
4 458
4 461
4 486
5 95
5 118
5 135
5 182
5 195
5 239
5 278
5 296
5 337
5 370
5 426
5 444
5 445
5 456
5 497
6 9
6 10
6 12
6 14
6 23
6 56
6 67
6 70
6 82
6 97
6 113
6 115
6 154
6 160
6 163
6 164
6 168
6 176
6 188
6 189
6 192
6 209
6 215
6 216
6 217
6 218
6 224
6 227
6 260
6 281
6 288
6 294
6 303
6 320
6 329
6 338
6 352
6 358
6 365
6 373
6 383
6 391
6 405
6 406
6 419
6 421
6 424
6 430
6 435
6 447
6 450
6 454
6 463
6 464
6 467
6 477
6 485
6 487
6 489
6 494
7 31
7 42
7 53
7 61
7 65
7 66
7 73
7 76
7 93
7 144
7 157
7 164
7 167
7 168
7 173
7 224
7 229
7 236
7 249
7 252
7 264
7 285
7 366
7 373
7 387
7 399
7 418
7 429
7 436
7 437
7 446
7 469
7 474
7 480
7 483
7 490
8 18
8 108
8 190
8 193
8 212
8 251
8 262
8 293
8 307
8 367
8 384
8 453
8 478
9 10
9 12
9 23
9 45
9 56
9 61
9 62
9 67
9 70
9 82
9 94
9 97
9 99
9 113
9 124
9 154
9 158
9 160
9 163
9 168
9 178
9 189
9 192
9 198
9 209
9 211
9 215
9 216
9 217
9 224
9 227
9 232
9 241
9 256
9 260
9 281
9 294
9 303
9 329
9 330
9 338
9 340
9 342
9 358
9 365
9 373
9 383
9 388
9 391
9 405
9 406
9 414
9 418
9 419
9 421
9 424
9 430
9 435
9 437
9 447
9 450
9 454
9 457
9 464
9 467
9 477
9 484
9 485
9 487
9 489
9 494
10 14
10 23
10 31
10 40
10 45
10 49
10 53
10 56
10 61
10 67
10 70
10 76
10 93
10 97
10 99
10 113
10 137
10 145
10 154
10 160
10 164
10 166
10 168
10 189
10 209
10 215
10 216
10 217
10 218
10 221
10 224
10 229
10 236
10 256
10 260
10 288
10 329
10 338
10 340
10 349
10 358
10 365
10 373
10 378
10 383
10 387
10 388
10 391
10 396
10 405
10 406
10 414
10 418
10 419
10 424
10 435
10 436
10 437
10 440
10 447
10 454
10 463
10 467
10 469
10 485
10 487
10 489
10 494
11 20
11 59
11 107
11 114
11 146
11 181
11 197
11 205
11 234
11 253
11 268
11 276
11 291
11 301
11 321
11 326
11 339
11 344
11 369
11 382
11 400
11 410
11 433
11 434
11 465
11 492
12 45
12 56
12 67
12 70
12 82
12 94
12 97
12 102
12 115
12 123
12 154
12 158
12 163
12 189
12 192
12 198
12 209
12 211
12 215
12 216
12 217
12 224
12 227
12 241
12 256
12 281
12 288
12 294
12 329
12 338
12 358
12 373
12 391
12 405
12 406
12 419
12 424
12 430
12 435
12 447
12 454
12 463
12 464
12 477
12 484
12 485
12 487
12 489
12 494
13 24
13 32
13 179
13 267
13 272
14 23
14 45
14 56
14 70
14 82
14 97
14 154
14 160
14 168
14 176
14 189
14 192
14 209
14 211
14 215
14 217
14 227
14 256
14 257
14 281
14 288
14 303
14 320
14 358
14 373
14 406
14 411
14 419
14 424
14 430
14 435
14 450
14 454
14 477
14 484
14 485
15 19
15 34
15 54
15 70
15 79
15 84
15 102
15 109
15 113
15 123
15 124
15 142
15 151
15 158
15 162
15 163
15 196
15 209
15 232
15 241
15 244
15 254
15 255
15 266
15 299
15 322
15 328
15 359
15 368
15 374
15 419
15 454
15 484
16 185
16 325
17 30
17 96
17 116
17 117
17 125
17 159
17 175
17 204
17 248
17 273
17 295
17 331
17 332
17 360
17 404
17 449
18 81
18 108
18 190
18 193
18 212
18 251
18 259
18 262
18 293
18 307
18 367
18 384
18 453
18 478
19 34
19 54
19 64
19 79
19 84
19 94
19 99
19 102
19 109
19 113
19 123
19 124
19 129
19 142
19 151
19 158
19 162
19 177
19 178
19 189
19 196
19 209
19 219
19 232
19 241
19 244
19 250
19 254
19 255
19 256
19 266
19 299
19 322
19 328
19 342
19 359
19 368
19 374
19 405
19 419
19 435
19 447
19 477
19 484
19 501
20 24
20 32
20 47
20 57
20 86
20 107
20 114
20 134
20 170
20 171
20 179
20 181
20 191
20 197
20 206
20 207
20 233
20 245
20 258
20 267
20 268
20 272
20 276
20 277
20 291
20 301
20 315
20 316
20 321
20 326
20 336
20 339
20 353
20 382
20 401
20 402
20 407
20 410
20 431
20 433
20 476
21 116
21 125
21 183
21 213
21 295
21 309
21 332
21 334
21 356
21 362
21 481
22 310
22 472
23 45
23 56
23 70
23 82
23 97
23 154
23 160
23 163
23 164
23 168
23 176
23 188
23 189
23 192
23 209
23 211
23 215
23 217
23 227
23 256
23 257
23 260
23 281
23 288
23 329
23 338
23 358
23 365
23 373
23 383
23 406
23 411
23 419
23 424
23 430
23 435
23 450
23 454
23 467
23 484
23 485
23 487
23 489
23 495
24 32
24 47
24 57
24 59
24 63
24 80
24 86
24 107
24 120
24 134
24 170
24 171
24 179
24 181
24 191
24 197
24 206
24 207
24 233
24 245
24 258
24 267
24 268
24 272
24 276
24 277
24 315
24 316
24 321
24 326
24 336
24 339
24 353
24 382
24 401
24 402
24 407
24 431
24 433
24 476
25 44
25 74
25 75
25 132
25 235
25 281
25 313
25 318
25 341
25 364
25 390
25 392
25 438
25 500
26 72
26 77
26 101
26 111
26 147
26 148
26 152
26 185
26 203
26 210
26 231
26 240
26 261
26 265
26 284
26 325
26 335
26 350
26 351
26 372
26 413
26 470
26 475
26 488
27 64
27 142
27 151
27 219
27 244
27 255
28 50
28 60
28 133
28 274
29 84
29 99
29 109
29 123
29 124
29 142
29 158
29 189
29 209
29 232
29 241
29 254
29 299
29 322
29 374
29 419
29 464
29 495
29 501
30 96
30 117
30 204
30 248
30 273
30 404
31 42
31 53
31 61
31 65
31 73
31 76
31 93
31 127
31 144
31 157
31 164
31 167
31 168
31 173
31 224
31 228
31 236
31 249
31 252
31 287
31 366
31 373
31 387
31 388
31 399
31 418
31 429
31 436
31 437
31 446
31 467
31 469
31 474
31 483
31 487
32 80
32 86
32 107
32 171
32 179
32 245
32 267
32 272
32 276
32 277
32 321
32 353
32 402
32 431
32 433
33 39
33 141
33 165
33 187
33 223
33 280
33 337
33 426
33 427
34 64
34 84
34 102
34 109
34 142
34 151
34 196
34 241
34 244
34 359
34 368
34 374
34 419
35 41
35 68
35 78
35 81
35 108
35 130
35 131
35 133
35 140
35 200
35 225
35 230
35 311
35 324
35 367
35 380
35 394
35 451
35 453
35 458
35 461
35 486
36 94
36 99
36 124
36 177
36 256
36 405
37 40
37 128
37 168
37 184
37 201
37 226
37 389
37 419
37 485
38 83
38 116
38 125
38 174
38 183
38 295
38 312
38 323
38 332
38 334
38 403
38 416
38 423
38 459
38 493
39 141
39 159
39 165
39 187
39 223
39 337
39 426
39 427
40 92
40 164
40 166
40 168
40 224
40 260
40 373
40 485
41 68
41 78
41 81
41 130
41 131
41 133
41 140
41 200
41 225
41 230
41 311
41 324
41 367
41 380
41 451
41 453
41 458
41 461
41 486
42 53
42 61
42 65
42 67
42 73
42 76
42 93
42 144
42 157
42 164
42 168
42 173
42 224
42 228
42 236
42 249
42 252
42 253
42 264
42 285
42 373
42 387
42 399
42 418
42 429
42 436
42 437
42 446
42 469
42 474
42 480
42 483
43 122
43 128
43 138
43 199
43 226
43 246
43 275
43 289
43 297
43 355
43 389
43 415
43 428
43 482
44 74
44 75
44 132
44 235
44 294
44 313
44 318
44 341
44 364
44 390
44 392
44 438
44 500
45 56
45 67
45 70
45 82
45 97
45 99
45 113
45 142
45 151
45 154
45 160
45 163
45 164
45 168
45 176
45 188
45 189
45 192
45 209
45 211
45 215
45 216
45 217
45 227
45 241
45 256
45 260
45 281
45 294
45 303
45 329
45 340
45 342
45 358
45 359
45 373
45 405
45 406
45 419
45 421
45 424
45 430
45 435
45 447
45 450
45 454
45 464
45 467
45 477
45 484
45 485
45 494
46 153
46 159
46 283
46 290
47 107
47 114
47 181
47 197
47 206
47 276
47 321
47 326
47 339
47 382
47 401
47 433
47 455
48 253
49 67
49 110
49 126
49 145
49 224
49 279
49 343
49 349
49 419
49 421
49 447
49 463
49 464
50 60
50 274
50 317
50 352
50 377
51 52
51 452
52 95
52 161
52 296
52 333
52 370
52 452
52 473
53 61
53 67
53 70
53 76
53 94
53 97
53 99
53 124
53 127
53 137
53 144
53 158
53 164
53 168
53 173
53 178
53 224
53 228
53 229
53 236
53 241
53 252
53 299
53 329
53 373
53 378
53 387
53 391
53 396
53 399
53 405
53 418
53 419
53 429
53 436
53 437
53 447
53 469
53 472
53 483
53 484
53 487
54 64
54 84
54 99
54 102
54 109
54 113
54 123
54 124
54 142
54 151
54 162
54 163
54 178
54 196
54 209
54 219
54 232
54 241
54 244
54 254
54 255
54 256
54 266
54 299
54 322
54 328
54 342
54 359
54 368
54 374
54 405
54 419
54 421
54 477
54 484
55 107
55 145
55 260
55 282
55 343
55 345
55 349
55 414
55 496
56 61
56 62
56 67
56 70
56 82
56 91
56 97
56 99
56 102
56 113
56 115
56 123
56 126
56 129
56 142
56 154
56 160
56 163
56 164
56 166
56 168
56 176
56 188
56 189
56 192
56 209
56 211
56 215
56 216
56 217
56 218
56 224
56 227
56 241
56 256
56 257
56 260
56 279
56 281
56 288
56 294
56 303
56 320
56 329
56 338
56 340
56 342
56 358
56 365
56 373
56 374
56 383
56 388
56 391
56 405
56 406
56 414
56 418
56 419
56 421
56 424
56 430
56 435
56 447
56 450
56 454
56 457
56 463
56 464
56 467
56 477
56 484
56 485
56 487
56 489
56 494
57 134
57 145
57 170
57 191
57 197
57 206
57 207
57 233
57 258
57 268
57 315
57 316
57 321
57 401
57 407
57 425
57 466
58 105
58 172
59 197
59 205
59 234
59 253
59 268
59 276
59 291
59 301
59 321
59 339
59 369
59 382
59 410
59 433
59 434
59 465
59 492
60 274
60 292
61 65
61 66
61 67
61 73
61 76
61 93
61 97
61 99
61 113
61 123
61 124
61 127
61 144
61 154
61 157
61 158
61 160
61 163
61 164
61 167
61 168
61 173
61 178
61 224
61 228
61 232
61 236
61 241
61 249
61 252
61 253
61 256
61 260
61 264
61 266
61 287
61 349
61 358
61 366
61 373
61 383
61 387
61 391
61 399
61 405
61 418
61 419
61 429
61 436
61 437
61 443
61 446
61 462
61 463
61 464
61 467
61 469
61 472
61 474
61 477
61 480
61 483
61 487
62 82
62 154
62 198
62 209
62 340
62 342
62 406
62 419
62 435
62 447
62 457
62 467
62 477
63 134
63 170
63 179
63 191
63 197
63 207
63 401
63 425
63 433
64 99
64 102
64 142
64 151
64 184
64 196
64 209
64 219
64 244
64 255
64 342
64 359
64 368
64 374
64 419
65 66
65 73
65 76
65 93
65 100
65 144
65 157
65 167
65 168
65 173
65 224
65 229
65 236
65 252
65 264
65 285
65 387
65 396
65 399
65 418
65 429
65 436
65 437
65 446
65 474
65 480
65 483
65 490
66 73
66 76
66 93
66 100
66 157
66 167
66 173
66 236
66 252
66 264
66 366
66 387
66 399
66 418
66 429
66 436
66 437
66 446
66 474
66 480
66 483
67 70
67 91
67 97
67 99
67 113
67 145
67 149
67 160
67 164
67 166
67 168
67 209
67 215
67 217
67 221
67 224
67 228
67 236
67 241
67 256
67 260
67 281
67 288
67 329
67 343
67 358
67 365
67 373
67 378
67 385
67 387
67 388
67 391
67 397
67 405
67 412
67 414
67 418
67 419
67 421
67 422
67 435
67 436
67 439
67 443
67 462
67 463
67 464
67 477
67 485
67 487
67 496
68 78
68 81
68 130
68 131
68 133
68 140
68 200
68 225
68 230
68 311
68 324
68 380
68 394
68 451
68 458
68 461
68 486
69 172
69 186
69 208
69 222
69 242
69 263
69 305
69 306
69 375
69 387
69 420
70 82
70 89
70 97
70 102
70 113
70 115
70 142
70 154
70 160
70 163
70 164
70 168
70 176
70 177
70 184
70 188
70 189
70 192
70 196
70 209
70 211
70 215
70 216
70 217
70 218
70 224
70 227
70 256
70 257
70 260
70 281
70 288
70 294
70 299
70 303
70 320
70 329
70 338
70 342
70 358
70 365
70 373
70 383
70 388
70 391
70 405
70 406
70 411
70 419
70 421
70 424
70 430
70 435
70 447
70 450
70 454
70 457
70 464
70 467
70 477
70 484
70 485
70 489
70 494
71 172
71 186
71 208
71 242
71 263
71 305
71 306
71 375
71 420
72 77
72 101
72 111
72 147
72 148
72 152
72 185
72 203
72 210
72 231
72 240
72 261
72 265
72 284
72 325
72 335
72 346
72 350
72 351
72 372
72 413
72 414
72 470
72 475
72 488
73 76
73 93
73 144
73 157
73 167
73 168
73 173
73 229
73 236
73 249
73 252
73 264
73 366
73 373
73 387
73 399
73 418
73 429
73 436
73 437
73 446
73 474
73 480
73 483
73 490
74 75
74 132
74 235
74 281
74 313
74 318
74 341
74 364
74 390
74 392
74 438
74 500
75 132
75 235
75 313
75 318
75 341
75 390
75 392
75 438
75 479
75 500
76 93
76 144
76 157
76 164
76 167
76 168
76 173
76 224
76 236
76 238
76 249
76 252
76 264
76 287
76 366
76 373
76 387
76 396
76 399
76 418
76 429
76 436
76 437
76 446
76 469
76 474
76 480
76 483
76 490
77 101
77 111
77 147
77 148
77 152
77 185
77 203
77 210
77 231
77 240
77 261
77 265
77 284
77 325
77 335
77 350
77 351
77 372
77 413
77 414
77 470
77 475
77 488
78 81
78 130
78 131
78 133
78 140
78 200
78 225
78 230
78 311
78 324
78 367
78 380
78 394
78 451
78 458
78 461
78 486
79 84
79 123
79 142
79 177
79 241
79 266
79 328
79 374
80 85
80 86
80 107
80 171
80 267
80 272
80 277
80 289
80 417
81 108
81 130
81 131
81 133
81 140
81 200
81 225
81 230
81 311
81 324
81 367
81 380
81 394
81 451
81 453
81 458
81 461
81 486
82 89
82 91
82 97
82 113
82 115
82 139
82 154
82 160
82 163
82 164
82 166
82 168
82 176
82 184
82 188
82 189
82 192
82 198
82 209
82 211
82 215
82 216
82 217
82 218
82 224
82 227
82 256
82 260
82 281
82 286
82 288
82 294
82 303
82 320
82 329
82 338
82 342
82 358
82 365
82 373
82 383
82 391
82 398
82 405
82 406
82 411
82 414
82 419
82 421
82 424
82 430
82 435
82 447
82 450
82 454
82 457
82 462
82 463
82 464
82 467
82 477
82 484
82 485
82 487
82 489
82 494
83 116
83 125
83 174
83 183
83 295
83 312
83 323
83 332
83 334
83 370
83 403
83 416
83 423
83 459
83 493
84 99
84 102
84 109
84 123
84 124
84 129
84 142
84 151
84 158
84 162
84 177
84 178
84 196
84 209
84 232
84 241
84 244
84 250
84 254
84 255
84 256
84 266
84 299
84 322
84 328
84 359
84 374
84 405
84 419
84 464
84 501
85 289
85 352
85 442
85 471
86 107
86 171
86 179
86 245
86 267
86 272
86 277
86 321
86 353
86 402
86 431
86 433
87 317
88 119
88 150
88 271
88 298
88 357
88 491
88 499
89 189
89 211
89 227
89 358
89 406
89 411
89 424
89 450
89 467
89 485
90 134
90 170
90 197
90 206
90 258
90 268
90 321
90 371
90 401
90 407
90 433
90 476
91 97
91 113
91 154
91 189
91 209
91 217
91 224
91 227
91 260
91 281
91 342
91 358
91 365
91 373
91 383
91 419
91 430
91 435
91 454
91 463
91 464
91 467
91 494
92 201
92 485
93 100
93 144
93 157
93 164
93 167
93 168
93 173
93 224
93 229
93 236
93 238
93 252
93 264
93 285
93 366
93 373
93 387
93 396
93 399
93 418
93 429
93 436
93 437
93 446
93 469
93 474
93 480
93 483
93 490
94 99
94 123
94 124
94 162
94 163
94 178
94 189
94 209
94 228
94 232
94 241
94 256
94 281
94 299
94 322
94 365
94 391
94 405
94 419
94 421
94 435
94 464
95 118
95 135
95 182
95 195
95 202
95 239
95 247
95 278
95 296
95 323
95 333
95 337
95 370
95 426
95 444
95 445
95 452
95 456
95 473
95 497
96 116
96 117
96 125
96 159
96 175
96 204
96 248
96 273
96 295
96 331
96 332
96 360
96 404
96 449
97 113
97 115
97 126
97 154
97 160
97 163
97 164
97 168
97 176
97 189
97 192
97 198
97 209
97 211
97 215
97 216
97 217
97 218
97 224
97 227
97 241
97 256
97 260
97 281
97 286
97 288
97 294
97 303
97 329
97 338
97 340
97 342
97 358
97 365
97 373
97 383
97 388
97 391
97 405
97 406
97 411
97 414
97 418
97 419
97 421
97 424
97 430
97 435
97 439
97 447
97 450
97 454
97 457
97 463
97 464
97 467
97 477
97 484
97 485
97 487
97 489
97 494
98 155
98 270
98 348
99 102
99 123
99 124
99 142
99 151
99 158
99 160
99 162
99 164
99 168
99 177
99 178
99 189
99 209
99 215
99 224
99 232
99 241
99 253
99 254
99 256
99 260
99 266
99 279
99 281
99 299
99 322
99 328
99 338
99 342
99 349
99 359
99 373
99 374
99 379
99 405
99 419
99 447
99 460
99 463
99 464
99 484
99 485
99 487
99 489
99 494
99 496
100 157
100 252
100 399
100 446
100 480
100 483
101 111
101 147
101 148
101 152
101 185
101 203
101 210
101 231
101 240
101 261
101 265
101 284
101 325
101 335
101 350
101 351
101 372
101 413
101 414
101 470
101 475
101 488
102 123
102 124
102 129
102 142
102 151
102 158
102 177
102 178
102 196
102 209
102 232
102 241
102 244
102 256
102 266
102 299
102 322
102 329
102 359
102 373
102 374
102 405
102 419
102 421
102 454
102 460
102 464
103 149
103 300
103 314
103 385
103 397
103 422
103 443
104 106
104 302
104 308
104 327
105 283
106 302
106 308
106 327
107 171
107 179
107 181
107 197
107 234
107 260
107 267
107 268
107 272
107 276
107 277
107 282
107 289
107 301
107 321
107 326
107 339
107 343
107 345
107 349
107 353
107 369
107 402
107 417
107 431
107 433
107 496
108 130
108 190
108 193
108 212
108 251
108 259
108 262
108 293
108 307
108 324
108 367
108 384
108 453
108 478
109 123
109 124
109 129
109 142
109 151
109 158
109 162
109 177
109 178
109 209
109 228
109 232
109 241
109 244
109 254
109 266
109 299
109 322
109 328
109 359
109 374
109 419
109 501
110 126
110 163
110 279
110 361
110 391
110 457
111 147
111 148
111 152
111 185
111 203
111 210
111 231
111 240
111 261
111 265
111 284
111 325
111 335
111 350
111 351
111 372
111 413
111 470
111 475
111 488
112 144
112 157
112 237
112 429
112 483
112 490
113 115
113 124
113 142
113 154
113 158
113 160
113 163
113 166
113 168
113 176
113 184
113 188
113 189
113 192
113 196
113 209
113 211
113 217
113 218
113 227
113 256
113 260
113 281
113 294
113 299
113 303
113 329
113 342
113 358
113 359
113 373
113 374
113 383
113 388
113 391
113 405
113 406
113 414
113 418
113 419
113 421
113 424
113 430
113 435
113 439
113 447
113 450
113 454
113 457
113 463
113 467
113 477
113 484
113 485
113 487
113 489
113 494
114 134
114 179
114 181
114 197
114 206
114 258
114 268
114 276
114 301
114 315
114 321
114 326
114 339
114 382
114 401
114 407
114 433
114 455
114 476
115 123
115 154
115 158
115 163
115 168
115 189
115 192
115 209
115 211
115 216
115 224
115 227
115 241
115 256
115 281
115 294
115 303
115 329
115 358
115 365
115 373
115 379
115 383
115 405
115 406
115 419
115 421
115 424
115 435
115 447
115 454
115 464
115 477
115 484
115 485
115 489
115 494
116 117
116 125
116 159
116 174
116 175
116 183
116 204
116 213
116 248
116 273
116 295
116 309
116 312
116 323
116 331
116 332
116 334
116 356
116 360
116 362
116 403
116 404
116 416
116 423
116 449
116 481
116 493
117 125
117 159
117 175
117 204
117 248
117 273
117 295
117 331
117 332
117 360
117 404
117 449
118 135
118 182
118 195
118 239
118 278
118 296
118 333
118 337
118 370
118 426
118 444
118 445
118 456
118 473
118 497
119 150
119 271
119 298
119 357
119 491
119 499
120 134
120 179
120 197
120 206
120 268
120 321
120 401
120 433
121 136
121 143
121 368
121 432
121 498
122 128
122 138
122 199
122 226
122 246
122 275
122 289
122 297
122 355
122 389
122 415
122 428
122 482
123 124
123 129
123 142
123 151
123 158
123 162
123 177
123 178
123 209
123 228
123 232
123 241
123 244
123 250
123 254
123 266
123 299
123 322
123 328
123 359
123 374
123 405
123 419
123 435
123 454
123 460
123 464
123 477
123 501
124 129
124 142
124 151
124 158
124 162
124 163
124 177
124 178
124 189
124 209
124 228
124 232
124 241
124 244
124 254
124 256
124 266
124 299
124 322
124 328
124 329
124 365
124 374
124 405
124 419
124 447
124 454
124 464
124 501
125 159
125 174
125 175
125 183
125 204
125 213
125 248
125 273
125 295
125 309
125 312
125 323
125 332
125 334
125 356
125 360
125 403
125 404
125 416
125 423
125 449
125 459
125 493
126 189
126 279
126 373
126 464
126 485
127 164
127 168
127 224
127 241
127 249
127 412
127 463
127 472
127 487
128 199
128 226
128 246
128 275
128 289
128 297
128 355
128 389
128 415
128 428
128 482
129 151
129 158
129 162
129 178
129 232
129 241
129 254
129 266
129 299
129 328
129 359
129 374
129 501
130 131
130 133
130 140
130 200
130 225
130 230
130 311
130 324
130 367
130 380
130 394
130 451
130 458
130 461
130 486
131 133
131 140
131 200
131 225
131 230
131 311
131 324
131 380
131 394
131 451
131 458
131 461
131 486
132 235
132 313
132 318
132 341
132 364
132 390
132 392
132 438
132 500
133 140
133 200
133 225
133 230
133 311
133 324
133 367
133 380
133 394
133 451
133 458
133 461
133 486
134 170
134 179
134 181
134 191
134 197
134 206
134 207
134 233
134 258
134 268
134 276
134 315
134 316
134 321
134 326
134 339
134 371
134 401
134 407
134 433
134 466
134 476
135 161
135 182
135 195
135 239
135 278
135 296
135 333
135 337
135 370
135 408
135 426
135 444
135 445
135 456
135 473
135 497
136 143
136 186
136 247
136 408
136 432
136 498
137 378
137 471
138 275
138 297
138 428
139 184
139 216
139 383
139 419
139 454
140 200
140 225
140 230
140 311
140 324
140 367
140 380
140 394
140 451
140 458
140 461
140 486
141 165
141 187
141 223
141 337
141 426
141 427
142 151
142 158
142 162
142 163
142 177
142 178
142 184
142 189
142 196
142 209
142 219
142 232
142 241
142 244
142 250
142 254
142 255
142 256
142 266
142 299
142 322
142 328
142 342
142 359
142 368
142 374
142 379
142 405
142 419
142 421
142 435
142 447
142 454
142 464
142 501
143 161
143 432
143 498
144 157
144 167
144 173
144 236
144 237
144 252
144 387
144 399
144 418
144 429
144 436
144 437
144 446
144 480
144 483
144 490
145 158
145 170
145 191
145 207
145 224
145 233
145 241
145 253
145 269
145 316
145 343
145 345
145 349
145 363
145 401
145 425
145 466
145 472
145 496
146 197
146 205
146 234
146 268
146 291
146 301
146 400
146 434
146 465
147 148
147 152
147 185
147 203
147 210
147 231
147 240
147 261
147 265
147 284
147 325
147 335
147 346
147 350
147 351
147 372
147 413
147 470
147 475
147 488
148 152
148 185
148 203
148 210
148 231
148 240
148 261
148 265
148 284
148 325
148 335
148 350
148 351
148 372
148 413
148 414
148 470
148 475
148 488
149 300
149 314
149 385
149 397
149 422
149 443
149 448
149 462
150 271
150 298
150 357
150 385
150 397
150 443
150 491
150 499
151 158
151 162
151 196
151 232
151 241
151 244
151 254
151 255
151 266
151 299
151 322
151 328
151 342
151 359
151 368
151 374
151 405
151 419
151 464
152 185
152 203
152 210
152 231
152 240
152 261
152 265
152 284
152 325
152 335
152 350
152 351
152 372
152 413
152 470
152 475
152 488
153 159
153 247
153 283
153 290
153 370
153 408
153 452
154 160
154 163
154 168
154 176
154 184
154 188
154 189
154 192
154 198
154 209
154 211
154 215
154 216
154 217
154 218
154 224
154 227
154 241
154 256
154 260
154 281
154 288
154 294
154 303
154 329
154 338
154 340
154 342
154 358
154 365
154 373
154 379
154 383
154 388
154 391
154 405
154 406
154 414
154 419
154 421
154 424
154 430
154 435
154 447
154 450
154 454
154 457
154 463
154 464
154 467
154 477
154 484
154 485
154 487
154 489
154 494
155 202
155 270
155 348
155 395
155 408
156 386
156 468
157 164
157 167
157 173
157 229
157 236
157 237
157 252
157 264
157 285
157 387
157 396
157 399
157 418
157 429
157 436
157 437
157 446
157 474
157 480
157 483
157 490
158 162
158 178
158 189
158 209
158 224
158 228
158 232
158 241
158 254
158 256
158 266
158 299
158 322
158 328
158 329
158 359
158 374
158 405
158 419
158 421
158 435
158 437
158 454
158 462
158 464
158 472
158 477
158 501
159 175
159 204
159 223
159 248
159 273
159 283
159 290
159 332
159 337
159 360
159 404
160 163
160 164
160 168
160 176
160 188
160 189
160 192
160 209
160 211
160 215
160 216
160 217
160 218
160 221
160 224
160 227
160 253
160 256
160 257
160 260
160 281
160 294
160 303
160 320
160 329
160 338
160 342
160 349
160 358
160 373
160 383
160 388
160 391
160 405
160 406
160 414
160 419
160 421
160 424
160 430
160 435
160 447
160 450
160 454
160 457
160 467
160 477
160 484
160 485
160 487
160 489
160 494
160 496
161 296
161 333
161 403
161 432
161 452
162 163
162 177
162 178
162 228
162 232
162 241
162 244
162 254
162 266
162 299
162 322
162 328
162 374
162 405
162 419
162 464
162 501
163 164
163 168
163 176
163 177
163 184
163 188
163 189
163 192
163 198
163 209
163 211
163 215
163 216
163 217
163 218
163 224
163 227
163 241
163 256
163 257
163 260
163 281
163 286
163 288
163 294
163 303
163 329
163 338
163 342
163 358
163 365
163 373
163 383
163 391
163 405
163 406
163 411
163 419
163 421
163 424
163 430
163 435
163 439
163 447
163 450
163 454
163 457
163 462
163 463
163 464
163 467
163 477
163 484
163 485
163 489
163 494
164 167
164 168
164 189
164 192
164 209
164 215
164 216
164 217
164 224
164 227
164 228
164 236
164 241
164 249
164 252
164 253
164 256
164 260
164 281
164 288
164 294
164 303
164 314
164 329
164 349
164 358
164 363
164 365
164 366
164 373
164 378
164 383
164 385
164 387
164 388
164 391
164 397
164 405
164 406
164 418
164 419
164 421
164 424
164 429
164 435
164 436
164 437
164 447
164 454
164 463
164 464
164 467
164 469
164 483
164 485
164 487
164 494
164 496
165 187
165 223
165 280
165 337
165 426
165 427
166 168
166 184
166 224
166 236
166 319
166 330
166 342
166 343
166 358
166 365
166 373
166 388
166 424
166 440
166 484
166 487
167 168
167 173
167 236
167 249
167 252
167 264
167 366
167 399
167 418
167 429
167 436
167 437
167 446
167 474
167 480
167 483
167 490
168 173
168 176
168 189
168 209
168 211
168 215
168 217
168 221
168 224
168 227
168 229
168 236
168 252
168 253
168 256
168 260
168 279
168 281
168 286
168 287
168 288
168 303
168 330
168 338
168 342
168 358
168 363
168 365
168 366
168 373
168 378
168 383
168 387
168 388
168 391
168 396
168 397
168 405
168 406
168 411
168 418
168 419
168 424
168 429
168 430
168 435
168 436
168 437
168 440
168 446
168 447
168 450
168 454
168 457
168 463
168 464
168 467
168 469
168 477
168 483
168 484
168 485
168 487
168 489
168 494
168 496
169 180
169 358
169 405
170 179
170 191
170 197
170 206
170 207
170 233
170 258
170 268
170 315
170 316
170 321
170 401
170 407
170 425
170 433
170 466
170 476
171 179
171 197
171 245
171 267
171 272
171 276
171 277
171 321
171 353
171 402
171 431
171 433
172 186
172 208
172 222
172 242
172 263
172 305
172 306
172 375
172 387
172 420
173 224
173 236
173 249
173 252
173 264
173 366
173 373
173 387
173 399
173 409
173 418
173 429
173 436
173 437
173 446
173 469
173 480
173 483
173 487
173 490
174 183
174 295
174 312
174 323
174 332
174 334
174 403
174 416
174 423
174 459
174 493
175 204
175 248
175 273
175 295
175 331
175 332
175 360
175 404
175 449
176 188
176 192
176 209
176 211
176 217
176 218
176 227
176 256
176 257
176 281
176 303
176 329
176 338
176 358
176 373
176 406
176 411
176 419
176 424
176 430
176 435
176 450
176 454
176 484
176 485
176 489
177 178
177 209
177 232
177 241
177 254
177 256
177 266
177 299
177 322
177 328
177 374
177 405
177 419
178 228
178 232
178 241
178 254
178 256
178 266
178 299
178 322
178 328
178 338
178 374
178 405
178 419
178 421
178 501
179 181
179 197
179 206
179 245
179 258
179 267
179 268
179 272
179 276
179 277
179 315
179 321
179 326
179 336
179 339
179 353
179 401
179 402
179 407
179 431
179 433
179 476
180 220
181 197
181 206
181 258
181 268
181 276
181 291
181 301
181 315
181 321
181 326
181 339
181 382
181 401
181 407
181 431
181 433
181 455
181 476
182 195
182 239
182 278
182 296
182 337
182 370
182 426
182 444
182 445
182 456
182 497
183 213
183 295
183 309
183 312
183 323
183 332
183 334
183 356
183 362
183 403
183 416
183 423
183 459
183 481
183 493
184 209
184 224
184 241
184 299
184 342
184 365
184 373
184 374
184 405
184 406
184 419
184 424
184 439
184 464
184 477
184 494
185 203
185 210
185 231
185 240
185 261
185 284
185 325
185 335
185 350
185 351
185 372
185 413
185 470
185 475
185 488
186 202
186 208
186 263
186 270
186 305
186 306
186 375
186 408
186 420
187 223
187 337
187 426
187 427
188 189
188 192
188 209
188 211
188 215
188 217
188 227
188 257
188 281
188 294
188 303
188 320
188 329
188 358
188 406
188 411
188 419
188 424
188 430
188 435
188 450
188 454
188 467
188 484
188 485
188 494
189 192
189 209
189 211
189 215
189 216
189 217
189 218
189 224
189 227
189 232
189 241
189 256
189 257
189 260
189 281
189 288
189 294
189 299
189 303
189 318
189 320
189 329
189 338
189 340
189 342
189 358
189 365
189 373
189 383
189 388
189 391
189 393
189 405
189 406
189 411
189 414
189 419
189 421
189 424
189 430
189 435
189 447
189 450
189 454
189 457
189 464
189 467
189 477
189 484
189 485
189 487
189 489
189 494
189 501
190 193
190 212
190 251
190 259
190 262
190 293
190 307
190 367
190 384
190 453
190 478
191 197
191 206
191 207
191 233
191 258
191 268
191 315
191 316
191 321
191 401
191 407
191 425
191 433
191 466
191 476
192 209
192 211
192 215
192 217
192 218
192 227
192 256
192 281
192 288
192 294
192 303
192 320
192 329
192 338
192 358
192 365
192 373
192 383
192 388
192 391
192 398
192 406
192 411
192 419
192 421
192 424
192 430
192 435
192 450
192 454
192 463
192 467
192 477
192 484
192 485
192 494
193 212
193 251
193 259
193 262
193 293
193 307
193 367
193 384
193 453
193 478
194 274
194 381
195 239
195 278
195 296
195 337
195 426
195 444
195 445
195 456
195 497
196 219
196 244
196 255
196 299
196 342
196 359
196 368
196 374
196 405
196 419
196 484
197 205
197 206
197 207
197 233
197 234
197 245
197 253
197 258
197 267
197 268
197 276
197 291
197 301
197 315
197 316
197 321
197 326
197 336
197 339
197 369
197 382
197 400
197 401
197 407
197 410
197 425
197 431
197 433
197 434
197 465
197 466
197 476
198 209
198 224
198 232
198 241
198 256
198 329
198 338
198 405
198 419
198 421
198 435
198 464
198 477
199 226
199 246
199 275
199 289
199 297
199 355
199 389
199 415
199 428
199 482
200 225
200 230
200 311
200 324
200 367
200 380
200 394
200 451
200 458
200 461
200 486
202 270
202 348
202 370
202 408
202 432
203 210
203 231
203 240
203 261
203 265
203 284
203 325
203 335
203 350
203 351
203 372
203 413
203 414
203 470
203 475
203 488
204 248
204 273
204 295
204 331
204 332
204 360
204 404
204 449
205 234
205 253
205 268
205 276
205 291
205 301
205 321
205 326
205 339
205 344
205 369
205 382
205 400
205 410
205 434
205 465
206 207
206 233
206 245
206 258
206 267
206 268
206 276
206 291
206 315
206 316
206 321
206 326
206 336
206 339
206 369
206 371
206 382
206 401
206 407
206 425
206 431
206 433
206 466
206 476
207 233
207 258
207 268
207 315
207 316
207 321
207 401
207 407
207 425
207 433
207 466
207 476
208 242
208 263
208 305
208 306
208 375
208 420
209 211
209 215
209 216
209 217
209 218
209 224
209 227
209 232
209 241
209 244
209 254
209 256
209 257
209 260
209 266
209 281
209 288
209 294
209 299
209 303
209 322
209 328
209 329
209 338
209 340
209 342
209 358
209 359
209 365
209 373
209 374
209 383
209 388
209 391
209 405
209 406
209 411
209 419
209 421
209 424
209 430
209 435
209 447
209 450
209 454
209 457
209 464
209 467
209 477
209 484
209 485
209 487
209 489
209 494
210 231
210 240
210 261
210 265
210 284
210 325
210 335
210 346
210 350
210 351
210 372
210 413
210 414
210 470
210 475
210 488
211 215
211 216
211 217
211 218
211 227
211 256
211 257
211 260
211 281
211 288
211 294
211 303
211 329
211 338
211 340
211 342
211 358
211 365
211 373
211 383
211 388
211 391
211 398
211 405
211 406
211 411
211 419
211 421
211 424
211 430
211 435
211 447
211 450
211 454
211 457
211 467
211 477
211 484
211 485
211 487
211 489
212 251
212 259
212 262
212 293
212 307
212 367
212 384
212 453
212 478
213 295
213 309
213 332
213 334
213 356
213 362
213 481
214 304
214 347
214 449
215 216
215 217
215 224
215 227
215 243
215 256
215 260
215 279
215 281
215 286
215 288
215 294
215 303
215 320
215 329
215 338
215 340
215 358
215 365
215 373
215 383
215 388
215 391
215 405
215 406
215 418
215 419
215 421
215 424
215 430
215 435
215 447
215 454
215 457
215 462
215 463
215 464
215 467
215 469
215 477
215 485
215 487
215 494
216 217
216 227
216 256
216 260
216 281
216 288
216 303
216 338
216 342
216 383
216 406
216 418
216 424
216 435
216 447
216 467
216 477
216 484
216 485
216 487
216 489
216 494
217 224
217 227
217 256
217 257
217 260
217 281
217 288
217 294
217 303
217 329
217 338
217 340
217 342
217 358
217 365
217 373
217 378
217 383
217 388
217 391
217 405
217 406
217 411
217 419
217 421
217 424
217 430
217 435
217 447
217 450
217 454
217 457
217 463
217 464
217 467
217 477
217 484
217 485
217 487
217 489
218 227
218 257
218 294
218 329
218 342
218 358
218 383
218 406
218 419
218 421
218 424
218 430
218 435
218 450
218 454
218 467
218 485
219 244
219 255
219 266
219 299
219 317
219 368
219 374
219 404
221 224
221 260
221 373
221 385
221 388
221 397
221 414
221 418
221 463
221 487
222 263
222 306
223 280
223 337
223 426
223 427
223 444
224 228
224 241
224 249
224 253
224 256
224 260
224 288
224 294
224 329
224 349
224 358
224 365
224 373
224 378
224 387
224 388
224 391
224 405
224 414
224 418
224 419
224 421
224 435
224 436
224 437
224 439
224 446
224 454
224 462
224 463
224 464
224 469
224 472
224 477
224 483
224 485
224 487
224 496
225 230
225 311
225 324
225 380
225 394
225 451
225 458
225 461
225 486
226 246
226 275
226 289
226 297
226 355
226 389
226 415
226 428
226 482
227 256
227 257
227 260
227 281
227 288
227 294
227 303
227 320
227 329
227 338
227 340
227 342
227 358
227 365
227 373
227 383
227 388
227 391
227 393
227 405
227 406
227 411
227 414
227 419
227 421
227 424
227 430
227 435
227 447
227 450
227 454
227 457
227 464
227 467
227 477
227 484
227 485
227 487
227 489
227 494
228 232
228 236
228 241
228 249
228 256
228 266
228 299
228 387
228 418
228 429
228 437
228 447
228 472
228 487
229 236
229 243
229 252
229 378
229 396
229 429
229 436
229 440
229 469
229 483
229 485
230 311
230 324
230 380
230 451
230 458
230 461
230 486
231 240
231 265
231 284
231 325
231 335
231 350
231 351
231 372
231 413
231 470
231 475
231 488
232 241
232 244
232 254
232 256
232 266
232 299
232 322
232 328
232 338
232 359
232 374
232 405
232 419
232 421
232 501
233 258
233 268
233 315
233 316
233 321
233 401
233 407
233 425
233 466
234 253
234 268
234 276
234 291
234 301
234 321
234 326
234 339
234 369
234 382
234 400
234 410
234 434
234 465
234 492
235 313
235 318
235 341
235 364
235 390
235 392
235 438
235 500
236 249
236 252
236 264
236 366
236 373
236 387
236 396
236 399
236 418
236 429
236 436
236 437
236 446
236 469
236 474
236 480
236 483
236 487
236 490
237 399
237 429
237 483
237 490
238 252
238 366
238 446
239 278
239 296
239 337
239 426
239 445
239 456
239 497
240 261
240 265
240 284
240 325
240 335
240 350
240 351
240 372
240 413
240 470
240 475
240 488
241 244
241 249
241 250
241 254
241 256
241 266
241 279
241 281
241 299
241 322
241 328
241 329
241 349
241 359
241 363
241 365
241 373
241 374
241 387
241 391
241 405
241 418
241 419
241 421
241 435
241 437
241 447
241 454
241 460
241 463
241 464
241 472
241 477
241 487
241 501
242 263
242 305
242 306
242 375
242 420
243 378
243 440
243 469
244 254
244 255
244 266
244 299
244 322
244 328
244 359
244 368
244 374
244 419
244 501
245 267
245 268
245 272
245 321
245 336
245 353
245 401
245 431
245 433
246 275
246 289
246 297
246 355
246 389
246 415
246 428
246 482
247 333
247 337
247 370
247 408
247 432
247 473
248 273
248 295
248 331
248 332
248 360
248 404
248 449
249 366
249 391
249 418
249 436
249 437
249 446
249 472
249 487
250 254
250 266
250 299
250 322
250 359
250 374
250 405
250 419
251 259
251 262
251 293
251 307
251 367
251 384
251 453
251 478
252 264
252 366
252 387
252 396
252 399
252 409
252 418
252 429
252 436
252 437
252 446
252 474
252 480
252 483
252 490
253 260
253 268
253 282
253 287
253 291
253 301
253 321
253 349
253 369
253 373
253 418
253 419
253 433
253 437
253 465
254 266
254 299
254 322
254 328
254 359
254 374
254 419
254 501
255 299
255 359
255 368
255 374
255 419
256 257
256 260
256 279
256 281
256 288
256 294
256 322
256 329
256 338
256 340
256 358
256 365
256 373
256 383
256 388
256 391
256 405
256 406
256 412
256 414
256 418
256 419
256 421
256 424
256 430
256 435
256 447
256 454
256 460
256 463
256 464
256 467
256 477
256 484
256 485
256 487
256 489
257 281
257 358
257 411
257 424
257 430
257 454
257 484
257 489
258 268
258 276
258 315
258 316
258 321
258 326
258 339
258 369
258 371
258 382
258 401
258 407
258 431
258 433
258 466
258 476
259 262
259 293
259 307
259 367
259 384
259 453
259 478
260 281
260 286
260 294
260 303
260 329
260 343
260 345
260 349
260 358
260 365
260 373
260 383
260 388
260 391
260 405
260 406
260 414
260 419
260 421
260 424
260 435
260 436
260 437
260 447
260 450
260 454
260 462
260 463
260 464
260 467
260 472
260 477
260 484
260 485
260 487
260 489
260 494
260 495
260 496
261 335
261 351
261 413
261 475
261 488
262 293
262 307
262 367
262 384
262 453
262 478
263 305
263 306
263 375
263 387
263 420
264 285
264 287
264 399
264 418
264 429
264 436
264 437
264 441
264 446
264 480
264 483
264 490
265 335
265 351
265 372
265 413
265 470
265 475
265 488
266 299
266 322
266 328
266 359
266 374
266 405
266 419
266 464
266 501
267 268
267 272
267 276
267 277
267 321
267 353
267 401
267 402
267 431
267 433
268 276
268 291
268 301
268 315
268 316
268 321
268 326
268 336
268 339
268 369
268 382
268 400
268 401
268 407
268 410
268 431
268 433
268 434
268 465
268 476
270 348
270 408
270 420
271 298
271 300
271 357
271 385
271 397
271 443
271 487
271 491
271 499
272 277
272 336
272 353
272 402
272 431
272 433
273 295
273 331
273 332
273 360
273 404
273 449
274 377
275 289
275 297
275 355
275 389
275 415
275 428
275 482
276 291
276 301
276 315
276 321
276 326
276 336
276 339
276 353
276 369
276 382
276 400
276 401
276 407
276 410
276 431
276 433
276 434
276 455
276 465
276 476
276 492
277 353
277 402
277 431
277 433
278 296
278 337
278 426
278 444
278 445
278 456
278 497
279 391
279 405
279 421
279 435
279 464
280 427
281 288
281 294
281 303
281 318
281 329
281 338
281 341
281 342
281 358
281 364
281 365
281 373
281 383
281 391
281 405
281 406
281 411
281 418
281 419
281 421
281 424
281 430
281 435
281 437
281 447
281 450
281 454
281 457
281 464
281 467
281 477
281 484
281 485
281 487
281 489
281 494
282 343
282 345
282 417
282 496
283 290
284 325
284 346
284 350
284 351
284 413
284 470
284 475
284 488
285 429
285 436
285 437
285 446
285 480
285 483
286 358
286 373
286 379
286 388
286 391
286 406
286 419
286 457
286 467
286 485
287 373
287 418
287 429
287 436
287 437
288 294
288 303
288 329
288 338
288 358
288 365
288 373
288 383
288 388
288 391
288 405
288 414
288 418
288 419
288 430
288 435
288 454
288 457
288 463
288 464
288 467
288 477
288 484
288 485
288 487
289 297
289 352
289 389
289 415
289 428
289 442
289 471
289 482
291 301
291 321
291 326
291 339
291 344
291 369
291 382
291 400
291 410
291 434
291 465
291 492
292 356
292 404
292 468
293 307
293 367
293 384
293 453
293 478
294 303
294 329
294 341
294 358
294 365
294 373
294 383
294 391
294 405
294 406
294 419
294 421
294 424
294 430
294 435
294 447
294 450
294 454
294 457
294 460
294 464
294 467
294 477
294 485
294 487
294 494
295 309
295 323
295 332
295 334
295 356
295 360
295 362
295 403
295 404
295 416
295 423
295 481
296 333
296 337
296 370
296 426
296 444
296 445
296 452
296 456
296 473
296 497
297 355
297 389
297 415
297 428
297 482
298 357
298 397
298 491
298 499
299 322
299 328
299 359
299 374
299 405
299 419
299 447
299 501
300 314
300 385
300 397
300 414
300 422
300 443
300 448
300 462
301 321
301 326
301 339
301 344
301 369
301 382
301 400
301 410
301 433
301 434
301 465
301 492
302 308
302 327
303 320
303 329
303 342
303 358
303 365
303 373
303 383
303 388
303 391
303 405
303 406
303 411
303 419
303 421
303 424
303 430
303 435
303 447
303 450
303 454
303 457
303 464
303 467
303 477
303 484
303 485
303 487
303 489
303 494
304 347
304 449
305 306
305 375
305 420
306 375
306 387
306 420
307 367
307 384
307 453
307 478
308 327
309 332
309 334
309 356
309 362
309 481
311 324
311 367
311 380
311 394
311 451
311 458
311 461
311 486
312 323
312 332
312 334
312 403
312 416
312 423
312 459
312 493
313 318
313 341
313 364
313 390
313 392
313 438
313 500
314 385
314 397
314 414
314 422
314 443
314 462
314 463
315 316
315 321
315 326
315 339
315 369
315 382
315 401
315 407
315 431
315 433
315 465
315 466
315 476
316 321
316 401
316 407
316 425
316 433
316 466
317 404
318 341
318 390
318 392
318 438
318 500
319 440
320 406
320 419
320 430
320 435
320 467
320 485
320 494
321 326
321 336
321 339
321 369
321 382
321 400
321 401
321 407
321 410
321 425
321 431
321 433
321 434
321 465
321 476
321 492
322 328
322 359
322 374
322 405
322 419
322 421
322 460
322 464
322 501
323 332
323 334
323 403
323 416
323 423
323 459
323 493
324 367
324 380
324 394
324 451
324 458
324 461
324 486
325 335
325 350
325 351
325 413
325 470
325 475
325 488
326 336
326 339
326 369
326 382
326 401
326 431
326 433
326 434
326 465
326 476
328 359
328 374
328 419
328 421
328 501
329 338
329 342
329 358
329 365
329 373
329 383
329 388
329 391
329 405
329 406
329 418
329 419
329 424
329 430
329 435
329 447
329 450
329 454
329 462
329 463
329 464
329 467
329 477
329 484
329 485
329 487
329 489
329 494
330 373
330 388
331 332
331 360
331 404
331 449
332 334
332 356
332 360
332 362
332 403
332 404
332 416
332 423
332 449
332 459
332 481
332 493
333 370
333 403
333 408
333 432
333 445
333 452
333 473
334 356
334 362
334 403
334 416
334 423
334 481
334 493
335 350
335 351
335 372
335 413
335 470
335 475
335 488
336 353
336 382
336 401
336 407
336 433
337 426
337 427
337 444
337 445
337 456
337 473
337 497
338 342
338 358
338 365
338 373
338 383
338 391
338 405
338 406
338 411
338 414
338 419
338 421
338 424
338 430
338 435
338 447
338 450
338 454
338 457
338 467
338 477
338 484
338 485
338 489
339 369
339 382
339 401
339 407
339 431
339 433
339 455
339 465
339 476
339 492
340 358
340 383
340 388
340 406
340 414
340 424
340 457
340 467
340 477
340 485
340 487
341 364
341 390
341 392
341 438
341 500
342 358
342 359
342 373
342 374
342 383
342 391
342 405
342 406
342 414
342 419
342 421
342 430
342 435
342 439
342 447
342 454
342 457
342 467
342 477
342 484
342 489
342 494
343 345
343 349
343 496
344 410
344 434
344 465
345 349
345 417
345 472
345 496
346 351
346 372
346 470
347 449
348 395
348 408
349 373
349 472
349 496
350 351
350 372
350 413
350 470
350 475
350 488
351 372
351 413
351 414
351 470
351 475
351 488
352 354
352 377
352 485
353 402
353 431
353 433
355 389
355 415
355 428
355 482
356 357
356 362
356 404
356 481
357 491
357 499
358 365
358 373
358 378
358 383
358 388
358 391
358 398
358 405
358 406
358 411
358 418
358 419
358 421
358 424
358 430
358 435
358 447
358 450
358 454
358 457
358 464
358 467
358 477
358 484
358 485
358 487
358 489
358 494
359 368
359 374
359 405
359 419
359 477
360 404
360 449
361 364
361 376
362 481
363 378
363 419
363 440
363 463
364 376
364 438
365 373
365 383
365 387
365 388
365 391
365 405
365 406
365 418
365 419
365 421
365 424
365 430
365 435
365 447
365 454
365 463
365 464
365 467
365 477
365 484
365 485
365 487
365 489
365 494
365 496
366 373
366 418
366 424
366 429
366 446
366 463
366 469
366 474
366 483
367 380
367 384
367 451
367 453
367 458
367 461
367 478
368 374
368 419
369 433
369 465
370 408
370 432
370 445
370 452
370 473
371 401
371 407
371 433
371 476
372 413
372 470
372 475
372 488
373 378
373 383
373 387
373 388
373 391
373 397
373 405
373 406
373 418
373 419
373 421
373 424
373 429
373 430
373 435
373 436
373 437
373 446
373 447
373 448
373 454
373 457
373 463
373 464
373 467
373 469
373 474
373 477
373 483
373 484
373 485
373 487
373 489
373 494
373 496
374 405
374 419
374 447
374 454
374 464
374 484
374 501
375 420
378 388
378 440
378 469
378 487
379 439
379 463
380 394
380 451
380 458
380 461
380 486
382 400
382 401
382 407
382 410
382 431
382 433
382 434
382 455
382 465
382 476
383 391
383 405
383 406
383 418
383 419
383 421
383 424
383 430
383 435
383 447
383 450
383 454
383 457
383 463
383 464
383 467
383 477
383 484
383 485
383 487
383 489
383 494
384 453
384 478
385 397
385 414
385 422
385 443
385 448
385 462
387 399
387 418
387 419
387 429
387 436
387 437
387 446
387 480
387 483
387 487
388 391
388 405
388 406
388 414
388 418
388 419
388 421
388 435
388 436
388 454
388 463
388 464
388 477
388 485
388 487
388 489
389 415
389 428
389 482
390 392
390 438
390 500
391 405
391 406
391 418
391 419
391 424
391 435
391 437
391 447
391 454
391 457
391 463
391 464
391 467
391 472
391 477
391 485
391 487
391 494
392 438
392 500
394 451
394 458
394 461
394 486
395 408
395 432
396 429
396 436
396 440
396 446
396 483
397 422
397 443
397 448
397 462
397 463
398 424
398 430
398 454
399 418
399 429
399 436
399 437
399 446
399 480
399 483
399 490
400 410
400 434
401 407
401 425
401 431
401 433
401 466
401 476
402 431
402 433
403 416
403 423
403 452
403 459
403 493
404 449
405 406
405 418
405 419
405 421
405 424
405 430
405 435
405 447
405 454
405 457
405 462
405 463
405 464
405 467
405 477
405 484
405 485
405 487
405 489
405 494
405 496
406 418
406 419
406 421
406 424
406 430
406 435
406 447
406 450
406 454
406 457
406 464
406 467
406 477
406 484
406 485
406 487
406 489
406 494
407 425
407 433
407 476
408 432
408 473
410 434
410 465
410 492
411 424
411 430
411 435
411 450
411 454
411 484
412 472
413 470
413 475
413 488
414 422
414 435
414 443
414 447
414 457
414 463
414 467
414 477
414 485
414 487
414 488
415 428
415 482
416 423
416 459
416 493
418 419
418 421
418 424
418 429
418 436
418 437
418 446
418 447
418 463
418 464
418 467
418 469
418 474
418 477
418 480
418 483
418 485
418 487
419 421
419 424
419 430
419 435
419 439
419 447
419 450
419 454
419 457
419 462
419 463
419 464
419 467
419 472
419 477
419 484
419 485
419 487
419 489
419 494
419 501
421 424
421 435
421 447
421 454
421 457
421 462
421 463
421 464
421 467
421 477
421 484
421 485
421 487
421 489
421 494
422 443
422 462
423 459
423 493
424 430
424 435
424 447
424 450
424 454
424 457
424 464
424 467
424 477
424 484
424 485
424 487
424 489
424 494
426 427
426 444
426 445
426 456
426 497
427 444
428 482
429 436
429 437
429 446
429 474
429 480
429 483
429 490
430 435
430 450
430 454
430 467
430 484
430 485
430 487
430 489
431 433
433 465
433 476
434 465
435 447
435 450
435 454
435 457
435 464
435 467
435 477
435 484
435 485
435 487
435 489
435 494
436 437
436 441
436 446
436 469
436 474
436 480
436 483
436 485
436 490
437 441
437 446
437 472
437 474
437 480
437 483
437 485
437 490
438 500
440 469
443 448
443 462
443 463
444 445
444 456
444 497
445 456
445 473
445 497
446 469
446 474
446 480
446 483
446 490
447 450
447 454
447 464
447 467
447 477
447 484
447 485
447 487
447 489
447 494
448 462
450 454
450 467
450 484
450 485
450 489
450 494
451 458
451 461
451 486
452 473
453 478
454 457
454 463
454 464
454 467
454 477
454 484
454 485
454 487
454 489
454 494
456 497
457 464
457 467
457 477
457 485
458 461
458 486
459 493
461 486
462 464
462 477
462 485
462 494
463 464
463 467
463 477
463 485
463 487
464 477
464 484
464 487
465 492
467 477
467 484
467 485
467 487
467 489
467 494
469 483
469 487
470 475
470 488
474 483
475 488
477 484
477 485
477 487
477 489
477 494
480 483
483 485
483 490
484 485
484 489
484 494
485 487
485 489
485 494
485 496
487 494
489 494
491 499
