0 7
0 48
0 152
0 153
7 45
7 48
7 53
7 152
7 153
7 158
7 175
7 182
7 184
48 72
48 152
48 153
152 72
152 153
45 6
45 51
45 80
45 99
45 101
45 126
45 131
45 136
45 150
45 175
45 182
53 121
53 158
53 184
158 184
175 18
175 24
175 51
175 80
175 99
175 101
175 115
175 126
175 130
175 145
175 147
175 182
184 121
1 14
1 28
1 179
14 28
14 179
179 67
179 151
179 163
67 13
67 71
67 41
67 59
67 23
67 34
67 51
67 70
67 77
67 79
67 119
67 129
67 132
67 140
67 142
67 151
67 163
151 71
151 59
151 23
151 140
151 119
163 23
163 140
2 30
2 138
30 15
30 41
30 56
30 90
30 138
30 139
30 161
30 162
138 62
15 90
15 71
15 56
15 139
15 161
15 162
41 13
41 71
41 59
41 139
56 90
56 71
56 139
56 161
56 162
90 5
90 10
90 29
90 71
90 139
90 161
90 162
90 173
139 71
139 82
139 102
139 113
139 161
139 162
139 169
161 71
161 162
162 71
3 49
3 128
3 181
3 183
49 128
49 183
128 183
181 73
181 16
181 19
16 18
16 19
16 21
16 92
16 108
16 141
16 157
16 177
4 12
4 64
4 96
4 114
4 118
4 146
4 155
12 13
12 64
12 71
12 96
12 146
12 155
12 156
64 96
64 118
114 118
146 155
155 156
13 59
13 71
71 59
71 70
71 82
71 102
71 113
71 169
5 10
5 29
5 167
5 173
10 29
10 167
29 43
29 55
29 74
29 160
29 167
29 173
43 55
43 74
55 74
55 160
74 160
51 129
51 24
51 99
51 105
51 131
51 134
51 136
51 142
51 168
80 18
80 159
80 99
80 115
80 130
80 178
99 159
99 178
101 126
131 136
131 168
150 130
18 47
18 108
18 130
18 141
18 143
18 157
18 172
24 134
115 22
115 85
115 83
115 117
115 137
115 148
115 165
145 147
147 38
147 104
147 107
147 111
8 52
8 57
8 87
8 93
8 122
8 123
8 187
52 57
52 81
52 123
52 187
57 33
57 46
57 60
57 81
57 110
57 174
57 187
87 123
87 187
93 123
93 187
122 9
122 88
122 123
122 187
123 81
123 88
123 144
123 187
33 110
46 36
46 110
46 124
46 144
60 11
60 40
60 58
60 97
110 177
110 36
110 124
174 40
174 22
9 11
9 88
9 95
88 11
88 95
144 124
144 120
11 40
40 54
40 58
40 97
40 171
40 186
54 125
54 171
54 186
58 97
171 26
171 125
171 35
171 186
186 26
186 125
186 35
59 70
70 119
82 169
102 113
23 129
23 132
23 140
34 25
34 27
34 39
34 79
34 176
77 129
77 132
129 132
129 142
21 92
21 141
21 177
92 141
92 177
108 91
108 141
141 32
141 76
141 91
141 109
141 135
141 157
47 172
143 86
91 76
32 109
76 159
76 37
76 65
76 112
76 135
76 178
154 100
154 116
100 116
17 68
17 159
17 166
68 159
68 166
159 37
159 65
159 69
159 78
159 89
159 112
159 166
159 178
37 69
37 112
37 178
65 178
65 89
69 178
78 42
112 178
20 36
20 61
20 75
20 103
20 188
36 124
61 188
103 188
124 120
22 85
22 98
22 148
22 165
85 94
85 98
98 66
98 84
98 106
98 185
165 83
165 117
165 137
66 50
66 84
66 185
84 185
83 117
83 137
117 133
117 137
117 170
137 149
134 105
134 180
25 27
25 39
27 39
27 176
26 125
125 31
125 35
125 127
31 127
38 104
38 107
38 111
104 107
104 111
107 111
44 63
44 133
44 164
63 164
133 164
