203
321
167
75
140
20
295
50
239
108
299
151
93
273
38
133
214
253
35
291
256
212
141
279
306
30
314
292
162
326
298
196
157
245
231
43
312
206
113
47
46
147
119
265
32
200
211
82
303
160
244
182
234
117
132
246
280
229
12
154
13
227
72
219
308
188
243
88
66
238
270
102
131
89
109
94
289
48
62
257
60
223
163
168
28
37
74
170
209
148
192
52
319
195
164
208
290
282
281
54
57
134
297
305
205
252
175
51
309
189
70
34
180
83
124
268
3
153
95
233
159
207
275
187
144
184
185
247
145
183
320
322
272
236
172
39
97
287
286
228
9
123
225
181
64
161
26
15
199
22
42
69
237
45
315
110
197
103
260
156
194
301
293
29
302
139
25
137
294
176
143
16
226
278
91
250
135
165
258
101
323
317
267
65
49
215
1
274
115
254
269
142
56
217
313
96
271
67
224
8
283
255
33
68
122
288
171
178
71
129
55
61
85
150
152
204
127
284
125
179
114
2
262
76
277
121
186
112
210
86
304
285
169
248
116
128
87
220
14
118
173
276
6
36
310
166
158
216
259
19
324
201
10
191
221
5
213
104
198
177
111
