0 21
0 25
0 32
0 33
0 35
0 36
0 39
0 41
0 46
0 54
0 63
0 67
0 83
0 84
0 87
0 90
0 98
0 101
0 125
0 137
0 139
0 140
0 146
0 151
0 157
0 170
0 179
0 205
0 226
0 228
0 238
0 256
0 277
0 281
0 283
21 17
21 31
21 36
21 42
21 68
21 103
21 139
21 155
21 167
21 170
21 172
21 174
21 214
21 249
21 256
21 259
21 261
21 277
21 287
25 4
25 32
25 35
25 40
25 46
25 63
25 67
25 74
25 83
25 134
25 142
25 145
25 146
25 148
25 150
25 154
25 165
25 167
25 170
25 175
25 178
25 189
25 214
25 221
25 228
25 231
25 238
25 265
25 268
25 274
25 277
32 2
32 4
32 5
32 17
32 27
32 33
32 39
32 41
32 46
32 54
32 57
32 63
32 67
32 71
32 74
32 84
32 86
32 87
32 90
32 101
32 114
32 121
32 123
32 125
32 133
32 135
32 137
32 142
32 151
32 165
32 169
32 170
32 175
32 178
32 185
32 192
32 205
32 221
32 231
32 238
32 254
32 268
32 277
32 281
32 283
32 290
33 2
33 35
33 39
33 41
33 46
33 54
33 67
33 74
33 90
33 101
33 125
33 126
33 133
33 134
33 137
33 146
33 151
33 157
33 170
33 171
33 221
33 228
33 237
33 254
33 277
35 39
35 54
35 74
35 87
35 95
35 101
35 137
35 143
35 146
35 151
35 154
35 157
35 160
35 165
35 170
35 192
35 221
35 228
35 238
35 268
35 277
35 283
36 10
36 26
36 38
36 42
36 50
36 52
36 57
36 59
36 68
36 104
36 160
36 169
36 188
36 189
36 197
36 213
36 214
36 241
36 244
36 249
36 251
36 256
36 261
36 272
36 277
36 286
36 289
39 2
39 41
39 54
39 67
39 74
39 83
39 87
39 126
39 137
39 140
39 157
39 228
39 254
39 265
39 274
39 277
39 281
39 290
41 40
41 46
41 54
41 67
41 74
41 96
41 119
41 125
41 142
41 146
41 157
41 170
41 187
41 221
41 228
41 249
41 254
41 265
41 268
41 277
41 281
46 2
46 54
46 65
46 67
46 74
46 85
46 94
46 101
46 125
46 126
46 140
46 142
46 151
46 170
46 189
46 254
46 265
46 277
46 281
54 40
54 63
54 67
54 68
54 74
54 76
54 83
54 101
54 125
54 137
54 142
54 146
54 151
54 157
54 179
54 221
54 226
54 238
54 243
54 254
54 265
54 268
54 277
54 283
63 2
63 6
63 17
63 67
63 74
63 87
63 92
63 101
63 129
63 133
63 134
63 137
63 142
63 146
63 151
63 157
63 189
63 192
63 221
63 224
63 228
63 238
63 246
63 265
63 268
63 277
63 283
67 40
67 5
67 24
67 83
67 101
67 125
67 137
67 140
67 142
67 146
67 151
67 157
67 170
67 171
67 228
67 238
67 243
67 253
67 265
67 277
67 281
83 2
83 40
83 27
83 71
83 94
83 125
83 140
83 142
83 157
83 170
83 179
83 221
83 228
83 243
83 254
83 277
83 281
84 7
84 40
84 27
84 44
84 61
84 65
84 68
84 69
84 70
84 75
84 77
84 86
84 101
84 131
84 133
84 134
84 148
84 150
84 154
84 165
84 170
84 175
84 189
84 216
84 220
84 231
84 232
84 252
84 260
84 264
84 268
84 274
84 277
84 287
87 74
87 73
87 101
87 137
87 140
87 142
87 151
87 157
87 167
87 170
87 175
87 178
87 221
87 228
87 254
87 264
87 265
87 280
87 281
90 5
90 8
90 9
90 13
90 15
90 18
90 34
90 37
90 52
90 56
90 59
90 64
90 70
90 88
90 106
90 111
90 115
90 117
90 118
90 121
90 123
90 126
90 132
90 143
90 152
90 154
90 168
90 169
90 171
90 186
90 190
90 195
90 208
90 212
90 233
90 258
90 262
90 265
90 266
90 277
90 283
98 2
98 29
98 50
98 56
98 59
98 72
98 96
98 103
98 104
98 118
98 120
98 126
98 129
98 137
98 139
98 145
98 174
98 181
98 186
98 188
98 213
98 214
98 256
98 262
98 270
98 287
101 7
101 40
101 50
101 68
101 75
101 77
101 95
101 125
101 134
101 137
101 140
101 142
101 146
101 150
101 151
101 154
101 170
101 179
101 221
101 225
101 233
101 239
101 243
101 249
101 254
101 261
101 265
101 268
101 281
101 283
125 7
125 40
125 137
125 140
125 142
125 146
125 151
125 157
125 171
125 172
125 221
125 225
125 228
125 238
125 243
125 248
125 253
125 254
125 265
125 268
125 277
125 281
125 283
125 290
137 2
137 7
137 40
137 34
137 52
137 75
137 95
137 111
137 120
137 134
137 140
137 142
137 146
137 151
137 157
137 160
137 170
137 218
137 221
137 228
137 238
137 243
137 246
137 254
137 265
137 268
137 274
137 277
137 281
137 283
139 42
139 96
139 103
139 104
139 214
139 230
139 256
139 259
139 270
139 272
139 277
139 286
139 287
139 289
140 40
140 74
140 49
140 89
140 142
140 151
140 154
140 157
140 170
140 179
140 221
140 228
140 243
140 254
140 258
140 268
140 277
140 281
140 283
140 290
146 2
146 74
146 151
146 157
146 170
146 203
146 214
146 221
146 228
146 238
146 246
146 254
146 268
146 277
146 281
146 283
151 74
151 157
151 170
151 228
151 254
151 265
151 268
151 277
151 281
151 283
151 290
157 2
157 40
157 74
157 79
157 89
157 170
157 171
157 221
157 243
157 254
157 265
157 277
157 281
157 290
170 40
170 74
170 142
170 154
170 179
170 188
170 221
170 228
170 260
170 265
170 277
170 281
170 283
170 290
179 74
179 221
179 243
179 281
205 17
205 19
205 52
205 57
205 58
205 66
205 78
205 80
205 109
205 114
205 124
205 136
205 159
205 161
205 169
205 176
205 184
205 199
205 212
205 237
205 242
205 248
205 260
205 276
205 288
205 292
226 17
226 45
226 47
226 53
226 79
226 100
226 103
226 113
226 129
226 153
226 160
226 163
226 166
226 169
226 176
226 183
226 185
226 187
226 196
226 197
226 203
226 206
226 237
226 239
226 241
226 246
226 248
226 260
226 262
226 273
226 293
228 2
228 40
228 74
228 142
228 221
228 76
228 154
228 238
228 243
228 254
228 265
228 268
228 277
228 283
228 290
238 135
238 221
238 71
238 153
238 268
238 271
238 281
256 254
256 31
256 42
256 50
256 57
256 68
256 80
256 86
256 103
256 104
256 155
256 159
256 172
256 174
256 183
256 188
256 213
256 214
256 249
256 259
256 261
256 264
256 270
256 272
256 275
256 286
256 287
277 2
277 40
277 243
277 254
277 265
277 268
277 15
277 56
277 75
277 86
277 96
277 102
277 103
277 104
277 133
277 154
277 167
277 172
277 213
277 214
277 220
277 227
277 246
277 249
277 259
277 261
277 264
277 280
277 283
277 290
281 2
281 40
281 74
281 221
281 243
281 254
281 265
281 268
281 82
281 154
281 163
281 164
281 171
281 273
283 2
283 40
283 74
283 142
283 265
283 268
283 49
283 86
283 133
283 134
283 154
283 155
283 165
283 167
283 169
283 188
283 214
283 225
283 231
283 252
283 271
2 1
2 74
2 77
2 79
2 89
2 110
2 169
2 175
2 187
2 212
2 221
2 268
2 273
1 8
1 9
1 11
1 14
1 18
1 22
1 81
1 85
1 93
1 123
1 126
1 130
1 136
1 147
1 156
1 168
1 169
1 193
1 195
1 200
1 202
1 204
1 211
1 219
1 227
1 234
1 240
1 245
1 253
1 267
1 282
74 75
74 221
74 265
74 268
77 7
77 142
77 268
77 193
77 4
77 10
77 27
77 75
77 86
77 105
77 131
77 133
77 134
77 150
77 154
77 162
77 165
77 167
77 175
77 178
77 188
77 189
77 198
77 216
77 220
77 231
77 232
77 249
77 264
77 274
79 135
79 126
79 17
79 45
79 53
79 57
79 62
79 72
79 104
79 112
79 113
79 115
79 120
79 141
79 149
79 153
79 160
79 163
79 166
79 172
79 185
79 186
79 196
79 203
79 213
79 218
79 222
79 225
79 239
79 246
79 259
79 260
79 270
79 273
89 142
89 265
89 261
110 58
110 73
110 112
110 197
110 206
110 217
110 225
110 235
110 247
110 257
110 269
169 18
169 43
169 136
169 17
169 28
169 42
169 50
169 51
169 58
169 66
169 73
169 78
169 100
169 109
169 119
169 124
169 127
169 141
169 159
169 160
169 161
169 163
169 165
169 166
169 171
169 181
169 185
169 187
169 192
169 198
169 199
169 200
169 213
169 224
169 225
169 236
169 237
169 241
169 248
169 260
169 261
169 262
169 276
169 286
169 288
169 292
175 7
175 4
175 38
175 61
175 69
175 154
175 167
175 178
175 216
175 232
175 260
175 274
175 280
175 289
175 291
187 48
187 73
187 183
187 225
187 246
187 260
212 145
212 11
212 14
212 17
212 19
212 23
212 26
212 52
212 57
212 66
212 78
212 80
212 82
212 97
212 108
212 109
212 120
212 124
212 129
212 136
212 147
212 159
212 160
212 181
212 184
212 194
212 198
212 199
212 203
212 208
212 237
212 242
212 248
212 252
212 285
212 292
221 40
221 142
221 243
221 254
221 265
221 290
268 142
268 254
268 265
268 4
268 27
268 66
268 71
268 75
268 86
268 134
268 150
268 153
268 154
268 183
268 189
268 214
268 231
268 249
268 252
268 260
273 135
273 8
273 245
273 262
273 113
273 160
273 26
273 94
273 100
273 116
273 128
273 129
273 141
273 166
273 176
273 182
273 183
273 185
273 197
273 207
273 217
273 218
273 222
273 224
273 246
273 260
7 27
7 61
7 65
7 75
7 86
7 102
7 105
7 118
7 131
7 133
7 148
7 154
7 162
7 165
7 178
7 189
7 216
7 220
7 231
7 264
7 274
7 280
7 291
27 135
27 265
27 4
27 61
27 65
27 71
27 86
27 105
27 118
27 134
27 148
27 150
27 162
27 165
27 192
27 220
27 231
27 252
27 264
27 280
27 287
61 43
61 65
61 75
61 86
61 105
61 118
61 134
61 148
61 165
61 189
61 216
61 231
61 232
61 252
61 274
61 291
61 190
61 131
65 40
65 120
65 260
65 4
65 10
65 69
65 71
65 86
65 102
65 105
65 134
65 148
65 150
65 162
65 167
65 216
65 223
65 231
65 232
65 252
65 264
65 274
75 22
75 4
75 10
75 26
75 69
75 71
75 86
75 105
75 118
75 134
75 148
75 154
75 167
75 178
75 198
75 232
75 249
75 264
75 274
75 280
86 4
86 10
86 68
86 69
86 105
86 118
86 133
86 134
86 148
86 150
86 154
86 165
86 167
86 178
86 189
86 214
86 230
86 231
86 232
86 249
86 252
86 264
86 280
86 286
86 291
102 265
102 8
102 213
102 118
102 133
102 134
102 148
102 162
102 167
102 178
102 220
102 231
102 232
102 252
102 274
102 59
102 10
102 71
102 64
105 289
105 4
105 10
105 69
105 131
105 134
105 162
105 165
105 214
105 231
105 291
118 145
118 262
118 4
118 10
118 71
118 72
118 103
118 134
118 148
118 154
118 165
118 186
118 216
118 220
118 223
118 231
118 232
118 252
118 274
131 133
131 134
131 148
131 189
131 264
131 291
131 69
133 260
133 4
133 30
133 69
133 71
133 134
133 138
133 143
133 148
133 150
133 154
133 165
133 220
133 231
133 232
133 264
133 274
133 291
148 245
148 120
148 171
148 134
148 10
148 28
148 71
148 72
148 161
148 162
148 165
148 167
148 178
148 189
148 220
148 223
148 231
148 232
148 252
148 264
148 280
154 168
154 4
154 134
154 150
154 10
154 62
154 71
154 167
154 178
154 220
154 232
154 252
154 274
162 43
162 4
162 134
162 10
162 71
162 178
162 189
162 216
162 231
162 264
162 291
165 168
165 260
165 4
165 134
165 150
165 64
165 69
165 71
165 167
165 189
165 216
165 231
165 252
165 264
178 4
178 167
178 10
178 71
178 189
178 220
178 231
178 232
178 264
178 280
189 40
189 265
189 181
189 4
189 134
189 52
189 71
189 192
189 216
189 220
189 231
189 252
189 274
189 291
216 40
216 254
216 213
216 134
216 214
216 68
216 69
216 96
216 104
216 220
216 231
216 259
216 272
216 274
216 280
220 134
220 167
220 10
220 71
220 231
220 232
220 252
220 264
220 274
220 280
231 243
231 4
231 134
231 167
231 34
231 71
231 232
231 266
231 291
264 4
264 134
264 167
264 252
264 17
264 68
264 69
264 71
264 274
264 287
264 291
274 126
274 234
274 171
274 260
274 4
274 150
274 252
274 5
274 10
274 17
274 60
274 69
274 71
274 186
274 223
274 235
274 249
274 258
274 259
274 291
280 4
280 134
280 232
280 10
280 71
280 164
291 4
291 134
291 69
291 71
17 135
17 11
17 147
17 227
17 234
17 240
17 113
17 160
17 203
17 48
17 73
17 76
17 171
17 225
17 250
17 260
17 214
17 72
17 96
17 186
17 209
17 222
17 57
17 60
17 159
17 166
17 183
17 218
17 53
17 80
17 94
17 97
17 109
17 116
17 141
17 161
17 174
17 184
17 194
17 197
17 201
17 207
17 230
17 235
17 239
17 247
17 248
17 261
17 287
31 11
31 213
31 214
31 96
31 50
31 68
31 103
31 180
31 249
31 261
31 275
31 286
31 287
42 262
42 206
42 129
42 161
42 230
42 247
42 261
42 180
42 249
68 48
68 213
68 214
68 232
68 96
68 172
68 230
68 261
68 50
68 103
68 155
68 180
68 249
68 259
68 270
68 272
103 213
103 214
103 96
103 172
103 53
103 174
103 230
103 261
103 29
103 49
103 104
103 155
103 180
103 270
103 275
103 286
155 213
155 289
155 214
155 29
155 104
155 180
155 188
155 270
155 275
155 286
167 262
167 134
167 5
167 10
167 71
167 108
167 138
167 223
167 232
167 270
172 8
172 289
172 96
172 29
172 50
172 104
172 230
172 249
172 270
172 272
172 286
172 287
174 265
174 213
174 214
174 96
174 29
174 50
174 180
174 249
174 261
174 270
174 272
174 287
214 254
214 11
214 43
214 160
214 213
214 289
214 4
214 150
214 29
214 49
214 50
214 57
214 70
214 71
214 96
214 104
214 180
214 188
214 249
214 259
214 261
214 270
214 272
214 275
214 286
214 287
249 254
249 160
249 232
249 96
249 122
249 287
249 29
249 104
249 50
249 188
249 259
249 270
249 272
249 275
249 286
259 120
259 160
259 213
259 192
259 166
259 230
259 104
259 50
259 272
261 262
261 257
261 134
261 252
261 96
261 230
261 29
261 49
261 50
261 104
261 188
261 272
261 275
261 286
261 287
287 135
287 136
287 245
287 73
287 57
287 53
287 49
287 50
287 104
287 185
287 188
287 275
287 286
4 115
4 144
4 150
40 11
40 49
40 85
40 94
40 134
40 142
40 153
40 166
40 254
40 272
134 254
134 10
134 69
134 70
134 71
134 222
134 232
134 252
142 96
142 243
142 254
142 265
145 38
145 58
145 66
145 72
145 80
145 97
145 114
145 120
145 124
145 129
145 159
145 171
145 181
145 194
145 223
145 265
145 276
150 34
150 64
265 254
265 11
265 22
265 59
265 62
265 71
265 95
265 144
265 206
265 225
265 233
265 237
265 246
265 257
265 260
5 9
5 14
5 123
5 126
5 195
5 211
5 240
5 245
5 115
5 13
5 37
5 47
5 59
5 62
5 70
5 72
5 88
5 96
5 117
5 121
5 143
5 158
5 164
5 186
5 190
5 192
5 223
5 233
5 279
57 8
57 136
57 292
57 181
57 246
57 19
57 66
57 78
57 80
57 97
57 114
57 124
57 129
57 141
57 159
57 161
57 176
57 182
57 184
57 198
57 248
57 276
57 285
71 254
71 126
71 224
71 289
71 232
71 252
71 34
71 10
71 69
114 136
114 113
114 120
114 181
114 159
114 198
114 80
114 97
114 109
114 116
114 161
114 184
114 194
114 248
114 66
114 78
114 124
121 9
121 43
121 123
121 156
121 168
121 202
121 115
121 13
121 34
121 37
121 59
121 70
121 72
121 117
121 15
121 16
121 26
121 30
121 56
121 82
121 95
121 143
121 158
121 177
121 198
121 223
121 233
121 244
121 278
121 279
123 9
123 13
123 15
123 34
123 37
123 56
123 59
123 64
123 70
123 88
123 99
123 115
123 117
123 126
123 132
123 143
123 144
123 168
123 211
123 224
123 236
123 266
123 267
123 278
123 279
123 289
135 8
135 28
135 45
135 62
135 70
135 113
135 116
135 141
135 160
135 166
135 185
135 196
135 197
135 203
135 206
135 218
135 222
135 224
135 233
135 242
135 245
135 246
135 260
135 262
185 262
185 160
185 203
185 76
185 225
185 250
185 260
185 206
185 153
185 182
185 198
185 218
185 241
185 53
185 100
185 109
185 129
185 141
185 239
185 248
185 124
185 28
185 45
185 163
185 196
192 81
192 126
192 202
192 210
192 219
192 227
192 240
192 144
192 13
192 34
192 70
192 72
192 117
192 164
192 190
192 30
192 56
192 60
192 91
192 111
192 122
192 128
192 129
192 132
192 177
192 191
192 196
192 229
192 233
192 244
192 248
192 263
192 266
192 278
192 279
192 293
254 243
254 120
254 225
254 272
254 290
126 8
126 11
126 14
126 18
126 22
126 43
126 81
126 93
126 26
126 56
126 64
126 82
126 95
126 143
126 147
126 149
126 152
126 156
126 186
126 191
126 193
126 200
126 204
126 209
126 210
126 211
126 218
126 219
126 227
126 233
126 241
126 245
126 252
126 258
126 266
126 267
126 271
126 282
126 284
171 8
171 136
171 240
171 262
171 120
171 292
171 3
171 112
171 6
171 19
171 38
171 52
171 64
171 80
171 97
171 109
171 124
171 159
171 161
171 183
171 196
171 199
171 213
171 225
171 237
171 241
171 246
171 248
171 250
171 260
171 276
237 136
237 51
237 159
237 183
237 198
237 276
237 58
237 80
237 109
237 129
237 161
237 184
237 194
237 28
237 66
237 124
237 242
237 248
237 285
95 8
95 11
95 14
95 22
95 43
95 81
95 85
95 130
95 193
95 195
95 210
95 227
95 236
95 240
95 245
95 253
95 271
95 260
95 34
95 70
95 143
95 164
95 44
95 82
143 9
143 168
143 245
143 115
143 144
143 13
143 37
143 59
143 70
143 72
143 117
143 10
143 16
143 24
143 56
143 64
143 92
143 106
143 152
143 158
143 208
143 229
143 233
143 244
143 266
143 279
160 168
160 113
160 6
160 28
160 34
160 47
160 53
160 62
160 94
160 96
160 104
160 109
160 127
160 129
160 141
160 153
160 166
160 173
160 176
160 180
160 183
160 196
160 201
160 203
160 207
160 213
160 218
160 222
160 225
160 239
160 241
160 246
160 248
160 260
160 286
10 232
10 252
10 186
10 255
10 19
26 234
26 240
26 245
26 13
26 34
26 72
26 117
26 164
26 190
26 279
26 23
26 44
26 60
26 91
26 107
26 108
26 111
26 129
26 132
26 177
26 191
26 209
26 215
26 263
26 284
26 293
38 19
38 58
38 66
38 80
38 194
38 286
50 136
50 213
50 96
50 198
50 104
50 270
50 275
50 286
52 136
52 292
52 73
52 181
52 269
52 15
52 198
52 276
52 80
52 94
52 97
52 109
52 124
52 161
52 176
52 184
52 242
52 248
59 9
59 11
59 43
59 156
59 168
59 240
59 120
59 213
59 115
59 13
59 34
59 37
59 15
59 16
59 44
59 56
59 64
59 72
59 88
59 99
59 106
59 164
59 186
59 208
59 244
59 258
59 266
59 278
59 279
59 286
104 85
104 260
104 289
104 194
104 127
104 188
104 270
104 286
188 213
188 289
188 96
188 270
188 49
188 180
197 113
197 203
197 51
197 225
197 246
197 260
197 206
197 153
197 166
197 183
197 218
197 241
197 141
213 168
213 120
213 181
213 166
213 230
213 260
213 270
213 286
241 11
241 112
241 225
241 260
241 289
241 62
241 206
241 182
241 183
241 198
241 28
241 45
241 53
241 124
241 129
241 161
241 163
241 176
241 247
244 11
244 18
244 20
244 93
244 204
244 227
244 253
244 289
244 115
244 37
244 70
244 88
244 152
244 158
244 186
244 64
244 106
244 278
251 3
251 48
251 51
251 112
251 173
251 224
251 225
251 250
251 182
251 235
251 257
251 260
272 270
272 286
286 51
286 37
286 96
286 99
286 58
286 230
286 247
286 29
286 270
286 49
286 180
286 275
289 3
289 58
289 96
289 270
11 8
11 14
11 18
11 20
11 43
11 56
11 58
11 60
11 81
11 82
11 85
11 93
11 96
11 106
11 115
11 130
11 156
11 195
11 204
11 209
11 211
11 223
11 227
11 233
11 236
11 240
11 245
11 253
11 262
11 267
11 271
11 282
49 96
49 270
85 8
85 14
85 22
85 43
85 72
85 82
85 88
85 91
85 130
85 156
85 200
85 236
85 245
85 267
85 282
85 293
94 203
94 260
94 182
94 129
94 176
153 8
153 245
153 262
153 282
153 113
153 203
153 225
153 246
153 260
153 177
153 222
153 206
153 100
153 116
153 124
153 166
153 176
153 182
153 196
153 218
153 239
166 8
166 227
166 245
166 262
166 282
166 113
166 203
166 246
166 260
166 222
166 159
166 28
166 45
166 66
166 100
166 116
166 124
166 129
166 141
166 163
166 182
166 183
166 196
166 218
166 239
96 227
96 262
96 6
96 270
96 275
119 173
119 80
119 217
76 136
76 120
76 3
76 48
76 51
76 73
76 109
76 127
76 159
76 173
76 201
76 239
76 248
76 250
6 22
6 156
6 202
6 282
6 47
6 88
6 117
6 164
6 190
6 23
6 24
6 92
6 111
6 122
6 128
6 132
6 138
6 177
6 209
6 222
6 229
6 293
92 156
92 168
92 202
92 245
92 144
92 47
92 190
92 23
92 30
92 44
92 60
92 91
92 106
92 108
92 111
92 128
92 132
92 138
92 209
92 222
92 258
92 284
92 293
129 22
129 113
129 225
129 246
129 260
129 62
129 122
129 138
129 60
129 183
129 198
129 218
129 19
129 58
129 100
129 45
129 66
129 163
129 176
129 196
129 207
129 247
129 270
224 8
224 203
224 3
224 48
224 73
224 206
224 235
224 247
224 250
224 257
224 260
246 113
246 203
246 3
246 51
246 112
246 225
246 45
246 53
246 62
246 182
246 183
246 196
246 206
246 207
246 222
246 239
246 248
246 250
246 260
246 269
24 202
24 47
24 164
24 190
24 23
24 44
24 60
24 138
24 215
24 229
24 293
253 14
253 18
253 20
253 81
253 93
253 147
253 200
253 211
253 240
253 245
253 55
253 82
253 149
253 233
253 271
253 282
44 43
44 202
44 47
44 117
44 164
44 190
44 23
44 30
44 111
44 122
44 132
44 138
44 177
44 209
44 215
44 229
44 255
44 16
44 60
44 82
44 107
44 258
44 263
70 93
70 168
70 202
70 219
70 227
70 203
70 181
70 115
70 252
70 13
70 37
70 15
70 16
70 23
70 56
70 64
70 88
70 99
70 124
70 152
70 158
70 164
70 186
70 190
70 208
70 266
70 279
232 8
232 147
232 245
232 115
232 209
232 252
252 168
252 245
252 120
252 225
252 72
252 186
260 136
260 168
260 236
260 113
260 120
260 51
260 199
260 250
260 257
260 28
260 45
260 53
260 56
260 62
260 100
260 127
260 141
260 176
260 182
260 183
260 196
260 198
260 206
260 207
260 209
260 218
260 233
260 235
260 239
260 276
260 279
73 22
73 136
73 219
73 3
73 78
73 97
73 112
73 152
73 159
73 173
73 182
73 198
73 201
73 217
73 225
73 242
73 247
73 248
73 285
73 288
8 14
8 18
8 34
8 43
8 55
8 60
8 64
8 72
8 81
8 82
8 115
8 122
8 130
8 132
8 158
8 168
8 181
8 182
8 183
8 191
8 193
8 195
8 198
8 203
8 209
8 210
8 218
8 219
8 222
8 227
8 233
8 234
8 236
8 245
8 258
8 267
8 271
8 284
8 288
9 15
9 34
9 64
9 72
9 106
9 115
9 144
9 152
9 168
9 186
9 245
9 267
9 278
9 279
13 15
13 16
13 23
13 34
13 37
13 64
13 72
13 82
13 106
13 152
13 158
13 177
13 186
13 255
13 278
15 22
15 43
15 168
15 245
15 37
15 117
15 158
15 190
15 56
15 64
15 82
15 99
15 106
15 208
15 284
18 29
18 43
18 60
18 106
18 147
18 149
18 193
18 195
18 200
18 204
18 211
18 225
18 227
18 267
34 93
34 168
34 193
34 202
34 240
34 245
34 181
34 16
34 56
34 62
34 64
34 72
34 82
34 88
34 106
34 138
34 152
34 177
34 190
34 194
34 208
34 209
34 278
37 43
37 168
37 120
37 56
37 64
37 72
37 99
37 106
37 116
37 117
37 132
37 158
37 159
37 186
37 208
37 223
37 278
56 168
56 227
56 271
56 88
56 117
56 158
56 186
56 190
56 223
56 278
56 279
56 229
56 64
56 16
56 208
56 266
64 245
64 267
64 144
64 72
64 117
64 152
64 158
64 190
64 279
64 16
64 106
64 208
64 266
88 93
88 168
88 219
88 115
88 106
88 152
88 158
88 223
88 278
88 284
106 20
106 93
106 130
106 200
106 227
106 240
106 245
106 271
106 115
106 72
106 152
106 158
106 186
106 223
106 91
106 99
106 208
106 266
111 22
111 93
111 195
111 219
111 234
111 245
111 282
111 47
111 164
111 190
111 30
111 60
111 91
111 107
111 108
111 122
111 128
111 138
111 177
111 208
111 215
111 222
111 229
111 258
111 263
111 284
111 293
115 14
115 22
115 93
115 168
115 227
115 245
115 16
115 30
115 124
115 138
115 183
115 186
115 190
115 266
115 278
115 293
117 93
117 202
117 240
117 245
117 47
117 23
117 152
117 164
117 177
117 186
117 191
117 208
117 229
117 266
117 278
117 279
132 147
132 202
132 234
132 144
132 47
132 164
132 190
132 233
132 122
132 60
132 107
132 191
132 215
132 255
132 258
132 284
132 293
152 22
152 168
152 16
152 158
168 20
168 22
168 147
168 82
168 99
168 144
168 177
168 195
168 208
168 211
168 236
168 245
186 158
186 16
186 215
186 255
186 278
190 204
190 234
190 144
190 47
190 72
190 164
190 23
190 30
190 60
190 122
190 128
190 138
190 177
190 191
190 208
190 209
190 229
190 293
195 14
195 20
195 22
195 43
195 81
195 93
195 130
195 193
195 82
195 164
195 200
195 210
195 211
195 227
195 233
195 236
195 240
195 267
195 282
208 266
233 20
233 43
233 81
233 130
233 147
233 200
233 211
233 227
233 236
233 240
233 267
233 271
233 282
233 144
233 164
233 55
258 202
258 204
258 219
258 227
258 234
258 245
258 164
258 122
258 177
258 215
258 255
258 293
258 60
258 91
258 107
258 108
258 284
262 62
262 116
262 141
262 176
262 203
262 225
262 288
262 293
266 200
266 202
266 279
266 128
266 91
266 99
266 16
266 263
29 199
29 269
29 270
72 93
72 158
120 136
120 202
120 3
120 48
120 51
120 109
120 112
120 124
120 127
120 181
120 182
120 199
120 206
120 218
120 223
120 225
120 239
120 248
120 250
181 22
181 43
181 136
181 282
181 3
181 112
181 78
181 124
181 127
181 184
181 194
181 225
181 242
181 250
181 276
270 199
270 230
270 180
270 275
225 113
225 203
225 3
225 51
225 112
225 199
225 122
225 127
225 141
225 163
225 182
225 206
225 217
225 235
225 247
225 248
225 250
225 269
239 203
239 250
239 182
239 183
239 218
239 100
239 141
239 45
239 196
248 136
248 112
248 173
248 199
248 159
248 182
248 198
248 276
248 19
248 58
248 97
248 100
248 109
248 176
248 184
248 194
248 78
248 124
248 242
248 285
28 203
28 51
28 206
28 161
28 78
45 203
45 183
45 100
45 176
45 196
62 113
62 203
62 51
62 53
62 138
62 176
62 183
62 196
62 207
62 217
62 222
62 235
113 53
113 116
113 141
113 183
113 196
113 203
113 207
113 218
113 222
116 203
116 182
116 218
116 141
116 163
116 176
116 196
116 217
141 203
141 48
141 51
141 222
141 182
141 183
141 218
141 285
196 182
196 183
196 218
196 100
196 161
203 47
203 100
203 109
203 124
203 163
203 164
203 182
203 183
203 217
203 218
206 236
206 51
206 112
206 250
206 257
206 269
206 124
206 163
206 201
206 247
218 279
218 209
218 182
218 53
218 176
222 144
222 164
222 176
222 183
242 136
242 288
242 82
242 198
242 276
242 19
242 97
242 109
242 161
242 66
242 78
242 124
245 14
245 20
245 22
245 43
245 81
245 93
245 130
245 147
245 193
245 200
245 204
245 236
245 240
245 12
245 82
245 122
245 144
245 183
245 209
245 267
245 271
245 282
245 288
230 180
230 275
58 136
58 198
58 66
58 80
58 109
58 124
58 194
66 136
66 199
66 159
66 276
66 97
66 161
66 184
66 124
80 292
80 51
80 199
80 257
80 159
80 198
80 276
80 19
80 78
80 124
80 161
80 184
80 235
97 136
97 240
97 292
97 159
97 276
97 19
97 109
97 124
97 285
124 292
124 112
124 199
124 288
124 159
124 198
124 276
124 19
124 109
124 161
124 184
124 78
159 136
159 173
159 199
159 47
159 19
159 161
159 184
159 198
159 276
194 109
223 215
223 278
276 292
276 199
276 288
276 198
276 19
276 78
276 161
276 184
276 285
19 292
19 199
19 55
19 198
19 78
19 109
78 292
78 288
78 198
78 109
78 161
78 184
78 285
109 136
109 240
109 292
109 269
109 53
109 161
109 201
136 184
136 198
136 288
136 292
161 292
161 51
161 288
161 198
161 285
176 204
176 173
176 199
176 288
176 207
184 292
184 199
184 288
184 198
184 247
184 285
199 3
199 198
199 288
288 219
288 240
288 292
288 3
288 173
288 191
288 198
288 247
288 285
292 198
14 12
14 20
14 22
14 82
14 93
14 147
14 149
14 177
14 193
14 198
14 200
14 204
14 210
14 211
14 227
14 229
14 236
14 240
14 257
14 282
23 202
23 219
23 144
23 47
23 164
23 82
23 91
23 108
23 122
23 128
23 138
23 177
23 191
23 209
23 215
23 229
82 20
82 22
82 81
82 93
82 202
82 210
82 211
82 227
82 236
82 267
82 271
82 164
82 177
82 229
82 55
82 149
108 202
108 219
108 144
108 47
108 164
108 209
108 215
108 255
108 60
108 91
108 191
108 235
108 107
147 20
147 22
147 81
147 93
147 12
147 55
147 91
147 149
147 191
147 200
147 219
147 236
147 240
147 267
147 271
285 51
47 202
47 144
47 30
47 60
47 122
47 128
47 138
47 164
47 177
47 229
47 263
47 284
47 293
53 183
100 182
100 183
163 51
163 182
183 48
183 182
293 22
293 43
293 202
293 210
293 282
293 30
293 138
293 215
293 229
293 255
293 60
293 91
271 20
271 22
271 81
271 93
271 156
271 193
271 200
271 211
271 236
271 240
271 12
275 257
22 20
22 12
22 48
22 130
22 149
22 156
22 177
22 193
22 202
22 204
22 210
22 211
22 227
22 236
22 240
22 282
22 284
144 219
144 240
144 91
144 107
144 122
144 128
144 164
144 209
144 263
144 284
257 48
257 51
257 250
257 217
257 235
257 269
227 20
227 43
227 93
227 130
227 156
227 193
227 210
227 211
227 55
227 240
227 267
227 282
164 202
164 234
164 30
164 60
164 107
164 122
164 138
164 177
164 191
164 215
164 255
164 263
164 284
81 20
81 43
81 55
81 93
81 149
81 193
81 200
81 204
81 240
81 267
93 20
93 43
93 16
93 55
93 138
93 149
93 156
93 191
93 193
93 204
93 210
93 211
93 240
93 267
93 278
93 282
130 20
130 43
130 149
130 156
130 177
130 193
130 200
130 210
130 211
130 219
130 236
130 240
130 282
130 284
156 20
156 107
156 200
156 210
156 211
156 236
156 267
193 20
193 43
193 55
193 204
193 210
193 267
200 20
200 55
200 149
200 204
200 210
200 240
200 267
200 282
200 284
202 107
202 122
202 138
202 211
202 217
202 219
202 229
202 234
202 263
202 284
204 20
204 43
204 12
204 55
204 60
204 211
204 267
204 278
211 20
211 43
211 210
211 177
211 234
211 236
211 240
211 282
219 20
219 60
219 91
219 107
219 122
219 191
219 209
219 215
219 263
234 91
234 122
234 191
234 209
234 215
234 255
240 20
240 43
240 210
240 236
240 12
240 55
240 60
240 138
240 149
240 158
240 267
240 282
240 284
267 20
267 43
267 55
267 149
267 282
282 20
282 43
282 210
282 149
282 158
282 284
43 20
43 210
55 149
60 236
60 122
60 128
60 209
60 215
60 229
60 255
60 91
60 107
60 191
122 91
122 138
122 177
122 191
122 209
122 229
122 284
158 16
158 99
158 138
182 48
182 250
182 207
182 235
191 209
191 215
191 255
191 149
191 107
191 263
191 284
209 177
209 91
209 263
209 284
210 20
210 236
236 20
236 177
284 20
284 30
284 138
284 177
284 255
284 91
284 107
278 16
279 16
20 12
12 149
177 128
177 138
177 229
177 255
177 263
229 128
229 91
229 263
48 3
48 51
48 127
48 217
48 235
48 247
91 30
91 128
91 263
138 30
138 128
138 235
138 263
107 128
107 215
107 255
51 3
51 173
51 201
51 235
51 250
127 173
127 201
127 247
217 250
217 269
217 235
263 30
263 128
263 215
263 255
215 128
112 3
112 250
235 250
235 269
235 247
247 201
269 3
269 250
207 250
3 173
3 250
173 201
128 30
