0 7
0 9
0 12
0 14
0 17
0 19
0 24
0 31
0 39
0 47
0 48
0 52
0 55
0 62
0 71
0 77
0 78
0 87
0 96
1 29
1 38
1 43
1 51
1 54
1 57
1 58
1 63
1 89
1 94
2 6
2 10
2 22
2 23
2 24
2 33
2 42
2 48
2 52
2 67
2 69
2 76
2 85
2 87
2 89
2 92
3 4
3 8
3 11
3 16
3 20
3 21
3 25
3 30
3 31
3 42
3 44
3 46
3 50
3 64
3 67
3 68
3 71
3 77
3 83
3 84
3 89
3 91
3 94
4 11
4 16
4 20
4 21
4 25
4 27
4 30
4 46
4 50
4 52
4 64
4 68
4 71
4 83
4 87
4 91
5 9
5 11
5 29
5 31
5 49
5 56
5 57
5 61
5 62
5 65
5 82
5 95
6 24
6 25
6 29
6 30
6 48
6 52
6 67
6 69
6 74
6 85
6 89
7 10
7 14
7 19
7 39
7 45
7 53
7 57
7 62
7 87
7 96
8 21
8 24
8 26
8 27
8 30
8 31
8 32
8 34
8 37
8 40
8 41
8 43
8 44
8 53
8 61
8 65
8 67
8 68
8 71
8 80
8 87
8 88
8 89
8 90
8 94
8 97
9 31
9 41
9 45
9 53
9 55
9 62
9 80
9 86
9 89
9 97
10 14
10 39
10 47
10 48
10 53
10 59
10 66
10 96
10 97
11 16
11 20
11 21
11 25
11 42
11 44
11 46
11 50
11 64
11 77
11 83
11 90
11 91
12 15
12 17
12 18
12 21
12 28
12 29
12 35
12 36
12 57
12 58
12 60
12 61
12 72
12 75
12 78
12 79
12 81
12 92
12 93
12 97
13 19
13 40
13 41
13 45
13 47
13 53
13 55
13 58
13 62
13 66
13 70
13 73
13 86
13 97
14 39
14 40
14 48
14 51
14 53
14 62
14 75
14 96
15 17
15 21
15 35
15 38
15 78
16 20
16 25
16 30
16 42
16 46
16 64
16 71
16 77
16 83
16 84
16 85
16 87
16 89
16 90
16 91
17 28
17 35
17 78
18 25
18 29
18 36
18 58
18 60
18 75
18 92
18 93
19 39
19 41
19 62
19 86
20 21
20 25
20 30
20 42
20 43
20 50
20 54
20 64
20 65
20 67
20 71
20 77
20 83
21 25
21 30
21 42
21 43
21 50
21 52
21 64
21 67
21 71
21 77
21 91
22 49
22 60
22 77
22 88
23 24
23 33
23 43
23 48
23 52
23 67
23 69
23 73
23 74
23 76
23 84
23 85
23 89
24 31
24 48
24 52
24 58
24 62
24 67
24 68
24 69
24 71
24 74
24 76
24 84
24 88
24 89
24 90
24 91
25 42
25 46
25 52
25 57
25 64
25 68
25 71
25 77
25 89
25 91
26 31
26 32
26 34
26 43
26 44
26 50
26 52
26 65
26 68
26 80
27 31
27 43
27 44
27 54
27 80
27 87
27 90
27 94
28 35
28 38
28 78
28 92
29 33
29 36
29 51
29 54
29 57
29 58
29 60
29 61
29 63
29 66
29 71
29 78
29 79
29 87
29 89
29 93
29 95
29 96
30 37
30 42
30 50
30 69
30 71
30 77
30 85
30 89
30 91
31 32
31 34
31 37
31 43
31 44
31 48
31 50
31 65
31 68
31 74
31 80
31 82
31 87
31 88
31 90
31 91
31 94
31 95
32 34
32 37
32 43
32 44
32 52
32 65
32 68
32 71
32 80
32 87
32 88
32 90
33 48
33 64
33 67
33 69
33 74
33 76
33 84
33 85
33 89
33 90
34 37
34 43
34 64
34 65
34 68
34 69
34 71
34 80
34 88
34 89
34 94
35 45
35 58
35 78
35 81
35 92
36 60
36 75
36 79
36 92
37 43
37 48
37 64
37 65
37 68
37 83
37 87
37 88
37 90
37 94
38 81
39 40
39 49
39 60
39 62
39 96
40 41
40 45
40 47
40 50
40 53
40 55
40 56
40 59
40 62
40 66
40 68
40 70
40 73
40 86
40 97
41 43
41 45
41 47
41 53
41 55
41 59
41 66
41 70
41 73
41 86
42 43
42 45
42 48
42 50
42 58
42 64
42 68
42 71
42 77
42 89
42 91
43 44
43 50
43 61
43 65
43 67
43 68
43 71
43 74
43 80
43 87
43 88
43 89
43 90
44 65
44 67
44 68
44 77
44 80
44 87
44 88
44 90
44 94
45 47
45 53
45 55
45 56
45 57
45 58
45 59
45 66
45 70
45 73
45 86
45 91
45 97
46 50
46 64
46 68
46 71
46 77
46 83
46 91
47 53
47 55
47 59
47 66
47 70
47 71
47 73
47 97
48 52
48 54
48 58
48 60
48 67
48 68
48 69
48 74
48 76
48 84
48 86
48 88
48 89
48 90
48 94
49 56
49 58
49 62
49 82
49 86
50 52
50 64
50 67
50 71
50 77
50 89
50 91
51 54
51 57
51 61
51 63
51 87
52 61
52 64
52 67
52 68
52 69
52 74
52 84
52 85
52 89
53 55
53 59
53 66
53 70
53 73
53 86
53 97
54 55
54 57
54 58
54 61
54 63
54 67
54 85
54 86
54 87
54 96
54 97
55 59
55 66
55 73
55 86
55 97
56 62
56 71
56 82
56 95
57 58
57 60
57 63
57 80
57 87
57 89
58 63
58 65
58 75
58 79
58 85
58 92
59 66
59 70
59 73
59 86
59 97
60 78
60 92
61 63
61 82
61 89
62 72
62 86
62 87
62 96
63 79
63 85
63 89
63 92
64 69
64 71
64 77
64 89
64 91
65 68
65 71
65 80
65 82
65 89
65 90
65 94
65 97
66 73
66 80
66 86
66 97
67 69
67 71
67 74
67 76
67 84
67 89
68 80
68 87
68 88
68 89
68 90
68 94
69 74
69 76
69 84
69 85
69 88
69 89
69 90
70 73
71 77
71 83
71 88
72 78
72 81
72 95
73 86
73 96
74 76
74 85
74 89
74 90
75 79
75 89
75 92
76 80
76 84
76 85
76 89
77 80
77 83
77 87
78 89
79 92
80 87
80 88
80 89
80 90
80 94
82 95
82 96
84 85
84 89
84 90
85 89
86 97
87 89
87 90
87 91
87 94
88 90
88 94
89 90
89 91
89 92
89 94
90 94
93 96
94 95
