1
343
164
0
136
368
177
322
284
87
7
53
299
122
112
317
204
22
370
44
377
129
30
16
123
208
194
167
349
350
134
121
166
259
187
32
220
113
307
76
120
238
274
5
261
225
275
231
139
356
286
254
258
9
57
15
169
271
191
33
159
25
168
198
211
239
108
376
50
68
79
292
77
58
348
347
178
96
54
341
23
351
263
221
369
24
124
233
264
4
81
327
378
372
325
222
223
215
83
297
14
8
84
301
352
300
137
344
232
189
298
303
20
205
69
276
95
253
209
138
94
131
165
290
60
210
363
161
361
318
35
319
105
130
160
71
140
19
374
59
180
312
155
346
216
296
67
162
85
345
118
270
98
320
306
245
236
13
188
288
109
92
311
31
64
240
179
375
217
70
26
65
111
132
152
107
117
181
110
3
80
337
304
226
103
289
321
260
28
163
40
66
287
200
150
213
265
10
246
364
75
241
45
193
73
154
249
206
302
242
62
373
114
203
235
338
255
266
243
39
291
55
63
115
228
86
97
229
151
353
354
269
214
36
244
116
149
171
190
46
72
37
268
230
257
42
153
90
49
12
27
323
82
2
248
355
224
192
328
293
56
135
218
201
227
61
89
156
74
18
362
43
336
52
34
48
41
212
133
175
342
91
182
256
219
51
262
93
17
313
29
357
199
202
247
267
148
176
11
21
119
6
78
