47
922
296
383
737
41
895
52
326
274
183
910
248
937
556
286
94
655
109
149
308
453
2
373
670
889
353
3
936
289
811
863
946
702
610
1003
907
277
278
71
444
6
825
165
961
55
212
532
66
371
257
73
122
388
262
28
455
382
104
35
501
7
986
20
24
87
692
14
436
347
507
69
649
173
639
27
535
432
61
717
542
644
577
83
531
8
114
844
367
885
260
346
546
464
10
48
686
154
29
660
405
60
227
220
969
476
155
651
657
589
523
451
390
559
176
884
942
13
852
218
900
354
842
511
728
792
79
561
15
88
16
221
237
44
17
38
726
18
285
991
170
983
634
219
150
582
25
861
21
872
541
233
351
22
834
23
40
500
638
234
725
403
710
26
389
53
759
90
97
742
452
508
30
111
31
194
338
108
32
33
164
763
356
34
322
101
669
399
632
993
65
167
39
36
733
327
93
732
169
37
536
606
997
860
72
653
78
335
868
126
751
199
50
646
776
378
796
818
42
578
881
408
67
724
140
43
524
749
160
86
1
11
49
684
939
213
418
204
691
743
750
74
56
509
231
377
195
255
54
82
656
828
57
58
358
76
129
802
957
163
193
756
585
62
179
928
64
703
970
397
103
188
46
68
239
812
139
132
70
124
115
342
766
96
813
520
75
99
144
105
59
102
77
238
80
85
81
267
45
395
428
288
226
0
707
427
148
265
804
988
84
873
551
339
477
522
254
882
449
790
119
152
785
230
930
348
91
835
304
375
180
794
433
157
98
819
540
5
95
698
896
869
420
307
134
529
100
925
758
360
341
417
879
206
850
995
309
106
107
442
962
580
467
755
528
921
789
208
968
172
810
113
463
350
328
740
913
897
837
116
847
117
899
1001
486
769
595
166
121
235
487
125
838
727
306
127
676
240
9
893
283
748
130
422
131
205
544
250
133
781
276
295
960
294
136
673
137
282
138
192
883
496
243
459
142
168
866
855
145
699
147
609
146
862
598
765
856
12
190
491
151
974
153
89
156
830
210
92
159
888
336
175
709
898
971
161
680
162
178
497
506
887
782
938
865
996
619
228
706
534
472
143
612
321
618
801
846
318
343
171
112
174
563
249
604
63
734
526
368
182
185
419
184
272
186
933
187
708
189
181
284
191
135
827
196
244
197
779
198
200
640
416
270
202
203
807
411
715
216
450
207
762
886
209
110
675
211
214
944
215
1002
217
258
439
560
19
480
989
757
222
223
291
224
730
770
225
310
246
465
118
229
645
340
232
555
259
920
302
236
615
505
525
123
241
747
292
242
567
530
245
820
251
313
252
832
253
317
352
256
985
982
741
512
934
141
903
543
261
745
665
263
875
287
271
362
266
320
268
269
201
273
275
437
495
581
951
468
280
438
298
281
333
51
768
574
290
314
831
312
590
843
662
440
594
392
293
729
349
980
568
694
623
671
297
299
300
301
994
303
588
305
4
539
247
926
311
315
316
978
177
931
976
611
279
323
324
325
752
329
330
331
332
334
158
337
120
426
815
128
712
935
344
345
537
948
361
809
355
916
423
357
909
359
545
264
363
364
806
990
365
366
666
319
369
370
372
374
685
376
824
379
380
