0 81
0 88
0 133
1 4
1 31
1 72
1 81
1 88
1 95
1 107
1 114
1 123
1 134
1 135
1 141
2 10
2 127
3 76
3 77
3 90
3 97
3 142
4 14
4 31
4 35
4 38
4 72
4 107
4 131
4 135
5 145
6 50
6 62
6 81
6 82
6 87
6 89
6 103
6 140
6 145
7 18
7 60
7 63
7 129
8 34
8 67
8 83
8 125
9 10
9 33
9 41
9 53
9 55
9 93
9 99
9 101
9 149
10 33
10 55
10 57
10 99
10 115
10 116
10 118
10 127
10 145
10 149
11 30
12 30
12 40
12 69
13 18
13 27
13 36
13 60
13 101
13 110
13 138
13 148
14 35
14 38
14 131
15 42
15 64
15 79
15 92
15 94
15 96
16 34
16 83
16 125
17 51
17 71
17 82
18 60
18 110
18 138
19 42
19 143
19 149
20 80
20 81
20 103
20 121
20 145
21 105
21 113
21 136
22 26
22 33
22 37
22 44
22 59
22 66
22 70
22 85
22 86
22 106
22 119
22 122
22 130
22 139
22 149
23 48
23 81
23 88
24 102
24 109
24 129
24 132
25 32
25 121
25 137
25 146
26 86
26 119
27 45
27 84
28 42
28 73
29 39
29 52
29 58
29 76
29 90
29 97
29 142
30 40
30 65
30 69
30 74
30 145
31 72
31 107
31 135
32 54
32 100
32 120
32 121
32 137
32 147
33 55
33 139
33 149
34 67
34 83
34 125
35 38
35 131
36 61
36 85
36 101
36 110
37 70
37 85
37 139
38 131
39 52
39 58
39 76
39 90
39 97
39 142
40 65
40 69
41 98
41 101
41 149
42 64
42 73
42 79
42 92
42 94
42 96
42 129
42 143
42 149
43 56
43 57
43 140
43 145
44 66
45 84
46 49
46 132
47 68
48 81
48 88
49 132
50 62
50 140
50 145
51 71
51 82
52 58
52 76
52 90
52 97
52 142
53 55
53 93
54 100
55 93
55 98
55 104
55 116
55 118
55 149
56 57
56 140
56 145
57 115
57 140
57 145
58 76
58 90
58 97
58 142
59 85
59 122
59 139
60 110
60 138
61 85
61 110
62 82
62 140
62 145
63 109
63 129
64 79
64 92
64 94
64 96
67 83
67 125
68 78
68 95
70 85
70 139
71 82
72 107
72 135
73 96
74 145
75 136
75 149
76 77
76 90
76 91
76 97
76 112
76 142
77 90
77 97
77 142
78 95
79 92
79 94
79 96
80 81
80 88
80 95
80 103
80 145
81 87
81 88
81 95
81 103
81 114
81 121
81 123
81 133
81 134
81 141
81 145
82 145
83 112
83 125
85 110
85 111
85 122
85 130
85 139
86 119
87 89
87 103
87 145
88 95
88 114
88 123
88 133
88 134
88 141
89 145
90 91
90 97
90 112
90 142
91 112
91 142
92 94
92 96
94 96
94 150
95 114
95 123
95 134
95 141
97 142
99 127
100 120
101 110
101 128
101 144
101 148
101 149
102 112
102 126
102 129
102 132
103 145
105 136
106 149
107 135
108 132
109 117
109 124
109 129
110 111
110 138
110 148
112 126
112 129
112 132
112 142
113 136
114 123
114 134
114 141
115 145
116 118
117 124
120 121
120 147
121 137
121 146
121 147
122 130
122 139
123 134
123 141
126 129
126 132
128 144
129 132
130 139
134 141
136 149
139 149
140 145
143 149
