748
226
13
292
353
1102
763
247
206
958
621
689
918
4
828
455
661
421
1042
528
914
1097
910
730
22
726
152
1033
162
454
331
200
664
883
176
370
154
640
894
60
755
485
338
540
906
1123
319
774
316
890
407
128
827
517
553
459
963
812
832
399
315
249
382
396
1009
140
605
789
762
285
225
293
635
499
393
183
71
684
1059
577
1035
820
15
99
435
391
836
873
725
624
927
715
1120
686
830
97
332
394
720
825
831
1067
94
113
397
1130
618
627
92
177
194
46
264
942
416
368
557
895
735
283
78
1061
343
54
335
348
985
374
855
323
121
875
1083
1087
973
217
571
502
100
324
148
695
420
398
1100
1072
248
311
14
85
379
612
665
165
443
79
346
228
1052
981
721
156
744
42
447
345
470
1014
480
699
288
432
180
529
188
728
483
1000
151
826
281
427
1110
98
777
550
440
9
606
125
863
548
718
287
419
388
227
24
940
1129
587
453
818
829
794
387
211
678
616
221
468
96
1022
161
978
611
692
980
931
1013
39
246
135
1126
230
1115
864
314
452
788
235
878
1076
539
64
326
487
358
110
269
800
75
687
204
133
707
296
131
90
1
187
959
1124
144
437
1095
306
73
275
810
872
205
716
467
108
431
448
179
76
578
1092
169
756
623
157
964
82
31
337
449
697
371
704
596
481
30
126
714
1044
705
240
498
723
722
573
482
976
244
276
884
1008
520
758
731
159
559
310
1098
149
761
268
172
560
670
43
488
12
907
898
1118
584
436
666
986
876
330
556
1099
849
965
450
814
239
1010
713
515
534
199
360
547
1018
975
1047
464
1119
412
322
222
757
1068
65
400
130
261
936
503
840
252
410
408
210
943
1074
58
710
277
25
1093
523
566
466
120
583
639
867
771
372
383
650
145
495
885
685
656
732
719
442
1015
1055
569
563
123
404
806
68
922
384
439
233
544
445
182
511
359
909
104
5
62
554
638
305
189
375
1050
158
231
1020
948
253
851
658
759
893
197
40
537
941
586
740
354
473
377
803
279
772
304
846
70
373
26
325
792
63
919
105
879
801
1046
655
767
891
263
672
