794
383
572
322
827
869
162
713
39
296
673
283
176
520
110
1077
1102
537
618
397
419
194
344
453
231
448
49
1035
70
252
672
684
1018
528
670
550
958
1015
379
332
1039
914
227
1029
261
980
230
64
105
316
197
836
104
788
335
337
480
723
398
221
121
767
758
109
240
282
874
65
557
548
196
247
342
698
1044
720
466
985
1083
965
46
937
421
1124
281
820
358
604
964
452
438
816
893
724
461
494
601
1098
639
314
707
220
954
268
579
803
685
898
784
941
8
534
1047
835
464
25
529
210
710
735
186
704
72
556
311
300
10
695
187
85
873
806
533
306
761
228
584
433
305
62
789
246
1110
943
182
759
675
997
726
333
264
177
970
1049
1074
959
906
772
462
288
812
515
573
1043
1009
583
942
487
986
990
473
1099
547
108
399
1095
135
269
467
569
15
115
539
763
872
728
948
840
640
652
499
169
612
140
963
172
599
658
486
249
915
148
885
123
189
518
745
525
1123
304
1100
1052
714
482
99
155
1022
624
1040
292
777
1046
222
587
440
340
739
407
1059
818
386
416
593
887
63
200
225
391
851
1126
1111
239
822
436
1132
443
1
976
388
54
336
1033
96
5
370
656
158
92
161
909
792
348
1068
468
394
596
1130
616
73
368
721
198
891
1090
415
360
293
927
279
1119
577
439
106
1000
553
1097
26
40
680
559
936
919
354
183
71
24
554
647
90
309
157
619
387
686
1120
371
967
774
643
191
1002
276
549
800
615
165
783
199
58
60
32
393
13
68
211
425
544
323
125
968
951
1118
730
100
1061
623
849
325
563
876
75
338
621
97
1072
718
1085
1093
636
82
1105
128
884
687
144
396
866
665
814
560
427
236
744
661
689
154
991
156
412
179
330
748
810
469
139
611
655
697
881
931
797
31
321
331
863
1129
571
345
94
1055
940
926
375
586
899
126
699
722
76
907
750
867
400
483
4
918
856
875
771
374
1092
151
159
450
343
894
372
1014
287
973
356
678
1050
470
910
34
608
1122
263
1010
981
725
326
864
972
152
1006
315
507
1042
578
454
830
1060
826
1076
377
133
120
431
43
233
485
217
982
715
716
420
540
180
78
975
883
455
403
808
657
831
204
411
922
275
442
384
353
523
14
679
59
879
9
1008
1013
1024
362
841
1064
56
346
488
589
12
449
503
825
757
517
511
319
531
605
30
310
732
502
650
635
751
606
638
69
205
359
1067
406
733
382
113
435
878
762
566
248
401
756
855
829
235
719
895
848
373
978
514
459
278
890
498
277
145
801
1116
260
98
447
522
324
627
495
445
130
79
244
846
705
226
892
481
731
828
664
253
662
42
740
1115
