410
123
392
298
463
697
107
425
343
291
231
451
454
401
479
559
188
613
572
387
225
18
362
240
38
583
611
326
520
601
632
578
499
359
480
292
226
281
529
400
586
378
388
328
645
260
643
143
348
224
0
488
28
636
596
468
57
687
558
595
438
394
358
532
301
160
208
526
478
507
14
323
186
441
48
237
398
462
523
163
61
688
608
426
251
399
610
598
136
180
647
651
450
171
99
694
78
431
130
684
347
67
620
467
170
296
430
637
54
242
1
512
524
453
658
574
404
59
500
498
344
607
125
43
624
109
215
140
324
200
141
461
445
569
482
631
570
676
272
219
510
239
665
46
590
113
530
623
382
705
518
447
654
515
314
668
580
638
503
648
472
466
135
305
599
351
366
339
634
42
436
617
285
706
407
161
103
615
122
487
536
481
592
363
556
133
307
553
322
633
543
144
235
51
108
494
175
402
460
361
509
420
656
206
408
118
542
522
562
677
557
567
537
372
41
584
365
695
271
31
282
707
321
117
672
513
340
585
428
609
501
573
411
541
375
418
312
692
319
176
566
101
245
674
659
618
516
456
131
588
5
243
286
39
660
519
97
403
396
299
221
508
193
30
165
473
464
534
514
391
386
337
483
205
432
249
287
60
342
563
169
157
270
273
690
244
444
370
289
589
603
207
657
561
505
540
605
575
474
579
511
152
409
327
649
476
554
357
335
661
356
458
350
486
264
604
475
587
577
681
390
655
689
616
275
137
555
146
421
549
290
591
700
189
111
477
379
90
704
675
300
568
628
213
693
177
614
50
535
548
442
283
465
517
228
710
40
250
84
80
417
459
263
329
581
531
469
380
691
646
545
452
70
406
172
528
262
412
374
385
368
258
325
496
539
612
639
521
2
708
58
134
8
166
288
371
331
669
302
295
457
582
635
332
491
576
650
13
683
62
246
666
284
293
190
455
167
680
593
187
594
265
162
679
625
128
485
