0 10
0 16
0 36
0 37
0 43
0 76
0 96
0 97
0 102
0 104
0 106
0 132
0 146
0 151
0 154
0 189
0 236
0 240
0 253
0 260
10 2
10 7
10 37
10 43
10 59
10 76
10 86
10 97
10 104
10 106
10 117
10 118
10 132
10 146
10 151
10 154
10 189
10 190
10 233
10 240
10 247
10 252
10 253
10 260
16 2
16 3
16 7
16 27
16 37
16 43
16 59
16 70
16 76
16 80
16 96
16 97
16 102
16 104
16 106
16 114
16 132
16 146
16 151
16 166
16 189
16 190
16 209
16 233
16 249
16 253
16 260
36 18
36 26
36 27
36 31
36 39
36 42
36 44
36 58
36 63
36 65
36 75
36 81
36 86
36 93
36 99
36 105
36 110
36 117
36 122
36 128
36 131
36 132
36 133
36 137
36 140
36 143
36 145
36 147
36 148
36 153
36 161
36 165
36 170
36 173
36 186
36 190
36 191
36 193
36 198
36 205
36 215
36 220
36 222
36 234
36 240
36 244
36 252
36 253
36 255
36 259
36 260
37 3
37 7
37 42
37 44
37 76
37 96
37 102
37 104
37 114
37 118
37 146
37 151
37 154
37 171
37 209
37 233
43 7
43 22
43 27
43 63
43 80
43 96
43 97
43 102
43 104
43 106
43 108
43 132
43 146
43 151
43 154
43 178
43 185
43 189
43 190
43 193
43 206
43 247
43 253
43 256
43 260
76 2
76 3
76 27
76 59
76 86
76 96
76 97
76 104
76 106
76 114
76 132
76 141
76 146
76 151
76 168
76 190
76 206
76 209
76 236
76 244
76 247
76 253
76 257
96 2
96 3
96 7
96 27
96 59
96 67
96 80
96 82
96 102
96 104
96 106
96 110
96 114
96 118
96 126
96 146
96 151
96 165
96 189
96 206
96 209
96 216
96 245
96 247
96 253
96 256
96 260
97 2
97 3
97 7
97 27
97 48
97 59
97 102
97 106
97 118
97 120
97 132
97 151
97 154
97 160
97 166
97 172
97 183
97 189
97 190
97 209
97 211
97 225
97 227
97 233
97 236
97 240
97 247
97 253
102 3
102 7
102 18
102 59
102 69
102 74
102 79
102 106
102 117
102 132
102 133
102 146
102 147
102 154
102 161
102 166
102 206
102 209
102 212
102 222
102 227
102 233
102 236
102 247
102 253
102 256
104 7
104 17
104 27
104 79
104 84
104 100
104 114
104 132
104 139
104 146
104 148
104 178
104 180
104 190
104 234
104 247
104 253
104 254
106 2
106 3
106 49
106 58
106 70
106 74
106 91
106 92
106 101
106 109
106 115
106 126
106 132
106 151
106 154
106 166
106 173
106 175
106 189
106 190
106 194
106 206
106 240
106 247
106 249
106 257
132 2
132 3
132 7
132 8
132 13
132 44
132 64
132 67
132 80
132 114
132 118
132 146
132 151
132 153
132 154
132 158
132 166
132 183
132 189
132 190
132 209
132 222
132 234
132 236
132 247
132 253
132 256
132 260
146 2
146 3
146 4
146 7
146 42
146 117
146 151
146 166
146 189
146 190
146 206
146 209
146 236
146 247
146 255
151 2
151 3
151 7
151 27
151 39
151 42
151 51
151 59
151 71
151 81
151 111
151 118
151 126
151 133
151 166
151 188
151 189
151 190
151 233
151 236
151 244
151 247
151 253
151 260
154 7
154 74
154 80
154 147
154 196
154 206
154 207
154 212
154 227
154 236
154 247
154 256
154 260
189 2
189 27
189 35
189 59
189 61
189 84
189 108
189 118
189 130
189 150
189 167
189 172
189 183
189 209
189 212
189 233
189 247
236 2
236 3
236 7
236 18
236 58
236 74
236 190
236 199
236 206
236 227
236 234
236 247
236 253
236 256
240 18
240 26
240 31
240 58
240 63
240 65
240 87
240 93
240 99
240 105
240 110
240 115
240 117
240 122
240 124
240 131
240 137
240 143
240 145
240 153
240 161
240 165
240 167
240 170
240 173
240 186
240 191
240 202
240 204
240 212
240 215
240 220
240 222
240 227
240 239
240 244
240 246
240 252
240 253
240 259
240 260
253 233
253 2
253 3
253 7
253 34
253 42
253 54
253 69
253 80
253 83
253 101
253 114
253 128
253 133
253 166
253 168
253 183
253 196
253 208
253 215
253 247
253 250
253 260
260 3
260 18
260 31
260 44
260 58
260 63
260 65
260 86
260 93
260 99
260 105
260 110
260 111
260 117
260 119
260 122
260 124
260 131
260 137
260 143
260 145
260 153
260 161
260 164
260 170
260 172
260 173
260 182
260 186
260 191
260 198
260 202
260 212
260 214
260 215
260 216
260 222
260 227
260 228
260 235
260 244
260 247
260 252
260 255
260 259
2 3
2 59
2 63
2 114
2 118
2 166
2 247
7 3
7 59
7 114
7 247
7 44
7 75
7 113
7 170
7 172
7 178
7 190
7 212
7 227
7 244
7 256
59 67
59 3
59 74
59 114
59 166
59 209
59 247
86 67
86 164
86 178
86 82
86 87
86 130
86 229
86 44
86 75
86 212
86 8
86 17
86 39
86 45
86 60
86 70
86 81
86 34
86 68
86 78
86 111
86 119
86 124
86 126
86 128
86 140
86 147
86 181
86 204
86 214
86 228
86 234
86 239
86 255
117 63
117 210
117 227
117 58
117 170
117 244
117 137
117 153
117 204
117 18
117 26
117 31
117 65
117 93
117 99
117 110
117 122
117 131
117 133
117 143
117 161
117 165
117 173
117 186
117 187
117 191
117 202
117 215
117 222
117 239
117 252
117 259
118 67
118 89
118 11
118 19
118 20
118 25
118 28
118 29
118 33
118 35
118 42
118 48
118 52
118 57
118 65
118 77
118 80
118 85
118 87
118 91
118 108
118 112
118 113
118 120
118 121
118 133
118 144
118 147
118 152
118 160
118 163
118 167
118 171
118 172
118 176
118 177
118 183
118 187
118 188
118 193
118 195
118 197
118 200
118 206
118 208
118 210
118 211
118 216
118 217
118 221
118 223
118 232
118 237
118 242
118 243
118 245
118 246
118 258
190 3
190 114
190 166
190 209
190 27
190 244
233 42
233 49
233 112
233 114
233 148
233 217
233 247
233 250
247 3
247 166
247 209
247 44
247 60
247 80
247 119
247 147
247 153
247 178
247 227
247 244
252 63
252 193
252 227
252 58
252 170
252 212
252 244
252 124
252 137
252 153
252 234
252 18
252 26
252 93
252 99
252 110
252 122
252 131
252 143
252 145
252 161
252 165
252 173
252 186
252 191
252 198
252 202
252 215
252 220
252 222
252 239
252 250
252 259
3 15
3 41
3 42
3 74
3 79
3 80
3 91
3 101
3 148
3 164
3 175
3 193
3 206
3 207
3 210
3 225
3 226
3 227
3 256
27 166
27 58
27 130
27 18
27 122
70 91
70 164
70 256
70 105
70 178
70 44
70 75
70 172
70 8
70 39
70 60
70 61
70 34
70 68
70 78
70 81
70 111
70 115
70 119
70 126
70 128
70 140
70 147
70 181
70 205
70 214
70 234
80 114
80 42
80 19
80 25
80 28
80 29
80 35
80 46
80 55
80 57
80 58
80 85
80 87
80 90
80 126
80 133
80 134
80 135
80 141
80 145
80 150
80 152
80 160
80 167
80 171
80 173
80 176
80 177
80 187
80 188
80 193
80 197
80 203
80 206
80 207
80 208
80 211
80 225
80 242
80 245
80 246
80 249
80 250
80 257
80 258
166 109
166 230
209 51
249 72
249 193
249 207
249 28
249 55
249 57
249 160
249 167
249 178
249 197
249 242
249 245
249 82
249 38
249 111
249 140
249 35
249 50
249 134
249 150
249 221
249 19
249 29
249 141
249 171
249 188
249 208
249 258
18 67
18 63
18 207
18 227
18 256
18 185
18 197
18 58
18 170
18 212
18 244
18 45
18 81
18 124
18 137
18 153
18 205
18 83
18 145
18 173
18 26
18 31
18 93
18 99
18 110
18 122
18 131
18 143
18 161
18 165
18 177
18 186
18 191
18 198
18 215
18 220
18 222
26 63
26 227
26 58
26 170
26 244
26 119
26 124
26 137
26 145
26 173
26 239
26 31
26 65
26 93
26 99
26 122
26 131
26 143
26 161
26 165
26 188
26 191
26 198
26 215
26 220
26 222
31 63
31 227
31 58
31 75
31 170
31 244
31 81
31 124
31 137
31 153
31 145
31 173
31 239
31 93
31 99
31 122
31 131
31 143
31 161
31 165
31 186
31 191
31 198
31 202
31 215
31 222
31 259
39 84
39 92
39 74
39 91
39 164
39 225
39 256
39 64
39 178
39 87
39 44
39 172
39 212
39 8
39 17
39 45
39 61
39 68
39 78
39 81
39 111
39 128
39 133
39 140
39 147
39 181
39 205
39 220
39 234
42 4
42 94
42 162
42 196
42 11
42 20
42 22
42 32
42 35
42 46
42 47
42 50
42 53
42 55
42 71
42 77
42 83
42 87
42 88
42 95
42 105
42 108
42 112
42 115
42 116
42 120
42 121
42 126
42 133
42 137
42 140
42 144
42 150
42 173
42 175
42 183
42 187
42 188
42 193
42 195
42 203
42 207
42 210
42 211
42 237
42 241
42 246
42 250
42 254
44 63
44 175
44 256
44 178
44 8
44 13
44 17
44 45
44 60
44 61
44 75
44 78
44 81
44 108
44 111
44 119
44 128
44 137
44 140
44 147
44 153
44 172
44 181
44 204
44 205
44 212
44 213
44 214
44 228
44 234
44 239
44 255
58 63
58 74
58 148
58 210
58 227
58 242
58 6
58 19
58 83
58 93
58 110
58 119
58 122
58 131
58 134
58 137
58 143
58 145
58 147
58 153
58 161
58 165
58 170
58 173
58 186
58 191
58 198
58 204
58 215
58 220
58 222
58 239
58 244
58 259
63 15
63 67
63 196
63 17
63 19
63 32
63 49
63 51
63 61
63 65
63 93
63 100
63 101
63 105
63 110
63 115
63 124
63 128
63 131
63 133
63 137
63 143
63 144
63 145
63 153
63 161
63 164
63 165
63 170
63 173
63 184
63 186
63 191
63 193
63 198
63 205
63 215
63 216
63 222
63 227
63 234
63 239
63 244
63 259
65 92
65 196
65 41
65 105
65 170
65 244
65 81
65 124
65 137
65 153
65 205
65 255
65 234
65 257
65 145
65 173
65 239
65 93
65 110
65 143
65 165
65 186
65 191
65 215
65 222
65 19
65 259
75 164
75 256
75 64
75 178
75 8
75 9
75 13
75 17
75 45
75 60
75 61
75 68
75 78
75 81
75 111
75 119
75 124
75 128
75 137
75 140
75 147
75 153
75 172
75 181
75 204
75 205
75 212
75 214
75 228
75 234
75 239
75 255
81 164
81 227
81 256
81 28
81 64
81 178
81 172
81 212
81 244
81 8
81 45
81 61
81 68
81 111
81 119
81 124
81 128
81 131
81 140
81 145
81 147
81 153
81 181
81 204
81 205
81 213
81 214
81 220
81 228
81 234
81 255
93 227
93 170
93 244
93 137
93 153
93 145
93 173
93 239
93 110
93 122
93 131
93 143
93 161
93 186
93 191
93 202
93 215
93 222
93 259
99 227
99 170
99 61
99 124
99 137
99 234
99 173
99 110
99 122
99 143
99 161
99 165
99 177
99 186
99 215
99 222
105 4
105 15
105 84
105 92
105 127
105 159
105 101
105 210
105 225
105 21
105 64
105 103
105 6
105 9
105 12
105 14
105 19
105 34
105 82
105 83
105 87
105 98
105 100
105 107
105 126
105 131
105 137
105 139
105 155
105 156
105 157
105 167
105 169
105 194
105 219
105 235
110 74
110 227
110 170
110 124
110 137
110 153
110 145
110 173
110 49
110 122
110 131
110 143
110 161
110 165
110 186
110 259
122 196
122 227
122 155
122 170
122 244
122 137
122 153
122 234
122 163
122 239
122 131
122 143
122 161
122 165
122 186
122 191
122 198
122 202
122 220
122 222
128 164
128 193
128 256
128 237
128 87
128 229
128 172
128 212
128 8
128 17
128 60
128 61
128 111
128 119
128 68
128 78
128 137
128 140
128 153
128 181
128 204
128 214
128 234
128 255
128 259
131 92
131 210
131 227
131 170
131 244
131 137
131 147
131 153
131 255
131 144
131 145
131 173
131 239
131 143
131 161
131 165
131 186
131 191
131 198
131 202
131 215
131 220
131 222
131 259
133 158
133 74
133 79
133 148
133 175
133 206
133 210
133 227
133 28
133 32
133 57
133 160
133 167
133 197
133 245
133 51
133 30
133 113
133 24
133 35
133 109
133 150
133 176
133 187
133 200
133 231
133 250
133 257
133 246
133 19
133 25
133 29
133 47
133 49
133 71
133 22
133 54
133 73
133 126
133 141
133 174
133 180
133 182
133 188
133 208
133 218
133 223
133 230
133 243
133 258
137 196
137 193
137 32
137 139
137 167
137 183
137 82
137 170
137 212
137 244
137 8
137 61
137 100
137 124
137 116
137 140
137 143
137 145
137 150
137 153
137 161
137 165
137 173
137 186
137 191
137 202
137 215
137 219
137 221
137 222
137 234
137 239
137 255
137 259
140 193
140 225
140 227
140 256
140 156
140 178
140 172
140 212
140 8
140 60
140 61
140 119
140 124
140 68
140 73
140 78
140 145
140 147
140 153
140 204
140 205
140 213
140 220
140 228
140 234
140 255
143 193
143 227
143 170
143 244
143 124
143 153
143 205
143 234
143 176
143 203
143 145
143 173
143 239
143 161
143 165
143 186
143 191
143 198
143 202
143 215
145 15
145 196
145 227
145 170
145 244
145 119
145 124
145 153
145 14
145 165
145 186
145 191
145 198
145 215
145 220
145 222
145 239
145 259
147 92
147 164
147 193
147 210
147 256
147 33
147 52
147 155
147 178
147 232
147 82
147 172
147 212
147 8
147 13
147 17
147 45
147 60
147 61
147 111
147 119
147 124
147 24
147 34
147 68
147 78
147 153
147 181
147 186
147 198
147 204
147 205
147 213
147 223
147 228
147 234
147 255
148 19
148 46
148 55
148 71
148 90
148 112
148 126
148 134
148 141
148 160
148 167
148 171
148 188
148 193
148 197
148 207
148 208
148 215
148 250
148 257
148 258
153 193
153 227
153 160
153 178
153 197
153 170
153 212
153 244
153 13
153 60
153 61
153 119
153 124
153 53
153 78
153 165
153 173
153 191
153 198
153 205
153 215
153 220
153 222
153 234
153 259
161 92
161 227
161 256
161 185
161 170
161 244
161 45
161 124
161 205
161 83
161 173
161 165
161 177
161 186
161 191
161 198
161 215
161 220
161 222
165 227
165 170
165 244
165 60
165 124
165 173
165 239
165 186
165 191
165 198
165 215
165 220
165 222
170 227
170 124
170 173
170 176
170 186
170 198
170 215
170 222
170 239
170 244
170 246
170 259
173 94
173 74
173 206
173 227
173 152
173 245
173 87
173 244
173 17
173 60
173 124
173 24
173 195
173 47
173 186
173 191
173 198
173 215
173 220
173 222
173 258
186 210
186 227
186 242
186 82
186 244
186 257
186 19
186 191
186 198
186 215
186 222
186 243
186 259
191 142
191 210
191 227
191 138
191 152
191 245
191 244
191 124
191 239
191 198
191 215
191 222
191 259
193 15
193 74
193 79
193 8
193 11
193 17
193 19
193 20
193 22
193 25
193 28
193 29
193 32
193 33
193 45
193 46
193 47
193 49
193 51
193 54
193 55
193 57
193 71
193 73
193 90
193 109
193 126
193 134
193 136
193 141
193 150
193 152
193 160
193 167
193 171
193 177
193 182
193 188
193 197
193 200
193 206
193 207
193 208
193 210
193 211
193 212
193 221
193 223
193 225
193 237
193 242
193 243
193 245
193 246
193 250
193 255
193 257
193 258
198 158
198 74
198 210
198 227
198 197
198 244
198 111
198 108
198 116
198 195
198 215
198 222
205 196
205 175
205 207
205 256
205 178
205 212
205 8
205 13
205 17
205 60
205 61
205 111
205 119
205 124
205 204
205 78
205 83
205 220
205 228
215 67
215 206
215 210
215 227
215 124
215 115
215 239
215 202
215 220
215 222
220 67
220 227
220 244
220 61
220 124
220 78
220 222
222 227
222 245
222 244
222 124
222 204
222 239
222 19
222 243
222 259
234 92
234 164
234 227
234 256
234 32
234 178
234 172
234 212
234 17
234 45
234 60
234 61
234 111
234 119
234 181
234 204
234 214
234 228
234 255
234 9
234 68
234 213
234 259
244 15
244 227
244 212
244 13
244 29
244 60
244 111
244 119
244 124
244 204
244 239
244 259
255 164
255 178
255 130
255 172
255 212
255 8
255 13
255 60
255 181
255 14
255 78
255 213
259 40
259 167
259 197
259 245
259 239
171 206
171 207
171 28
171 120
171 152
171 160
171 167
171 183
171 197
171 211
171 242
171 245
171 83
171 109
171 187
171 221
171 250
171 257
171 246
171 177
171 19
171 20
171 25
171 29
171 90
171 141
171 126
22 74
22 175
22 113
22 35
22 150
22 176
22 200
22 231
22 47
22 71
22 180
22 85
22 135
22 174
22 217
22 223
108 94
108 74
108 175
108 210
108 11
108 120
108 183
108 211
108 237
108 87
108 60
108 35
108 48
108 50
108 77
108 83
108 88
108 112
108 115
108 116
108 121
108 135
108 141
108 144
108 176
108 187
108 195
108 203
108 241
108 254
178 4
178 84
178 89
178 127
178 201
178 164
178 210
178 33
178 169
178 8
178 17
178 45
178 60
178 61
178 68
178 78
178 111
178 119
178 181
178 194
178 204
178 212
178 214
185 4
185 67
185 84
185 89
185 92
185 94
185 127
185 158
185 91
185 226
185 5
185 23
185 107
185 123
185 136
185 169
185 184
185 12
185 251
206 92
206 196
206 74
206 91
206 19
206 28
206 29
206 90
206 109
206 134
206 141
206 150
206 152
206 160
206 169
206 180
206 183
206 188
206 197
206 207
206 208
206 221
206 226
206 227
206 242
206 246
206 250
206 257
206 258
256 227
256 8
256 17
256 45
256 60
256 111
256 167
256 204
256 212
256 213
256 214
256 228
141 207
141 210
141 55
141 57
141 64
141 152
141 160
141 167
141 197
141 242
141 24
141 134
141 150
141 221
141 257
141 246
141 19
141 49
141 90
141 46
141 54
141 126
141 208
168 84
168 92
168 142
168 201
168 41
168 91
168 225
168 226
168 23
168 52
168 107
168 125
168 138
168 152
168 192
168 194
168 232
168 248
168 87
168 6
168 30
168 38
168 56
168 66
168 130
168 100
168 119
168 219
168 229
168 238
168 257
257 207
257 11
257 57
257 152
257 160
257 167
257 183
257 184
257 216
257 232
257 242
257 245
257 87
257 130
257 111
257 50
257 115
257 144
257 150
257 187
257 250
257 254
257 12
257 19
257 20
257 25
257 29
257 53
257 90
257 177
257 217
257 258
67 1
67 4
67 15
67 40
67 5
67 12
67 21
67 33
67 34
67 72
67 84
67 87
67 92
67 94
67 101
67 103
67 123
67 126
67 127
67 136
67 142
67 149
67 158
67 159
67 162
67 169
67 184
67 199
67 201
67 216
67 226
67 232
67 250
67 251
67 254
82 15
82 84
82 92
82 127
82 159
82 196
82 91
82 101
82 175
82 225
82 5
82 64
82 103
82 138
82 139
82 169
82 224
82 12
82 34
82 98
82 111
82 219
126 94
126 207
126 210
126 225
126 23
126 28
126 55
126 152
126 167
126 197
126 211
126 242
126 245
126 109
126 112
126 134
126 150
126 221
126 258
126 188
126 46
216 4
216 15
216 40
216 72
216 84
216 92
216 94
216 127
216 142
216 149
216 158
216 159
216 199
216 201
216 101
216 207
216 5
216 21
216 64
216 123
216 136
216 155
216 169
216 184
216 251
216 254
245 84
245 92
245 207
245 28
245 32
245 57
245 64
245 152
245 160
245 167
245 197
245 242
245 20
245 29
245 46
245 87
245 121
245 134
245 150
245 174
245 177
245 188
245 203
245 208
245 246
245 250
48 41
48 210
48 11
48 120
48 167
48 183
48 211
48 237
48 51
48 87
48 50
48 53
48 69
48 71
48 77
48 83
48 88
48 95
48 109
48 112
48 115
48 116
48 121
48 144
48 163
48 187
48 195
48 203
48 223
48 241
48 254
120 4
120 207
120 210
120 11
120 103
120 35
120 53
120 77
120 83
120 88
120 109
120 112
120 115
120 116
120 121
120 135
120 144
120 163
120 176
120 183
120 187
120 195
120 200
120 203
120 237
120 241
120 254
160 4
160 84
160 207
160 210
160 28
160 57
160 152
160 19
160 20
160 29
160 47
160 90
160 113
160 134
160 144
160 150
160 167
160 169
160 197
160 208
160 221
160 242
160 246
160 250
160 258
172 8
172 17
172 45
172 60
172 61
172 111
172 119
172 204
172 212
172 213
172 214
172 228
172 239
183 4
183 89
183 175
183 210
183 11
183 57
183 19
183 35
183 50
183 53
183 77
183 83
183 87
183 88
183 109
183 112
183 116
183 121
183 163
183 187
183 188
183 195
183 203
183 211
183 237
183 241
211 4
211 84
211 89
211 201
211 79
211 210
211 11
211 125
211 35
211 50
211 53
211 77
211 83
211 87
211 88
211 109
211 112
211 121
211 135
211 163
211 187
211 195
211 217
211 237
211 241
211 246
211 248
225 4
225 84
225 89
225 94
225 127
225 149
225 159
225 41
225 91
225 101
225 12
225 14
225 21
225 98
225 103
225 136
225 138
225 139
225 156
225 157
225 169
225 184
225 219
225 224
225 235
227 74
227 60
227 124
227 202
227 239
69 210
69 179
69 17
69 24
69 50
69 115
69 116
69 254
69 53
74 24
74 29
74 30
74 34
74 35
74 45
74 49
74 54
74 57
74 71
74 73
74 79
74 87
74 101
74 103
74 109
74 113
74 115
74 116
74 121
74 167
74 175
74 176
74 180
74 182
74 187
74 200
74 203
74 210
74 230
74 231
74 241
74 242
74 243
79 19
79 32
79 35
79 51
79 54
79 71
79 73
79 109
79 113
79 135
79 175
79 176
79 180
79 182
79 200
79 210
79 230
79 243
212 64
212 169
212 192
212 8
212 13
212 17
212 45
212 60
212 61
212 78
212 119
212 121
212 124
212 181
212 200
212 204
212 213
212 214
17 8
17 13
17 60
17 61
17 68
17 78
17 111
17 119
17 124
17 181
17 204
17 213
17 214
17 239
84 1
84 4
84 15
84 40
84 5
84 6
84 14
84 21
84 23
84 41
84 64
84 92
84 94
84 100
84 101
84 103
84 127
84 129
84 130
84 136
84 139
84 142
84 149
84 152
84 155
84 156
84 159
84 167
84 169
84 179
84 180
84 184
84 194
84 201
84 207
84 235
100 15
100 196
100 201
100 41
100 23
100 28
100 33
100 107
100 125
100 138
100 139
100 156
100 192
100 194
100 30
100 38
100 56
100 66
100 98
100 229
100 8
100 14
139 4
139 92
139 94
139 127
139 101
139 21
139 32
139 64
139 103
139 136
139 9
139 12
139 14
139 156
139 157
139 169
139 194
139 219
139 224
139 235
180 175
180 207
180 210
180 55
180 24
180 35
180 176
180 187
180 200
180 203
180 231
180 250
180 19
180 49
180 54
180 85
180 182
180 208
180 223
180 243
254 175
254 11
254 113
254 24
254 112
254 115
254 121
254 144
254 187
254 203
254 53
254 182
49 32
49 55
49 136
49 197
49 51
49 113
49 204
49 24
49 35
49 112
49 150
49 200
49 203
49 250
49 246
49 19
49 29
49 46
49 71
49 85
49 182
49 208
49 217
49 230
49 243
91 4
91 40
91 92
91 196
91 12
91 14
91 21
91 34
91 64
91 68
91 98
91 101
91 103
91 115
91 156
91 169
91 219
91 224
92 1
92 4
92 15
92 40
92 89
92 5
92 9
92 12
92 14
92 33
92 34
92 94
92 125
92 127
92 136
92 142
92 155
92 156
92 158
92 159
92 162
92 184
92 199
92 226
92 242
92 248
92 250
92 251
101 15
101 158
101 201
101 9
101 12
101 21
101 34
101 64
101 103
101 115
101 138
101 155
101 156
101 157
101 164
101 169
101 192
101 219
101 235
109 210
109 11
109 237
109 87
109 50
109 77
109 53
109 85
109 115
109 121
109 150
109 163
109 187
109 195
109 203
109 241
115 175
115 210
115 11
115 237
115 87
115 124
115 50
115 77
115 83
115 112
115 34
115 53
115 116
115 144
115 163
115 187
115 200
115 203
115 241
175 4
175 127
175 158
175 11
175 45
175 64
175 77
175 83
175 87
175 116
175 121
175 144
175 176
175 184
175 187
175 203
175 231
175 237
175 241
194 4
194 15
194 89
194 196
194 23
194 33
194 52
194 103
194 107
194 125
194 138
194 155
194 192
194 30
194 66
194 229
194 232
194 238
194 248
8 169
8 13
8 45
8 60
8 61
8 111
8 124
8 181
8 204
8 214
8 228
13 156
13 60
13 61
13 119
13 124
13 228
64 4
64 15
64 40
64 142
64 159
64 196
64 21
64 9
64 12
64 14
64 30
64 34
64 98
64 103
64 125
64 138
64 156
64 157
64 167
64 169
64 203
64 219
64 235
158 1
158 4
158 15
158 40
158 72
158 94
158 127
158 5
158 23
158 78
158 103
158 123
158 136
158 159
158 162
158 184
158 192
158 199
158 201
158 219
158 226
158 228
158 235
158 251
4 1
4 5
4 11
4 15
4 21
4 23
4 28
4 32
4 33
4 40
4 52
4 55
4 57
4 72
4 89
4 94
4 107
4 123
4 125
4 127
4 136
4 138
4 142
4 149
4 152
4 156
4 159
4 162
4 164
4 167
4 169
4 179
4 184
4 197
4 199
4 201
4 207
4 210
4 224
4 232
4 235
4 237
4 248
51 5
51 32
51 24
51 54
51 71
51 113
51 174
51 200
51 223
51 230
51 231
51 243
71 32
71 113
71 35
71 88
71 112
71 144
71 176
71 200
71 231
71 250
71 19
71 46
71 54
71 73
71 85
71 135
71 174
71 182
71 188
71 208
71 223
71 230
71 243
111 164
111 87
111 45
111 60
111 61
111 68
111 78
111 119
111 181
111 204
111 214
188 207
188 28
188 55
188 57
188 152
188 167
188 197
188 113
188 24
188 88
188 134
188 150
188 221
188 20
188 29
188 208
188 258
196 1
196 15
196 142
196 6
196 23
196 30
196 33
196 38
196 56
196 61
196 62
196 98
196 107
196 125
196 129
196 134
196 138
196 187
196 192
196 201
196 224
196 229
196 232
196 248
207 19
207 20
207 28
207 29
207 46
207 53
207 55
207 57
207 90
207 116
207 134
207 150
207 152
207 167
207 181
207 197
207 203
207 208
207 221
207 242
207 246
207 258
35 11
35 57
35 125
35 184
35 87
35 113
35 24
35 47
35 73
35 83
35 85
35 88
35 116
35 135
35 144
35 163
35 174
35 176
35 182
35 187
35 200
35 217
35 218
35 223
35 231
35 239
35 241
61 167
61 45
61 60
61 78
61 119
61 204
61 214
61 228
130 40
130 201
130 41
130 23
130 138
130 169
130 192
130 129
130 6
130 30
130 38
130 56
130 98
130 223
150 11
150 28
150 57
150 152
150 167
150 197
150 242
150 121
150 134
150 19
150 20
150 29
150 46
150 90
150 176
150 187
150 200
150 203
150 208
150 243
150 246
150 250
167 15
167 28
167 32
167 55
167 57
167 152
167 19
167 46
167 87
167 90
167 134
167 197
167 208
167 221
167 241
167 242
167 246
167 258
112 210
112 237
112 87
112 50
112 83
112 88
112 46
112 53
112 116
112 121
112 134
112 144
112 163
112 187
112 195
112 200
112 203
112 217
112 241
112 250
217 32
217 113
217 24
217 77
217 200
217 250
217 182
217 230
217 85
217 135
217 73
217 223
250 210
250 11
250 32
250 55
250 57
250 203
250 46
250 90
250 208
250 246
199 1
199 40
199 72
199 89
199 142
199 149
199 159
199 162
199 21
199 107
199 138
199 179
199 184
199 251
87 89
87 142
87 210
87 5
87 11
87 152
87 237
87 53
87 77
87 83
87 88
87 116
87 121
87 144
87 157
87 163
87 187
87 195
87 203
87 229
87 241
124 60
124 119
124 68
124 204
124 239
204 164
204 45
204 60
204 119
204 68
204 78
204 214
239 214
246 23
246 28
246 55
246 57
246 152
246 197
246 242
246 134
246 144
246 187
246 19
246 20
246 25
246 29
246 46
246 47
246 90
246 208
246 258
34 21
34 103
34 224
34 238
34 45
34 219
34 12
34 68
54 32
54 55
54 57
54 113
54 24
54 200
54 231
54 243
54 135
54 223
54 73
83 210
83 11
83 237
83 77
83 121
83 177
83 187
83 195
83 203
83 230
83 241
208 162
208 152
208 197
208 242
208 113
208 24
208 19
208 29
119 11
119 184
119 45
119 60
119 68
119 78
119 213
119 214
164 9
164 45
164 68
164 156
164 228
182 32
182 24
182 77
182 88
182 200
182 19
182 218
214 138
214 181
214 68
228 169
228 45
228 60
228 68
235 210
235 21
235 103
235 156
235 169
235 184
235 14
235 98
235 157
235 181
235 219
1 15
1 40
1 72
1 89
1 94
1 142
1 149
1 159
1 162
1 201
15 5
15 14
15 72
15 89
15 103
15 123
15 127
15 136
15 138
15 142
15 149
15 159
15 162
15 192
15 201
15 219
15 226
40 5
40 6
40 12
40 21
40 72
40 89
40 94
40 123
40 127
40 136
40 159
40 162
40 169
40 201
40 224
40 226
40 248
40 251
72 50
72 89
72 123
72 142
72 149
72 162
72 201
89 5
89 94
89 107
89 123
89 125
89 136
89 149
89 162
89 184
89 201
89 248
94 5
94 30
94 52
94 123
94 125
94 127
94 136
94 149
94 159
94 162
94 184
94 201
94 226
94 251
142 127
142 5
142 14
142 30
142 123
142 129
142 136
142 138
142 149
142 159
142 162
142 184
142 192
142 201
142 219
142 226
142 241
142 251
149 127
149 5
149 21
149 123
149 125
149 136
149 159
149 162
149 179
149 184
149 201
149 224
149 226
149 251
159 127
159 5
159 6
159 123
159 136
159 138
159 162
159 184
159 201
162 5
162 9
162 21
162 123
162 129
162 179
162 201
162 226
162 251
201 127
201 21
201 33
201 121
201 123
201 136
201 156
201 163
201 179
201 184
201 210
201 226
201 232
201 251
5 127
5 226
5 123
5 129
5 136
5 169
5 179
5 184
5 251
11 24
11 50
11 60
11 77
11 88
11 116
11 121
11 134
11 163
11 176
11 187
11 195
11 200
11 203
11 219
11 221
11 231
11 237
11 241
21 41
21 9
21 12
21 14
21 98
21 103
21 107
21 113
21 123
21 156
21 157
21 169
21 219
23 127
23 41
23 210
23 6
23 30
23 33
23 66
23 98
23 129
23 136
23 138
23 155
23 169
23 184
23 232
23 238
28 41
28 6
28 19
28 55
28 57
28 90
28 134
28 138
28 152
28 197
28 221
28 242
28 258
32 24
32 95
32 113
32 152
32 174
32 200
32 223
32 243
33 41
33 30
33 52
33 56
33 98
33 107
33 125
33 138
33 155
33 169
33 179
33 229
33 232
33 238
33 242
33 248
52 127
52 6
52 30
52 98
52 107
52 138
52 232
52 238
52 248
55 210
55 29
55 46
55 57
55 134
55 197
55 242
57 19
57 20
57 25
57 29
57 113
57 134
57 152
57 176
57 177
57 187
57 197
57 221
57 223
57 231
57 242
57 243
57 258
107 41
107 6
107 9
107 38
107 56
107 125
107 129
107 138
107 155
107 229
107 232
123 127
123 226
123 125
123 136
123 251
125 226
125 6
125 12
125 30
125 56
125 66
125 136
125 138
125 155
125 192
125 229
125 232
125 238
125 248
127 30
127 136
127 156
127 184
127 251
136 226
136 184
136 251
138 41
138 103
138 6
138 14
138 30
138 38
138 56
138 66
138 98
138 129
138 155
138 192
138 229
138 232
138 238
138 248
152 19
152 20
152 25
152 29
152 38
152 116
152 134
152 177
152 197
152 221
152 242
152 258
156 210
156 103
156 9
156 14
156 98
156 157
156 169
156 219
156 224
169 103
169 6
169 9
169 12
169 14
169 62
169 98
169 184
169 203
169 219
169 224
179 184
184 226
184 6
184 30
184 113
184 192
184 251
197 19
197 20
197 116
197 134
197 203
197 221
197 242
197 258
210 19
210 50
210 53
210 116
210 121
210 134
210 144
210 163
210 187
210 195
210 203
210 229
210 237
210 241
210 243
224 12
224 62
224 219
232 41
232 155
232 192
232 6
232 30
232 38
232 66
232 98
232 129
232 229
232 238
232 248
232 258
237 50
237 53
237 77
237 116
237 121
237 144
237 163
237 187
237 195
237 203
237 241
248 226
248 155
248 192
248 30
248 66
248 98
248 129
248 229
248 238
14 41
14 103
14 129
14 157
14 9
14 68
14 219
103 12
103 157
103 221
192 155
192 6
192 30
192 56
192 66
192 98
192 219
192 238
219 226
219 242
219 251
219 30
226 12
226 229
226 251
6 41
6 155
6 129
6 30
6 38
6 56
6 66
6 98
6 157
6 229
12 38
12 62
251 41
251 66
50 53
50 68
50 88
50 116
50 121
50 163
50 187
50 195
50 203
50 241
41 30
41 38
41 98
41 155
41 229
41 238
129 38
129 56
129 98
155 30
155 229
155 238
9 30
9 56
9 157
242 29
242 221
242 258
30 56
30 66
30 174
30 229
241 88
241 116
241 121
241 187
241 195
241 203
241 53
78 98
78 45
78 60
78 181
78 213
38 56
38 66
38 98
38 238
56 66
56 98
56 238
62 98
98 157
98 229
98 230
98 238
134 19
134 20
134 29
134 90
134 221
134 258
187 77
187 88
187 116
187 121
187 144
187 163
187 176
187 19
187 20
187 53
187 177
187 195
187 200
187 203
187 221
229 66
229 223
229 238
121 116
121 85
121 144
121 163
121 176
121 195
121 203
121 230
163 77
163 88
163 116
163 144
163 53
163 195
19 221
19 20
19 25
19 29
19 47
19 90
19 230
19 243
19 258
144 77
144 88
144 116
144 53
144 195
144 203
20 29
20 90
25 95
25 243
25 258
29 176
29 243
77 53
77 88
77 116
77 195
77 203
85 176
85 200
85 231
85 135
113 47
113 174
113 176
113 223
176 73
176 135
176 200
176 218
176 230
176 231
176 243
177 258
195 116
195 203
200 73
200 135
200 174
200 218
200 231
200 243
221 116
221 174
223 24
223 230
223 243
223 174
223 95
223 218
243 231
243 230
243 73
243 174
258 116
230 24
230 73
230 174
230 218
60 68
60 181
238 66
46 90
53 116
53 203
95 135
95 174
116 203
203 45
24 174
45 68
45 213
73 135
73 218
231 135
135 174
135 218
68 181
