282
123
11
124
150
246
111
293
41
170
69
290
199
212
157
118
274
35
13
107
257
23
144
108
5
0
149
292
221
145
127
21
71
146
320
317
120
235
94
95
255
97
163
64
54
43
78
309
267
39
139
258
92
268
125
16
261
204
30
51
263
262
6
319
196
248
116
2
48
200
37
47
213
281
259
14
61
34
9
24
188
109
298
22
214
316
256
237
83
103
31
134
100
40
19
8
211
98
102
59
7
28
224
84
72
147
260
245
324
4
206
12
284
10
129
143
177
264
227
241
209
243
155
126
66
42
249
73
167
179
137
219
29
17
223
251
315
113
313
314
77
106
18
20
136
288
174
132
82
294
151
89
74
85
50
81
96
301
153
156
52
286
168
3
130
252
231
289
299
101
133
44
57
110
67
38
202
26
215
93
173
311
323
33
87
244
176
25
160
230
192
36
233
291
91
148
75
88
171
27
104
56
46
158
236
152
172
270
238
15
79
90
62
60
86
201
70
58
119
184
65
1
53
55
232
45
115
203
304
205
76
142
63
49
312
296
80
138
122
186
68
308
295
279
305
191
321
99
32
220
239
114
159
318
105
190
161
275
283
265
195
