216
198
285
9
148
247
16
222
67
142
25
258
64
103
120
220
264
192
282
287
45
163
133
242
43
1
51
315
236
266
122
28
268
81
238
134
68
164
286
195
131
146
228
254
168
80
203
281
147
189
107
217
62
34
239
246
173
58
52
188
154
85
8
214
91
175
23
46
229
141
2
191
207
215
0
97
208
100
117
275
184
259
149
59
75
39
178
320
49
167
211
255
108
24
26
57
151
221
76
256
277
95
171
128
172
36
306
316
263
110
90
152
102
53
157
210
205
89
270
104
202
65
112
273
249
231
123
72
185
12
243
271
132
180
234
106
118
140
181
126
274
17
201
22
169
278
326
245
13
253
42
38
283
153
20
240
47
129
114
71
60
183
262
