108
98
309
8
321
227
38
181
26
321
62
183
126
174
38
321
50
235
153
252
64
8
72
36
249
146
324
322
123
8
101
315
1
296
292
38
184
38
252
4
107
291
249
322
216
98
296
250
106
249
263
312
302
227
296
294
62
293
62
238
256
227
241
321
132
42
1
8
250
204
309
217
227
107
140
278
312
266
322
262
8
296
120
217
308
41
317
296
238
323
92
8
78
8
200
84
296
41
227
39
249
191
111
62
101
138
302
250
22
45
301
143
45
249
163
306
40
150
259
91
249
8
9
117
5
8
108
238
227
302
312
296
323
101
135
262
177
227
84
227
302
281
249
303
123
294
38
62
296
304
84
62
309
67
295
296
98
239
15
133
25
250
136
