0 1
0 8
0 10
0 11
0 16
0 20
0 23
0 32
0 41
0 48
0 55
0 56
0 62
0 64
0 66
0 73
0 76
0 81
0 92
0 98
0 103
0 108
0 119
0 122
0 130
0 137
0 146
0 149
0 154
1 2
1 5
1 8
1 10
1 11
1 15
1 16
1 23
1 41
1 48
1 55
1 56
1 64
1 66
1 68
1 73
1 81
1 92
1 98
1 108
1 114
1 143
1 146
1 154
1 157
2 14
2 17
2 18
2 25
2 28
2 33
2 37
2 38
2 41
2 43
2 44
2 45
2 49
2 51
2 60
2 70
2 79
2 80
2 89
2 90
2 97
2 98
2 99
2 101
2 104
2 110
2 111
2 112
2 116
2 122
2 137
2 138
2 141
2 158
3 25
3 38
3 53
3 70
3 116
3 117
3 129
3 153
3 160
3 161
4 17
4 18
4 24
4 28
4 33
4 34
4 38
4 44
4 45
4 49
4 79
4 99
4 118
4 133
4 138
4 141
4 155
4 156
5 37
5 46
5 48
5 58
5 66
5 72
5 78
5 83
5 87
5 112
5 114
5 123
5 127
5 154
5 157
5 159
5 162
6 19
6 28
6 51
6 63
6 79
6 98
6 107
6 109
6 110
6 116
6 117
6 125
6 132
6 138
6 141
6 147
7 17
7 18
7 21
7 38
7 44
7 99
7 118
7 129
7 141
7 155
7 156
8 10
8 11
8 15
8 16
8 18
8 20
8 23
8 36
8 37
8 48
8 54
8 55
8 56
8 58
8 64
8 66
8 68
8 72
8 73
8 81
8 87
8 95
8 103
8 104
8 106
8 115
8 119
8 122
8 130
8 137
8 143
8 145
8 149
8 154
8 157
8 158
9 14
9 29
9 31
9 35
9 38
9 49
9 52
9 54
9 86
9 95
9 102
9 105
9 106
9 114
9 115
9 119
9 126
9 131
9 136
9 142
9 150
10 11
10 15
10 16
10 20
10 23
10 26
10 41
10 50
10 56
10 64
10 65
10 66
10 68
10 71
10 76
10 81
10 92
10 100
10 103
10 104
10 108
10 119
10 122
10 130
10 137
10 143
10 148
10 149
10 152
10 154
11 16
11 20
11 23
11 37
11 41
11 44
11 55
11 58
11 64
11 66
11 68
11 73
11 81
11 92
11 99
11 103
11 114
11 119
11 122
11 124
11 130
11 137
11 139
11 156
12 26
12 32
12 46
12 50
12 62
12 78
12 83
12 87
12 103
12 112
12 127
13 38
13 40
13 42
13 43
13 44
13 51
13 59
13 61
13 77
13 90
13 101
13 111
13 113
13 114
13 124
13 139
13 142
13 151
13 160
13 161
14 27
14 29
14 35
14 52
14 86
14 90
14 91
14 95
14 102
14 105
14 115
14 131
14 136
14 144
14 161
15 16
15 20
15 23
15 41
15 48
15 55
15 56
15 66
15 68
15 92
15 103
15 108
15 119
15 137
15 143
15 154
16 20
16 23
16 41
16 48
16 55
16 56
16 64
16 66
16 71
16 73
16 81
16 92
16 103
16 108
16 119
16 130
16 137
16 143
16 145
16 146
16 149
16 154
17 18
17 26
17 33
17 38
17 44
17 63
17 70
17 73
17 79
17 91
17 97
17 98
17 99
17 107
17 112
17 118
17 122
17 124
17 132
17 133
17 153
17 155
18 21
18 24
18 33
18 38
18 44
18 45
18 49
18 66
18 78
18 79
18 97
18 98
18 99
18 118
18 138
18 147
18 154
18 155
18 156
19 20
19 42
19 51
19 53
19 63
19 66
19 73
19 98
19 105
19 111
19 116
19 117
19 130
19 140
19 147
19 152
19 153
20 32
20 41
20 48
20 56
20 58
20 64
20 66
20 68
20 72
20 73
20 81
20 83
20 92
20 103
20 106
20 108
20 114
20 119
20 122
20 130
20 137
20 149
20 154
21 24
21 38
21 44
21 52
21 118
21 129
21 133
21 141
21 155
21 156
22 36
22 38
22 39
22 50
22 65
22 71
22 72
22 75
22 76
22 82
22 100
22 106
22 145
22 152
23 41
23 55
23 56
23 66
23 68
23 73
23 81
23 92
23 103
23 108
23 119
23 122
23 137
23 143
23 152
23 154
24 28
24 38
24 44
24 45
24 49
24 57
24 66
24 99
24 129
24 133
24 138
24 156
25 38
25 42
25 44
25 53
25 57
25 63
25 70
25 89
25 102
25 117
25 118
25 129
25 140
25 141
26 32
26 40
26 41
26 46
26 50
26 62
26 76
26 78
26 83
26 87
26 127
26 131
26 135
26 152
26 154
27 29
27 35
27 52
27 54
27 78
27 86
27 91
27 95
27 102
27 105
27 114
27 131
27 142
27 144
27 161
28 33
28 34
28 38
28 41
28 47
28 52
28 53
28 58
28 63
28 66
28 83
28 98
28 106
28 107
28 109
28 110
28 114
28 117
28 125
28 127
28 132
28 133
28 134
28 141
28 147
28 154
28 156
29 31
29 35
29 38
29 52
29 76
29 86
29 91
29 102
29 105
29 114
29 115
29 131
29 136
29 142
29 144
29 150
29 159
30 43
30 59
30 60
30 77
30 80
30 90
30 113
30 124
30 160
31 35
31 52
31 86
31 102
31 105
31 106
31 136
31 144
31 150
31 152
32 37
32 39
32 46
32 48
32 50
32 55
32 62
32 64
32 66
32 73
32 78
32 81
32 82
32 83
32 87
32 103
32 105
32 127
32 135
32 138
32 152
33 38
33 44
33 45
33 49
33 66
33 74
33 76
33 79
33 90
33 97
33 99
33 118
33 133
33 138
33 150
33 154
33 155
34 40
34 44
34 47
34 55
34 67
34 69
34 85
34 93
34 96
34 108
34 117
34 126
34 150
34 151
34 152
34 161
35 36
35 52
35 54
35 84
35 86
35 91
35 95
35 102
35 105
35 114
35 131
35 136
35 142
35 144
35 150
35 152
36 50
36 58
36 65
36 71
36 72
36 76
36 84
36 88
36 95
36 100
36 106
36 121
36 135
36 145
36 152
37 38
37 41
37 46
37 56
37 66
37 76
37 78
37 83
37 87
37 112
37 114
37 127
37 135
37 137
37 146
37 152
37 154
37 157
37 159
38 42
38 44
38 45
38 48
38 49
38 53
38 55
38 57
38 64
38 65
38 74
38 79
38 96
38 97
38 99
38 102
38 117
38 118
38 125
38 129
38 133
38 138
38 144
38 145
38 150
38 151
38 155
38 156
39 50
39 58
39 65
39 71
39 72
39 76
39 82
39 88
39 100
39 103
39 104
39 106
39 128
39 134
39 145
39 148
39 152
39 158
39 162
40 43
40 59
40 90
40 124
40 139
40 160
41 48
41 50
41 55
41 56
41 64
41 66
41 68
41 71
41 73
41 81
41 87
41 92
41 100
41 103
41 106
41 108
41 110
41 112
41 114
41 119
41 122
41 130
41 137
41 146
41 149
41 152
41 154
41 159
42 44
42 70
42 74
42 89
42 117
42 118
42 140
43 59
43 60
43 77
43 80
43 90
43 91
43 101
43 113
43 115
43 120
43 124
43 156
43 160
43 161
44 45
44 49
44 51
44 61
44 79
44 89
44 94
44 97
44 98
44 99
44 113
44 118
44 127
44 130
44 133
44 138
44 147
44 152
44 155
44 156
44 160
45 49
45 66
45 78
45 79
45 97
45 99
45 118
45 127
45 138
45 155
45 156
45 159
46 50
46 58
46 62
46 71
46 76
46 78
46 83
46 87
46 88
46 104
46 106
46 112
46 127
46 134
46 135
46 145
46 152
46 159
47 63
47 67
47 69
47 85
47 93
47 96
47 120
47 126
47 137
47 150
47 151
47 161
48 50
48 55
48 56
48 58
48 64
48 66
48 68
48 78
48 81
48 82
48 92
48 100
48 103
48 108
48 119
48 122
48 130
48 137
48 151
48 154
48 159
48 162
49 79
49 91
49 97
49 99
49 107
49 114
49 118
49 133
49 138
49 156
50 55
50 58
50 62
50 65
50 71
50 72
50 76
50 78
50 82
50 88
50 97
50 100
50 103
50 106
50 121
50 127
50 128
50 134
50 145
50 148
50 152
50 154
50 158
50 162
51 63
51 98
51 109
51 111
51 141
51 152
51 153
52 54
52 66
52 84
52 86
52 91
52 95
52 102
52 104
52 105
52 114
52 115
52 117
52 131
52 136
52 141
52 142
52 144
52 154
53 57
53 77
53 117
53 125
53 139
53 140
54 84
54 91
54 95
54 104
54 105
54 107
54 114
54 115
54 131
54 136
54 144
54 158
55 64
55 66
55 73
55 78
55 81
55 82
55 103
55 108
55 115
55 119
55 122
55 130
55 137
55 151
55 152
55 154
56 66
56 68
56 71
56 73
56 75
56 81
56 82
56 92
56 103
56 108
56 114
56 134
56 137
56 143
56 146
56 149
56 154
57 99
57 117
57 133
57 140
58 65
58 66
58 67
58 71
58 72
58 75
58 76
58 82
58 88
58 98
58 100
58 106
58 128
58 134
58 145
58 151
58 152
58 154
58 156
58 158
58 159
58 161
58 162
59 90
59 94
59 101
59 124
59 139
59 160
60 61
60 77
60 94
60 97
60 101
60 105
60 124
60 139
60 160
61 77
61 90
61 101
61 102
61 113
61 117
61 126
61 142
61 160
61 161
62 78
62 83
62 87
62 103
62 112
62 127
62 128
62 135
62 145
62 154
63 67
63 98
63 100
63 104
63 107
63 109
63 110
63 111
63 116
63 117
63 125
63 132
63 141
63 147
63 151
63 153
64 66
64 72
64 73
64 81
64 83
64 92
64 103
64 112
64 119
64 122
64 129
64 130
64 137
64 149
64 154
64 157
65 71
65 72
65 88
65 104
65 106
65 111
65 117
65 122
65 134
65 137
65 145
65 155
65 161
65 162
66 68
66 71
66 72
66 73
66 75
66 76
66 78
66 81
66 83
66 84
66 87
66 92
66 99
66 103
66 104
66 106
66 108
66 112
66 114
66 119
66 122
66 134
66 137
66 138
66 143
66 146
66 148
66 152
66 154
66 157
66 162
67 69
67 85
67 90
67 93
67 96
67 98
67 101
67 102
67 126
67 150
67 151
67 161
68 72
68 75
68 81
68 92
68 103
68 106
68 108
68 122
68 130
68 137
68 143
68 149
68 154
69 85
69 93
69 96
69 120
69 126
69 150
69 151
70 89
70 116
70 129
70 141
70 160
71 72
71 75
71 76
71 81
71 82
71 88
71 92
71 100
71 104
71 106
71 121
71 122
71 128
71 134
71 137
71 143
71 145
71 152
71 154
71 158
71 162
72 75
72 76
72 82
72 88
72 100
72 106
72 121
72 128
72 134
72 139
72 145
72 148
72 152
72 154
72 159
72 162
73 76
73 81
73 83
73 87
73 92
73 103
73 108
73 119
73 122
73 127
73 130
73 134
73 137
73 143
73 146
73 149
73 151
73 154
74 85
75 76
75 82
75 100
75 103
75 104
75 106
75 121
75 128
75 134
75 145
75 148
75 152
75 154
75 158
75 159
75 162
76 78
76 82
76 83
76 100
76 102
76 104
76 106
76 114
76 122
76 128
76 134
76 136
76 137
76 145
76 147
76 148
76 152
76 154
76 158
76 162
77 90
77 102
77 109
77 113
77 117
77 126
77 130
77 142
77 161
78 83
78 87
78 100
78 103
78 112
78 123
78 127
78 128
78 135
78 143
78 157
78 159
78 162
79 87
79 99
79 112
79 138
79 156
80 90
80 94
80 101
80 113
80 124
80 151
81 87
81 92
81 103
81 119
81 122
81 130
81 137
81 143
81 149
81 154
81 157
82 100
82 103
82 104
82 106
82 128
82 134
82 145
82 148
82 149
82 152
82 158
82 162
83 87
83 112
83 119
83 123
83 127
83 130
83 154
83 156
83 159
84 91
84 95
84 100
84 106
84 114
84 115
84 131
84 136
84 151
84 161
85 93
85 96
85 113
85 126
85 150
85 151
85 161
86 91
86 95
86 102
86 105
86 114
86 115
86 136
86 144
86 150
86 151
87 92
87 112
87 123
87 130
87 134
87 148
87 159
88 98
88 100
88 106
88 130
88 134
88 145
88 152
88 162
89 125
89 129
89 140
90 101
90 105
90 113
90 124
90 126
90 160
91 95
91 98
91 102
91 105
91 114
91 115
91 131
91 142
91 144
91 161
92 103
92 108
92 119
92 122
92 130
92 137
92 143
92 146
92 148
92 149
92 154
92 157
93 96
93 120
93 126
93 150
93 151
93 161
94 124
94 139
94 160
95 96
95 102
95 105
95 114
95 115
95 126
95 131
95 136
95 139
95 142
95 144
95 150
95 151
95 152
96 101
96 102
96 126
96 150
96 151
96 161
97 125
97 133
97 138
97 155
97 156
98 103
98 107
98 110
98 111
98 115
98 116
98 117
98 125
98 131
98 132
98 137
98 141
98 147
99 117
99 118
99 133
99 138
99 140
100 104
100 106
100 117
100 121
100 122
100 128
100 134
100 137
100 145
100 148
100 149
100 151
100 152
100 154
100 158
100 160
100 162
101 113
101 124
101 131
101 139
101 161
102 105
102 114
102 115
102 131
102 142
102 144
102 150
102 161
103 108
103 119
103 122
103 128
103 130
103 134
103 137
103 143
103 149
103 152
103 154
104 106
104 115
104 128
104 145
104 148
104 152
104 158
104 162
105 113
105 114
105 115
105 131
105 136
105 142
105 144
105 150
105 151
105 160
105 161
106 134
106 145
106 148
106 152
106 154
106 159
106 162
107 109
107 110
107 125
107 132
107 141
107 147
108 122
108 130
108 137
108 143
108 154
109 111
109 132
109 144
109 146
109 153
109 160
110 111
110 116
110 125
110 132
110 141
110 147
111 116
111 125
111 136
111 141
111 147
111 153
112 123
112 137
112 157
113 114
113 124
113 126
113 139
113 150
113 160
113 161
114 115
114 131
114 139
114 144
114 150
114 154
115 117
115 131
115 142
115 144
115 150
115 154
115 158
116 119
116 125
116 132
116 147
116 160
117 125
117 126
117 129
117 140
117 147
117 158
117 162
118 125
118 129
118 133
118 138
118 147
118 155
118 156
119 122
119 130
119 149
119 154
120 151
121 128
121 134
121 152
121 160
121 162
122 130
122 137
122 143
122 145
122 149
122 151
122 153
122 154
122 161
123 135
123 149
123 157
123 159
124 125
124 131
124 133
124 139
124 160
125 130
125 132
125 147
125 156
126 142
126 150
126 151
126 161
127 130
127 149
128 134
128 145
128 148
128 152
128 162
129 133
129 138
129 141
129 147
129 151
130 137
130 138
130 154
131 136
131 137
131 144
131 156
131 161
132 141
132 147
132 150
132 153
133 138
133 152
133 155
133 156
134 145
134 152
134 154
134 161
134 162
135 157
135 159
136 142
136 161
137 143
137 145
137 149
137 151
137 153
137 154
137 156
137 162
138 147
138 150
138 154
138 156
139 144
139 153
139 154
139 159
141 147
141 153
141 156
142 144
143 146
143 149
143 154
144 151
145 148
145 152
145 158
145 161
145 162
146 154
147 153
148 152
148 158
148 162
150 151
150 161
151 159
151 161
152 154
153 160
154 159
154 162
157 159
158 162
160 162
