714
399
377
1044
343
422
614
798
666
273
300
805
1018
306
188
175
97
1068
666
421
1068
1122
533
131
1003
582
879
406
1067
329
623
399
738
1018
934
504
533
788
1095
421
666
422
166
540
406
90
116
582
1018
1095
345
1024
533
456
670
549
623
826
671
821
408
382
788
1067
585
1067
1003
540
623
90
459
700
899
43
316
97
1018
670
1018
627
836
720
246
97
306
16
826
1044
582
410
422
1018
396
596
335
166
177
990
354
798
740
1122
1077
798
574
826
714
901
412
16
270
1002
453
652
459
666
1076
422
97
1077
666
933
429
1100
316
169
149
970
826
16
596
242
1044
1122
306
419
794
401
242
761
895
1003
666
242
1122
714
857
1122
166
990
419
410
611
895
459
1018
841
419
899
761
110
1018
879
242
1018
630
110
805
1070
879
310
504
422
1018
422
453
652
585
670
546
408
836
1064
798
422
421
166
348
12
1099
270
467
31
116
381
1018
627
666
453
270
824
177
533
290
97
533
345
826
887
545
1077
329
666
895
337
879
31
159
671
556
788
421
1002
652
412
377
77
819
53
714
310
177
927
623
306
31
738
761
459
828
824
1003
166
670
396
819
422
804
556
501
714
32
4
264
787
1064
31
556
891
620
738
421
422
86
714
990
895
5
1018
1006
587
788
20
158
635
467
533
1018
422
714
399
316
421
158
541
401
422
740
31
895
556
354
422
265
857
306
1064
1122
743
819
20
1061
821
408
6
406
410
511
652
422
166
990
993
509
422
1064
504
437
306
270
377
826
159
652
345
788
1018
81
879
1018
270
31
547
585
396
396
720
1068
15
627
738
853
136
158
406
1018
596
31
381
421
97
459
159
253
410
246
220
596
310
623
1122
895
396
6
1018
177
408
16
940
895
533
166
316
623
627
100
20
666
824
159
856
623
788
1012
899
459
990
20
1072
805
1018
1095
348
895
826
20
842
649
556
504
382
242
22
166
422
270
841
1003
422
410
754
740
823
1099
970
826
348
166
310
406
740
804
798
652
788
533
997
159
437
467
585
533
758
410
412
585
1095
826
740
396
12
547
747
724
1002
343
97
37
16
652
804
810
1024
927
1068
437
16
381
43
348
730
177
533
1100
590
1100
422
1018
841
1088
666
169
666
329
421
740
1099
1003
652
666
1068
421
666
348
826
556
37
1018
895
798
422
484
788
123
4
158
177
410
1002
406
345
1100
1018
556
459
316
396
1002
1100
430
1003
329
879
614
596
1122
452
421
422
270
410
620
556
951
614
456
666
620
751
193
990
6
158
826
1018
1018
821
724
841
1018
270
381
997
805
655
16
405
31
801
533
879
995
533
1067
1018
935
1122
422
758
740
635
891
335
614
1131
406
