214
297
451
10
774
282
1049
962
374
1077
143
1125
577
276
381
980
608
111
756
1100
949
357
883
329
803
468
221
376
462
509
188
253
817
404
512
1020
995
600
322
795
526
967
762
1056
990
655
724
1039
992
837
232
678
48
621
799
39
306
895
685
505
484
662
524
289
313
236
790
786
788
515
840
547
708
903
871
224
248
1076
726
412
1023
909
32
197
573
129
200
319
536
1132
991
641
1085
50
514
882
699
183
623
159
658
14
653
660
104
1010
725
1012
149
632
216
631
738
42
955
249
1045
90
226
893
254
888
435
679
77
457
630
606
299
470
1004
1111
210
1024
255
285
1015
1122
13
603
1108
498
740
195
1131
576
731
770
542
1033
26
240
396
1081
852
353
495
25
155
506
760
338
1106
324
471
822
519
872
891
453
407
459
831
1048
79
972
627
1101
961
1003
597
300
234
985
425
294
403
744
31
670
720
474
771
794
335
540
975
370
1113
157
647
431
1013
447
616
72
578
716
1129
707
768
940
41
20
938
387
442
669
827
8
563
1074
801
434
1028
1118
531
819
213
463
680
553
838
620
1083
116
373
333
283
696
1006
978
483
102
950
666
835
941
922
419
53
169
416
859
698
639
73
455
1120
343
609
818
625
1061
538
986
64
904
280
663
686
1075
673
887
926
178
356
776
211
233
973
38
257
365
241
278
490
362
556
702
880
1069
796
828
271
924
1068
366
199
162
899
823
448
758
92
349
917
549
637
99
55
581
617
12
1055
948
9
976
1084
181
138
700
76
395
544
936
106
1099
410
820
585
1038
1014
493
1042
291
1116
303
1018
713
146
551
292
787
414
388
604
4
931
821
51
919
109
652
587
189
1071
2
596
54
274
865
958
965
424
134
1109
421
671
541
218
907
730
150
873
727
939
665
1047
792
920
704
1046
314
206
757
959
516
309
851
392
186
187
1128
402
481
58
310
488
695
773
712
970
1022
767
583
1088
101
115
743
879
1050
397
261
142
709
439
723
293
591
634
84
372
968
389
316
764
350
659
375
3
753
951
779
528
473
1
977
100
87
661
371
1016
697
194
122
1019
800
179
270
745
983
1007
572
635
507
337
761
105
15
875
408
422
262
759
132
465
688
769
836
391
479
429
732
5
946
180
906
584
323
30
464
1123
467
279
29
923
533
791
682
449
814
399
527
251
517
640
737
46
486
133
22
1021
806
560
945
687
525
415
144
574
151
944
1052
644
420
649
994
933
1119
184
401
192
1031
158
177
340
260
615
215
929
693
71
1126
290
426
127
782
511
997
65
539
841
912
456
935
23
222
264
325
68
785
890
330
611
354
885
1096
989
911
239
170
766
503
336
860
