371
196
197
29
322
104
360
267
262
109
137
51
324
243
165
53
265
160
312
279
240
311
131
50
39
52
12
339
261
317
198
82
340
330
315
125
335
172
185
76
89
90
16
161
200
221
116
241
356
21
299
13
152
184
189
187
75
314
183
308
248
8
326
238
334
323
108
365
286
23
307
127
59
358
219
1
20
259
369
26
296
105
164
231
217
3
318
287
280
84
260
54
173
113
110
27
230
194
96
285
33
88
256
155
252
107
10
232
114
45
55
364
226
91
205
162
100
112
361
123
24
201
49
246
38
329
242
140
46
19
186
199
0
254
86
182
257
43
115
30
14
94
319
272
4
207
32
78
193
35
331
368
336
106
135
333
129
320
171
81
163
141
294
236
325
126
352
178
47
332
203
301
58
353
211
357
233
25
17
65
169
132
83
15
166
111
202
153
351
134
266
244
366
190
167
359
157
31
309
354
99
28
234
34
18
218
220
87
98
128
103
40
239
188
2
313
77
370
142
60
316
133
102
251
235
355
97
175
158
120
255
321
249
57
237
222
159
306
227
144
176
130
215
101
146
124
216
9
44
56
22
42
245
95
367
273
281
143
346
93
92
297
85
174
258
