764
112
492
1117
663
662
338
211
276
388
365
958
614
1098
398
603
3
911
1066
350
166
611
992
179
111
143
1091
758
931
523
691
48
172
87
219
906
357
303
106
162
864
335
467
61
787
822
650
285
725
411
832
314
430
686
670
723
374
454
644
25
146
45
926
713
160
838
737
742
451
346
385
1064
1128
486
322
366
266
975
196
407
1030
119
528
665
883
745
576
35
259
356
474
127
194
462
457
721
863
253
1051
229
621
767
1046
5
991
803
818
364
738
755
639
277
189
636
307
830
1
278
471
684
69
836
845
264
550
828
718
129
728
932
668
735
399
389
552
761
508
819
943
1005
1109
952
1114
966
1031
1040
71
917
532
95
609
560
997
0
923
677
323
14
255
367
947
353
562
938
981
1071
988
557
187
606
553
511
1053
292
520
47
147
558
1125
1079
1013
989
658
571
1033
1061
1014
204
842
239
990
612
820
1127
319
980
246
317
195
134
392
596
412
887
460
221
233
39
941
495
149
100
996
743
138
790
986
779
678
68
924
939
1099
1104
701
994
782
807
252
927
213
633
300
206
529
247
912
995
791
672
141
1080
961
8
280
564
73
477
473
490
826
435
42
852
918
4
158
640
157
297
408
478
1116
812
24
20
876
341
1034
305
831
7
185
920
99
775
232
1012
1100
507
704
148
275
1048
695
421
922
795
31
607
1059
985
23
66
2
361
368
859
1041
1107
163
419
855
274
466
504
771
841
1120
1009
575
797
343
526
254
946
1074
1003
177
608
43
540
373
167
892
600
311
330
449
627
630
98
741
854
862
706
516
453
744
459
933
696
955
949
770
200
879
1028
559
484
393
707
489
150
637
656
96
476
945
182
336
1105
370
1069
774
865
538
951
1084
270
1086
934
470
469
413
126
226
688
589
788
433
391
180
428
760
142
386
948
1073
964
700
632
418
909
12
224
10
287
480
940
91
260
387
902
441
181
860
309
456
442
425
225
976
970
904
792
234
1090
159
92
74
313
337
1002
117
488
210
772
724
448
972
438
294
463
372
515
1101
420
104
813
835
929
426
727
156
624
286
465
581
52
57
936
9
94
88
332
216
1072
586
136
302
46
340
33
72
416
1057
821
345
184
648
169
604
362
572
434
907
756
152
497
698
77
1075
310
383
732
342
105
1085
240
661
533
675
101
339
139
873
890
331
757
65
40
1108
56
202
827
908
289
1024
517
86
919
840
690
242
781
271
90
123
802
561
747
1122
1131
759
655
64
1076
1007
404
871
618
502
483
244
50
968
674
769
535
899
1078
328
649
846
1018
102
475
1017
806
1050
671
641
238
525
635
720
347
1077
687
1019
682
464
726
957
870
584
740
814
121
108
440
444
631
153
395
573
32
808
679
29
494
959
849
799
531
536
455
54
896
382
1129
249
1083
228
891
406
834
829
325
38
205
171
710
565
53
711
1029
1065
1036
736
811
397
585
809
122
1016
432
402
1068
109
623
316
853
615
431
439
324
1123
524
220
547
977
178
1118
257
539
651
110
193
574
544
699
1008
491
680
681
973
910
436
776
279
273
41
858
1022
261
837
493
875
170
501
498
197
186
660
885
190
844
556
481
1124
895
1001
1032
647
551
354
965
223
843
79
634
714
60
262
263
563
789
954
437
619
786
583
978
867
282
417
13
37
327
107
506
872
1096
447
1020
422
22
673
967
329
496
175
349
248
125
1049
617
1063
245
165
410
653
58
510
810
1119
866
664
1110
616
1130
78
241
666
1052
620
882
549
30
1035
1056
231
293
599
800
333
192
215
652
546
390
85
903
199
298
1055
1047
962
363
801
291
950
400
935
881
731
479
133
222
1039
796
983
703
55
694
898
415
306
587
482
746
1058
424
369
116
401
1095
70
555
144
1094
