0 20
0 53
0 76
0 79
0 81
0 87
0 100
0 104
0 140
0 143
0 231
0 234
0 263
0 265
0 276
0 277
0 324
0 335
0 390
0 415
0 431
20 234
20 265
20 324
20 335
53 10
53 22
53 71
53 87
53 208
53 214
53 230
53 234
53 260
53 266
53 277
53 282
53 290
53 335
53 361
53 366
53 381
53 382
53 408
53 415
53 432
76 79
76 95
76 104
76 140
76 247
76 346
76 354
79 23
79 32
79 61
79 109
79 144
79 191
79 258
79 264
79 320
79 342
79 361
81 62
81 230
81 260
81 283
81 312
81 335
87 10
87 67
87 93
87 149
87 170
87 208
87 230
87 245
87 263
87 283
87 287
87 290
87 335
87 362
87 378
87 382
87 417
87 431
87 439
100 334
100 434
104 125
104 263
104 335
104 354
140 31
140 184
140 231
140 234
140 260
140 265
140 276
140 311
140 324
140 335
140 382
140 415
143 213
143 234
143 260
143 276
143 382
143 412
143 415
231 260
231 263
231 265
231 324
231 335
234 91
234 260
234 265
234 276
234 305
234 311
234 324
234 335
234 412
263 5
263 57
263 135
263 208
263 265
263 282
263 311
263 324
263 335
263 382
263 404
263 452
265 260
265 90
265 324
265 335
265 425
276 26
276 125
276 217
276 235
276 346
276 373
276 410
276 415
276 425
277 2
277 25
277 38
277 112
277 114
277 227
277 242
277 245
277 334
277 342
277 380
277 382
277 384
277 406
277 408
277 415
277 438
277 451
324 260
324 311
324 335
335 260
335 311
335 10
335 90
335 196
335 208
335 210
335 264
335 305
390 1
390 37
390 62
390 68
390 93
390 179
390 183
390 326
390 329
390 330
390 377
390 433
415 382
415 412
415 57
415 149
415 218
415 245
431 382
431 10
431 31
431 56
431 66
431 166
431 184
431 321
431 350
431 434
10 452
10 305
10 223
10 84
10 95
10 102
10 108
10 112
10 118
10 134
10 135
10 142
10 236
10 247
10 342
10 367
10 416
10 434
22 2
22 31
22 57
22 112
22 149
22 180
22 245
22 252
22 258
22 342
22 361
22 438
22 451
71 452
71 8
71 23
71 91
71 112
71 274
71 318
71 402
208 382
208 305
208 309
208 381
214 412
214 384
214 305
214 266
214 282
214 290
214 348
230 382
230 2
230 23
230 136
230 377
230 434
230 442
230 451
260 311
260 412
266 305
266 282
266 290
266 345
282 412
282 309
282 446
282 209
290 412
290 366
361 210
361 197
361 375
361 183
361 34
361 129
361 9
361 61
361 69
361 119
361 348
361 387
361 389
361 401
361 423
361 443
381 412
381 305
382 33
382 40
382 66
382 67
382 91
382 283
382 334
382 417
408 305
408 32
408 215
408 16
408 75
408 189
408 334
408 402
408 105
408 160
408 213
408 313
408 427
432 155
432 215
432 172
432 189
432 402
432 427
432 21
432 150
432 243
432 333
432 396
432 401
432 450
95 452
95 305
95 170
95 317
95 349
95 417
95 449
247 437
247 184
247 31
247 51
247 90
247 93
247 242
247 255
247 269
247 275
247 327
247 417
247 424
247 434
346 1
346 218
354 135
354 342
354 430
23 380
23 136
23 365
23 62
23 85
23 236
23 316
23 63
23 148
23 285
23 338
23 389
32 437
32 301
32 8
32 73
32 253
32 342
61 437
61 210
61 264
61 129
61 102
61 142
61 342
61 416
61 289
61 31
61 170
61 42
61 191
61 242
61 443
109 301
109 365
109 78
109 144
109 153
109 242
109 273
109 342
109 400
144 365
191 301
191 273
191 134
191 342
191 416
191 178
191 192
191 195
191 257
191 313
191 318
191 392
258 227
258 246
264 7
264 197
264 9
264 37
264 58
264 78
264 147
264 153
264 216
264 235
264 253
264 287
320 118
320 56
320 148
320 44
320 123
342 149
342 198
342 210
342 245
342 380
342 438
342 451
342 62
342 236
342 25
342 42
342 74
342 212
342 257
342 287
342 367
62 5
62 16
62 56
62 63
62 75
62 102
62 115
62 189
62 215
62 289
62 306
62 326
62 334
62 338
62 402
62 416
62 427
62 450
283 7
283 197
283 220
283 94
283 122
283 148
283 221
283 256
283 271
283 273
283 286
283 291
283 338
283 359
283 424
312 218
67 434
67 255
67 166
67 303
93 437
93 305
93 29
93 242
93 295
93 349
149 2
149 7
149 118
149 245
149 384
149 404
149 451
170 452
170 437
170 367
170 378
170 74
170 241
170 242
170 364
245 2
245 7
245 114
245 198
245 210
245 25
245 57
245 318
245 338
245 380
245 384
245 438
245 451
287 198
287 117
287 385
287 118
287 142
287 221
287 236
287 367
287 289
287 334
287 297
287 92
287 105
287 74
287 257
287 284
362 66
362 302
362 398
362 301
362 365
362 9
362 57
362 153
362 164
362 216
362 329
362 359
362 377
362 385
362 389
378 121
378 298
378 115
378 289
378 338
378 348
378 416
417 424
417 434
439 223
439 188
439 129
439 117
439 142
439 235
439 316
439 416
439 272
439 358
439 180
439 280
439 42
439 82
439 194
439 238
439 241
439 284
439 377
334 198
334 210
334 380
334 451
334 75
334 306
334 25
334 317
334 427
434 129
434 84
434 184
434 424
434 51
434 52
434 90
434 275
434 377
125 147
125 350
125 112
125 137
31 210
31 451
31 90
31 139
31 148
31 291
31 399
31 443
184 84
184 51
184 52
184 90
184 255
184 424
213 155
213 402
213 243
213 28
213 396
213 450
412 305
412 309
412 446
91 394
91 9
91 131
91 168
91 221
91 343
91 371
91 377
91 429
305 3
305 5
305 118
305 135
305 316
5 183
5 223
5 298
57 9
57 289
57 385
135 452
135 112
135 118
135 236
135 262
135 316
135 404
135 430
404 438
404 451
404 117
404 227
452 64
452 94
452 108
452 113
452 146
452 188
452 194
452 223
452 235
452 236
452 241
452 292
452 310
452 364
452 398
452 399
452 405
452 437
90 198
90 406
90 438
90 65
90 84
90 327
90 120
90 52
90 70
90 157
90 275
425 373
425 128
26 249
26 294
217 223
217 158
217 413
217 128
217 259
217 364
235 223
235 98
235 129
235 147
235 48
235 94
235 158
235 238
235 239
235 278
235 284
235 294
235 325
235 413
373 99
373 249
373 158
373 206
373 267
373 128
373 185
373 294
373 303
410 206
410 358
410 255
410 294
410 29
410 48
410 55
410 185
410 307
2 17
2 114
2 121
2 198
2 210
2 293
2 315
2 380
2 384
2 406
2 438
2 451
25 114
25 438
25 120
25 317
38 17
38 114
112 395
112 12
112 113
112 221
112 236
112 251
112 271
114 198
114 406
114 438
114 451
227 274
227 444
227 407
227 186
227 308
242 437
242 210
242 349
380 437
380 198
380 210
380 108
380 120
380 124
380 384
380 438
380 451
384 142
384 451
406 17
406 210
406 315
406 317
438 17
438 210
438 451
451 224
196 33
196 66
196 297
196 302
196 314
196 357
196 411
210 437
210 198
210 41
210 119
210 120
210 188
210 327
33 314
33 391
33 411
40 274
40 173
66 1
66 228
66 236
66 298
66 302
66 435
1 99
1 302
1 314
1 353
1 391
1 411
1 437
37 220
37 9
37 18
37 101
37 216
37 232
68 78
68 221
68 337
179 34
179 45
179 64
179 89
179 372
179 63
179 73
179 50
179 163
179 181
179 344
183 21
183 41
183 232
183 385
326 16
326 75
326 160
326 172
326 200
326 221
326 224
329 43
330 223
330 129
330 323
330 374
330 377
330 299
377 223
377 394
377 129
377 321
377 350
377 379
377 131
377 338
377 94
377 325
377 442
377 128
377 82
377 421
433 29
433 322
309 3
446 3
446 85
218 107
218 240
56 353
56 215
56 321
56 416
56 16
56 60
56 75
56 174
56 189
56 352
56 402
56 443
166 84
321 223
321 98
321 129
321 9
321 117
321 94
321 284
321 294
321 325
350 9
350 124
350 137
350 232
64 34
64 45
64 333
64 344
64 372
94 223
94 188
94 102
94 272
94 323
94 358
94 131
94 180
94 389
94 239
94 386
94 413
94 124
94 55
94 116
94 164
94 174
94 222
94 284
94 374
94 421
108 221
108 400
113 315
113 244
113 251
113 383
146 413
146 388
188 7
188 270
188 416
194 197
194 98
194 148
194 325
194 450
194 308
194 420
194 430
194 445
223 99
223 398
223 42
223 55
223 80
223 82
223 117
223 137
223 164
223 193
223 241
223 270
223 289
223 294
223 317
223 325
223 327
223 358
223 379
223 387
223 416
223 426
236 102
236 142
236 63
236 148
236 338
236 367
241 437
241 147
241 289
241 331
292 301
292 54
310 46
310 102
310 118
310 148
310 289
310 368
310 371
310 430
364 437
364 416
364 158
364 248
398 58
398 180
398 306
399 27
399 239
399 360
399 343
399 386
405 257
405 376
437 314
437 34
437 308
437 349
99 98
99 128
99 158
99 206
99 207
99 238
99 239
99 249
99 278
99 358
99 386
99 388
99 394
99 411
99 421
302 9
302 102
302 228
302 232
302 385
314 228
314 316
314 353
314 367
353 317
353 347
353 394
353 413
391 29
391 261
391 262
391 443
411 51
411 107
411 333
228 9
228 102
228 221
228 296
228 385
228 447
228 448
435 215
435 356
435 402
435 448
98 394
98 35
98 83
98 129
98 137
98 147
98 158
98 185
98 211
98 270
98 272
98 325
98 345
98 379
98 387
98 388
98 389
98 413
128 167
128 158
128 387
128 103
128 101
128 303
128 238
158 117
158 147
158 249
158 103
158 206
158 267
158 272
158 294
158 325
158 358
158 421
206 167
206 394
206 48
206 55
206 261
206 272
206 279
206 307
206 388
207 49
207 219
207 238
207 421
238 394
238 129
238 249
238 272
238 323
238 327
238 239
238 103
238 386
238 325
238 421
239 395
239 43
239 387
239 285
239 60
239 187
239 360
239 443
249 14
249 54
249 103
249 278
249 386
249 387
278 272
278 30
278 307
358 167
358 117
358 379
358 14
358 35
358 55
358 60
358 86
358 92
358 101
358 164
358 180
358 185
358 187
358 237
358 259
358 261
358 279
358 284
358 294
358 348
358 401
358 421
386 360
386 30
386 187
388 117
388 294
394 7
394 116
394 122
394 129
394 164
394 174
394 259
394 270
394 379
394 413
394 426
421 294
167 147
167 303
167 413
167 426
147 9
147 14
147 55
147 116
147 164
147 270
147 279
147 284
147 317
147 325
303 369
413 117
413 185
413 280
413 42
413 116
413 325
426 129
426 117
426 379
426 387
426 436
426 284
426 164
297 392
9 397
9 43
9 155
9 356
9 379
9 385
9 429
102 215
102 41
102 116
102 159
102 259
102 285
102 325
102 387
102 389
232 85
232 142
232 137
232 359
385 85
385 27
385 86
385 124
385 142
385 359
385 401
385 442
316 118
316 105
316 414
367 115
367 289
317 198
317 116
317 124
317 164
317 259
347 180
347 219
347 259
29 136
29 148
29 97
29 126
29 349
261 272
261 48
262 229
262 88
262 127
262 281
443 35
443 39
443 360
443 69
443 119
443 187
443 203
443 351
58 197
58 304
58 280
58 343
58 359
180 343
306 75
306 189
306 73
306 163
306 181
306 332
306 333
306 344
306 402
306 442
51 70
51 157
51 275
107 240
333 215
333 75
333 427
333 332
333 450
34 397
34 6
34 15
34 45
34 50
34 181
34 205
34 300
34 332
308 131
308 359
17 315
121 293
198 259
293 315
315 229
315 343
118 44
118 123
118 124
118 148
118 222
118 340
118 416
118 445
259 416
259 116
259 355
41 49
41 151
41 122
41 187
41 401
119 39
119 69
119 203
327 328
327 409
327 65
327 14
327 21
327 55
327 105
327 126
327 145
327 291
327 322
327 340
327 387
327 392
327 420
136 111
136 43
136 63
136 197
136 233
136 301
136 328
136 375
136 389
136 397
136 409
442 85
442 429
442 285
442 74
442 418
318 78
318 416
318 402
318 115
338 429
338 142
338 63
338 148
338 280
338 371
338 389
229 12
229 244
343 101
343 348
124 85
124 43
124 285
124 389
124 190
124 156
142 129
142 226
142 75
142 86
142 92
142 101
142 171
142 182
142 289
142 348
142 359
142 401
142 416
142 447
224 75
224 243
224 173
224 200
85 375
85 8
85 86
85 336
4 111
4 197
4 301
4 328
4 365
4 375
111 328
111 397
197 301
197 328
197 397
301 92
301 133
301 153
301 178
301 192
301 257
301 348
301 392
301 397
301 400
301 409
328 288
328 397
365 153
365 192
365 253
375 24
375 397
375 409
397 212
397 273
397 445
43 101
43 285
43 296
43 379
43 389
63 221
63 216
63 101
63 253
63 296
233 273
233 105
233 156
233 313
389 274
389 356
389 429
389 387
389 42
389 122
389 447
409 273
220 21
220 154
220 216
220 273
220 291
21 59
21 49
21 216
154 221
154 216
216 49
273 105
273 168
273 212
291 24
291 153
92 323
92 289
92 174
92 348
92 401
133 110
178 117
178 257
178 392
192 221
192 168
192 222
192 376
257 253
257 313
348 226
348 60
348 86
348 401
348 101
348 187
348 182
392 195
400 24
400 105
288 47
253 226
253 171
253 202
212 42
212 313
16 215
16 75
16 289
16 319
16 403
16 427
75 86
75 182
75 402
75 427
75 441
75 450
115 289
189 215
189 402
215 225
215 280
215 447
289 117
289 356
289 416
289 82
289 174
289 299
289 331
402 173
402 201
402 420
402 427
416 82
427 225
427 300
427 450
450 225
42 304
55 379
55 323
55 294
55 307
55 219
55 279
55 325
80 48
80 279
82 129
82 171
82 248
82 374
117 83
117 96
117 164
117 284
117 325
137 270
164 325
164 116
193 129
193 379
193 331
270 129
270 280
294 272
294 48
294 307
325 65
325 185
325 345
379 129
379 323
379 331
387 27
387 19
387 101
387 122
387 187
387 284
6 45
6 372
45 205
45 339
45 344
45 372
372 181
15 59
50 339
181 300
181 339
205 304
205 428
300 155
300 73
300 163
300 419
332 221
332 222
332 286
332 428
344 89
344 73
344 423
344 141
344 163
89 162
78 8
78 161
78 286
148 96
148 106
148 175
148 371
221 156
221 161
221 280
221 286
256 246
256 444
286 152
286 322
359 280
359 182
424 65
424 84
424 269
116 174
116 284
129 8
129 323
129 374
129 448
174 285
174 299
8 36
8 395
395 27
395 187
395 360
73 161
73 199
73 295
73 304
274 299
274 420
161 201
86 151
86 101
86 182
86 401
336 322
35 27
35 323
35 39
35 69
35 103
35 106
35 171
35 237
35 360
35 401
185 370
211 11
272 14
272 48
272 60
272 307
345 65
345 209
323 60
323 171
323 284
323 374
374 284
448 219
168 195
27 60
27 138
27 151
27 177
27 237
27 254
27 360
27 436
187 285
187 138
187 151
187 177
187 190
187 436
187 171
360 190
360 96
155 200
155 243
155 419
356 313
356 322
356 363
429 74
429 418
60 44
60 69
60 151
60 190
60 202
60 237
60 371
138 177
138 190
138 436
151 171
237 171
436 285
436 190
101 171
101 401
285 226
285 202
285 203
285 268
285 371
131 19
371 175
371 423
371 106
284 103
132 295
132 304
132 423
132 428
423 280
200 173
200 396
200 160
243 172
243 52
243 173
243 250
225 441
280 39
226 171
226 401
420 173
368 340
430 340
172 173
322 246
69 203
74 418
84 65
84 255
134 414
65 70
65 255
70 255
255 275
449 340
12 77
251 244
251 383
44 340
123 106
123 165
222 190
222 195
48 307
275 88
54 176
54 30
103 30
77 169
77 244
77 444
169 126
169 186
169 204
169 440
244 383
444 246
13 176
267 370
126 88
126 145
126 186
126 204
126 422
126 440
145 281
59 130
173 28
319 403
163 141
49 72
396 28
139 341
175 30
203 39
268 190
88 281
88 407
88 422
88 440
186 281
186 440
186 393
204 281
422 281
440 281
