248
207
269
113
267
70
2
86
174
177
131
89
152
16
277
240
262
273
163
199
27
67
138
245
128
179
271
73
318
91
178
37
215
96
26
97
206
198
13
87
265
161
259
239
122
288
275
38
17
126
92
118
268
264
123
106
191
52
166
153
266
244
176
188
61
75
24
90
29
280
183
160
270
281
148
284
200
140
53
170
120
64
142
279
214
181
117
119
62
98
205
22
285
9
15
169
43
30
33
228
135
104
129
143
237
243
156
124
263
32
1
59
227
84
158
155
35
36
85
60
5
49
186
145
71
134
58
18
202
157
261
45
42
133
8
65
110
149
203
283
0
72
236
234
79
20
217
102
146
192
226
76
100
246
252
50
121
95
47
108
57
10
34
