581
354
726
111
276
652
179
859
620
911
375
704
755
282
370
1031
541
737
13
622
902
707
312
1078
872
1012
210
852
938
797
602
223
932
685
456
340
211
463
697
746
279
501
493
875
997
918
530
31
573
462
896
329
664
486
907
174
1035
1021
263
116
1079
514
306
41
871
655
138
143
206
519
663
635
600
919
415
391
148
2
338
1045
197
430
30
168
387
1082
454
104
444
422
1117
149
1007
574
745
411
788
130
9
610
469
42
71
483
1003
25
688
233
669
977
383
5
723
617
331
736
289
90
158
96
142
407
807
973
742
196
1014
572
1132
78
975
442
48
526
991
623
583
1096
424
607
65
4
821
970
1069
883
661
599
222
310
1111
199
492
467
46
58
891
372
937
1124
303
794
1002
720
416
1004
962
992
221
941
650
818
606
931
587
511
867
81
425
525
727
841
608
224
702
1112
609
672
181
91
808
159
1067
3
908
1033
1099
1024
324
1122
421
99
177
283
776
1041
194
323
507
528
1049
182
646
218
595
386
538
439
348
769
419
373
924
658
761
1076
406
412
453
724
345
85
20
77
860
553
395
474
603
546
592
328
961
1131
435
264
612
680
781
441
238
167
382
72
1028
694
589
118
591
942
388
52
585
261
1109
964
898
790
922
744
294
265
299
690
105
165
796
458
1108
29
1020
967
728
68
229
968
660
508
619
1064
1023
367
1051
108
596
682
512
828
191
403
711
978
879
529
205
679
836
802
873
758
464
1104
144
399
1065
637
459
317
335
275
540
440
920
759
504
365
957
517
242
270
437
392
39
674
1043
820
100
1061
795
187
1128
273
939
757
509
667
965
125
1068
826
333
97
471
773
291
771
849
1072
639
998
457
356
1090
571
855
293
895
695
533
226
260
549
1121
887
1123
703
417
350
785
1052
743
955
305
626
901
767
699
102
917
909
26
627
641
766
184
200
1113
172
1129
76
94
494
64
314
651
475
131
516
696
862
844
110
838
410
618
207
170
209
814
479
675
362
515
1027
473
716
22
447
926
408
801
800
579
756
558
632
732
186
950
792
671
262
747
448
1095
809
611
996
865
561
465
615
54
