0 65
0 204
0 249
0 256
0 296
0 353
0 418
65 111
65 204
65 247
65 256
65 368
65 468
204 11
204 14
204 23
204 36
204 91
204 94
204 128
204 139
204 222
204 227
204 269
204 272
204 282
204 283
204 289
204 328
204 350
204 354
204 428
204 442
204 447
204 467
249 256
249 296
249 353
256 30
256 35
256 50
256 55
256 79
256 106
256 116
256 137
256 294
256 296
256 314
256 345
256 353
256 418
256 427
296 423
353 418
111 291
111 310
111 345
111 106
111 259
111 284
247 289
247 428
247 346
247 447
247 466
247 269
247 94
247 335
247 397
247 306
247 349
247 366
247 468
368 7
368 308
368 158
468 474
468 466
468 306
468 105
468 208
468 374
468 473
11 272
11 13
11 166
11 328
11 346
11 414
11 447
11 466
14 62
14 422
14 308
14 74
14 90
14 153
14 158
14 228
14 269
14 320
14 362
14 475
23 289
23 91
23 152
23 447
23 442
23 94
36 116
36 32
36 222
36 252
36 300
36 439
91 289
91 8
91 24
91 80
91 94
91 207
91 277
91 283
91 442
91 447
91 461
94 289
94 459
94 447
94 442
94 108
94 227
94 283
94 297
94 299
94 348
94 349
94 366
128 13
128 46
128 132
128 166
128 179
128 240
128 289
128 328
128 346
128 354
128 415
128 428
128 442
128 447
128 465
128 486
139 428
139 442
222 116
222 141
227 240
227 289
227 428
227 152
227 442
227 269
227 399
227 87
227 349
227 358
269 289
269 283
269 299
269 349
269 366
272 1
272 61
272 17
272 47
272 114
272 151
272 208
272 238
272 258
272 275
272 283
272 316
272 324
272 382
272 397
272 414
272 473
272 474
272 489
282 428
282 166
282 346
282 179
282 175
282 467
283 289
283 447
283 466
283 153
283 60
283 114
283 397
283 409
283 433
283 489
289 5
289 240
289 119
289 179
289 299
289 346
289 349
289 354
289 415
289 428
289 447
289 465
328 13
328 166
328 291
328 46
328 346
328 366
328 415
328 447
328 466
350 2
350 188
350 209
350 224
350 315
350 34
350 154
350 175
350 176
350 200
350 278
350 442
350 465
350 467
350 471
350 486
354 152
354 137
354 446
428 7
428 39
428 234
428 424
428 46
428 119
428 132
428 141
428 166
428 179
428 299
428 346
428 415
428 442
428 486
442 13
442 166
442 346
442 447
442 179
442 438
442 34
442 119
442 132
442 159
442 175
442 299
442 415
442 453
442 465
442 486
447 13
447 166
447 346
447 179
447 366
447 415
447 465
447 466
467 61
467 275
467 209
467 18
467 82
467 215
467 154
467 176
467 200
467 444
467 494
30 68
30 420
35 57
35 9
35 50
35 51
35 58
35 137
35 141
35 184
35 290
35 294
35 371
35 372
35 378
35 388
35 401
35 409
35 455
35 488
50 10
50 55
50 58
50 147
50 318
55 10
55 99
55 116
55 318
55 319
55 336
55 378
79 116
79 314
79 137
106 291
106 345
106 284
116 240
116 39
116 16
116 60
116 87
116 99
116 141
116 218
116 252
116 286
116 314
116 318
116 341
116 399
116 427
294 243
294 371
294 372
314 16
314 218
314 286
314 439
345 32
345 141
345 284
427 16
427 205
427 218
427 286
427 60
427 99
427 149
427 341
427 420
427 488
427 497
423 293
423 308
423 74
423 362
423 171
423 274
423 169
423 182
423 191
423 199
423 214
423 221
423 253
423 259
423 268
423 381
423 405
1 61
1 62
1 164
1 271
1 275
1 311
1 402
1 474
61 13
61 52
61 164
61 228
61 271
61 275
61 308
61 311
61 344
61 397
61 402
61 444
61 451
62 228
62 274
62 308
62 402
62 436
164 27
164 153
164 225
164 271
164 311
164 344
164 402
271 101
271 311
275 105
275 143
275 161
275 208
275 397
275 438
275 444
275 451
275 470
275 473
275 474
311 47
311 104
402 27
402 169
402 215
402 438
402 451
402 471
474 98
474 105
474 114
474 143
474 161
474 228
474 238
474 303
474 316
474 444
474 451
474 466
474 470
474 482
13 166
13 179
13 346
13 438
13 465
13 486
52 308
52 228
52 344
52 451
228 308
228 466
228 25
228 344
308 7
308 25
308 60
308 153
308 259
308 268
308 274
308 344
308 392
308 393
308 433
308 443
308 491
344 27
344 225
344 104
344 231
344 377
397 466
397 438
397 335
397 409
397 114
397 235
397 246
397 316
397 470
444 466
444 235
444 246
444 470
451 438
451 260
451 323
451 31
451 169
274 293
274 436
274 362
274 171
274 100
274 182
274 214
274 221
274 405
436 100
436 102
436 140
436 171
436 180
436 182
436 191
436 199
436 253
436 268
436 340
436 362
436 364
436 400
436 411
27 215
27 236
27 225
27 241
27 335
27 398
27 471
153 17
153 26
153 64
153 77
153 88
153 92
153 101
153 151
153 171
153 231
153 250
153 268
153 362
153 377
153 439
225 466
225 241
225 335
101 17
101 77
101 171
17 293
17 232
17 64
17 77
17 92
17 127
17 145
17 151
17 171
17 250
17 260
17 303
47 104
47 127
47 151
47 324
114 489
114 238
114 316
151 232
151 64
151 77
151 92
151 88
151 171
151 231
151 295
151 303
151 322
151 324
151 377
208 473
238 143
238 374
238 316
258 48
258 97
258 98
258 95
316 466
316 335
316 409
316 433
324 232
324 421
382 48
382 15
382 66
382 98
382 129
382 233
382 361
382 95
382 216
382 409
382 452
382 482
473 466
473 105
473 155
473 374
489 369
489 285
489 60
489 135
489 317
489 416
489 429
489 433
489 479
105 466
105 482
105 143
105 155
105 161
105 374
105 470
143 161
143 374
161 98
161 482
161 470
438 117
438 185
438 462
470 466
470 98
470 482
470 246
470 235
104 51
104 184
104 232
104 455
104 231
104 377
169 293
169 171
169 182
169 214
169 221
169 405
169 425
215 18
215 236
215 471
471 82
471 154
471 176
471 200
471 278
98 15
98 97
98 95
98 96
98 129
98 159
98 233
98 361
98 409
98 452
98 482
303 64
303 77
303 92
466 346
466 60
466 155
466 241
466 313
466 335
466 366
466 374
466 413
466 433
466 496
482 48
482 15
482 129
482 361
482 237
482 409
2 188
2 209
2 315
188 18
188 170
188 209
188 224
188 240
188 291
188 333
209 176
209 224
209 315
315 224
315 210
315 240
315 278
315 284
315 291
18 25
18 76
18 194
18 236
18 392
18 404
18 491
170 333
240 5
240 291
291 76
291 113
291 134
291 192
291 210
291 270
291 284
291 404
291 491
176 82
176 200
176 278
210 284
278 200
278 494
284 494
34 179
34 465
34 486
34 159
34 175
175 179
465 346
465 486
486 166
486 179
486 132
486 325
486 494
3 75
75 293
293 20
293 74
293 84
293 100
293 109
293 121
293 136
293 140
293 145
293 150
293 171
293 182
293 191
293 214
293 221
293 253
293 260
293 265
293 327
293 337
293 405
293 425
293 485
20 84
20 121
20 136
20 193
20 265
20 485
74 422
74 337
84 260
84 109
84 121
84 136
84 140
84 253
84 265
84 276
84 327
100 362
100 171
100 182
109 145
109 121
109 140
109 253
121 145
121 71
121 140
121 150
121 193
121 253
121 276
121 327
136 265
136 485
140 145
140 193
140 71
140 150
140 253
140 276
140 327
145 253
145 276
145 327
150 253
171 362
171 77
171 92
171 182
171 214
171 332
171 405
182 362
182 221
182 405
191 268
191 199
214 221
253 276
253 327
260 28
260 31
260 159
260 323
260 347
265 485
327 276
405 425
485 443
422 491
491 25
491 76
491 82
491 63
491 93
491 259
491 270
491 310
491 335
491 385
491 439
102 32
102 180
180 90
180 158
180 320
180 129
180 370
180 400
199 268
268 362
268 64
268 377
340 395
340 288
340 426
362 26
362 173
364 292
364 63
364 131
364 202
364 203
364 248
364 307
364 408
364 476
400 90
400 158
400 320
400 370
411 230
411 431
4 19
4 45
4 72
4 339
4 379
19 78
19 301
19 365
19 396
19 464
19 472
45 339
45 379
72 195
72 396
72 412
339 6
339 379
339 449
339 464
379 53
379 177
379 464
78 464
78 67
78 223
78 396
301 67
301 85
301 365
301 396
301 403
365 177
396 380
396 81
396 156
396 432
464 6
464 177
464 449
464 85
464 110
464 174
464 394
464 458
472 85
472 126
472 160
472 163
195 412
412 280
412 417
6 107
6 144
6 177
6 239
6 449
449 37
449 86
449 389
449 458
53 177
46 415
132 24
132 355
132 179
166 179
166 346
179 346
179 54
179 117
179 159
179 415
179 462
346 366
346 415
119 299
299 297
299 348
299 349
299 366
349 348
349 366
107 239
144 67
67 85
67 174
67 226
37 86
37 389
37 458
86 389
86 458
389 458
458 49
458 110
458 213
458 330
458 367
85 380
85 160
85 43
85 126
85 163
85 174
85 394
174 407
174 257
7 39
7 57
7 234
7 424
39 57
39 234
57 58
57 87
57 141
57 285
57 424
57 439
234 424
424 29
424 96
424 141
424 157
424 201
424 229
424 281
424 341
424 452
424 496
58 141
58 372
87 68
87 60
87 183
141 133
141 290
141 341
141 372
141 378
141 401
285 129
285 452
285 439
285 341
285 60
285 313
285 317
285 416
285 433
285 445
285 479
285 480
439 32
25 76
25 93
25 310
25 404
60 266
60 341
60 416
60 429
60 433
60 479
259 82
259 194
259 310
259 173
259 335
259 189
259 391
259 138
259 387
259 450
392 82
392 194
392 241
392 335
392 393
392 443
393 443
433 452
433 416
433 429
433 413
433 479
433 493
443 193
158 320
158 370
158 475
29 96
29 229
29 452
96 233
96 361
96 56
96 125
96 196
96 229
96 434
96 452
157 42
157 120
157 492
157 493
201 229
201 159
201 69
201 266
201 445
229 452
341 218
341 286
341 488
341 41
341 135
341 149
341 317
341 329
341 496
452 97
452 445
452 493
496 317
496 313
8 24
8 115
8 152
8 207
8 304
8 355
8 448
8 459
24 80
24 355
24 369
24 440
24 448
24 461
115 48
115 207
115 355
115 448
115 459
152 41
152 297
152 446
152 448
152 459
207 48
207 355
207 448
207 459
304 117
304 135
304 148
304 212
304 440
304 446
304 490
355 48
355 448
355 459
448 48
448 459
459 48
459 41
459 297
459 348
80 461
369 135
369 266
369 302
369 317
369 406
369 416
369 429
369 437
440 117
440 148
440 212
440 277
440 373
440 461
440 490
461 277
461 454
48 15
48 95
48 97
48 129
48 361
48 409
15 66
15 97
15 129
15 361
95 361
97 66
97 129
97 216
97 233
129 237
129 361
129 409
361 233
361 56
361 159
361 196
409 38
409 120
409 237
409 273
409 321
409 352
409 390
277 117
277 148
277 212
277 437
277 490
297 135
297 348
446 135
446 437
446 122
117 54
117 148
117 185
117 197
117 212
117 462
117 490
135 429
135 479
148 212
148 490
212 490
9 38
9 51
9 184
9 232
9 388
38 388
38 390
51 184
51 232
51 388
184 322
184 360
184 455
232 127
232 261
232 455
388 455
290 267
290 401
371 372
372 488
378 112
378 178
378 342
378 376
401 267
401 279
455 273
455 434
322 64
322 88
322 231
322 295
322 332
261 92
147 318
99 205
99 319
319 205
319 149
336 12
336 168
336 255
336 262
336 305
336 456
76 82
76 167
76 270
76 391
76 404
113 73
113 134
113 363
113 391
134 310
134 73
134 192
134 363
134 391
192 310
192 73
192 363
270 404
404 82
155 374
241 59
241 335
313 480
335 82
335 59
335 494
12 162
12 168
162 44
162 230
162 254
162 343
162 375
162 457
162 495
168 248
168 300
44 254
230 248
230 83
230 89
230 343
254 288
254 326
254 457
343 89
343 375
343 481
375 206
457 187
457 211
457 305
457 481
495 487
495 133
248 63
248 203
248 124
305 288
305 481
456 68
54 197
54 462
159 190
159 69
159 246
159 273
159 347
159 478
462 197
462 185
325 189
325 63
325 494
90 320
320 370
320 475
475 370
26 173
64 77
64 88
64 332
64 377
77 92
77 250
88 231
88 332
88 377
231 377
173 138
173 309
173 312
173 381
173 450
66 56
66 125
66 196
66 233
66 264
66 445
56 233
56 125
125 196
196 233
233 264
445 266
237 120
16 218
16 286
218 149
218 286
218 342
218 399
218 420
252 133
252 279
252 326
205 149
205 497
149 342
149 329
149 376
342 68
420 83
420 202
420 292
332 295
28 323
31 323
347 219
194 82
194 236
236 219
93 138
93 167
93 357
310 363
310 391
167 138
167 309
167 312
167 381
391 73
391 189
391 363
219 435
63 189
63 172
63 203
385 131
385 244
380 163
380 359
380 477
380 484
163 359
359 198
359 287
477 484
484 280
484 126
484 417
81 410
156 181
432 181
126 280
160 21
160 165
160 351
160 407
21 351
21 407
351 217
351 83
351 146
407 165
407 331
407 338
407 384
407 498
165 220
165 226
83 89
83 146
83 338
83 383
83 384
146 338
331 384
338 263
338 383
338 498
498 383
498 356
22 130
22 190
130 190
130 251
266 40
266 406
266 437
302 40
302 373
302 419
302 441
317 416
317 479
406 40
406 419
406 441
416 429
416 479
429 479
373 40
373 419
373 441
138 309
138 312
138 381
138 450
363 73
363 244
309 381
434 273
493 120
68 487
487 242
202 292
202 408
202 469
292 32
292 124
292 203
292 408
133 279
203 408
408 469
131 172
131 244
131 476
307 476
476 334
33 49
49 70
49 123
49 181
70 123
70 298
70 430
123 181
123 430
181 430
69 118
69 245
69 246
69 478
246 235
246 273
112 142
112 178
120 42
120 492
321 352
189 172
172 244
326 187
326 288
326 395
326 483
213 367
40 419
40 441
419 441
42 492
43 280
288 395
298 430
430 410
197 460
460 386
480 186
244 334
226 103
226 463
220 417
383 356
263 356
187 211
211 395
198 287
395 426
