58
1087
518
1064
892
638
1110
331
1095
242
86
553
263
260
751
582
395
664
244
183
445
1059
497
652
453
110
411
186
705
135
926
1105
279
1044
797
821
814
5
875
326
1077
887
342
161
59
808
825
1043
737
914
879
419
549
195
985
196
666
1126
1096
942
1116
102
309
696
335
386
1015
866
1131
240
964
268
658
227
601
515
54
370
357
96
1090
377
848
81
372
466
449
432
482
1020
338
1042
581
70
710
420
473
686
767
715
573
127
157
578
142
748
199
807
623
906
782
421
63
315
448
1009
11
976
222
935
316
274
789
990
621
599
408
139
1039
73
931
805
1000
665
10
68
525
684
584
211
1132
579
494
40
439
687
982
647
561
49
25
440
373
589
1019
169
241
1070
155
1108
302
846
937
261
115
596
534
113
447
158
443
34
507
728
640
273
742
679
678
253
1129
671
619
528
648
233
375
655
688
606
1106
371
30
842
153
345
716
120
827
228
725
1083
322
182
604
200
803
522
851
818
872
433
8
360
356
131
276
965
1074
1068
151
1047
236
560
1008
783
524
704
481
918
1033
878
351
85
1085
452
348
1115
680
116
248
264
503
36
1034
285
587
130
997
876
572
311
1013
922
1075
488
325
929
744
97
156
629
374
106
4
225
662
64
745
88
198
1111
514
830
287
422
498
951
695
1010
954
611
1072
585
772
597
145
259
836
713
202
391
801
569
566
948
583
699
759
401
459
1022
346
31
184
1002
340
1050
727
963
804
415
726
762
615
94
499
724
288
226
1017
758
950
718
1006
62
1052
191
855
358
533
636
593
730
1099
427
82
832
511
246
548
487
292
312
28
1012
387
464
605
816
1109
539
656
221
343
1098
616
608
470
1097
1024
76
531
921
22
757
254
188
756
480
910
450
187
936
700
431
1058
967
89
592
800
657
314
627
461
529
618
828
486
14
125
693
385
943
586
133
99
305
941
559
841
354
407
774
980
1014
1
397
544
42
904
547
37
398
204
330
698
958
321
270
65
1130
353
485
940
707
731
425
860
189
970
128
144
87
105
1100
894
968
1037
740
978
337
755
293
159
972
172
416
502
568
822
231
406
840
383
469
895
399
393
324
520
831
400
1061
739
317
650
180
206
992
612
722
955
51
661
205
382
1055
721
249
891
379
463
896
672
810
959
883
565
635
1060
563
235
609
152
1026
1093
140
323
829
69
26
670
885
43
639
98
1040
79
121
13
306
483
436
300
1025
32
864
986
867
720
792
550
396
454
874
673
777
1119
733
438
417
269
75
281
517
165
907
1049
283
217
911
557
329
72
554
384
80
394
9
1035
1076
1102
784
359
909
220
304
697
794
12
24
60
67
441
176
333
310
571
467
177
540
546
154
927
332
296
939
945
239
46
230
71
1046
319
179
108
247
1124
788
1118
210
812
2
352
92
881
519
495
893
685
863
368
442
162
435
975
761
643
412
100
1029
39
624
15
689
991
523
723
78
884
890
1018
973
798
123
150
898
104
732
556
538
869
537
630
873
437
750
275
56
194
631
504
856
998
468
148
1092
692
41
849
719
252
388
920
462
277
1067
771
675
50
175
714
336
362
826
763
197
1123
820
735
90
1120
149
1122
981
953
126
282
