120
152
257
26
102
179
123
34
242
42
116
220
228
314
109
171
241
169
208
1
225
111
163
319
5
135
75
133
139
215
69
308
180
281
105
217
94
275
294
6
8
44
21
140
117
269
134
129
263
99
130
157
278
93
48
209
287
256
178
271
200
245
210
67
118
282
85
239
38
206
313
286
36
153
64
11
154
110
143
3
90
52
58
4
10
87
28
2
318
188
27
61
155
156
74
96
205
173
231
25
45
272
326
300
218
158
224
68
107
264
128
174
89
86
142
299
108
191
150
151
316
132
240
49
279
56
35
24
122
131
18
101
213
160
136
183
214
30
59
53
284
95
91
121
249
268
65
63
167
251
317
177
296
181
32
148
124
50
29
207
176
248
297
100
54
104
62
246
159
243
236
162
185
76
161
274
199
47
187
211
165
223
201
233
114
288
97
304
126
265
247
146
255
39
202
138
