0 176
0 178
0 192
0 228
0 243
0 319
0 328
0 387
0 407
0 454
0 492
0 501
176 4
176 10
176 47
176 63
176 85
176 137
176 155
176 185
176 195
176 239
176 241
176 255
176 344
176 356
176 377
176 390
176 402
176 426
176 480
176 490
176 492
176 499
178 192
178 206
178 211
178 228
178 233
178 237
178 243
178 247
178 274
178 307
178 319
178 328
178 343
178 366
178 369
178 384
178 387
178 411
178 438
178 440
178 450
178 476
178 484
178 487
178 501
192 211
192 223
192 274
192 328
192 384
192 387
192 407
192 454
192 476
192 501
228 211
228 82
228 90
228 91
228 119
228 223
228 243
228 274
228 314
228 319
228 328
228 369
228 384
228 407
228 451
228 454
228 476
228 484
228 501
243 211
243 119
243 319
243 328
243 369
243 384
243 387
243 407
243 476
243 501
319 211
319 119
319 223
319 369
319 384
319 407
319 454
319 476
328 211
328 274
328 119
328 296
328 369
328 384
328 387
328 407
328 454
328 476
328 501
387 211
387 274
387 119
387 369
387 407
387 454
387 501
407 211
407 223
407 369
407 384
407 454
407 476
407 501
454 211
454 274
454 119
454 223
454 369
454 384
454 476
454 501
492 155
492 185
492 195
492 239
492 480
492 499
501 211
501 274
501 119
501 223
4 344
4 10
4 47
4 63
4 152
4 155
4 241
4 246
4 255
4 263
4 271
4 337
4 350
4 390
4 426
4 490
10 344
10 47
10 63
10 137
10 255
10 263
10 271
10 356
10 377
10 390
10 426
10 490
47 499
47 344
47 137
47 155
47 246
47 255
47 263
47 390
63 344
63 137
63 246
63 255
63 263
63 356
63 390
63 490
85 155
85 195
85 239
85 382
85 480
137 344
137 255
137 263
137 356
137 377
137 390
137 426
155 499
155 344
155 61
155 185
155 195
155 239
155 246
155 255
155 263
155 377
155 390
155 426
155 480
155 490
185 499
185 195
185 239
185 382
185 480
195 499
195 239
195 480
239 480
241 344
241 115
241 152
241 214
241 263
241 271
241 337
241 402
241 426
255 344
255 115
255 152
255 246
255 271
255 337
255 356
255 377
255 390
255 426
255 445
255 490
344 2
344 152
344 246
344 263
344 271
344 350
344 356
344 390
344 426
344 490
356 246
356 263
356 377
356 390
356 426
356 490
377 246
377 263
377 390
377 426
377 490
390 152
390 246
390 271
390 426
402 152
402 271
402 335
402 130
426 152
426 246
426 263
426 271
426 350
426 214
426 490
480 499
490 246
490 263
499 382
206 211
206 274
206 152
206 337
206 350
206 37
206 86
206 247
206 307
206 366
206 411
206 438
206 440
206 450
206 476
211 37
211 80
211 199
211 209
211 223
211 247
211 274
211 307
211 341
211 343
211 345
211 366
211 369
211 440
211 476
211 484
211 487
233 274
233 247
233 411
233 476
233 484
233 209
233 237
233 341
233 345
237 274
237 247
237 411
237 476
237 80
237 209
237 341
237 345
247 37
247 199
247 80
247 209
247 307
247 345
247 411
247 438
247 440
247 450
247 476
247 484
247 487
274 37
274 80
274 223
274 345
274 353
274 369
274 384
274 411
274 440
274 450
274 476
274 484
274 487
307 37
307 199
307 353
307 366
307 411
307 438
307 440
307 450
307 487
343 476
343 484
366 199
366 353
366 411
366 438
366 440
366 450
366 476
366 487
369 167
369 252
369 223
369 428
411 37
411 199
411 353
411 80
411 209
411 341
411 345
411 438
411 440
411 476
411 487
438 199
438 353
438 450
438 476
440 37
440 199
440 450
440 487
450 37
450 199
450 353
476 353
476 80
476 209
476 341
476 345
476 484
476 487
484 65
484 80
484 209
484 341
484 345
487 37
37 199
37 353
80 209
80 341
199 353
209 341
209 345
341 345
90 295
90 457
91 221
91 451
91 111
91 314
314 451
451 34
451 54
451 154
451 225
451 281
451 393
451 467
451 32
451 36
451 147
451 456
451 457
1 50
1 203
1 207
1 215
1 253
1 301
50 57
50 107
50 131
50 204
50 207
50 215
50 219
50 253
50 294
50 301
50 302
50 395
50 489
203 11
203 31
203 35
203 39
203 42
203 44
203 48
203 51
203 56
203 59
203 70
203 73
203 75
203 79
203 81
203 84
203 87
203 88
203 92
203 96
203 101
203 105
203 117
203 124
203 126
203 139
203 160
203 163
203 180
203 191
203 196
203 202
203 219
203 226
203 245
203 258
203 262
203 264
203 265
203 276
203 284
203 288
203 298
203 306
203 308
203 309
203 317
203 331
203 349
203 351
203 357
203 358
203 361
203 363
203 365
203 376
203 381
203 385
203 388
203 418
203 419
203 424
203 433
203 435
203 442
203 455
203 460
203 461
203 465
203 466
203 468
203 471
203 474
203 482
203 489
203 491
203 493
203 495
207 11
207 39
207 89
207 96
207 101
207 128
207 163
207 196
207 215
207 219
207 253
207 284
207 294
207 301
207 309
207 481
207 489
207 493
215 57
215 107
215 219
215 301
215 351
215 392
253 57
253 107
253 204
253 219
253 294
253 301
253 392
253 395
253 495
301 57
301 219
301 294
57 107
57 204
57 294
57 302
57 392
107 27
107 65
107 138
107 162
107 189
107 201
131 27
131 138
131 162
131 189
204 302
204 351
204 395
204 392
219 31
219 87
219 126
219 160
219 471
219 73
219 153
219 39
219 92
219 105
219 196
219 202
219 81
219 139
219 166
219 226
219 232
219 251
219 265
219 267
219 284
219 286
219 294
219 297
219 298
219 302
219 306
219 308
219 309
219 317
219 351
219 376
219 395
219 425
219 427
219 465
219 469
219 482
219 489
219 493
219 494
219 495
294 302
294 392
302 31
302 11
302 39
302 70
302 92
302 202
302 245
302 251
302 262
302 297
302 139
302 188
302 306
302 309
302 395
302 424
302 427
302 442
302 448
302 453
302 468
302 469
302 493
395 160
395 258
395 418
395 153
395 39
395 92
395 96
395 105
395 144
395 163
395 196
395 202
395 245
395 262
395 284
395 298
395 306
395 309
395 363
395 365
395 110
395 232
395 256
395 267
395 376
395 433
395 465
395 481
395 482
395 489
395 493
395 494
395 495
489 31
489 87
489 385
489 48
489 92
489 96
489 105
489 196
489 202
489 245
489 262
489 265
489 297
489 306
489 317
489 351
489 365
489 427
489 455
489 465
489 469
489 481
489 17
489 29
489 51
489 58
489 60
489 75
489 81
489 83
489 84
489 93
489 124
489 128
489 134
489 145
489 154
489 166
489 170
489 184
489 226
489 261
489 286
489 300
489 308
489 357
489 360
489 367
489 376
489 388
489 391
489 419
489 420
489 425
489 433
489 460
489 493
489 494
489 495
11 31
11 87
11 126
11 160
11 258
11 358
11 381
11 471
11 35
11 39
11 44
11 48
11 89
11 92
11 96
11 97
11 101
11 105
11 144
11 163
11 180
11 181
11 190
11 191
11 193
11 197
11 202
11 230
11 245
11 251
11 264
11 265
11 276
11 284
11 298
11 305
11 306
11 309
11 317
11 349
11 351
11 363
11 365
11 424
11 427
11 435
11 448
11 455
11 461
11 465
11 469
11 474
11 481
11 493
11 495
31 3
31 24
31 35
31 39
31 44
31 48
31 59
31 70
31 79
31 87
31 89
31 92
31 96
31 101
31 105
31 118
31 126
31 150
31 151
31 160
31 163
31 171
31 180
31 181
31 190
31 193
31 197
31 202
31 245
31 258
31 262
31 297
31 317
31 320
31 322
31 331
31 349
31 351
31 358
31 361
31 363
31 365
31 381
31 418
31 424
31 427
31 435
31 442
31 453
31 461
31 465
31 468
31 471
31 474
31 481
31 493
31 495
35 59
35 79
35 118
35 126
35 160
35 331
35 358
35 381
35 418
35 471
35 24
35 32
35 44
35 56
35 81
35 89
35 101
35 139
35 144
35 163
35 181
35 190
35 193
35 245
35 262
35 281
35 284
35 297
35 298
35 306
35 309
35 317
35 324
35 339
35 349
35 361
35 363
35 365
35 393
35 424
35 435
35 442
35 453
35 465
35 467
35 469
35 474
35 482
35 495
39 87
39 160
39 258
39 471
39 73
39 153
39 385
39 42
39 48
39 56
39 70
39 75
39 81
39 92
39 97
39 101
39 105
39 117
39 128
39 134
39 139
39 163
39 166
39 196
39 202
39 226
39 245
39 251
39 259
39 262
39 264
39 265
39 267
39 276
39 284
39 286
39 288
39 317
39 351
39 357
39 367
39 368
39 376
39 419
39 425
39 455
39 465
39 466
39 472
39 481
39 482
39 493
39 495
42 385
42 92
42 265
42 351
42 495
42 398
42 75
42 433
42 51
42 58
42 83
42 84
42 117
42 124
42 145
42 170
42 184
42 226
42 236
42 261
42 300
42 357
42 364
42 376
42 460
44 59
44 79
44 87
44 118
44 126
44 150
44 151
44 160
44 320
44 331
44 381
44 418
44 471
44 153
44 410
44 24
44 70
44 74
44 101
44 105
44 144
44 181
44 188
44 190
44 193
44 202
44 245
44 262
44 273
44 276
44 284
44 288
44 297
44 298
44 306
44 317
44 339
44 349
44 361
44 362
44 363
44 365
44 424
44 427
44 435
44 442
44 453
44 468
44 469
44 481
44 495
48 38
48 69
48 183
48 235
48 329
48 375
48 84
48 159
48 226
48 232
48 264
48 317
48 351
48 376
48 414
48 455
48 472
48 477
48 495
51 265
51 455
51 75
51 433
51 117
51 124
51 376
51 388
51 419
51 60
51 83
51 261
51 300
51 364
56 87
56 358
56 28
56 163
56 202
56 251
56 298
56 306
56 427
56 88
56 259
56 308
56 442
59 3
59 24
59 70
59 79
59 87
59 101
59 105
59 126
59 139
59 144
59 151
59 160
59 193
59 258
59 262
59 273
59 276
59 284
59 297
59 298
59 306
59 309
59 317
59 331
59 349
59 351
59 358
59 361
59 362
59 363
59 365
59 381
59 418
59 424
59 427
59 435
59 461
59 469
59 474
59 481
59 493
59 495
70 79
70 87
70 118
70 126
70 150
70 151
70 160
70 258
70 320
70 358
70 381
70 153
70 17
70 24
70 89
70 93
70 95
70 101
70 105
70 128
70 144
70 180
70 181
70 188
70 190
70 193
70 196
70 197
70 202
70 225
70 229
70 245
70 251
70 273
70 276
70 281
70 284
70 288
70 297
70 306
70 309
70 317
70 322
70 339
70 349
70 351
70 361
70 362
70 363
70 424
70 427
70 435
70 442
70 449
70 465
70 466
70 468
70 469
70 474
70 481
70 491
70 493
70 494
70 495
73 87
73 160
73 5
73 28
73 92
73 110
73 161
73 202
73 251
73 351
73 385
73 430
73 495
75 202
75 265
75 29
75 117
75 124
75 134
75 308
75 338
75 376
75 433
75 460
79 3
79 87
79 118
79 126
79 144
79 151
79 153
79 160
79 163
79 180
79 197
79 245
79 258
79 262
79 297
79 306
79 309
79 317
79 320
79 322
79 331
79 349
79 381
79 435
79 474
79 493
79 495
81 126
81 385
81 430
81 97
81 105
81 202
81 265
81 351
81 424
81 465
81 481
81 495
81 54
81 128
81 172
81 229
81 286
81 391
81 406
81 494
81 398
81 58
81 145
81 166
81 226
81 308
81 364
81 376
81 388
81 460
84 265
84 124
84 360
84 364
87 3
87 24
87 74
87 92
87 101
87 105
87 118
87 126
87 139
87 144
87 150
87 151
87 153
87 160
87 163
87 181
87 188
87 191
87 197
87 245
87 258
87 273
87 276
87 284
87 297
87 309
87 317
87 320
87 331
87 339
87 349
87 358
87 361
87 362
87 363
87 365
87 376
87 381
87 410
87 424
87 427
87 461
87 466
87 468
87 469
87 471
87 474
87 481
87 493
87 495
88 251
88 469
88 495
92 150
92 160
92 358
92 381
92 471
92 28
92 385
92 430
92 89
92 105
92 124
92 144
92 161
92 180
92 181
92 188
92 190
92 193
92 202
92 232
92 262
92 264
92 267
92 284
92 297
92 298
92 308
92 309
92 317
92 351
92 357
92 363
92 365
92 398
92 424
92 427
92 453
92 455
92 461
92 465
92 469
92 472
92 481
96 118
96 126
96 150
96 151
96 160
96 258
96 320
96 331
96 358
96 381
96 418
96 471
96 153
96 89
96 24
96 101
96 105
96 139
96 144
96 163
96 190
96 193
96 196
96 197
96 225
96 229
96 245
96 262
96 276
96 287
96 288
96 297
96 298
96 306
96 309
96 339
96 349
96 351
96 361
96 362
96 363
96 365
96 368
96 386
96 400
96 435
96 442
96 453
96 461
96 467
96 468
96 469
96 474
96 481
96 482
96 493
96 494
96 495
101 126
101 150
101 160
101 258
101 358
101 381
101 418
101 471
101 153
101 89
101 33
101 128
101 132
101 163
101 186
101 193
101 202
101 225
101 251
101 262
101 267
101 276
101 297
101 298
101 306
101 309
101 315
101 317
101 349
101 351
101 363
101 365
101 368
101 376
101 424
101 427
101 435
101 453
101 467
101 468
101 469
101 474
101 481
101 493
101 494
105 126
105 160
105 320
105 358
105 418
105 89
105 97
105 29
105 134
105 139
105 144
105 193
105 196
105 229
105 232
105 245
105 251
105 262
105 276
105 284
105 297
105 298
105 309
105 317
105 335
105 349
105 427
105 435
105 442
105 455
105 468
105 469
105 481
105 493
105 494
105 495
117 455
117 495
117 398
117 433
117 58
117 60
117 83
117 124
117 134
117 145
117 166
117 184
117 226
117 236
117 261
117 300
117 308
117 357
117 360
117 364
117 367
117 376
117 379
117 419
117 460
124 385
124 202
124 455
124 495
124 433
124 58
124 60
124 83
124 98
124 134
124 166
124 300
124 308
124 357
124 376
124 388
124 419
124 460
126 3
126 118
126 24
126 32
126 54
126 89
126 139
126 144
126 150
126 151
126 153
126 160
126 163
126 181
126 190
126 193
126 196
126 197
126 225
126 251
126 258
126 259
126 273
126 276
126 284
126 288
126 297
126 298
126 303
126 306
126 309
126 315
126 317
126 322
126 324
126 331
126 349
126 351
126 358
126 361
126 363
126 365
126 400
126 418
126 424
126 427
126 435
126 442
126 453
126 461
126 468
126 469
126 474
126 481
126 482
126 493
126 495
139 160
139 320
139 471
139 153
139 144
139 163
139 190
139 196
139 202
139 245
139 251
139 262
139 276
139 284
139 297
139 298
139 306
139 309
139 317
139 349
139 351
139 363
139 365
139 435
139 481
139 495
139 361
139 468
139 482
160 3
160 118
160 24
160 144
160 163
160 181
160 193
160 196
160 197
160 251
160 258
160 262
160 276
160 284
160 297
160 298
160 306
160 309
160 317
160 320
160 331
160 351
160 358
160 362
160 365
160 381
160 418
160 424
160 435
160 453
160 461
160 468
160 471
160 474
160 481
160 482
160 495
163 118
163 150
163 258
163 320
163 331
163 358
163 381
163 418
163 471
163 153
163 89
163 144
163 24
163 181
163 190
163 193
163 197
163 202
163 259
163 262
163 273
163 284
163 288
163 297
163 298
163 306
163 317
163 322
163 349
163 351
163 361
163 362
163 363
163 365
163 424
163 427
163 435
163 442
163 443
163 453
163 466
163 468
163 469
163 474
163 481
163 482
163 493
163 495
180 471
180 153
180 190
180 193
180 305
180 306
180 363
180 495
191 153
191 193
191 251
191 256
191 309
191 317
191 363
191 495
196 258
196 320
196 381
196 471
196 153
196 144
196 193
196 33
196 128
196 154
196 173
196 186
196 202
196 225
196 245
196 259
196 262
196 267
196 276
196 284
196 288
196 298
196 306
196 315
196 317
196 368
196 376
196 386
196 393
196 406
196 417
196 420
196 424
196 425
196 435
196 449
196 465
196 466
196 469
196 474
196 481
196 482
196 491
196 494
196 495
202 118
202 258
202 320
202 358
202 381
202 471
202 153
202 385
202 89
202 144
202 181
202 190
202 193
202 134
202 166
202 188
202 205
202 232
202 245
202 251
202 262
202 276
202 284
202 286
202 297
202 298
202 306
202 308
202 309
202 317
202 349
202 351
202 361
202 363
202 365
202 376
202 424
202 427
202 435
202 460
202 465
202 469
202 481
202 482
202 493
202 494
202 495
226 265
226 351
226 455
226 495
226 286
226 134
226 166
226 58
226 83
226 145
226 170
226 184
226 308
226 357
226 367
226 376
226 388
226 419
226 460
245 118
245 151
245 320
245 381
245 418
245 471
245 153
245 144
245 181
245 190
245 93
245 128
245 132
245 188
245 225
245 229
245 251
245 262
245 276
245 281
245 282
245 284
245 286
245 288
245 297
245 298
245 306
245 309
245 315
245 317
245 349
245 351
245 363
245 365
245 376
245 391
245 400
245 417
245 424
245 425
245 427
245 453
245 461
245 467
245 469
245 474
245 482
245 493
245 495
258 3
258 118
258 150
258 24
258 89
258 144
258 153
258 181
258 193
258 197
258 262
258 284
258 288
258 297
258 298
258 306
258 309
258 317
258 320
258 322
258 331
258 349
258 351
258 361
258 365
258 381
258 424
258 427
258 435
258 453
258 461
258 469
258 471
258 482
258 493
258 495
262 150
262 320
262 331
262 358
262 471
262 153
262 89
262 144
262 190
262 193
262 197
262 251
262 24
262 104
262 188
262 256
262 259
262 276
262 297
262 298
262 309
262 317
262 361
262 363
262 365
262 368
262 412
262 427
262 442
262 453
262 461
262 468
262 469
262 474
262 481
262 482
262 493
262 494
262 495
264 232
264 305
264 346
264 351
264 448
264 465
264 472
264 494
265 430
265 251
265 58
265 60
265 98
265 134
265 166
265 170
265 184
265 249
265 261
265 300
265 308
265 309
265 351
265 357
265 360
265 364
265 367
265 376
265 379
265 388
265 495
276 320
276 358
276 418
276 471
276 153
276 89
276 144
276 193
276 197
276 24
276 282
276 284
276 288
276 297
276 298
276 306
276 309
276 317
276 349
276 351
276 361
276 365
276 427
276 435
276 469
276 474
276 481
276 482
276 493
284 118
284 150
284 320
284 331
284 358
284 381
284 418
284 471
284 153
284 89
284 144
284 181
284 193
284 197
284 251
284 24
284 93
284 128
284 288
284 297
284 298
284 306
284 349
284 351
284 361
284 363
284 365
284 368
284 376
284 416
284 424
284 427
284 453
284 474
284 481
288 320
288 358
288 381
288 418
288 89
288 144
288 190
288 193
288 297
288 306
288 309
288 317
288 349
288 365
288 424
288 427
288 461
288 481
288 493
288 420
288 494
288 482
298 320
298 358
298 381
298 471
298 153
298 89
298 144
298 251
298 297
298 93
298 166
298 259
298 309
298 317
298 349
298 351
298 361
298 365
298 376
298 424
298 435
298 453
298 461
298 466
298 493
298 494
298 495
306 150
306 151
306 381
306 418
306 471
306 153
306 89
306 144
306 181
306 190
306 193
306 251
306 297
306 24
306 218
306 225
306 309
306 317
306 322
306 349
306 351
306 361
306 363
306 365
306 376
306 416
306 420
306 424
306 425
306 442
306 453
306 461
306 465
306 466
306 468
306 469
306 481
306 482
306 491
306 493
306 494
306 495
308 385
308 430
308 351
308 455
308 495
308 406
308 398
308 433
308 166
308 357
308 376
308 388
308 419
308 460
308 58
308 60
308 83
308 145
308 170
308 184
308 236
308 261
308 300
308 98
308 360
308 364
309 150
309 331
309 358
309 381
309 418
309 471
309 153
309 430
309 89
309 144
309 181
309 190
309 193
309 197
309 251
309 297
309 305
309 24
309 171
309 188
309 273
309 317
309 351
309 361
309 363
309 365
309 376
309 388
309 424
309 427
309 455
309 465
309 469
309 474
309 481
309 491
309 495
317 150
317 331
317 358
317 381
317 418
317 471
317 89
317 97
317 144
317 181
317 193
317 197
317 251
317 297
317 17
317 24
317 32
317 33
317 34
317 36
317 49
317 54
317 93
317 95
317 102
317 104
317 110
317 128
317 154
317 172
317 173
317 186
317 187
317 198
317 225
317 229
317 259
317 266
317 267
317 281
317 303
317 315
317 322
317 349
317 351
317 355
317 361
317 363
317 365
317 368
317 376
317 391
317 393
317 394
317 400
317 406
317 416
317 417
317 420
317 424
317 425
317 427
317 435
317 442
317 443
317 449
317 453
317 461
317 465
317 466
317 467
317 468
317 474
317 481
317 482
317 493
317 495
331 3
331 118
331 150
331 320
331 24
331 181
331 193
331 197
331 349
331 358
331 381
331 418
331 435
331 453
331 461
331 471
331 474
331 495
349 320
349 358
349 381
349 418
349 471
349 89
349 144
349 181
349 193
349 197
349 297
349 229
349 351
349 361
349 362
349 363
349 365
349 376
349 424
349 427
349 429
349 442
349 455
349 465
349 466
349 468
349 469
349 474
349 481
349 482
349 493
349 494
349 495
351 118
351 320
351 358
351 381
351 418
351 471
351 89
351 144
351 181
351 193
351 251
351 297
351 83
351 110
351 134
351 166
351 232
351 357
351 363
351 364
351 376
351 388
351 419
351 424
351 455
351 465
351 481
351 495
357 430
357 455
357 398
357 433
357 60
357 145
357 170
357 184
357 261
357 300
357 360
357 364
357 367
357 376
357 379
357 388
357 460
358 3
358 118
358 150
358 151
358 320
358 24
358 74
358 144
358 181
358 188
358 193
358 197
358 259
358 273
358 297
358 361
358 362
358 363
358 365
358 381
358 410
358 418
358 424
358 427
358 433
358 435
358 461
358 468
358 469
358 471
358 474
358 481
358 493
361 118
361 150
361 151
361 320
361 381
361 418
361 471
361 153
361 144
361 181
361 297
361 363
361 427
361 461
361 466
361 469
361 474
361 481
361 24
361 322
361 74
361 482
363 118
363 471
363 153
363 144
363 181
363 190
363 193
363 197
363 297
363 24
363 188
363 273
363 322
363 365
363 376
363 427
363 435
363 442
363 453
363 461
363 466
363 474
363 495
365 118
365 150
365 320
365 381
365 418
365 471
365 89
365 144
365 181
365 190
365 197
365 376
365 424
365 427
365 442
365 443
365 453
365 461
365 466
365 468
365 469
365 481
365 493
365 495
376 153
376 190
376 193
376 297
376 427
376 455
376 481
376 493
376 495
376 494
376 433
376 134
376 166
376 367
376 58
376 60
376 145
376 170
376 261
376 300
376 360
376 364
376 419
376 460
381 3
381 118
381 150
381 17
381 24
381 34
381 49
381 54
381 89
381 93
381 104
381 128
381 144
381 153
381 154
381 173
381 181
381 186
381 187
381 188
381 190
381 197
381 225
381 251
381 281
381 303
381 315
381 324
381 368
381 393
381 400
381 406
381 412
381 416
381 417
381 418
381 420
381 427
381 435
381 442
381 449
381 461
381 465
381 466
381 469
381 471
381 474
381 482
381 493
381 494
385 5
385 28
385 153
385 269
385 388
385 430
385 433
385 495
388 430
388 495
388 398
388 433
388 166
388 367
388 58
388 60
388 83
388 156
388 170
388 236
388 261
388 300
388 360
388 379
388 413
388 419
388 460
418 3
418 118
418 150
418 320
418 74
418 89
418 181
418 193
418 251
418 297
418 322
418 362
418 427
418 435
418 469
418 471
418 482
419 430
419 455
419 495
419 134
419 166
419 367
419 60
419 83
419 145
419 170
419 184
419 236
419 261
419 300
419 360
419 364
419 379
419 460
424 320
424 471
424 153
424 89
424 144
424 190
424 193
424 197
424 297
424 54
424 93
424 104
424 173
424 225
424 267
424 286
424 425
424 427
424 435
424 442
424 453
424 461
424 465
424 469
424 474
424 481
424 482
424 495
433 495
433 29
433 60
433 83
433 134
433 170
433 205
433 338
433 364
433 460
435 118
435 320
435 471
435 153
435 190
435 251
435 297
435 427
435 24
435 322
435 362
435 442
435 461
435 468
435 474
435 481
435 493
435 495
442 150
442 471
442 144
442 190
442 193
442 297
442 427
442 461
442 465
442 466
442 469
442 481
442 493
442 495
442 187
442 225
442 266
442 281
442 393
442 453
442 467
442 32
442 104
442 147
442 259
442 303
442 468
455 97
455 58
455 60
455 128
455 145
455 166
455 170
455 184
455 236
455 249
455 286
455 300
455 360
455 367
455 379
455 460
455 469
455 494
455 495
460 134
460 166
460 367
460 58
460 60
460 98
460 145
460 170
460 184
460 261
460 300
460 360
460 364
461 118
461 320
461 89
461 251
461 297
461 427
461 339
461 412
461 453
461 481
461 482
461 495
465 153
465 89
465 17
465 33
465 54
465 93
465 128
465 147
465 154
465 173
465 186
465 187
465 198
465 225
465 256
465 266
465 282
465 315
465 386
465 391
465 393
465 400
465 417
465 420
465 425
465 453
465 467
465 469
465 474
465 481
466 320
466 471
466 410
466 89
466 144
466 297
466 427
466 416
468 320
468 471
468 144
468 193
468 297
468 427
468 469
468 481
468 493
468 495
468 453
468 188
468 287
471 3
471 118
471 320
471 24
471 89
471 104
471 128
471 144
471 181
471 190
471 193
471 197
471 225
471 251
471 281
471 297
471 322
471 339
471 368
471 416
471 420
471 453
471 474
471 481
471 482
471 493
471 494
471 495
474 153
474 89
474 144
474 181
474 190
474 193
474 197
474 297
474 427
474 469
474 24
474 187
474 188
474 225
474 266
474 481
474 482
474 494
474 495
482 320
482 153
482 89
482 144
482 190
482 193
482 469
482 481
482 493
482 128
482 229
482 315
482 368
482 420
482 453
482 494
491 297
491 267
491 132
491 287
493 320
493 153
493 89
493 144
493 190
493 193
493 251
493 297
493 427
493 469
493 104
493 128
493 187
493 188
493 259
493 368
493 420
493 453
493 467
493 494
493 495
495 118
495 320
495 28
495 153
495 430
495 144
495 181
495 193
495 197
495 251
495 297
495 305
495 427
495 469
495 481
495 60
495 83
495 110
495 166
495 170
495 232
495 364
495 367
495 398
495 453
89 320
89 153
89 24
89 144
89 190
89 193
89 197
89 297
89 427
89 481
128 97
128 144
128 427
128 481
128 33
128 54
128 93
128 95
128 154
128 172
128 173
128 186
128 187
128 198
128 225
128 272
128 281
128 324
128 355
128 386
128 391
128 393
128 406
128 417
128 420
128 425
128 449
128 472
128 494
481 320
481 153
481 251
481 297
481 427
481 17
481 32
481 33
481 54
481 122
481 132
481 154
481 173
481 186
481 225
481 229
481 232
481 266
481 281
481 315
481 368
481 391
481 393
481 400
481 406
481 416
481 417
481 425
481 453
481 467
481 494
152 115
152 130
152 214
152 242
152 263
152 271
152 337
246 263
246 271
271 115
271 130
271 214
271 337
271 445
350 115
350 337
350 130
3 118
3 150
3 151
3 320
118 144
118 151
118 171
118 181
118 193
118 197
118 273
118 297
118 327
118 362
118 412
118 427
150 144
150 151
150 193
150 197
150 320
150 427
151 24
151 144
151 181
151 320
151 362
320 144
320 153
320 171
320 181
320 190
320 193
320 273
320 297
320 339
320 362
320 427
320 453
320 469
24 153
24 144
24 181
24 427
24 322
24 362
171 193
171 427
181 153
181 144
181 193
181 197
181 230
181 297
181 453
181 469
190 193
190 297
190 412
190 443
190 453
193 153
193 144
193 104
193 188
193 197
193 259
193 273
193 297
193 322
193 427
193 469
197 144
197 273
197 297
197 327
197 362
197 427
197 453
197 469
297 153
297 144
297 188
297 362
297 368
297 427
297 453
297 494
322 153
427 144
427 251
427 32
427 54
427 93
427 187
427 225
427 259
427 281
427 303
427 324
427 393
427 467
427 469
453 153
453 144
453 469
453 17
453 368
453 391
453 362
144 153
144 74
144 93
144 173
144 225
144 251
144 324
144 362
144 420
144 469
144 494
362 327
469 153
469 251
469 17
469 93
469 104
469 188
469 229
469 368
469 391
153 5
153 132
153 188
153 251
153 305
188 104
410 6
32 34
32 54
32 173
32 187
32 225
32 266
32 281
32 315
32 393
32 467
32 102
32 456
54 17
54 33
54 34
54 49
54 95
54 102
54 122
54 154
54 172
54 186
54 187
54 198
54 218
54 225
54 229
54 259
54 266
54 281
54 286
54 315
54 386
54 391
54 393
54 417
54 420
54 425
54 449
54 494
225 17
225 33
225 93
225 95
225 154
225 172
225 173
225 186
225 198
225 21
225 36
225 122
225 147
225 256
225 266
225 303
225 315
225 324
225 355
225 386
225 391
225 393
225 394
225 400
225 406
225 417
225 420
225 449
225 456
225 467
225 494
259 494
259 147
303 393
303 147
303 456
303 310
315 17
315 33
315 154
315 172
315 187
315 218
315 266
315 281
315 147
315 282
315 324
315 391
315 393
315 394
315 400
315 417
315 420
315 467
315 494
324 33
324 34
324 93
324 154
324 173
324 186
324 187
324 198
324 266
324 281
324 36
324 102
324 355
324 386
324 393
324 420
324 467
324 494
400 17
400 33
400 49
400 154
400 172
400 173
400 198
400 355
400 386
400 391
400 393
400 21
400 417
400 420
400 494
17 33
17 34
17 49
17 93
17 95
17 172
17 186
17 187
17 198
17 218
17 229
17 266
17 281
17 368
17 391
17 393
17 406
17 417
17 449
17 467
17 494
34 33
34 36
34 49
34 93
34 95
34 147
34 154
34 173
34 186
34 187
34 198
34 266
34 281
34 393
34 417
34 420
34 467
34 494
49 33
49 93
49 95
49 154
49 173
49 186
49 187
49 198
49 218
49 266
49 281
49 286
49 355
49 386
49 391
49 393
49 417
49 420
49 425
49 449
49 467
49 494
93 33
93 95
93 154
93 173
93 186
93 198
93 218
93 229
93 266
93 281
93 286
93 355
93 386
93 391
93 393
93 417
93 420
93 467
93 494
154 33
154 95
154 21
154 172
154 186
154 187
154 218
154 266
154 281
154 355
154 386
154 391
154 393
154 406
154 417
154 420
154 425
154 467
154 494
173 33
173 95
173 187
173 198
173 218
173 266
173 355
173 386
173 393
173 406
173 417
173 420
173 425
173 449
173 467
173 494
186 33
186 95
186 187
186 198
186 218
186 266
186 281
186 355
186 391
186 393
186 417
186 420
186 449
186 494
187 33
187 36
187 102
187 122
187 147
187 198
187 218
187 266
187 281
187 417
187 456
187 467
187 494
281 172
281 198
281 218
281 229
281 266
281 21
281 102
281 122
281 355
281 386
281 391
281 393
281 394
281 417
281 425
281 467
281 494
368 494
393 33
393 95
393 172
393 198
393 218
393 266
393 355
393 386
393 391
393 21
393 36
393 102
393 122
393 147
393 394
393 406
393 417
393 420
393 449
393 456
393 467
393 494
406 172
406 198
406 386
406 391
406 272
406 417
406 420
406 425
406 467
406 494
417 33
417 95
417 172
417 266
417 355
417 386
417 391
417 102
417 122
417 394
417 420
417 449
417 467
417 494
420 33
420 172
420 218
420 229
420 286
420 355
420 386
420 391
420 122
420 282
420 425
420 449
420 467
420 494
449 230
449 33
449 355
449 494
494 97
494 33
494 95
494 218
494 229
494 266
494 386
494 391
494 21
494 29
494 110
494 122
494 132
494 134
494 166
494 272
494 282
494 394
494 472
337 115
337 342
115 242
115 342
115 383
342 383
383 280
383 373
130 470
130 214
130 445
130 142
130 332
214 432
214 71
214 293
214 405
214 422
214 485
214 332
214 445
445 432
445 293
445 405
445 485
5 28
5 430
28 110
28 398
28 430
430 83
430 170
430 269
430 300
430 364
110 472
398 83
398 364
398 367
161 175
132 232
132 267
132 287
83 166
83 170
83 177
83 184
83 236
83 261
83 300
83 360
83 364
170 134
170 58
170 60
170 145
170 184
170 236
170 261
170 300
170 360
170 364
300 166
300 367
300 58
300 60
300 145
300 184
300 236
300 261
300 156
300 360
300 379
300 413
364 166
364 367
364 60
364 145
364 184
364 236
364 261
364 156
364 379
364 413
7 77
7 114
7 149
7 238
7 447
7 463
77 114
77 149
77 447
77 463
114 149
114 238
114 447
149 238
149 447
149 463
238 447
238 463
447 280
447 448
447 463
280 135
280 373
448 346
448 232
448 472
8 30
8 64
8 68
8 94
8 174
8 270
8 313
8 444
8 483
8 486
8 488
30 20
30 23
30 52
30 64
30 94
30 143
30 221
30 222
30 234
30 270
30 313
30 334
30 336
30 421
30 483
30 486
64 20
64 52
64 68
64 94
64 174
64 208
64 270
64 444
64 473
64 483
64 486
68 20
68 52
68 94
68 174
68 208
68 270
68 313
68 486
68 488
94 20
94 52
94 174
94 208
94 270
94 313
94 444
94 486
94 488
174 20
174 208
174 270
174 313
174 444
174 483
174 486
174 488
270 52
270 208
270 222
270 234
270 313
270 421
270 444
270 483
270 488
313 20
313 52
313 208
313 421
313 444
313 488
444 20
444 52
444 483
444 486
444 488
483 20
483 208
483 486
483 488
486 20
486 52
486 208
486 143
486 396
486 421
486 488
488 52
20 52
52 208
23 404
23 66
23 78
23 143
23 213
23 217
23 222
23 224
23 234
23 336
23 396
23 421
23 431
23 434
23 439
23 475
23 479
143 22
143 72
143 213
143 221
143 224
143 234
143 248
143 299
143 334
143 336
143 396
143 421
143 431
143 434
143 439
143 475
143 479
221 22
221 78
221 213
221 222
221 224
221 234
221 299
221 334
221 336
221 396
221 421
221 434
221 475
222 404
222 22
222 72
222 224
222 299
222 334
222 396
222 421
222 431
222 434
222 439
222 475
222 479
234 404
234 22
234 66
234 72
234 78
234 213
234 217
234 248
234 250
234 299
234 334
234 336
234 396
234 421
234 431
234 434
234 475
334 22
334 66
334 72
334 213
334 224
334 248
334 299
334 336
334 396
334 421
334 431
334 434
334 439
334 479
336 404
336 22
336 66
336 72
336 78
336 213
336 224
336 248
336 299
336 396
336 421
336 431
336 434
336 439
336 475
336 479
421 404
421 22
421 66
421 72
421 78
421 213
421 224
421 248
421 396
421 431
421 434
421 475
396 22
396 66
396 72
396 78
396 213
396 217
396 224
396 248
396 431
396 434
396 475
396 479
9 69
9 121
9 127
9 168
9 183
9 216
9 235
9 244
9 329
9 375
9 408
9 446
69 38
69 62
69 53
69 67
69 120
69 121
69 133
69 136
69 141
69 148
69 159
69 165
69 168
69 183
69 216
69 220
69 227
69 235
69 244
69 257
69 268
69 278
69 290
69 292
69 316
69 321
69 326
69 329
69 330
69 346
69 354
69 359
69 374
69 375
69 408
69 414
69 423
69 436
69 441
69 452
69 464
69 478
69 496
121 53
121 67
121 100
121 127
121 141
121 148
121 159
121 168
121 235
121 244
121 277
121 321
121 326
121 329
121 330
121 359
121 374
121 375
121 408
121 441
121 452
121 478
127 38
127 16
127 53
127 67
127 100
127 120
127 133
127 136
127 141
127 165
127 168
127 183
127 220
127 235
127 257
127 279
127 292
127 312
127 316
127 321
127 323
127 326
127 329
127 330
127 346
127 374
127 375
127 378
127 408
127 423
127 436
127 441
127 452
127 464
127 478
168 14
168 26
168 53
168 67
168 100
168 133
168 136
168 141
168 148
168 159
168 169
168 210
168 220
168 240
168 244
168 257
168 290
168 292
168 316
168 321
168 323
168 326
168 329
168 330
168 346
168 348
168 374
168 441
168 452
168 464
168 496
183 62
183 235
183 244
183 329
183 359
183 375
183 408
183 414
183 436
183 446
183 496
216 62
216 235
216 316
216 329
216 375
216 408
235 38
235 62
235 67
235 159
235 244
235 316
235 329
235 359
235 408
235 414
244 38
244 62
244 53
244 67
244 100
244 133
244 141
244 148
244 159
244 165
244 169
244 220
244 290
244 292
244 316
244 321
244 330
244 346
244 348
244 359
244 408
244 414
244 441
244 452
244 478
244 496
329 38
329 62
329 100
329 148
329 159
329 268
329 316
329 346
329 359
329 375
329 378
329 408
329 414
329 446
329 496
375 38
375 62
375 359
375 100
375 148
375 159
375 268
375 316
375 346
375 374
375 408
375 436
375 446
375 496
408 38
408 359
408 53
408 148
408 268
408 316
408 374
408 414
408 436
408 446
408 496
446 62
446 359
38 148
38 268
38 316
38 346
38 359
38 378
38 414
38 436
38 496
148 62
148 359
148 496
148 346
148 67
148 159
148 348
148 452
148 478
148 53
148 165
148 321
148 326
148 330
148 441
148 100
148 277
148 316
148 374
148 414
268 62
268 496
316 62
316 496
316 346
316 67
316 159
316 348
316 53
316 133
316 165
316 321
316 326
316 330
316 441
316 100
316 277
316 414
346 496
346 13
346 14
346 26
346 43
346 67
346 116
346 169
346 210
346 220
346 232
346 290
346 292
346 348
346 414
346 462
346 478
359 378
359 436
359 496
378 62
378 436
414 62
414 496
414 159
414 53
414 326
414 441
414 354
496 62
496 16
496 67
496 100
496 136
496 159
496 220
496 227
496 257
496 323
496 326
496 330
496 348
496 423
496 452
496 464
496 478
62 159
62 441
159 13
159 14
159 26
159 43
159 16
159 41
159 53
159 100
159 133
159 141
159 165
159 169
159 210
159 220
159 257
159 277
159 278
159 290
159 292
159 312
159 323
159 348
159 374
159 441
159 452
159 464
159 478
441 67
441 348
441 478
441 133
441 165
441 321
441 323
441 326
441 330
441 18
441 100
441 240
441 278
441 279
441 374
441 464
53 67
53 220
53 257
53 452
53 478
53 16
53 41
53 18
53 100
53 120
53 133
53 136
53 141
53 165
53 227
53 240
53 279
53 321
53 323
53 330
53 423
53 464
67 13
67 14
67 43
67 133
67 141
67 165
67 210
67 220
67 227
67 240
67 257
67 278
67 292
67 312
67 321
67 326
67 330
67 374
67 423
67 452
67 462
67 464
67 478
120 133
120 321
120 323
120 136
120 227
120 312
120 464
120 472
120 240
120 278
133 348
133 452
133 16
133 41
133 136
133 165
133 278
133 321
133 323
133 326
133 330
133 374
133 464
136 165
136 321
136 323
136 18
136 227
136 240
136 279
136 312
136 472
141 321
141 374
165 348
165 41
165 100
165 227
165 278
165 279
165 312
165 321
165 323
165 330
165 423
165 464
220 26
220 210
220 140
220 257
220 292
220 321
220 348
220 478
227 321
227 323
227 326
227 18
227 240
227 279
227 415
227 464
257 14
257 169
257 210
257 290
257 292
257 321
257 452
278 321
278 326
278 464
278 240
278 279
278 415
290 13
290 14
290 169
290 210
290 140
290 292
290 348
290 462
290 478
292 13
292 26
292 43
292 169
292 210
292 348
292 462
321 348
321 452
321 478
321 16
321 41
321 18
321 100
321 240
321 279
321 312
321 323
321 330
321 374
321 423
321 464
321 472
326 478
326 16
326 41
326 323
326 279
326 330
326 374
326 464
330 16
330 18
330 100
330 374
330 464
374 348
374 478
374 100
423 348
452 210
452 348
464 323
464 18
464 312
464 240
464 279
464 472
478 13
478 43
478 169
478 210
16 41
16 323
279 323
279 472
279 240
312 348
312 18
323 348
323 18
323 240
323 415
323 472
14 13
14 26
14 43
14 169
14 210
14 348
26 13
26 43
26 169
26 348
169 13
169 43
169 348
169 462
210 13
210 43
210 140
210 348
210 462
240 472
240 415
348 13
348 43
348 140
97 134
97 231
97 286
97 370
97 472
467 33
467 198
467 266
467 355
467 386
467 391
467 36
467 147
134 286
134 60
166 347
166 371
166 459
166 500
166 286
166 145
166 179
166 254
166 261
166 367
267 157
267 287
267 472
286 229
286 386
286 391
286 425
367 58
367 60
367 145
367 236
367 261
367 360
367 379
425 229
425 386
425 391
472 232
472 260
95 33
95 198
95 218
95 355
95 386
95 391
229 33
229 391
287 397
386 33
386 218
386 266
386 391
231 370
370 113
33 122
33 198
33 266
33 282
33 355
33 391
391 172
391 198
391 218
391 355
58 60
58 145
58 184
58 261
58 360
60 184
60 236
60 261
60 360
184 145
184 360
184 379
249 360
360 236
360 379
218 198
218 266
218 355
36 266
36 102
36 147
36 394
36 456
102 456
172 198
198 21
198 355
266 147
266 394
266 456
394 147
394 310
394 456
116 462
116 45
116 175
116 399
462 45
429 40
429 125
145 236
145 413
236 413
12 55
12 112
12 347
12 371
12 432
12 459
12 500
55 129
55 285
55 333
55 371
55 432
55 459
55 500
112 129
112 285
112 333
112 347
112 432
112 459
112 500
347 129
347 285
347 333
347 106
347 371
347 432
347 459
371 129
371 285
371 333
371 194
371 432
371 459
371 500
432 129
432 285
432 332
432 405
432 500
459 129
459 285
459 333
459 106
500 129
500 285
500 333
500 106
500 194
129 285
129 333
285 333
194 103
332 318
405 19
405 71
405 293
405 485
45 175
45 399
15 158
15 325
15 401
15 404
158 283
158 325
158 401
158 404
325 283
325 401
325 404
401 283
401 404
404 283
404 22
404 66
404 72
404 78
404 217
404 224
404 248
404 299
404 431
404 434
404 439
404 475
404 479
22 66
22 72
22 78
22 217
22 224
22 248
22 431
22 439
22 458
22 475
22 479
66 72
66 213
66 217
66 224
66 248
66 275
66 299
66 431
66 434
66 439
66 475
72 78
72 213
72 224
72 248
72 275
72 299
72 439
72 475
72 479
78 213
78 224
78 248
78 299
78 431
78 439
78 475
78 479
217 212
217 431
217 439
217 475
224 213
224 299
224 434
224 439
224 475
224 479
248 299
248 431
248 439
248 475
248 479
299 431
299 434
299 439
299 475
299 479
431 212
431 275
431 434
431 439
431 475
431 479
434 439
434 475
434 479
439 213
439 475
475 213
475 275
475 479
479 213
272 108
456 310
19 71
19 293
19 422
19 485
71 293
71 380
71 485
293 380
293 485
422 200
458 275
212 146
212 182
212 291
212 340
212 409
212 498
250 497
25 146
25 182
25 291
25 304
25 340
25 409
25 437
146 291
146 304
146 340
146 409
146 498
182 291
182 304
182 409
291 340
291 409
291 437
291 498
304 340
304 409
304 437
304 498
340 409
340 437
340 498
409 437
409 498
437 498
27 65
27 162
27 189
65 138
65 162
65 189
65 201
162 138
162 164
162 189
189 138
189 201
164 99
457 76
457 111
457 295
470 142
470 318
142 318
156 413
260 46
260 109
40 125
40 397
125 397
175 399
46 109
109 311
76 111
76 295
76 403
111 123
295 352
295 372
295 403
403 372
108 289
108 389
373 135
