352
320
2
357
7
373
105
89
44
183
31
183
75
59
183
352
82
63
183
183
31
201
297
18
127
17
58
312
312
252
236
112
114
6
256
28
329
39
12
329
272
245
273
344
220
262
183
263
75
298
333
82
332
16
19
232
331
183
183
128
32
354
352
237
367
320
257
232
185
192
90
91
130
89
183
189
320
175
111
2
183
64
13
134
132
200
220
188
161
170
5
334
127
247
183
311
128
219
175
246
367
171
132
267
14
21
201
344
37
202
329
262
298
105
308
244
249
370
21
352
220
61
372
331
262
137
57
357
248
3
357
301
262
262
252
298
20
44
325
137
189
39
185
230
370
0
272
75
253
202
75
203
346
20
308
239
15
365
136
235
28
4
44
258
183
299
28
183
311
132
207
36
272
63
262
262
272
127
190
320
304
25
136
183
262
267
238
91
303
