12
243
308
133
128
31
2
265
183
134
25
230
102
305
95
239
223
86
73
163
138
45
154
41
181
109
142
315
55
219
65
60
52
90
162
290
38
177
76
110
104
221
160
228
26
182
34
1
316
263
287
4
261
127
3
291
324
254
145
175
147
108
325
207
256
69
46
141
264
258
191
188
131
97
9
222
114
304
36
172
120
270
49
266
233
314
206
247
11
213
259
148
319
190
260
94
201
80
278
293
294
271
118
195
217
174
280
255
257
0
59
42
173
64
220
22
240
126
62
137
68
157
57
307
275
159
135
216
208
75
156
111
279
169
53
289
13
232
274
58
180
215
112
43
273
214
8
167
250
124
28
70
24
262
71
72
268
299
197
238
61
185
67
