0 6
0 15
0 24
0 29
0 31
0 33
0 34
0 44
0 49
0 54
0 63
0 66
0 67
0 91
0 98
0 104
0 110
0 119
0 120
0 127
0 131
0 142
0 143
0 151
0 173
0 175
0 178
0 280
0 309
0 326
0 329
0 344
0 346
0 354
0 359
6 1
6 4
6 12
6 18
6 20
6 21
6 23
6 31
6 33
6 37
6 43
6 48
6 51
6 55
6 56
6 63
6 66
6 68
6 72
6 75
6 77
6 78
6 81
6 83
6 94
6 96
6 110
6 121
6 129
6 130
6 134
6 142
6 143
6 149
6 150
6 171
6 174
6 176
6 178
6 180
6 181
6 184
6 188
6 194
6 199
6 202
6 207
6 210
6 212
6 217
6 219
6 220
6 221
6 225
6 234
6 241
6 242
6 245
6 248
6 250
6 252
6 253
6 254
6 255
6 258
6 260
6 265
6 266
6 267
6 272
6 279
6 283
6 284
6 285
6 292
6 295
6 298
6 302
6 306
6 307
6 313
6 315
6 317
6 333
6 342
6 345
6 346
6 353
6 354
6 357
6 361
15 66
15 91
15 110
15 309
15 354
24 142
24 205
24 271
24 303
29 9
29 34
29 40
29 47
29 98
29 326
31 10
31 120
31 143
31 217
31 241
31 272
31 303
31 317
31 329
31 348
33 66
33 108
33 120
33 131
33 143
33 150
33 170
33 171
33 181
33 200
33 201
33 245
33 271
33 292
33 307
33 332
33 357
34 5
34 9
34 21
34 28
34 40
34 44
34 47
34 56
34 74
34 79
34 80
34 98
34 100
34 101
34 103
34 110
34 111
34 119
34 120
34 139
34 142
34 143
34 153
34 157
34 169
34 170
34 175
34 199
34 209
34 213
34 234
34 244
34 249
34 250
34 253
34 258
34 267
34 272
34 289
34 295
34 299
34 303
34 305
34 310
34 314
34 326
34 329
34 356
34 359
44 119
44 223
49 54
49 67
49 127
54 66
54 127
54 159
54 181
63 4
63 23
63 25
63 37
63 41
63 66
63 110
63 120
63 130
63 142
63 143
63 167
63 174
63 178
63 194
63 217
63 241
63 245
63 255
63 272
63 280
63 303
63 351
66 3
66 4
66 8
66 10
66 13
66 18
66 21
66 22
66 23
66 25
66 27
66 28
66 30
66 32
66 36
66 37
66 41
66 45
66 46
66 52
66 55
66 57
66 58
66 59
66 60
66 61
66 71
66 72
66 74
66 75
66 78
66 80
66 83
66 84
66 86
66 87
66 90
66 91
66 100
66 101
66 110
66 113
66 114
66 115
66 116
66 119
66 120
66 124
66 126
66 128
66 130
66 132
66 134
66 135
66 136
66 138
66 140
66 142
66 143
66 144
66 145
66 146
66 147
66 149
66 153
66 155
66 159
66 160
66 161
66 165
66 167
66 169
66 170
66 176
66 180
66 181
66 184
66 187
66 188
66 190
66 191
66 193
66 195
66 196
66 197
66 200
66 201
66 203
66 205
66 206
66 207
66 209
66 210
66 211
66 214
66 217
66 219
66 220
66 225
66 226
66 231
66 235
66 237
66 238
66 240
66 241
66 242
66 243
66 244
66 245
66 247
66 249
66 255
66 258
66 261
66 262
66 263
66 264
66 265
66 267
66 271
66 272
66 273
66 276
66 278
66 279
66 282
66 283
66 284
66 287
66 293
66 298
66 302
66 303
66 304
66 307
66 308
66 311
66 312
66 317
66 322
66 323
66 325
66 327
66 329
66 331
66 332
66 334
66 335
66 340
66 347
66 348
66 350
66 353
66 354
66 355
66 357
66 359
67 127
91 90
91 110
91 192
91 226
91 298
91 357
98 56
98 301
104 131
104 132
104 142
104 303
104 326
110 4
110 21
110 22
110 32
110 41
110 74
110 78
110 100
110 101
110 108
110 118
110 119
110 120
110 128
110 130
110 142
110 143
110 144
110 161
110 167
110 171
110 174
110 177
110 178
110 187
110 194
110 207
110 217
110 219
110 225
110 241
110 247
110 267
110 272
110 276
110 280
110 283
110 298
110 299
110 303
110 307
110 309
110 354
110 355
110 357
119 147
119 171
119 276
119 354
120 4
120 11
120 12
120 13
120 16
120 20
120 23
120 32
120 35
120 37
120 41
120 43
120 59
120 62
120 65
120 73
120 88
120 94
120 99
120 105
120 106
120 113
120 116
120 123
120 128
120 129
120 130
120 133
120 141
120 142
120 143
120 150
120 154
120 156
120 161
120 164
120 165
120 167
120 172
120 174
120 179
120 180
120 181
120 186
120 187
120 190
120 191
120 193
120 194
120 198
120 199
120 202
120 207
120 210
120 214
120 217
120 234
120 242
120 243
120 245
120 246
120 248
120 249
120 250
120 252
120 253
120 255
120 260
120 266
120 276
120 279
120 283
120 289
120 291
120 292
120 295
120 298
120 307
120 308
120 313
120 314
120 315
120 316
120 317
120 320
120 321
120 327
120 329
120 333
120 346
120 349
120 351
120 352
120 354
131 142
131 151
131 173
131 271
131 299
131 303
131 357
131 359
142 4
142 12
142 21
142 23
142 37
142 41
142 55
142 70
142 83
142 103
142 111
142 113
142 130
142 132
142 143
142 167
142 174
142 178
142 194
142 205
142 217
142 241
142 245
142 248
142 255
142 258
142 260
142 267
142 272
142 280
142 292
142 296
142 299
142 303
142 307
142 313
142 315
142 333
142 354
142 359
143 4
143 11
143 16
143 20
143 23
143 32
143 37
143 43
143 56
143 62
143 73
143 81
143 82
143 88
143 89
143 94
143 105
143 113
143 116
143 123
143 130
143 133
143 141
143 150
143 154
143 161
143 165
143 167
143 174
143 179
143 180
143 181
143 186
143 187
143 190
143 193
143 198
143 199
143 207
143 214
143 217
143 234
143 242
143 243
143 245
143 246
143 248
143 250
143 252
143 253
143 266
143 276
143 277
143 279
143 283
143 291
143 292
143 295
143 307
143 308
143 313
143 315
143 316
143 321
143 327
143 329
143 346
143 349
143 354
151 179
151 241
151 272
151 357
173 359
175 21
175 197
175 241
175 267
175 272
178 280
178 305
178 306
178 344
280 25
280 255
280 286
326 47
329 202
329 250
329 279
344 17
344 139
344 255
346 134
346 138
346 284
346 306
354 147
354 192
354 292
354 298
354 357
359 40
359 197
359 297
359 312
359 317
1 113
1 167
4 129
4 217
4 285
12 255
12 65
12 166
12 333
18 271
18 95
18 149
18 170
18 241
18 272
20 56
20 81
21 167
21 11
21 28
21 42
21 50
21 58
21 60
21 70
21 78
21 83
21 89
21 99
21 122
21 124
21 133
21 137
21 145
21 146
21 153
21 154
21 157
21 170
21 197
21 213
21 223
21 225
21 267
21 276
21 298
21 300
21 303
21 307
21 308
21 315
21 318
21 325
21 331
21 333
21 335
21 342
21 361
23 37
23 199
37 150
37 248
37 307
43 68
43 133
43 221
43 241
43 272
43 345
48 176
48 207
48 225
48 254
48 266
48 361
51 255
51 130
51 165
51 212
51 283
55 357
55 70
55 303
56 357
56 113
56 2
56 7
56 8
56 9
56 10
56 19
56 47
56 53
56 59
56 72
56 77
56 117
56 125
56 130
56 140
56 146
56 163
56 168
56 189
56 192
56 210
56 213
56 218
56 227
56 229
56 230
56 241
56 250
56 255
56 261
56 272
56 274
56 289
56 294
56 297
56 298
56 301
56 310
56 312
56 317
56 328
56 348
56 360
68 221
68 345
72 271
72 113
72 209
72 249
72 22
72 77
72 153
72 210
72 241
72 267
72 272
75 121
75 165
77 113
77 301
77 9
77 210
77 290
78 113
78 167
78 217
78 96
78 130
78 210
78 232
78 241
78 351
81 209
81 249
81 169
83 258
83 241
83 267
83 272
83 303
83 335
94 154
94 306
96 113
96 22
96 217
96 130
96 210
121 176
121 283
129 164
129 258
129 130
129 255
130 167
130 22
130 164
130 217
130 25
130 16
130 41
130 62
130 65
130 128
130 210
130 277
130 283
130 289
130 298
130 317
130 351
130 352
134 85
134 109
134 128
134 221
134 241
134 259
134 272
134 284
150 245
150 248
150 307
171 180
171 332
174 88
174 152
174 186
174 194
174 215
174 256
174 308
174 324
174 341
176 167
176 25
176 255
176 165
176 254
180 276
181 30
181 95
181 159
184 311
188 265
194 255
194 155
194 214
194 221
194 269
199 295
202 250
202 290
207 161
207 225
207 355
210 113
210 167
210 217
210 255
210 14
210 45
210 57
210 76
210 107
210 162
210 298
210 317
210 339
210 343
212 87
212 225
212 242
212 283
217 22
217 164
217 41
217 89
217 252
217 255
217 285
217 295
217 303
219 87
219 165
219 283
220 141
220 353
221 357
221 255
221 16
221 26
221 62
221 73
221 93
221 128
221 155
221 179
221 185
221 241
221 244
221 259
221 272
221 345
225 122
225 242
234 105
234 253
241 102
241 52
241 53
241 61
241 70
241 79
241 109
241 111
241 117
241 125
241 126
241 133
241 137
241 140
241 153
241 160
241 163
241 168
241 179
241 195
241 197
241 204
241 205
241 223
241 228
241 230
241 231
241 235
241 250
241 261
241 264
241 272
241 276
241 278
241 287
241 293
241 298
241 303
241 308
241 310
241 328
241 331
241 332
241 335
241 340
241 342
241 347
241 348
241 351
241 356
242 314
242 32
245 25
245 255
248 222
248 232
248 313
250 117
250 272
250 310
250 317
252 222
252 295
253 255
253 92
253 239
253 270
253 281
255 167
255 249
255 164
255 5
255 25
255 102
255 13
255 17
255 26
255 41
255 57
255 59
255 65
255 88
255 92
255 115
255 139
255 152
255 155
255 158
255 161
255 166
255 208
255 214
255 215
255 222
255 239
255 269
255 289
255 298
255 308
255 311
255 324
255 351
258 3
258 304
260 307
266 246
266 291
266 361
267 167
267 89
267 11
267 28
267 42
267 46
267 50
267 58
267 60
267 70
267 99
267 122
267 124
267 133
267 137
267 145
267 146
267 154
267 157
267 170
267 197
267 213
267 223
267 236
267 276
267 300
267 303
267 307
267 308
267 315
267 318
267 325
267 331
267 332
267 333
267 335
267 342
267 361
272 271
272 102
272 53
272 59
272 61
272 79
272 109
272 117
272 125
272 126
272 133
272 137
272 140
272 153
272 155
272 160
272 163
272 168
272 179
272 195
272 197
272 203
272 204
272 205
272 223
272 228
272 230
272 231
272 235
272 261
272 276
272 278
272 287
272 293
272 298
272 303
272 305
272 308
272 310
272 328
272 331
272 332
272 342
272 348
272 351
279 95
279 170
279 251
283 136
283 165
283 237
284 302
285 293
298 144
298 190
298 192
298 247
298 317
298 332
302 60
307 357
307 115
307 108
307 118
307 136
307 177
307 222
307 333
307 337
317 271
317 357
317 113
317 301
317 7
317 10
317 19
317 53
317 125
317 146
317 163
317 168
317 189
317 192
317 218
317 229
317 230
317 261
317 297
317 312
317 328
317 348
317 360
333 108
333 161
333 291
342 89
342 276
357 26
357 136
357 147
357 192
357 213
357 244
357 289
361 46
205 303
205 264
271 95
271 153
271 348
303 9
303 70
303 132
303 153
303 182
303 228
303 299
303 338
9 301
47 301
47 274
10 36
348 22
108 118
108 161
108 177
108 291
170 42
170 145
170 236
170 95
170 26
170 28
170 38
170 158
170 200
170 316
200 95
200 201
201 95
5 25
5 102
5 314
28 58
28 139
79 347
80 244
100 122
100 299
101 46
103 356
111 305
139 17
153 36
157 16
157 259
169 209
169 203
169 218
209 2
209 7
209 19
209 22
209 84
209 86
209 196
209 218
209 229
209 249
209 263
209 273
209 274
209 275
209 289
209 294
209 300
209 322
209 323
209 350
209 360
213 289
213 300
244 26
249 2
249 19
249 22
249 84
249 86
249 189
249 196
249 218
249 229
249 240
249 263
249 273
249 274
249 275
249 289
249 294
249 300
249 323
249 360
289 59
289 227
289 240
310 140
314 148
314 183
314 214
314 341
356 61
223 331
159 319
25 167
25 16
25 102
167 351
351 114
351 282
3 22
3 164
3 304
8 322
8 140
13 42
13 115
13 124
13 145
13 236
13 237
13 268
22 164
22 222
27 327
27 243
32 141
45 14
45 76
45 107
45 162
45 339
45 343
52 273
58 145
58 237
59 195
60 154
61 312
71 191
71 211
71 330
84 86
84 264
87 165
90 112
90 226
90 334
90 336
113 311
114 282
115 136
115 337
116 161
116 321
124 42
124 236
126 117
126 196
128 11
128 62
128 85
128 247
128 259
132 331
135 352
135 358
136 237
136 147
136 337
138 133
145 236
145 237
146 99
146 261
155 214
155 73
155 185
155 269
155 287
160 230
160 263
161 187
161 291
161 321
165 16
187 193
190 247
190 349
191 106
193 186
193 233
195 204
196 274
203 261
206 238
211 330
214 14
214 148
214 183
214 179
214 226
214 233
214 269
214 321
214 334
226 186
226 112
226 233
226 321
226 334
226 336
231 168
231 275
235 125
235 350
237 42
237 236
237 268
238 50
240 278
243 327
243 73
262 297
262 347
263 360
273 7
287 97
293 102
308 141
308 152
308 324
322 2
323 19
323 340
325 11
327 11
334 321
334 112
334 336
340 53
350 229
301 2
301 274
118 177
11 277
16 85
16 259
35 316
62 93
65 166
65 352
88 82
88 324
99 105
106 112
123 156
123 320
133 70
133 179
141 186
141 324
172 198
172 246
186 256
186 233
186 341
316 95
316 38
321 233
352 358
296 158
95 38
26 158
7 168
19 328
53 229
125 360
163 189
189 275
218 230
227 294
294 300
222 208
222 232
92 239
215 324
148 14
148 183
183 14
183 341
341 256
42 268
50 318
137 257
85 259
109 228
256 39
256 69
256 288
256 343
76 343
76 107
107 339
162 339
343 39
228 182
228 338
270 281
182 338
257 216
39 224
39 288
224 288
288 69
319 64
112 336
