482
30
791
723
127
541
176
199
742
1
2
275
590
707
52
23
80
12
73
620
835
13
478
472
284
940
883
29
368
585
724
3
441
190
670
0
896
697
365
56
423
484
238
678
14
355
344
731
33
696
520
289
975
605
447
363
334
398
22
361
83
354
919
19
166
288
228
124
878
310
63
713
714
257
8
195
50
913
369
958
717
5
907
579
566
206
794
914
158
384
918
779
290
172
946
312
4
82
703
144
7
10
229
853
232
984
924
16
9
582
995
251
39
211
953
586
974
487
15
849
31
239
894
848
904
814
20
11
324
993
119
864
758
347
897
960
923
473
34
340
349
18
589
6
736
695
789
926
613
664
17
26
24
49
790
98
729
313
917
390
28
689
311
65
68
364
941
100
568
67
182
597
21
840
543
25
234
27
762
374
57
783
475
389
641
506
648
84
32
690
480
1002
858
88
35
939
61
937
929
36
