0 2
0 20
0 51
0 54
0 59
0 60
0 61
0 66
0 83
0 89
0 93
0 98
0 104
0 112
0 144
0 160
0 164
0 169
0 191
1 4
1 18
1 21
1 24
1 31
1 38
1 43
1 45
1 47
1 48
1 49
1 50
1 52
1 55
1 57
1 58
1 64
1 68
1 76
1 78
1 95
1 97
1 102
1 110
1 116
1 117
1 119
1 120
1 127
1 128
1 139
1 143
1 149
1 159
1 179
1 181
1 182
1 185
1 192
1 194
1 196
1 199
2 20
2 29
2 59
2 60
2 69
2 80
2 87
2 93
2 100
2 104
2 111
2 112
2 129
2 170
2 189
2 198
3 6
3 14
3 19
3 21
3 29
3 30
3 33
3 34
3 50
3 71
3 75
3 81
3 100
3 119
3 120
3 131
3 132
3 154
3 163
3 176
3 184
3 190
3 192
4 14
4 18
4 19
4 21
4 24
4 29
4 30
4 38
4 43
4 45
4 47
4 48
4 49
4 50
4 52
4 55
4 58
4 64
4 68
4 72
4 76
4 78
4 87
4 91
4 92
4 95
4 100
4 101
4 102
4 110
4 116
4 117
4 119
4 127
4 132
4 133
4 137
4 139
4 148
4 150
4 154
4 163
4 176
4 179
4 181
4 182
4 184
4 185
4 192
4 194
4 196
4 199
5 109
5 122
5 130
6 7
6 14
6 19
6 29
6 30
6 33
6 34
6 50
6 71
6 75
6 78
6 81
6 90
6 92
6 120
6 132
6 133
6 154
6 163
6 168
6 176
6 181
6 184
6 190
6 192
6 196
7 14
7 18
7 21
7 24
7 30
7 38
7 48
7 50
7 55
7 57
7 64
7 68
7 76
7 77
7 78
7 90
7 95
7 97
7 102
7 116
7 117
7 119
7 120
7 127
7 133
7 136
7 137
7 139
7 143
7 149
7 159
7 176
7 181
7 185
7 190
7 192
7 194
7 196
8 39
8 140
9 35
9 63
9 96
9 118
9 195
10 17
10 35
10 62
10 63
10 88
10 96
10 106
10 118
10 126
10 130
10 134
10 173
10 195
11 25
11 27
11 28
11 37
11 56
11 65
11 70
11 86
11 103
11 138
11 144
11 164
11 191
12 25
12 26
12 27
12 28
12 37
12 51
12 53
12 56
12 65
12 70
12 83
12 84
12 86
12 103
12 105
12 138
12 144
12 145
12 164
12 178
12 191
13 44
13 135
13 147
14 19
14 29
14 30
14 33
14 34
14 71
14 75
14 81
14 90
14 100
14 127
14 131
14 132
14 133
14 154
14 161
14 163
14 181
14 184
14 190
15 46
15 180
15 183
16 51
16 89
16 93
16 94
16 98
16 115
16 144
16 162
16 164
16 169
16 177
16 191
17 35
17 39
17 62
17 63
17 88
17 96
17 106
17 118
17 126
17 130
17 134
17 173
17 195
18 21
18 24
18 29
18 30
18 31
18 38
18 42
18 43
18 45
18 47
18 48
18 49
18 50
18 52
18 55
18 57
18 58
18 64
18 68
18 72
18 76
18 77
18 78
18 87
18 95
18 97
18 101
18 102
18 107
18 110
18 116
18 117
18 119
18 120
18 127
18 128
18 133
18 136
18 137
18 139
18 141
18 143
18 148
18 149
18 150
18 154
18 159
18 167
18 176
18 179
18 181
18 182
18 185
18 192
18 194
18 196
18 199
19 29
19 30
19 34
19 71
19 75
19 81
19 92
19 100
19 116
19 119
19 123
19 132
19 133
19 163
19 181
19 184
19 190
19 192
20 51
20 54
20 59
20 60
20 61
20 66
20 83
20 89
20 93
20 98
20 104
20 112
20 115
20 144
20 160
20 164
20 169
20 171
20 191
21 24
21 31
21 34
21 38
21 42
21 43
21 45
21 47
21 48
21 50
21 52
21 55
21 57
21 58
21 64
21 68
21 76
21 77
21 78
21 87
21 95
21 97
21 101
21 102
21 107
21 110
21 116
21 117
21 119
21 120
21 123
21 127
21 128
21 136
21 137
21 139
21 141
21 143
21 149
21 154
21 159
21 167
21 176
21 179
21 181
21 182
21 185
21 192
21 194
21 196
21 199
22 188
23 43
23 44
23 72
23 99
23 102
23 125
23 135
23 137
23 147
23 150
23 152
23 153
23 157
23 174
23 187
23 193
24 31
24 38
24 43
24 45
24 47
24 48
24 49
24 50
24 52
24 55
24 57
24 58
24 64
24 68
24 76
24 77
24 78
24 87
24 95
24 97
24 101
24 102
24 107
24 110
24 116
24 117
24 119
24 120
24 127
24 128
24 136
24 137
24 139
24 141
24 143
24 148
24 149
24 159
24 167
24 176
24 179
24 181
24 185
24 192
24 194
24 196
24 199
25 26
25 27
25 28
25 37
25 56
25 65
25 70
25 84
25 86
25 103
25 138
25 144
25 164
25 178
25 191
26 27
26 28
26 37
26 40
26 51
26 53
26 54
26 56
26 61
26 65
26 83
26 86
26 89
26 93
26 98
26 103
26 115
26 121
26 144
26 145
26 160
26 164
26 169
26 186
26 191
27 28
27 37
27 53
27 56
27 65
27 70
27 84
27 86
27 103
27 138
27 144
27 145
27 164
27 178
27 191
28 37
28 40
28 53
28 56
28 65
28 70
28 86
28 103
28 105
28 138
28 144
28 145
28 164
28 178
28 191
29 30
29 34
29 43
29 48
29 49
29 50
29 55
29 58
29 68
29 71
29 72
29 75
29 78
29 81
29 87
29 92
29 95
29 100
29 102
29 111
29 116
29 119
29 123
29 127
29 131
29 132
29 133
29 148
29 150
29 154
29 163
29 179
29 181
29 182
29 184
29 185
29 190
29 192
29 196
30 33
30 34
30 71
30 75
30 81
30 90
30 92
30 100
30 116
30 119
30 120
30 123
30 131
30 132
30 133
30 154
30 161
30 163
30 168
30 176
30 181
30 184
30 190
30 192
31 38
31 39
31 42
31 43
31 45
31 47
31 48
31 49
31 50
31 52
31 55
31 57
31 58
31 64
31 68
31 72
31 76
31 77
31 78
31 79
31 87
31 91
31 95
31 97
31 101
31 102
31 107
31 110
31 116
31 117
31 119
31 120
31 127
31 128
31 133
31 136
31 137
31 139
31 141
31 143
31 148
31 149
31 157
31 159
31 176
31 179
31 181
31 182
31 185
31 189
31 192
31 194
31 196
31 199
32 67
32 108
32 113
32 151
32 158
32 170
32 172
33 34
33 90
33 161
33 168
33 190
34 71
34 75
34 81
34 92
34 95
34 100
34 116
34 120
34 123
34 132
34 133
34 154
34 163
34 168
34 181
34 184
34 190
34 192
35 62
35 63
35 88
35 96
35 106
35 118
35 126
35 130
35 134
35 173
35 195
36 40
36 146
36 155
36 180
36 183
36 198
37 51
37 53
37 54
37 56
37 61
37 65
37 66
37 70
37 83
37 86
37 89
37 93
37 98
37 103
37 121
37 144
37 164
37 169
37 178
37 186
37 191
38 43
38 45
38 47
38 48
38 49
38 50
38 52
38 55
38 57
38 58
38 64
38 68
38 72
38 76
38 78
38 87
38 95
38 97
38 101
38 102
38 107
38 110
38 116
38 117
38 119
38 120
38 127
38 128
38 136
38 137
38 139
38 141
38 143
38 149
38 150
38 159
38 167
38 176
38 179
38 181
38 182
38 185
38 192
38 194
38 196
38 199
39 80
39 88
39 106
39 137
39 140
40 51
40 52
40 53
40 56
40 65
40 69
40 74
40 82
40 86
40 94
40 98
40 111
40 115
40 121
40 129
40 130
40 144
40 145
40 162
40 164
40 165
40 169
40 170
40 177
40 180
40 189
40 191
40 198
41 145
41 164
41 178
42 45
42 47
42 57
42 64
42 95
42 97
42 107
42 117
42 128
42 139
42 143
43 44
43 45
43 47
43 49
43 50
43 52
43 57
43 58
43 64
43 68
43 72
43 76
43 77
43 78
43 87
43 95
43 97
43 99
43 101
43 102
43 110
43 111
43 116
43 117
43 119
43 127
43 129
43 133
43 135
43 137
43 139
43 141
43 147
43 148
43 150
43 153
43 157
43 159
43 181
43 185
43 189
43 192
43 199
44 72
44 99
44 102
44 125
44 135
44 137
44 147
44 150
44 152
44 153
44 157
44 174
44 187
44 193
45 47
45 48
45 49
45 50
45 52
45 55
45 57
45 58
45 64
45 68
45 76
45 77
45 78
45 79
45 87
45 95
45 97
45 102
45 107
45 110
45 116
45 117
45 119
45 120
45 128
45 136
45 137
45 139
45 141
45 143
45 148
45 159
45 179
45 181
45 182
45 185
45 192
45 196
45 199
46 180
46 183
47 48
47 49
47 50
47 52
47 55
47 57
47 58
47 64
47 68
47 72
47 76
47 77
47 78
47 87
47 91
47 95
47 97
47 101
47 102
47 107
47 110
47 116
47 117
47 119
47 127
47 128
47 133
47 137
47 139
47 141
47 143
47 148
47 149
47 179
47 181
47 185
47 192
47 194
47 196
47 199
48 49
48 50
48 52
48 55
48 57
48 58
48 64
48 68
48 76
48 77
48 78
48 95
48 97
48 101
48 102
48 107
48 110
48 116
48 117
48 119
48 120
48 127
48 128
48 136
48 137
48 139
48 141
48 143
48 148
48 149
48 150
48 159
48 176
48 179
48 181
48 182
48 185
48 192
48 194
48 196
48 199
49 52
49 55
49 57
49 58
49 64
49 68
49 72
49 76
49 77
49 78
49 87
49 95
49 97
49 101
49 102
49 110
49 116
49 117
49 119
49 120
49 129
49 133
49 137
49 139
49 141
49 143
49 148
49 149
49 150
49 179
49 181
49 185
49 192
49 196
49 199
50 52
50 55
50 57
50 58
50 64
50 68
50 76
50 77
50 78
50 91
50 95
50 97
50 102
50 110
50 116
50 117
50 119
50 120
50 123
50 127
50 128
50 132
50 136
50 137
50 139
50 141
50 143
50 148
50 149
50 150
50 159
50 167
50 176
50 179
50 181
50 182
50 185
50 192
50 194
50 196
50 199
51 53
51 54
51 56
51 59
51 61
51 65
51 66
51 83
51 86
51 89
51 93
51 94
51 98
51 114
51 115
51 121
51 144
51 145
51 160
51 162
51 164
51 165
51 169
51 171
51 175
51 177
51 178
51 186
51 191
52 55
52 57
52 58
52 64
52 68
52 69
52 76
52 77
52 78
52 87
52 91
52 95
52 97
52 101
52 102
52 110
52 111
52 116
52 117
52 119
52 120
52 127
52 133
52 136
52 137
52 139
52 141
52 148
52 149
52 150
52 170
52 176
52 181
52 185
52 189
52 192
52 196
52 198
53 54
53 56
53 61
53 65
53 66
53 83
53 86
53 89
53 93
53 98
53 103
53 105
53 115
53 121
53 144
53 145
53 160
53 164
53 169
53 178
53 186
53 191
54 59
54 61
54 65
54 66
54 83
54 89
54 93
54 98
54 115
54 121
54 144
54 160
54 164
54 169
54 171
54 175
54 186
54 191
55 57
55 58
55 64
55 68
55 72
55 76
55 77
55 78
55 81
55 87
55 95
55 97
55 100
55 101
55 102
55 110
55 116
55 117
55 119
55 120
55 127
55 132
55 133
55 136
55 137
55 139
55 141
55 143
55 149
55 150
55 159
55 176
55 179
55 181
55 185
55 192
55 194
55 196
56 65
56 70
56 84
56 86
56 98
56 103
56 105
56 121
56 138
56 144
56 145
56 164
56 178
56 186
56 191
57 58
57 64
57 68
57 72
57 76
57 77
57 78
57 95
57 97
57 102
57 110
57 116
57 117
57 119
57 120
57 127
57 128
57 136
57 137
57 139
57 141
57 143
57 148
57 149
57 150
57 159
57 176
57 181
57 185
57 192
57 194
57 196
57 199
58 64
58 68
58 72
58 76
58 78
58 87
58 95
58 101
58 102
58 110
58 116
58 117
58 119
58 132
58 136
58 137
58 139
58 141
58 143
58 148
58 149
58 159
58 176
58 181
58 182
58 185
58 189
58 192
58 196
58 199
59 60
59 61
59 66
59 83
59 89
59 93
59 98
59 104
59 112
59 144
59 160
59 164
59 169
59 191
60 66
60 89
60 93
60 104
60 112
60 144
60 164
61 65
61 66
61 83
61 89
61 93
61 98
61 104
61 112
61 115
61 121
61 144
61 145
61 160
61 164
61 169
61 171
61 175
61 186
61 191
62 63
62 88
62 96
62 106
62 118
62 126
62 130
62 134
62 173
62 195
63 88
63 96
63 106
63 118
63 126
63 130
63 134
63 173
63 195
64 68
64 72
64 76
64 77
64 78
64 95
64 97
64 101
64 102
64 107
64 110
64 116
64 117
64 119
64 120
64 127
64 128
64 136
64 137
64 139
64 141
64 143
64 149
64 159
64 176
64 179
64 181
64 182
64 185
64 192
64 194
64 196
65 66
65 70
65 83
65 86
65 89
65 93
65 98
65 103
65 105
65 115
65 121
65 144
65 145
65 160
65 162
65 164
65 169
65 177
65 178
65 186
65 191
66 83
66 89
66 93
66 98
66 104
66 112
66 115
66 121
66 144
66 160
66 164
66 169
66 171
66 175
66 186
66 191
67 108
67 113
67 151
67 158
67 172
68 72
68 76
68 87
68 95
68 97
68 101
68 102
68 110
68 116
68 117
68 119
68 120
68 129
68 137
68 139
68 148
68 149
68 150
68 159
68 179
68 181
68 185
68 192
68 194
68 196
68 199
69 82
69 87
69 111
69 129
69 170
69 189
69 198
70 84
70 86
70 98
70 103
70 105
70 144
70 164
70 178
70 191
71 75
71 78
71 81
71 92
71 100
71 123
71 132
71 133
71 163
71 184
71 190
71 192
72 76
72 77
72 78
72 87
72 99
72 101
72 102
72 110
72 116
72 120
72 135
72 137
72 147
72 148
72 150
72 152
72 153
72 157
72 174
72 181
72 185
72 187
72 193
72 196
72 199
73 164
74 129
74 198
75 81
75 92
75 100
75 123
75 131
75 132
75 163
75 184
75 190
75 192
76 77
76 78
76 95
76 97
76 102
76 110
76 116
76 117
76 119
76 120
76 136
76 137
76 139
76 141
76 143
76 148
76 149
76 150
76 159
76 176
76 181
76 182
76 185
76 192
76 194
76 196
76 199
77 95
77 97
77 110
77 116
77 117
77 127
77 136
77 139
77 149
77 176
77 179
77 182
77 185
77 192
77 196
77 199
78 81
78 87
78 91
78 95
78 97
78 100
78 101
78 102
78 110
78 116
78 117
78 119
78 120
78 127
78 136
78 139
78 148
78 149
78 154
78 159
78 176
78 181
78 182
78 184
78 185
78 192
78 194
78 196
79 109
79 122
79 130
79 156
79 197
80 140
81 92
81 95
81 100
81 123
81 132
81 133
81 150
81 154
81 163
81 181
81 184
81 190
81 192
82 146
82 170
82 180
82 189
82 198
83 89
83 93
83 98
83 104
83 112
83 115
83 121
83 144
83 145
83 160
83 164
83 169
83 186
83 191
84 86
84 103
85 142
85 156
85 166
86 98
86 103
86 105
86 121
86 138
86 144
86 145
86 164
86 178
86 186
86 191
87 91
87 97
87 101
87 102
87 120
87 127
87 129
87 133
87 137
87 148
87 150
87 153
87 179
87 181
87 185
87 189
87 192
87 196
87 199
88 96
88 106
88 118
88 126
88 130
88 134
88 173
88 195
89 93
89 98
89 103
89 104
89 112
89 114
89 115
89 121
89 144
89 145
89 160
89 164
89 169
89 171
89 175
89 186
89 191
90 131
90 133
90 154
90 161
90 168
90 190
90 192
91 100
91 139
91 150
91 181
91 196
92 100
92 132
92 163
92 181
92 190
92 192
93 98
93 104
93 112
93 114
93 115
93 121
93 144
93 160
93 164
93 169
93 171
93 175
93 186
93 191
94 98
94 115
94 162
94 165
94 169
94 177
95 97
95 100
95 101
95 102
95 107
95 110
95 116
95 117
95 119
95 120
95 127
95 128
95 132
95 133
95 136
95 137
95 139
95 141
95 143
95 149
95 159
95 167
95 176
95 179
95 181
95 182
95 185
95 190
95 192
95 194
95 196
95 199
96 106
96 118
96 126
96 130
96 134
96 173
96 195
97 101
97 102
97 107
97 110
97 111
97 116
97 117
97 119
97 120
97 127
97 128
97 133
97 136
97 137
97 139
97 141
97 143
97 149
97 150
97 159
97 167
97 176
97 181
97 185
97 189
97 192
97 194
97 196
98 103
98 104
98 112
98 115
98 121
98 144
98 160
98 162
98 164
98 165
98 169
98 177
98 186
98 191
99 102
99 125
99 135
99 137
99 147
99 150
99 152
99 153
99 157
99 174
99 187
99 193
100 119
100 120
100 132
100 133
100 150
100 154
100 163
100 179
100 181
100 182
100 184
100 190
100 192
100 196
101 102
101 117
101 119
101 120
101 136
101 137
101 148
101 149
101 181
101 192
101 196
101 199
102 107
102 110
102 111
102 116
102 117
102 119
102 120
102 127
102 133
102 135
102 136
102 137
102 139
102 141
102 143
102 147
102 148
102 149
102 150
102 153
102 154
102 157
102 159
102 176
102 179
102 181
102 182
102 185
102 187
102 189
102 192
102 193
102 194
102 196
102 199
103 105
103 121
103 138
103 144
103 145
103 164
103 178
103 191
104 112
104 144
104 160
104 164
104 169
104 191
105 164
105 178
106 118
106 126
106 130
106 134
106 173
106 195
107 110
107 117
107 119
107 127
107 137
107 139
107 141
107 143
107 149
107 159
107 167
107 176
107 185
107 192
107 196
107 199
108 113
108 151
108 158
108 172
109 122
109 130
110 116
110 117
110 119
110 120
110 127
110 128
110 136
110 137
110 139
110 141
110 143
110 147
110 149
110 159
110 167
110 176
110 179
110 181
110 182
110 185
110 192
110 194
110 196
111 129
111 133
111 150
111 170
111 189
111 198
112 144
112 160
112 164
112 169
112 191
113 151
113 158
113 172
114 115
114 144
114 160
114 164
114 169
114 191
115 121
115 144
115 160
115 162
115 164
115 165
115 169
115 177
115 186
115 191
116 117
116 119
116 120
116 127
116 132
116 133
116 136
116 137
116 139
116 149
116 159
116 176
116 179
116 181
116 182
116 185
116 190
116 192
116 196
117 119
117 120
117 127
117 128
117 136
117 137
117 139
117 141
117 143
117 149
117 159
117 167
117 176
117 179
117 181
117 182
117 185
117 192
117 194
117 196
117 199
118 126
118 130
118 134
118 173
118 195
119 120
119 127
119 128
119 132
119 136
119 137
119 139
119 141
119 143
119 148
119 149
119 154
119 159
119 167
119 176
119 179
119 181
119 182
119 185
119 192
119 194
119 196
119 199
120 127
120 128
120 132
120 136
120 137
120 139
120 143
120 148
120 149
120 150
120 159
120 176
120 181
120 182
120 185
120 190
120 192
120 194
120 196
121 144
121 160
121 164
121 169
121 186
121 191
122 130
123 132
123 133
123 154
123 163
123 181
123 184
123 190
123 192
124 197
125 152
125 153
125 157
126 130
126 134
126 173
126 195
127 128
127 133
127 137
127 139
127 141
127 143
127 149
127 159
127 176
127 179
127 181
127 185
127 192
127 196
128 139
128 141
128 143
128 149
128 159
128 167
128 176
128 185
128 192
129 137
129 148
129 150
129 170
129 181
129 189
129 198
130 173
130 195
131 154
131 161
131 190
132 133
132 150
132 154
132 163
132 181
132 184
132 190
132 192
133 136
133 137
133 148
133 150
133 154
133 163
133 176
133 181
133 184
133 185
133 189
133 190
133 192
134 173
134 195
135 137
135 147
135 150
135 152
135 153
135 157
135 174
135 187
135 193
136 137
136 139
136 141
136 143
136 149
136 159
136 167
136 176
136 179
136 181
136 182
136 185
136 192
136 196
137 139
137 141
137 143
137 147
137 148
137 149
137 150
137 152
137 153
137 157
137 159
137 176
137 181
137 182
137 185
137 189
137 192
137 193
137 194
137 196
137 199
138 144
138 191
139 141
139 143
139 148
139 149
139 159
139 176
139 179
139 181
139 182
139 185
139 192
139 194
139 196
139 199
141 143
141 149
141 159
141 167
141 176
141 185
141 192
141 199
142 156
143 149
143 159
143 167
143 176
143 179
143 181
143 185
143 192
143 199
144 145
144 160
144 164
144 169
144 171
144 177
144 178
144 186
144 191
145 164
145 178
145 191
146 180
146 198
147 148
147 150
147 157
147 187
147 193
148 150
148 179
148 181
148 196
148 199
149 159
149 167
149 176
149 179
149 181
149 182
149 185
149 192
149 194
149 196
149 199
150 152
150 153
150 157
150 163
150 174
150 181
150 187
150 193
150 196
151 158
151 172
152 153
152 157
152 174
152 187
152 193
153 157
153 174
153 187
153 193
154 163
154 179
154 181
154 184
154 190
154 192
155 180
155 183
156 188
156 197
157 174
157 187
157 193
158 172
159 167
159 176
159 179
159 181
159 182
159 185
159 192
159 194
159 196
159 199
160 164
160 169
160 171
160 175
160 186
160 191
161 168
162 165
162 169
162 177
163 168
163 181
163 184
163 190
163 192
164 169
164 171
164 177
164 178
164 186
164 191
165 169
165 177
167 176
167 185
167 192
168 188
168 190
169 177
169 178
169 191
170 189
170 198
171 175
171 191
173 195
174 193
176 179
176 181
176 182
176 185
176 190
176 192
176 196
176 199
178 191
179 181
179 182
179 185
179 192
179 196
179 199
180 183
180 198
181 182
181 184
181 185
181 189
181 190
181 192
181 194
181 196
181 199
182 185
182 192
182 196
184 190
184 192
185 192
185 194
185 196
185 199
186 191
187 193
189 198
190 192
190 196
192 194
192 196
192 199
194 196
194 199
196 199
