491
225
199
497
42
769
100
177
174
560
534
652
962
462
796
836
923
512
354
660
854
417
144
231
711
821
47
507
895
860
125
637
379
262
624
737
12
853
708
830
238
741
406
581
527
24
514
259
8
656
333
411
606
161
984
277
418
108
488
59
747
323
355
886
377
112
509
169
910
470
831
763
640
949
918
917
434
368
808
558
586
687
170
501
647
318
53
68
56
97
228
263
439
764
553
244
124
420
438
590
264
116
5
622
43
147
155
909
288
811
907
359
133
777
795
461
540
639
324
503
60
458
922
690
395
934
94
981
444
327
236
426
561
309
127
535
783
115
722
65
812
81
401
816
449
437
473
104
845
562
575
580
715
160
928
785
916
49
529
123
980
433
145
356
793
542
385
688
787
996
303
201
649
944
134
114
751
364
248
937
398
93
582
868
545
630
592
118
90
233
308
541
92
779
369
704
67
75
600
6
543
610
386
971
336
378
477
494
310
140
801
782
338
274
397
677
146
408
459
466
680
819
275
846
955
7
271
570
638
536
755
671
380
239
776
204
810
344
657
559
432
628
643
970
4
844
964
301
724
205
573
82
524
723
921
991
832
641
399
61
117
287
1002
550
552
153
548
226
533
235
632
862
757
370
450
440
663
296
188
965
842
340
515
19
346
556
574
464
220
775
311
158
995
794
770
915
523
183
517
27
137
443
498
572
802
887
730
465
979
807
48
36
746
89
472
734
840
576
597
3
272
400
800
745
2
700
285
389
538
891
673
546
80
873
20
682
200
1001
605
833
337
11
897
847
725
694
194
305
598
373
468
595
85
567
767
143
675
396
978
469
328
513
815
50
475
499
243
455
684
584
974
405
664
234
756
351
596
45
670
478
856
403
294
348
492
28
728
525
861
894
877
635
537
203
110
102
192
211
419
317
57
685
838
409
216
788
73
642
908
803
212
278
569
614
749
121
316
376
74
932
365
300
852
634
187
422
500
851
46
182
859
229
83
827
866
374
157
520
698
618
489
790
975
447
609
665
476
733
195
298
99
361
88
505
828
128
885
869
429
510
617
407
727
172
175
699
86
382
479
823
357
1003
173
456
214
176
111
611
390
531
648
686
240
9
738
930
754
335
950
902
495
482
381
410
778
322
765
423
760
863
568
566
