289
193
105
98
482
356
431
292
374
173
146
178
241
11
405
349
196
331
127
519
187
102
511
82
194
20
324
271
372
206
163
50
487
291
34
347
185
364
243
37
539
485
189
38
220
300
110
164
266
340
1
294
149
212
367
182
169
257
252
168
512
79
420
81
245
210
276
0
358
246
435
231
357
399
244
60
422
201
17
108
22
85
318
157
192
359
593
165
27
308
558
177
35
18
434
272
406
317
333
25
122
197
84
80
172
8
310
379
288
58
214
360
23
262
109
265
297
253
2
152
46
107
57
242
131
139
425
19
361
316
195
74
321
343
153
325
327
407
293
154
156
263
124
295
181
336
161
4
223
209
3
51
26
103
513
298
150
334
314
307
376
258
175
143
130
362
615
610
337
469
30
302
439
312
137
421
267
33
117
305
339
174
351
52
145
240
118
16
15
126
10
286
12
495
7
377
179
290
287
32
61
171
323
144
203
123
471
398
237
400
371
180
311
53
299
121
489
186
217
101
232
273
147
140
251
148
338
43
167
537
5
261
113
229
211
230
483
415
404
49
219
417
248
328
363
6
59
306
296
315
387
269
198
21
301
274
366
162
31
202
170
136
205
335
598
73
432
191
9
40
36
378
166
176
368
159
228
348
322
283
416
188
55
481
500
