155
8
183
219
294
19
238
246
114
317
93
124
305
233
164
197
4
109
247
226
117
168
216
234
140
308
307
156
86
16
269
230
195
187
271
127
118
196
202
258
89
76
256
39
161
66
64
190
242
13
128
81
208
275
324
59
180
193
148
146
175
303
56
268
326
201
137
260
255
2
228
221
250
153
184
315
284
112
167
113
154
194
267
91
173
236
263
188
254
214
277
245
229
203
297
120
132
300
198
23
302
151
265
181
152
276
272
171
53
62
20
97
166
122
325
51
312
82
163
296
159
110
264
206
205
9
210
220
160
189
253
108
212
321
47
286
129
318
257
211
46
231
323
17
182
224
241
54
243
141
116
309
310
149
172
95
135
237
100
58
311
251
123
262
60
304
178
3
150
7
292
37
223
235
74
273
25
130
232
32
191
145
38
270
42
319
169
244
259
0
106
85
83
147
218
77
6
204
225
282
84
283
281
34
14
279
186
96
165
299
285
144
289
287
222
176
280
102
261
185
322
213
162
290
126
87
88
10
