325
41
69
339
280
225
126
83
208
20
151
221
154
273
232
119
249
102
184
334
51
212
375
64
0
167
223
86
105
132
209
160
39
256
236
21
299
146
67
94
333
177
363
50
206
174
338
123
155
200
216
4
201
185
181
59
70
245
234
173
65
29
301
107
6
330
79
99
171
247
48
222
258
202
237
97
244
112
58
149
72
157
117
7
204
179
211
298
269
88
308
96
16
168
135
309
317
374
337
220
188
183
231
166
162
376
318
5
233
134
340
10
235
129
118
302
95
9
17
371
23
346
331
180
131
203
116
104
130
224
125
297
139
261
43
329
82
98
144
214
124
239
348
321
264
257
25
195
11
230
270
66
71
306
343
320
303
219
8
113
3
12
238
133
351
159
300
357
127
356
347
161
319
57
228
109
198
103
182
75
13
296
106
262
358
293
178
115
110
