58
84
4
146
36
150
92
236
207
169
38
267
365
271
352
251
52
156
132
96
256
347
174
348
95
291
21
238
79
30
349
76
171
106
250
363
33
77
125
51
129
316
247
3
18
346
254
116
205
130
214
108
81
187
293
333
249
124
28
37
289
145
35
40
80
221
329
121
274
311
269
139
177
117
295
164
277
118
147
299
312
160
246
31
278
327
23
75
264
239
344
127
9
235
49
268
182
340
140
188
5
260
353
366
162
339
317
301
24
14
304
128
7
167
297
230
12
126
134
208
41
53
224
292
321
262
73
19
66
78
110
240
39
280
220
273
248
13
100
350
212
103
16
337
34
88
94
102
326
25
298
20
175
296
370
67
59
115
141
72
222
90
154
120
136
93
218
356
91
357
245
161
318
137
335
44
82
259
270
71
135
307
29
237
358
345
26
64
170
