0 7
0 8
0 10
0 18
0 20
0 24
7 13
7 16
7 18
7 29
8 1
8 20
8 24
8 26
10 2
10 3
10 5
10 11
10 15
10 18
10 19
10 22
10 29
10 31
18 12
18 13
18 16
18 22
18 27
20 24
20 26
24 26
24 28
13 14
13 30
13 27
13 16
16 19
29 5
29 11
29 12
29 14
29 15
29 19
29 30
29 21
1 6
26 23
2 3
2 5
2 11
2 12
2 14
2 15
2 19
2 22
2 30
2 31
3 5
3 11
3 12
3 14
3 15
3 22
3 27
3 30
3 31
5 11
5 12
5 14
5 15
5 19
5 21
5 22
5 30
5 31
11 14
11 21
11 30
11 31
15 12
15 19
15 21
15 23
15 30
15 31
19 12
19 14
19 21
19 22
19 30
19 31
22 12
22 30
31 12
31 14
31 21
12 14
12 21
27 14
27 30
27 25
17 9
17 23
9 23
23 4
14 21
14 30
30 25
25 4
