149
975
937
635
618
773
636
639
139
223
572
780
698
520
880
503
853
276
637
222
569
104
48
215
405
330
256
47
525
707
714
866
363
374
388
963
942
476
1014
1100
941
806
669
617
688
373
703
40
1016
804
362
59
156
522
824
116
32
399
590
505
959
425
204
158
709
486
931
231
559
132
1038
1105
549
741
389
516
459
791
938
1098
892
306
1010
668
62
760
529
646
42
551
819
885
1035
1073
300
175
467
1022
277
1131
541
118
262
708
411
997
555
242
881
772
386
302
1039
952
1127
1048
290
396
237
671
836
479
221
324
26
112
1103
752
509
84
805
735
106
250
840
9
1077
744
255
787
782
471
890
200
415
911
401
888
380
995
575
428
23
670
430
1075
725
188
1018
1012
163
531
351
143
260
94
1081
1074
447
532
1023
622
196
111
749
631
218
902
372
66
1053
964
455
1119
282
795
468
180
730
624
574
965
100
117
578
313
745
448
319
36
715
947
788
20
926
1042
848
435
182
996
60
122
76
1054
194
747
248
384
90
957
209
387
552
71
49
187
662
326
649
793
392
589
508
1046
417
738
68
481
1084
1027
930
628
689
73
184
710
338
379
834
1106
994
716
444
652
831
360
462
748
600
124
135
563
764
34
484
518
14
421
150
630
993
548
943
920
682
556
466
39
907
101
1005
24
274
821
275
1004
576
1047
871
781
972
583
665
55
12
838
606
1115
8
835
918
852
891
442
144
616
753
664
408
96
913
63
1085
732
809
234
558
742
107
896
573
79
1116
546
723
85
72
316
1101
303
318
370
170
1095
935
823
494
923
901
683
133
37
1019
1080
704
817
822
860
207
1072
232
765
696
390
102
1026
924
1030
512
176
125
464
41
969
1
598
69
774
337
206
681
645
81
626
1065
826
296
693
336
737
97
289
528
561
527
398
457
1128
944
629
1123
121
35
108
1024
720
1120
1122
332
355
393
790
368
214
543
620
524
591
189
504
700
917
418
350
253
734
784
161
44
205
899
349
829
323
230
288
423
1117
159
1061
1069
29
315
641
169
967
183
383
673
863
786
934
609
597
1003
52
876
98
1113
547
1063
77
1036
171
999
1045
692
249
519
443
235
61
807
1057
1083
498
266
633
292
216
110
1007
789
728
653
845
151
369
864
623
727
416
298
792
10
340
517
361
697
483
571
560
1076
492
294
672
950
953
865
160
678
22
490
648
538
661
814
341
886
651
1096
0
961
228
5
65
238
450
530
358
157
6
186
706
660
695
510
593
304
663
1013
1049
391
438
346
887
348
647
584
644
632
485
54
123
856
342
458
1089
846
1060
103
413
511
954
680
839
322
1020
453
990
612
1002
904
679
419
586
746
254
497
721
859
956
129
317
308
246
922
971
474
936
919
128
367
489
910
1044
422
1107
1062
27
51
138
472
446
58
190
429
45
796
599
1126
801
191
437
198
570
105
454
989
542
962
499
92
335
667
642
270
906
333
602
992
580
193
99
837
307
493
279
172
684
15
867
779
19
830
310
691
400
146
67
862
1124
329
1118
945
148
726
855
948
955
812
1091
501
544
167
426
263
43
502
766
478
449
280
537
3
729
328
1051
808
74
53
404
976
614
1021
301
13
311
1067
666
818
526
314
136
702
785
357
940
1121
202
382
127
297
38
893
287
291
227
762
566
178
309
674
842
564
608
152
356
1017
211
908
872
203
973
771
251
224
181
643
440
293
195
359
1032
394
514
376
210
1059
756
690
587
759
769
424
320
339
95
650
1037
354
414
895
736
928
16
507
1112
241
929
1110
603
403
365
460
1132
832
1056
113
245
655
477
475
619
813
439
841
1109
212
1029
794
981
883
550
743
987
686
281
375
854
407
364
134
983
201
126
1028
213
1052
2
986
659
596
28
694
452
371
731
162
610
377
130
1082
850
562
155
229
488
878
1090
933
882
409
75
1064
344
179
153
91
978
321
463
581
451
1102
540
958
1071
1114
267
554
758
988
849
420
939
168
1031
247
912
87
434
4
1086
607
1130
604
654
713
441
264
1093
366
64
142
905
634
515
226
816
273
611
1125
331
185
592
88
1068
851
533
78
757
487
33
761
1094
557
615
776
283
325
567
240
1066
699
595
1033
991
1079
1001
480
946
327
535
985
621
1129
1078
843
767
778
802
57
755
1104
80
658
174
627
844
998
724
711
31
733
145
1099
903
268
165
406
397
436
1108
553
870
164
257
199
272
119
1009
70
750
1058
7
412
968
879
402
1055
640
797
25
46
712
496
299
469
949
56
219
261
783
50
177
1088
1015
536
740
927
675
521
803
677
456
1111
461
465
395
875
236
770
86
495
873
192
343
820
265
83
278
977
109
638
431
754
810
701
588
500
166
676
909
491
271
613
687
970
197
828
506
285
579
353
951
345
1050
585
884
233
30
799
473
800
898
432
140
305
