0 3
0 33
0 107
0 122
0 148
0 164
0 179
0 211
1 11
1 81
1 98
1 140
1 181
1 184
1 188
1 194
1 210
2 26
2 28
2 33
2 43
2 93
2 105
2 125
2 126
2 171
2 172
2 218
3 19
3 54
3 90
3 99
3 107
3 122
3 129
3 158
3 183
3 198
4 52
4 107
4 129
4 145
4 168
4 179
4 194
4 211
4 218
5 33
5 177
5 205
5 210
6 35
6 40
6 60
6 86
6 96
6 161
6 182
6 217
7 11
7 81
7 136
7 138
7 170
7 179
8 63
8 113
8 176
9 37
9 154
9 196
10 29
10 39
10 54
10 56
10 60
10 70
10 81
10 102
10 110
10 143
10 178
10 194
10 217
11 18
11 25
11 26
11 28
11 55
11 73
11 85
11 107
11 117
11 121
11 131
11 162
11 170
11 180
11 185
11 197
11 202
12 41
12 42
12 71
12 100
12 112
12 129
12 133
13 20
13 73
13 100
13 121
13 128
13 131
13 186
13 191
14 15
14 25
14 47
14 53
14 56
14 70
14 99
14 109
14 180
14 191
14 197
15 47
15 56
15 169
15 180
16 161
16 185
17 107
17 130
18 50
18 55
18 85
18 141
18 167
18 170
19 33
19 59
19 63
19 68
19 105
19 117
19 121
20 123
20 141
20 151
21 75
21 163
21 174
22 27
22 38
22 43
22 105
22 152
22 188
22 194
23 26
23 81
23 83
23 84
23 87
23 116
23 117
24 49
24 148
25 29
25 47
25 55
25 56
25 70
25 145
25 169
25 180
25 197
26 30
26 43
26 59
26 88
26 89
26 101
26 125
26 146
26 151
26 188
27 104
27 213
28 33
28 50
28 65
28 74
28 79
28 146
28 183
28 196
29 31
29 51
29 67
29 69
29 70
29 108
29 130
29 185
29 193
29 207
30 43
30 61
30 67
30 79
30 107
30 116
30 141
30 147
30 170
30 173
30 221
30 225
31 33
31 46
31 51
31 57
31 59
31 67
31 74
31 99
31 104
31 108
31 142
31 169
31 193
31 207
31 218
32 49
32 51
32 61
32 103
32 115
32 117
32 139
32 169
32 199
32 211
32 215
33 35
33 38
33 46
33 47
33 57
33 99
33 114
33 141
33 179
33 194
34 52
34 89
35 39
35 54
35 74
35 99
35 143
35 161
35 185
35 194
36 40
36 74
36 114
36 178
36 179
36 187
37 38
37 78
37 82
37 111
37 113
37 165
37 175
38 113
38 139
38 142
38 144
38 146
38 150
38 156
38 165
38 176
38 198
38 206
39 54
39 86
39 110
39 143
39 182
40 96
40 169
40 174
40 214
41 112
42 71
42 100
42 137
42 164
43 65
43 105
43 116
43 189
44 67
44 127
44 195
45 121
45 220
46 105
46 116
46 125
46 137
46 139
46 188
46 199
46 219
47 53
47 54
47 56
47 69
47 70
47 169
47 180
47 197
48 127
48 188
48 194
48 221
48 222
49 83
49 107
49 179
49 194
49 198
50 85
50 167
50 194
50 202
51 59
51 70
51 108
51 153
51 177
51 181
51 193
51 203
51 207
53 197
54 56
54 57
54 67
54 70
54 110
54 143
54 148
54 178
54 180
54 194
54 211
54 217
55 85
55 86
55 107
55 110
55 131
55 167
55 170
55 178
55 185
55 197
56 70
56 145
56 169
56 173
56 197
57 67
57 68
57 74
57 77
57 99
57 107
57 138
57 149
57 169
57 173
57 203
57 218
58 61
58 68
58 77
58 91
58 103
58 213
58 215
59 74
59 89
59 108
59 193
59 207
59 222
60 86
60 110
60 161
60 178
60 185
61 77
61 88
61 114
61 186
62 93
62 124
62 156
62 157
62 202
62 220
62 221
63 83
63 84
63 87
63 108
63 139
63 175
64 76
64 190
65 89
65 125
65 130
65 146
65 188
66 124
66 155
66 208
67 77
67 93
67 99
67 105
67 116
67 167
67 169
67 170
67 177
67 181
67 183
67 188
67 194
67 199
67 215
67 218
67 221
68 74
68 99
68 122
68 167
68 170
68 172
68 179
68 184
68 206
68 211
69 70
69 130
69 169
70 105
70 138
70 148
70 169
70 173
70 179
70 180
70 197
71 112
71 133
71 201
72 124
72 221
73 85
73 88
73 99
73 128
73 162
73 188
73 191
73 200
73 222
74 76
74 85
74 99
74 105
74 116
74 125
74 140
74 147
74 149
74 151
74 170
74 174
74 191
74 194
74 218
75 131
75 137
76 168
77 169
77 177
77 205
77 215
78 212
79 92
79 137
79 146
79 192
79 210
79 215
80 91
80 103
81 168
81 184
82 84
82 87
82 108
82 166
83 84
83 105
83 139
83 152
83 154
83 175
83 223
84 111
84 139
84 154
84 166
84 212
85 92
85 167
85 186
85 191
86 110
86 115
86 143
86 148
86 178
86 179
86 185
87 113
87 183
88 99
88 162
88 186
88 191
88 200
90 100
90 107
90 122
91 202
91 215
92 192
93 126
93 135
93 169
93 171
93 199
93 204
93 208
93 211
93 221
94 99
94 101
94 125
94 147
94 149
94 191
94 200
95 132
95 207
96 102
96 217
97 149
97 191
98 140
98 141
98 155
98 188
98 194
99 128
99 149
99 162
99 170
99 183
99 186
99 191
99 200
99 218
100 112
100 129
101 137
101 146
102 110
102 203
102 217
103 199
104 116
104 169
104 202
104 203
104 213
105 138
105 144
105 152
105 189
105 194
105 199
105 215
106 116
107 115
107 122
107 130
107 164
107 172
107 179
107 183
107 218
108 113
108 126
108 144
108 152
108 175
108 207
108 212
109 162
109 180
109 203
110 143
110 146
110 178
110 179
111 154
111 175
111 189
112 133
112 201
113 175
114 138
114 147
114 213
114 215
114 219
114 225
115 122
115 148
115 166
115 170
115 179
115 211
116 125
116 219
117 139
117 220
117 223
118 173
118 220
119 134
119 163
119 209
120 134
120 163
121 131
121 194
122 179
122 211
122 218
123 201
124 221
124 222
125 126
125 128
125 147
125 181
125 183
126 171
126 188
127 140
127 195
127 208
127 221
128 149
128 162
128 186
128 191
128 200
129 133
130 182
131 170
132 225
133 201
134 138
134 163
134 209
135 157
135 204
135 208
135 221
135 222
137 217
138 174
138 197
138 209
139 142
139 152
139 212
140 147
140 184
140 224
141 142
141 167
141 170
141 216
141 221
142 219
142 221
144 152
144 165
144 175
144 176
145 173
145 174
145 217
146 147
146 166
146 188
146 200
147 181
147 184
147 224
148 170
148 179
148 184
148 211
149 162
149 191
149 200
149 218
150 160
150 176
150 179
150 198
150 206
151 159
151 179
151 190
151 218
152 189
152 212
152 223
153 184
153 197
153 222
153 224
154 189
156 176
156 220
157 204
157 208
158 174
158 181
158 199
158 203
159 190
160 176
160 198
160 206
161 179
161 203
161 217
162 191
162 200
162 215
165 176
167 170
168 181
169 170
169 180
169 183
169 184
169 197
169 199
169 203
170 179
170 183
170 211
170 218
172 179
172 211
172 218
173 220
174 179
174 203
174 217
175 193
176 198
177 199
177 210
178 185
179 182
179 209
179 211
179 217
180 200
181 183
181 210
182 203
182 211
183 199
183 224
184 199
184 215
186 200
187 214
188 219
188 221
189 223
191 200
191 211
191 218
192 224
193 207
193 222
195 222
199 205
204 208
205 210
207 218
208 221
213 225
215 225
