536
394
846
583
368
587
614
478
803
566
554
92
4
425
996
342
1002
512
311
127
811
894
558
949
215
192
728
377
395
152
733
581
289
628
441
962
176
74
793
328
510
795
146
565
247
607
174
592
396
168
61
378
382
82
746
918
610
436
466
153
576
769
90
123
788
885
734
251
497
263
312
190
345
719
393
725
89
485
205
575
386
170
336
305
206
580
385
801
523
369
422
546
7
526
308
634
461
624
770
561
787
76
25
644
445
917
182
34
103
9
158
322
552
498
94
155
316
462
860
915
704
682
326
219
444
124
835
450
477
137
754
248
978
895
2
246
453
426
699
277
842
861
401
909
115
296
819
673
638
172
24
100
165
111
868
125
144
465
329
971
187
796
505
443
201
420
429
737
67
807
106
114
630
806
916
902
670
548
785
160
476
370
660
596
193
677
361
180
531
56
128
241
47
293
213
28
887
359
157
57
618
15
245
590
700
133
838
431
75
471
262
562
397
104
23
45
503
110
439
582
494
980
685
20
923
212
132
645
83
517
840
432
514
584
555
403
93
391
862
105
472
143
491
365
321
285
828
869
97
404
694
693
294
99
330
356
407
161
652
776
790
73
5
44
147
810
508
65
173
473
244
768
763
570
549
991
80
169
621
937
434
1001
81
413
181
458
932
631
944
647
625
287
499
177
231
189
612
348
545
199
112
873
586
469
233
640
535
777
913
240
204
335
276
374
88
229
556
924
43
433
775
460
528
195
605
243
886
639
334
642
635
271
572
400
629
764
303
529
272
406
490
563
877
456
171
59
275
724
710
298
225
853
802
492
832
141
965
19
533
995
373
756
419
852
375
323
134
636
317
234
585
468
214
866
364
537
521
200
278
211
256
606
974
577
534
844
315
194
102
367
507
383
405
859
381
183
191
464
320
663
203
417
662
371
250
782
50
527
274
568
617
745
513
309
48
741
389
333
68
325
129
752
459
390
457
423
337
338
410
145
437
975
77
197
765
121
542
747
332
372
758
438
226
730
836
360
310
509
588
175
501
493
470
343
116
481
14
86
218
821
264
623
380
500
184
327
831
800
541
502
779
928
475
808
757
376
488
178
611
324
600
408
379
830
398
51
525
6
357
259
239
595
897
448
516
347
856
964
140
573
553
910
