682
462
375
239
218
6
28
12
593
767
106
26
576
141
713
624
41
180
478
516
649
262
650
169
224
333
704
299
316
785
98
410
504
876
603
675
34
83
698
206
379
660
575
315
137
189
468
841
363
724
501
259
289
9
373
782
103
386
555
638
72
833
711
961
94
394
197
492
790
866
275
416
572
58
469
200
175
561
472
178
476
409
612
80
587
43
353
832
48
395
631
693
581
184
269
102
719
662
977
551
121
127
445
548
459
236
546
196
556
628
737
563
296
613
629
769
861
75
905
308
540
733
596
122
250
467
362
426
82
400
293
111
750
827
917
155
366
263
753
602
470
896
609
765
45
816
747
361
594
227
465
173
356
617
398
592
473
712
460
500
443
437
531
710
392
16
831
590
853
716
591
862
317
949
508
429
656
19
234
243
739
507
76
670
338
600
118
345
88
383
277
916
806
752
247
51
417
18
471
132
171
96
694
601
265
195
424
25
304
153
886
732
143
680
663
618
850
513
125
528
347
335
436
554
503
24
266
666
983
231
407
823
567
161
745
691
15
50
530
748
89
803
463
432
237
517
648
751
709
81
838
578
681
119
219
727
245
351
703
458
244
402
857
5
115
494
264
636
420
565
493
611
64
599
821
172
583
388
182
221
582
93
187
870
606
834
545
813
676
927
510
699
230
645
146
728
14
957
661
633
226
490
283
615
414
27
404
505
708
446
779
60
502
940
802
749
433
205
92
577
170
553
759
154
371
815
644
120
479
431
867
589
279
768
40
722
246
77
147
276
37
290
735
958
595
284
475
435
943
248
369
140
256
7
101
774
20
99
181
734
881
623
152
647
348
110
174
514
47
808
498
914
450
215
453
128
947
4
526
421
194
635
461
312
430
740
191
17
391
303
584
499
588
444
495
449
959
771
233
360
427
