0 102
0 117
0 147
0 195
0 273
0 276
0 291
0 318
0 320
0 380
102 117
102 147
102 195
102 207
102 273
102 291
102 318
102 369
102 375
102 380
117 153
117 195
117 207
117 221
117 255
117 276
117 291
117 306
117 320
117 375
117 380
147 153
147 195
147 273
147 276
147 291
147 320
147 375
147 380
195 153
195 207
195 276
195 318
195 320
195 375
273 153
273 207
273 276
273 291
273 320
273 375
273 380
276 153
276 291
276 318
276 369
276 375
276 380
291 153
291 375
291 380
318 153
318 207
318 320
318 375
320 153
320 207
320 375
320 380
380 207
380 375
380 369
207 153
207 375
375 153
153 281
221 306
255 177
255 290
255 138
255 189
255 218
255 245
255 312
255 33
255 74
255 100
255 105
255 133
255 164
255 196
255 213
255 289
255 314
255 340
255 374
306 100
306 110
306 133
306 154
306 164
306 201
306 340
281 106
281 234
281 249
281 384
106 384
234 249
234 341
234 360
234 399
234 4
234 7
234 10
234 26
234 29
234 37
234 43
234 47
234 50
234 61
234 72
234 118
234 123
234 137
234 139
234 157
234 160
234 165
234 177
234 179
234 184
234 190
234 202
234 203
234 208
234 232
234 55
234 88
234 101
234 175
234 235
234 237
234 240
234 241
234 247
234 283
234 289
234 294
234 302
234 317
234 324
234 326
234 330
234 333
234 334
234 339
234 344
234 345
234 347
234 363
234 381
234 385
249 1
249 103
249 168
249 193
249 243
249 4
249 7
249 10
249 15
249 16
249 29
249 37
249 47
249 50
249 55
249 61
249 68
249 71
249 72
249 101
249 118
249 123
249 130
249 139
249 143
249 157
249 169
249 175
249 179
249 183
249 184
249 190
249 198
249 205
249 208
249 210
249 222
249 229
249 237
249 238
249 240
249 246
249 247
249 254
249 258
249 270
249 277
249 283
249 315
249 317
249 329
249 330
249 333
249 334
249 339
249 341
249 344
249 360
249 363
249 376
249 377
249 381
249 385
249 387
249 394
249 399
1 12
1 28
1 51
1 62
1 69
1 97
1 103
1 144
1 148
1 168
1 182
1 193
1 197
1 227
1 233
1 243
1 258
1 341
1 360
1 368
1 376
1 383
1 399
12 28
12 31
12 44
12 51
12 69
12 97
12 101
12 103
12 168
12 182
12 193
12 197
12 227
12 229
12 233
12 243
12 258
12 260
12 329
12 356
12 360
12 368
12 376
12 386
12 387
12 399
28 31
28 44
28 51
28 97
28 103
28 148
28 182
28 197
28 227
28 229
28 233
28 238
28 243
28 258
28 329
28 368
28 376
28 386
28 387
51 44
51 5
51 30
51 62
51 69
51 72
51 97
51 101
51 144
51 182
51 197
51 227
51 233
51 238
51 258
51 260
51 329
51 341
51 356
51 360
51 368
51 376
51 387
51 399
62 44
62 30
62 72
62 97
62 103
62 148
62 168
62 193
62 197
62 227
62 233
62 258
62 360
62 387
62 399
69 31
69 97
69 148
69 193
69 197
69 227
69 229
69 233
69 329
69 360
69 368
69 376
69 387
69 399
97 31
97 44
97 72
97 101
97 144
97 148
97 182
97 193
97 197
97 227
97 229
97 233
97 243
97 329
97 360
97 368
97 376
97 383
97 387
97 399
103 31
103 44
103 101
103 148
103 168
103 193
103 197
103 229
103 233
103 243
103 258
103 302
103 329
103 356
103 360
103 386
103 387
103 399
144 44
144 7
144 27
144 30
144 72
144 119
144 139
144 148
144 168
144 193
144 227
144 233
144 243
144 258
144 259
144 261
144 332
144 341
144 376
144 383
144 387
148 4
148 5
148 7
148 11
148 26
148 27
148 29
148 30
148 68
148 72
148 118
148 123
148 137
148 159
148 160
148 165
148 168
148 190
148 193
148 197
148 198
148 205
148 210
148 227
148 229
148 233
148 238
148 240
148 243
148 246
148 247
148 248
148 258
148 315
148 317
148 341
148 347
148 360
148 368
148 376
148 383
148 399
168 44
168 16
168 30
168 37
168 72
168 98
168 101
168 118
168 182
168 197
168 227
168 229
168 233
168 238
168 243
168 288
168 339
168 360
168 368
168 376
168 387
168 399
182 31
182 193
182 197
182 227
182 360
182 376
182 387
182 399
193 44
193 27
193 30
193 72
193 197
193 198
193 229
193 233
193 238
193 243
193 258
193 261
193 302
193 329
193 339
193 341
193 356
193 360
193 368
193 376
193 383
193 399
197 27
197 30
197 101
197 227
197 233
197 238
197 258
197 302
197 329
197 341
197 368
197 383
197 399
227 31
227 44
227 27
227 229
227 233
227 243
227 302
227 329
227 360
227 368
227 383
233 44
233 229
233 258
233 376
233 386
233 387
233 399
243 44
243 5
243 27
243 30
243 118
243 130
243 198
243 229
243 238
243 258
243 302
243 315
243 339
243 341
243 360
243 376
243 383
243 399
258 31
258 44
258 27
258 72
258 101
258 229
258 261
258 329
258 339
258 386
258 399
341 7
341 11
341 26
341 27
341 29
341 37
341 71
341 72
341 118
341 123
341 137
341 143
341 157
341 158
341 159
341 160
341 165
341 169
341 177
341 190
341 202
341 203
341 205
341 210
341 222
341 228
341 229
341 238
341 246
341 248
341 277
341 289
341 294
341 302
341 315
341 319
341 326
341 330
341 339
341 347
341 363
341 377
341 381
341 385
341 387
341 394
341 399
360 31
360 44
360 5
360 11
360 67
360 72
360 173
360 177
360 205
360 238
360 248
360 302
360 329
360 339
360 354
360 368
360 376
360 383
368 44
368 198
368 329
368 376
368 387
368 399
376 31
376 101
376 229
376 238
376 261
376 356
376 386
376 387
383 44
383 5
383 30
383 67
383 98
383 118
383 130
383 205
383 302
383 329
399 31
399 44
399 387
399 27
399 30
399 37
399 72
399 101
399 177
399 198
399 229
399 238
399 329
399 339
399 356
31 44
31 229
31 238
31 329
44 4
44 5
44 7
44 27
44 30
44 37
44 39
44 43
44 47
44 67
44 72
44 96
44 118
44 160
44 165
44 173
44 174
44 175
44 177
44 178
44 179
44 205
44 210
44 229
44 238
44 240
44 246
44 248
44 296
44 317
44 319
44 329
44 332
44 347
44 354
44 378
44 387
101 387
101 27
101 377
229 387
229 72
229 118
229 179
229 190
229 319
229 5
229 45
229 156
229 181
229 329
229 339
260 387
329 387
329 72
329 302
329 238
329 27
356 387
356 238
356 339
356 254
386 387
387 27
387 72
387 238
387 302
238 37
238 43
238 68
238 72
238 118
238 137
238 169
238 179
238 302
238 317
238 319
238 5
238 19
238 176
238 27
238 175
238 296
238 367
238 377
4 7
4 10
4 26
4 29
4 43
4 47
4 50
4 72
4 118
4 123
4 127
4 137
4 139
4 143
4 150
4 157
4 159
4 160
4 165
4 173
4 179
4 184
4 190
4 202
4 203
4 205
4 208
4 232
4 240
4 241
4 246
4 247
4 294
4 302
4 317
4 319
4 326
4 330
4 333
4 334
4 347
4 354
4 381
4 385
4 394
5 37
5 68
5 118
5 160
5 173
5 302
5 378
5 19
5 67
5 96
5 162
5 176
5 178
5 296
5 367
7 8
7 37
7 61
7 71
7 72
7 108
7 118
7 123
7 159
7 160
7 165
7 175
7 177
7 179
7 185
7 190
7 203
7 228
7 240
7 241
7 244
7 247
7 277
7 294
7 302
7 315
7 317
7 319
7 330
7 333
7 339
7 347
27 72
27 118
27 247
27 302
27 377
27 254
30 72
30 118
30 302
30 332
37 11
37 16
37 43
37 49
37 64
37 73
37 108
37 123
37 137
37 159
37 160
37 169
37 175
37 177
37 178
37 179
37 184
37 190
37 202
37 205
37 210
37 211
37 214
37 240
37 247
37 277
37 289
37 294
37 302
37 315
37 317
37 319
37 339
37 354
37 377
37 381
39 49
39 61
39 64
39 108
39 137
39 157
39 179
39 185
39 210
39 228
39 247
39 302
39 317
39 330
43 10
43 11
43 15
43 26
43 47
43 50
43 55
43 61
43 68
43 72
43 73
43 118
43 137
43 143
43 157
43 158
43 165
43 169
43 177
43 179
43 184
43 190
43 203
43 210
43 222
43 232
43 235
43 240
43 241
43 246
43 247
43 270
43 277
43 283
43 294
43 315
43 316
43 317
43 319
43 330
43 333
43 334
43 339
43 347
43 381
43 385
47 8
47 10
47 11
47 15
47 26
47 29
47 20
47 61
47 68
47 72
47 137
47 139
47 143
47 159
47 160
47 165
47 169
47 179
47 184
47 202
47 205
47 222
47 235
47 246
47 247
47 271
47 277
47 289
47 302
47 303
47 315
47 317
47 324
47 326
47 330
47 333
47 334
47 344
47 345
47 347
47 354
47 363
47 381
47 385
67 173
67 205
67 302
67 130
67 214
72 10
72 11
72 15
72 50
72 61
72 68
72 108
72 118
72 123
72 137
72 139
72 143
72 157
72 158
72 159
72 160
72 165
72 169
72 179
72 190
72 198
72 202
72 203
72 205
72 208
72 210
72 222
72 232
72 237
72 246
72 247
72 248
72 277
72 289
72 294
72 302
72 319
72 326
72 330
72 333
72 334
72 336
72 339
72 354
72 377
72 385
72 394
96 56
96 150
96 173
96 179
96 210
96 319
96 378
96 381
96 17
96 41
96 141
96 175
96 178
96 187
96 204
96 223
96 226
96 284
96 285
96 287
96 305
96 310
96 366
96 367
118 8
118 11
118 26
118 61
118 68
118 16
118 83
118 119
118 123
118 130
118 139
118 143
118 158
118 159
118 160
118 175
118 177
118 179
118 210
118 222
118 240
118 241
118 246
118 247
118 259
118 277
118 283
118 294
118 302
118 315
118 316
118 317
118 326
118 333
118 334
118 339
118 347
118 354
118 363
118 377
118 381
118 385
160 8
160 10
160 11
160 29
160 61
160 68
160 123
160 127
160 137
160 139
160 150
160 159
160 17
160 19
160 75
160 165
160 169
160 174
160 176
160 177
160 178
160 179
160 184
160 190
160 202
160 203
160 205
160 210
160 222
160 232
160 237
160 241
160 246
160 247
160 270
160 271
160 283
160 284
160 285
160 294
160 296
160 302
160 315
160 316
160 317
160 319
160 326
160 330
160 333
160 336
160 339
160 347
160 354
160 363
160 381
160 394
165 8
165 10
165 11
165 15
165 26
165 29
165 50
165 61
165 68
165 123
165 137
165 139
165 143
165 157
165 158
165 159
165 55
165 88
165 169
165 184
165 202
165 203
165 205
165 208
165 232
165 235
165 240
165 246
165 247
165 265
165 277
165 283
165 294
165 317
165 324
165 330
165 333
165 339
165 344
165 345
165 347
165 354
165 363
165 381
165 385
173 56
173 137
173 143
173 17
173 121
173 162
173 174
173 175
173 176
173 178
173 179
173 187
173 210
173 214
173 226
173 237
173 240
173 263
173 267
173 284
173 285
173 287
173 288
173 296
173 302
173 317
173 321
173 334
173 336
173 354
173 361
173 366
173 367
173 378
173 394
174 127
174 150
174 159
174 179
174 232
174 275
174 317
174 319
174 354
174 378
174 381
174 19
174 17
174 121
174 170
174 176
174 204
174 223
174 226
174 263
174 267
174 285
174 287
174 288
174 321
174 366
174 367
175 11
175 56
175 68
175 123
175 150
175 179
175 184
175 232
175 247
175 317
175 319
175 354
175 378
175 381
175 19
175 162
175 296
175 367
175 17
175 75
175 121
175 170
175 226
175 263
175 289
175 321
175 336
175 339
175 361
175 366
177 8
177 10
177 11
177 26
177 61
177 68
177 137
177 139
177 143
177 157
177 158
177 159
177 55
177 73
177 179
177 184
177 205
177 210
177 222
177 239
177 240
177 247
177 289
177 290
177 302
177 315
177 316
177 317
177 326
177 330
177 333
177 334
177 339
177 344
177 347
177 354
177 394
178 15
178 137
178 159
178 210
178 275
178 302
178 317
178 319
178 334
178 378
178 162
178 176
178 226
178 267
178 288
178 367
179 10
179 11
179 29
179 61
179 68
179 137
179 150
179 157
179 158
179 159
179 17
179 19
179 121
179 162
179 170
179 190
179 199
179 202
179 204
179 205
179 208
179 222
179 223
179 226
179 235
179 240
179 241
179 244
179 248
179 267
179 275
179 283
179 284
179 285
179 287
179 288
179 294
179 302
179 310
179 316
179 319
179 321
179 324
179 326
179 333
179 336
179 339
179 345
179 354
179 363
179 364
179 366
179 367
179 378
179 385
179 400
205 50
205 123
205 137
205 143
205 157
205 158
205 169
205 190
205 202
205 6
205 208
205 210
205 232
205 240
205 241
205 242
205 246
205 247
205 277
205 294
205 302
205 315
205 316
205 317
205 319
205 326
205 332
205 333
205 334
205 385
205 394
210 10
210 11
210 68
210 123
210 127
210 137
210 139
210 143
210 158
210 159
210 169
210 184
210 190
210 208
210 17
210 19
210 162
210 226
210 237
210 241
210 244
210 246
210 277
210 284
210 285
210 288
210 296
210 302
210 317
210 319
210 321
210 326
210 330
210 333
210 334
210 336
210 347
210 354
210 361
210 381
210 385
240 8
240 10
240 11
240 15
240 29
240 56
240 61
240 68
240 123
240 137
240 143
240 157
240 158
240 159
240 169
240 184
240 203
240 208
240 237
240 16
240 55
240 73
240 235
240 246
240 275
240 283
240 287
240 315
240 316
240 317
240 324
240 326
240 333
240 334
240 339
240 354
240 363
240 367
240 381
240 385
246 10
246 29
246 61
246 68
246 137
246 139
246 143
246 157
246 159
246 169
246 184
246 202
246 203
246 208
246 232
246 237
246 241
246 16
246 55
246 183
246 235
246 247
246 265
246 271
246 277
246 283
246 294
246 302
246 315
246 316
246 317
246 324
246 326
246 330
246 333
246 334
246 339
246 347
246 354
246 363
246 377
246 381
246 385
246 394
248 92
248 138
248 218
248 220
248 245
248 297
248 312
248 33
248 198
248 299
248 388
296 137
296 143
296 150
296 190
296 275
296 317
296 319
296 330
296 378
296 381
296 394
296 19
296 162
296 176
296 17
296 121
296 170
296 204
296 263
296 284
296 288
296 336
296 361
296 366
317 11
317 50
317 56
317 61
317 68
317 123
317 137
317 139
317 143
317 150
317 157
317 158
317 159
317 169
317 184
317 190
317 202
317 208
317 232
317 277
317 302
317 315
317 316
317 17
317 19
317 162
317 170
317 223
317 226
317 283
317 284
317 288
317 289
317 319
317 326
317 330
317 333
317 334
317 336
317 339
317 366
317 367
317 378
317 381
317 385
317 394
317 400
319 56
319 68
319 123
319 127
319 137
319 143
319 150
319 190
319 237
319 241
319 275
319 302
319 17
319 71
319 121
319 130
319 141
319 170
319 176
319 187
319 204
319 214
319 223
319 226
319 263
319 267
319 284
319 285
319 287
319 288
319 310
319 321
319 330
319 333
319 354
319 361
319 366
319 367
319 381
319 394
332 259
347 10
347 15
347 29
347 50
347 61
347 68
347 123
347 137
347 139
347 143
347 158
347 159
347 169
347 202
347 203
347 208
347 232
347 237
347 247
347 277
347 294
347 326
347 330
347 333
347 73
347 265
347 283
347 339
347 354
347 363
347 381
347 385
347 394
347 400
354 8
354 10
354 11
354 15
354 26
354 50
354 61
354 123
354 137
354 139
354 143
354 157
354 158
354 169
354 184
354 232
354 241
354 247
354 277
354 302
354 315
354 326
354 330
354 333
354 334
354 19
354 55
354 176
354 222
354 283
354 339
354 381
354 385
354 394
378 56
378 123
378 143
378 150
378 237
378 241
378 275
378 334
378 17
378 19
378 41
378 121
378 162
378 170
378 187
378 204
378 223
378 226
378 263
378 267
378 284
378 285
378 288
378 310
378 321
378 336
378 361
378 366
378 367
378 381
302 8
302 61
302 123
302 127
302 137
302 143
302 159
302 202
302 237
302 241
302 277
302 294
302 16
302 73
302 130
302 214
302 244
302 289
302 315
302 326
302 330
302 333
302 334
302 377
302 381
302 394
139 10
139 11
139 26
139 29
139 50
139 61
139 68
139 123
139 137
139 16
139 55
139 88
139 143
139 157
139 159
139 169
139 184
139 190
139 202
139 203
139 208
139 222
139 232
139 237
139 241
139 247
139 270
139 271
139 277
139 316
139 324
139 326
139 330
139 333
139 334
139 339
139 363
139 381
139 385
11 10
11 15
11 19
11 55
11 61
11 68
11 73
11 123
11 143
11 157
11 158
11 169
11 183
11 184
11 188
11 203
11 222
11 237
11 241
11 271
11 277
11 279
11 283
11 294
11 308
11 316
11 326
11 334
11 381
11 394
26 10
26 29
26 68
26 123
26 157
26 158
26 169
26 184
26 202
26 241
26 247
26 294
26 316
26 339
26 344
26 381
26 394
29 10
29 50
29 55
29 68
29 88
29 123
29 143
29 157
29 158
29 184
29 208
29 222
29 235
29 237
29 241
29 247
29 270
29 277
29 283
29 315
29 316
29 324
29 326
29 333
29 334
29 339
29 344
29 345
29 363
29 381
68 10
68 15
68 50
68 61
68 123
68 143
68 158
68 159
68 169
68 184
68 190
68 202
68 226
68 232
68 241
68 247
68 275
68 277
68 284
68 316
68 321
68 339
68 363
68 367
68 381
68 385
68 394
123 8
123 10
123 50
123 55
123 137
123 143
123 157
123 158
123 184
123 190
123 202
123 203
123 208
123 222
123 232
123 235
123 241
123 247
123 265
123 270
123 271
123 277
123 283
123 294
123 315
123 316
123 324
123 326
123 330
123 333
123 334
123 336
123 344
123 345
123 385
123 394
137 10
137 15
137 50
137 127
137 55
137 158
137 169
137 184
137 203
137 222
137 232
137 235
137 237
137 247
137 277
137 283
137 294
137 315
137 316
137 324
137 326
137 330
137 333
137 334
137 339
137 363
137 381
137 385
137 394
137 400
159 61
159 127
159 150
159 157
159 158
159 17
159 121
159 169
159 176
159 190
159 235
159 237
159 244
159 247
159 277
159 284
159 315
159 316
159 326
159 330
159 333
159 366
159 381
159 385
190 10
190 157
190 158
190 16
190 19
190 203
190 237
190 247
190 277
190 283
190 289
190 294
190 315
190 316
190 326
190 330
190 333
190 339
190 381
190 385
190 394
247 61
247 143
247 157
247 158
247 169
247 202
247 208
247 232
247 277
247 283
247 294
247 316
247 324
247 326
247 330
247 333
247 334
247 339
247 344
247 345
247 363
247 385
247 394
315 143
315 158
315 169
315 202
315 203
315 294
315 16
315 333
315 334
315 339
315 377
315 381
315 385
315 394
16 10
16 61
16 339
16 63
16 272
288 150
288 381
288 19
288 162
288 176
288 267
288 321
288 284
288 226
288 285
288 366
339 157
339 184
339 232
339 270
339 277
339 294
339 333
339 334
339 381
339 13
339 214
339 235
339 254
339 377
10 15
10 50
10 55
10 61
10 143
10 150
10 158
10 202
10 222
10 232
10 237
10 241
10 265
10 270
10 271
10 275
10 294
10 316
10 321
10 324
10 330
10 334
10 363
10 381
10 385
10 394
15 8
15 50
15 56
15 61
15 73
15 143
15 150
15 169
15 184
15 199
15 208
15 223
15 235
15 275
15 283
15 284
15 316
15 330
15 333
15 381
15 385
50 55
50 88
50 169
50 183
50 184
50 202
50 203
50 222
50 237
50 271
50 277
50 294
50 316
50 324
50 326
50 333
50 363
50 381
50 385
50 394
55 61
55 143
55 157
55 158
55 169
55 184
55 202
55 203
55 232
55 270
55 277
55 316
55 330
55 333
55 334
55 385
55 88
55 183
55 235
55 283
55 363
61 8
61 73
61 88
61 127
61 169
61 184
61 202
61 203
61 208
61 222
61 235
61 241
61 270
61 277
61 283
61 294
61 316
61 324
61 326
61 330
61 333
61 334
61 345
61 363
61 385
61 394
71 214
71 254
143 73
143 157
143 158
143 169
143 183
143 184
143 202
143 203
143 208
143 222
143 232
143 237
143 241
143 270
143 271
143 277
143 284
143 287
143 294
143 321
143 324
143 326
143 330
143 336
143 381
143 385
143 394
143 400
157 73
157 158
157 169
157 184
157 203
157 237
157 241
157 277
157 324
157 326
157 330
157 333
157 334
157 345
157 385
157 394
169 158
169 88
169 170
169 183
169 203
169 208
169 222
169 232
169 237
169 241
169 270
169 283
169 287
169 294
169 316
169 324
169 326
169 330
169 334
169 336
169 344
169 367
169 381
169 385
169 394
183 158
183 202
183 232
183 270
183 316
183 330
183 334
183 381
183 394
183 88
183 222
183 271
183 283
183 363
184 158
184 202
184 222
184 223
184 241
184 270
184 283
184 316
184 324
184 326
184 330
184 333
184 334
184 344
184 381
184 385
184 394
208 8
208 158
208 6
208 294
208 316
208 326
208 330
208 333
208 334
208 381
208 385
208 394
222 158
222 202
222 232
222 270
222 294
222 316
222 330
222 334
222 394
222 239
222 271
222 283
222 324
222 363
237 158
237 203
237 241
237 277
237 326
237 330
237 333
237 381
237 385
237 394
254 377
254 272
270 158
270 271
270 277
270 283
270 294
270 316
270 333
270 334
270 345
270 363
270 381
270 385
270 394
277 158
277 202
277 203
277 232
277 241
277 283
277 294
277 324
277 326
277 330
277 333
277 334
277 345
277 363
277 394
283 158
283 202
283 203
283 241
283 294
283 316
283 326
283 330
283 334
283 381
283 271
283 235
283 324
283 345
283 363
330 127
330 158
330 202
330 203
330 232
330 294
330 316
330 326
330 19
330 170
330 235
330 265
330 271
330 287
330 324
330 333
330 334
330 363
330 385
330 394
333 8
333 158
333 202
333 203
333 232
333 241
333 294
333 316
333 326
333 73
333 235
333 324
333 334
333 363
333 381
333 385
333 394
334 8
334 127
334 158
334 202
334 203
334 232
334 294
334 316
334 326
334 19
334 265
334 284
334 344
334 381
334 385
334 394
334 400
363 158
363 316
363 394
363 271
363 324
363 88
377 202
377 13
381 56
381 150
381 202
381 203
381 232
381 241
381 275
381 294
381 326
381 73
381 204
381 235
381 271
381 284
381 285
381 287
381 321
381 324
381 336
381 366
381 385
381 394
381 400
385 203
385 316
385 326
385 324
385 345
385 394
394 8
394 202
394 203
394 241
394 275
394 316
394 326
394 54
394 73
394 88
394 235
394 271
394 284
394 310
394 324
394 345
394 361
394 367
158 8
158 88
158 203
158 241
158 265
158 271
158 324
158 326
202 73
202 203
202 265
202 271
202 294
202 324
202 326
203 232
203 235
203 241
203 294
203 316
203 324
203 326
228 8
228 108
228 185
228 49
228 64
228 211
289 290
289 63
289 214
294 8
294 232
294 241
294 316
294 326
326 241
326 235
326 286
326 308
326 324
2 18
2 70
2 111
2 128
2 142
2 149
2 389
18 53
18 111
18 136
18 142
18 149
18 389
18 392
70 53
70 93
70 111
70 128
70 142
70 180
70 389
70 392
111 53
111 93
111 142
111 149
111 392
128 93
128 142
128 149
128 180
128 389
142 93
142 136
142 180
142 389
149 53
149 136
149 122
149 151
149 155
149 262
149 322
149 390
149 392
389 53
389 93
389 136
389 392
53 93
53 122
53 151
53 155
53 180
53 262
53 266
53 274
53 322
53 390
53 392
136 93
136 3
136 36
136 114
136 151
136 155
136 180
136 262
136 266
136 338
136 392
392 93
392 3
392 9
392 155
392 262
392 266
392 274
392 322
392 338
392 390
93 3
93 9
93 36
93 114
93 122
93 151
93 155
93 180
93 274
93 338
122 262
122 390
122 114
122 151
122 155
122 209
122 322
151 180
151 390
151 114
151 209
151 266
155 180
155 262
155 390
155 114
155 266
155 274
155 322
180 9
180 36
180 114
180 266
180 274
180 390
262 42
262 114
262 209
262 266
262 274
262 322
262 348
266 390
266 114
266 209
266 322
274 390
274 114
274 209
322 120
322 390
322 209
390 46
390 114
390 209
3 9
3 338
9 36
9 135
9 163
9 304
36 305
36 350
135 304
163 115
163 186
163 225
163 328
305 275
305 367
305 321
305 199
305 284
305 141
305 58
305 350
150 56
150 17
150 141
150 162
150 176
150 199
150 223
150 226
150 263
150 285
150 287
150 321
150 336
150 364
150 366
150 367
232 8
232 316
8 250
8 256
8 264
8 282
8 290
8 298
8 349
8 370
108 49
108 83
108 172
108 185
108 211
185 49
185 64
185 172
244 6
244 63
244 214
250 22
250 23
250 76
250 95
250 132
250 140
250 146
250 161
250 166
250 191
250 256
250 264
250 282
250 295
250 298
250 311
250 349
250 365
250 370
250 372
250 373
250 393
256 35
256 76
256 132
256 140
256 161
256 166
256 191
256 264
256 282
256 292
256 295
256 298
256 311
256 335
256 349
256 370
256 372
256 373
256 393
256 398
264 22
264 76
264 95
264 132
264 140
264 146
264 166
264 191
264 282
264 298
264 349
264 370
264 372
264 373
264 393
264 398
282 22
282 35
282 76
282 95
282 129
282 132
282 140
282 161
282 166
282 191
282 292
282 295
282 335
282 349
282 372
282 373
282 398
290 63
290 109
290 214
298 292
298 76
298 95
298 132
298 140
298 146
298 161
298 166
298 311
298 349
298 365
298 370
298 372
298 373
298 398
349 292
349 22
349 35
349 95
349 132
349 140
349 146
349 161
349 166
349 191
349 295
349 365
349 370
349 393
349 398
370 292
370 22
370 35
370 76
370 132
370 146
370 166
370 311
370 335
370 373
265 316
271 316
271 235
271 324
275 56
275 17
275 19
275 41
275 162
275 170
275 176
275 187
275 199
275 223
275 226
275 263
275 267
275 284
275 287
275 310
275 321
275 336
275 364
275 366
275 367
316 20
316 88
316 235
316 324
321 162
321 176
321 287
321 41
321 58
321 121
321 141
321 187
321 204
321 223
321 226
321 263
321 284
321 285
321 336
321 361
321 364
321 366
324 345
19 17
19 162
19 176
73 20
73 400
188 24
188 57
188 65
188 125
188 192
188 279
188 353
188 371
279 94
279 24
279 57
279 125
279 286
279 293
279 371
308 54
308 24
308 125
308 192
308 231
308 357
56 58
56 121
56 141
56 223
56 226
56 263
56 267
56 287
56 336
56 364
199 58
199 141
199 223
199 284
199 336
223 162
223 267
223 367
223 287
223 17
223 58
223 121
223 141
223 187
223 226
223 263
223 284
223 336
223 364
223 366
284 162
284 267
284 367
284 287
284 17
284 41
284 58
284 141
284 170
284 204
284 226
284 263
284 285
284 310
284 361
284 366
49 64
49 211
64 211
211 83
214 63
214 32
214 48
214 79
214 212
214 216
214 251
214 300
214 391
20 397
58 141
58 364
121 162
121 267
121 367
121 287
121 17
121 41
121 170
121 187
121 204
121 285
121 310
121 366
141 162
141 267
141 367
141 287
141 17
141 226
141 263
141 336
141 366
226 162
226 367
226 287
226 17
226 170
226 41
226 187
226 285
226 310
226 361
226 366
263 162
263 267
263 367
263 287
263 17
263 170
263 285
263 310
263 361
267 176
267 17
267 170
267 187
267 204
267 285
267 310
267 366
267 367
287 162
287 367
287 17
287 41
287 285
287 364
287 366
336 176
336 17
336 75
336 170
336 187
364 285
367 162
367 17
367 170
367 285
367 366
83 325
17 162
17 176
17 75
17 170
17 366
162 170
162 176
162 285
162 310
162 366
176 170
176 187
176 204
176 310
176 366
285 170
285 41
285 187
285 204
285 310
285 366
366 170
366 361
366 187
170 41
170 204
187 310
361 310
361 239
6 82
6 94
242 337
286 54
286 353
286 24
286 57
286 65
286 84
286 125
286 192
286 371
54 24
54 57
54 84
54 231
54 371
45 78
45 124
45 152
45 156
45 269
45 309
156 124
156 181
156 78
156 87
156 268
156 269
156 309
156 327
181 34
181 78
181 87
181 152
181 269
181 309
82 94
82 293
13 112
22 292
22 76
22 95
22 132
22 166
22 191
22 311
22 335
22 398
23 292
23 95
23 166
76 292
76 35
76 95
76 132
76 146
76 161
76 166
76 191
76 311
76 335
76 373
76 393
76 398
95 292
95 35
95 132
95 140
95 146
95 161
95 372
95 373
95 393
132 292
132 140
132 146
132 166
132 191
132 311
132 372
132 373
132 393
140 292
140 166
140 191
140 311
140 335
140 398
140 295
140 365
140 393
146 292
146 166
146 191
146 398
146 342
146 372
146 373
161 35
161 166
161 191
161 311
161 335
161 373
161 393
166 35
166 129
166 295
166 311
166 335
166 373
166 393
166 398
191 129
191 311
191 335
191 372
191 373
191 393
191 398
295 35
295 311
295 335
295 398
295 372
295 373
295 393
311 372
311 373
311 393
311 398
365 335
365 372
365 393
372 35
372 335
372 398
372 373
372 393
373 292
373 35
373 335
373 393
393 292
393 335
393 398
35 292
35 335
292 335
292 398
109 134
109 252
109 313
109 343
109 359
109 396
99 46
99 59
99 66
99 77
99 80
99 107
99 115
99 253
99 257
99 278
99 355
99 358
99 379
46 21
46 60
46 77
46 80
46 86
46 89
46 107
46 115
46 120
46 225
46 253
46 257
46 278
46 355
46 379
59 225
59 66
59 186
59 328
66 115
66 225
66 186
66 328
77 60
77 42
77 80
77 86
77 89
77 107
77 115
77 120
77 257
77 278
77 348
77 355
77 358
77 379
80 21
80 60
80 42
80 85
80 120
80 257
80 355
80 382
107 21
107 60
107 115
107 225
107 253
107 257
107 355
107 358
107 382
115 21
115 85
115 225
115 253
115 257
115 278
115 355
115 358
115 382
253 60
253 85
253 225
253 120
253 278
253 355
253 358
253 382
257 21
257 60
257 85
257 42
257 278
257 358
257 379
278 21
278 60
278 85
278 225
278 355
278 382
355 60
355 85
355 225
355 120
355 358
355 379
355 382
358 60
358 85
358 225
358 382
379 382
379 42
379 86
379 89
379 337
186 225
186 328
225 60
225 85
225 328
225 382
24 353
24 65
24 84
24 192
24 231
24 357
24 371
57 353
57 65
57 84
57 125
57 192
57 357
57 371
84 125
84 192
84 231
84 357
84 371
231 65
231 125
231 192
231 194
231 357
231 371
371 353
371 125
371 192
371 357
65 353
65 125
125 353
125 192
125 357
192 353
192 357
14 52
14 92
14 113
14 138
14 145
14 171
14 189
14 217
14 218
14 220
14 245
14 297
14 312
14 351
14 352
52 189
52 312
52 351
52 352
92 33
92 138
92 171
92 189
92 196
92 200
92 206
92 218
92 220
92 236
92 245
92 297
92 351
92 352
92 374
92 388
113 138
113 145
113 215
113 245
113 312
113 351
113 352
113 374
113 388
138 32
138 33
138 38
138 81
138 90
138 91
138 100
138 104
138 105
138 164
138 171
138 189
138 196
138 200
138 206
138 212
138 217
138 218
138 220
138 224
138 236
138 245
138 297
138 300
138 301
138 312
138 331
138 346
138 351
138 352
138 362
138 374
138 388
138 391
138 395
145 171
145 245
145 297
145 312
145 374
171 33
171 38
171 90
171 91
171 100
171 105
171 133
171 154
171 164
171 167
171 189
171 200
171 212
171 215
171 217
171 218
171 219
171 224
171 245
171 297
171 301
171 312
171 314
171 351
171 352
171 362
171 374
189 33
189 196
189 206
189 215
189 217
189 218
189 224
189 236
189 297
189 351
189 352
189 374
189 388
217 38
217 48
217 74
217 79
217 90
217 91
217 100
217 104
217 105
217 110
217 133
217 154
217 164
217 196
217 200
217 212
217 213
217 218
217 219
217 236
217 251
217 297
217 300
217 312
217 331
217 340
217 362
217 374
217 395
218 215
218 38
218 48
218 79
218 81
218 90
218 91
218 104
218 105
218 110
218 164
218 200
218 206
218 216
218 219
218 220
218 245
218 251
218 297
218 301
218 312
218 331
218 351
218 352
218 362
218 374
218 388
218 395
220 33
220 110
220 236
220 245
220 297
220 312
220 351
220 374
220 388
245 32
245 33
245 38
245 40
245 48
245 79
245 81
245 90
245 91
245 100
245 104
245 105
245 110
245 116
245 154
245 167
245 196
245 201
245 212
245 219
245 251
245 297
245 312
245 331
245 351
245 352
245 362
245 388
297 215
297 236
297 196
297 219
297 301
297 312
297 351
297 352
297 374
297 388
312 215
312 236
312 33
312 196
312 206
312 219
312 224
312 351
312 352
312 374
312 388
351 215
351 236
351 196
351 206
351 352
351 388
352 215
352 236
352 206
33 236
33 48
33 79
33 216
33 301
33 346
33 74
33 81
33 100
33 104
33 105
33 133
33 154
33 164
33 196
33 200
33 213
33 219
33 224
33 323
33 340
33 362
33 374
33 388
33 395
196 212
196 301
196 105
196 110
196 167
196 219
196 224
196 374
196 388
196 395
200 236
200 38
200 48
200 79
200 212
200 216
200 300
200 301
200 90
200 105
200 110
200 167
200 224
200 362
200 374
200 388
200 391
236 215
236 38
236 90
236 105
236 110
236 219
236 224
236 301
236 374
236 395
374 301
374 90
374 105
374 110
374 167
374 224
374 362
374 388
388 91
388 116
32 38
32 48
32 79
32 216
32 251
32 331
38 48
38 81
38 91
38 110
38 167
38 212
38 216
38 224
38 300
38 301
38 323
38 362
38 395
81 79
81 212
81 301
81 90
81 91
90 48
90 79
90 212
90 301
90 110
90 219
90 224
90 323
90 362
91 48
91 216
91 251
91 300
91 301
91 331
91 110
91 167
91 219
91 224
91 323
91 362
100 105
100 110
100 133
100 154
100 201
100 213
100 314
100 362
104 212
104 110
104 133
104 154
104 164
104 314
104 340
104 362
104 395
105 212
105 301
105 110
105 133
105 154
105 164
105 201
105 213
105 219
105 314
105 340
105 362
164 212
164 301
164 133
164 154
164 213
212 48
212 79
212 110
212 219
212 251
212 323
212 331
212 346
212 362
212 395
224 301
224 219
300 79
300 216
300 110
300 167
300 301
300 331
300 346
300 391
301 79
301 216
301 167
301 323
301 331
301 362
301 391
301 395
331 48
331 79
331 251
331 230
331 391
346 79
346 110
362 74
362 110
362 133
362 154
362 201
362 213
362 219
362 314
362 340
391 48
391 79
391 216
391 251
391 167
395 110
395 314
395 340
133 74
133 110
133 154
133 201
133 213
133 314
133 340
154 74
154 201
167 48
167 216
167 251
167 110
167 219
219 110
314 74
314 201
314 213
314 340
48 79
48 110
48 216
48 251
74 110
74 201
74 213
74 340
79 110
79 216
79 251
110 216
110 251
110 201
110 340
213 201
213 340
251 230
340 201
216 230
21 85
85 60
85 382
60 382
86 280
89 120
89 348
120 382
120 42
120 337
382 42
42 348
25 34
34 124
34 307
124 78
124 87
124 152
124 268
124 309
124 327
78 152
78 268
78 269
78 309
152 87
152 268
152 269
152 309
152 327
269 268
269 87
269 327
309 268
309 87
309 327
87 268
268 327
280 131
134 126
134 313
134 343
134 359
134 396
313 126
313 343
313 359
343 126
343 359
343 396
359 126
359 396
396 126
