748
715
1072
233
222
113
735
774
447
566
311
627
183
379
407
959
217
658
798
777
319
356
78
30
276
432
354
924
725
140
848
269
758
605
831
550
986
895
448
1118
1010
1044
144
408
891
716
248
907
56
873
70
394
410
655
145
415
898
310
705
360
686
121
958
502
135
851
730
841
1035
623
616
1002
560
337
537
910
750
599
198
661
821
104
1060
879
99
1061
63
665
270
772
697
400
346
330
387
483
470
914
830
1067
331
42
731
1110
981
1009
417
94
761
443
321
1050
211
710
863
210
940
563
12
918
878
724
664
931
978
452
546
1008
283
856
197
921
43
756
133
1064
745
1047
64
65
855
906
4
31
98
503
240
358
287
638
106
58
621
528
1042
235
1074
176
942
60
315
221
85
14
963
161
1043
156
154
374
13
268
353
8
578
54
96
126
396
205
449
860
829
187
404
1123
608
828
486
876
722
714
464
1003
467
179
945
985
1102
79
435
846
393
584
820
247
181
445
194
172
204
1115
529
1033
801
548
421
604
158
431
523
468
606
450
685
306
825
635
1037
881
640
507
890
892
556
182
719
1100
538
612
539
803
1059
304
130
399
487
454
927
744
1046
721
24
618
148
624
359
22
639
893
368
338
840
459
325
499
184
875
494
611
1052
277
488
816
788
554
650
453
827
316
687
5
909
481
382
398
680
894
249
814
151
439
196
71
40
386
1029
1090
849
314
1024
872
206
82
948
48
826
670
384
436
370
372
699
675
120
859
852
123
964
704
1068
656
1093
244
246
482
559
1092
728
108
740
743
789
1119
771
73
511
239
420
480
225
1076
326
718
955
412
15
157
300
1129
1120
275
885
100
759
111
712
189
515
97
261
951
1014
672
520
544
199
62
965
296
547
427
383
732
391
973
517
26
936
152
976
707
169
808
1087
125
226
335
343
569
305
723
1098
263
926
373
1095
292
1097
110
943
1099
836
228
867
227
76
713
1126
332
371
1020
832
1122
68
165
818
937
726
810
466
553
1083
495
253
695
540
792
288
972
345
975
1
794
720
757
9
177
1022
92
281
200
652
941
678
596
39
589
884
864
425
159
583
