263
322
924
676
808
546
894
852
340
647
382
814
297
1048
29
116
915
104
945
226
786
181
408
596
591
183
791
1071
725
923
904
420
571
406
335
678
1052
4
1023
968
514
860
687
821
515
1028
58
574
94
451
641
544
906
372
658
193
801
243
18
1117
275
883
467
650
152
196
303
166
199
141
476
788
531
373
54
342
1122
22
473
425
232
326
795
627
345
311
97
595
745
323
378
827
1064
135
96
236
169
747
464
556
32
356
137
5
328
1120
397
412
1020
720
192
433
538
143
362
170
572
1007
348
197
334
270
261
947
3
579
394
306
454
773
970
980
28
583
432
87
762
670
505
1131
241
621
358
480
794
1029
675
11
60
540
293
620
608
660
666
825
975
1109
920
280
732
167
724
41
375
68
67
702
746
999
260
967
652
962
1036
573
909
30
195
829
395
254
837
415
291
1081
665
704
957
1
1039
642
951
592
53
926
38
859
941
343
796
587
756
826
70
77
846
1018
1118
871
1111
949
1047
730
215
110
184
792
410
103
598
7
486
1127
163
623
1059
630
207
950
405
338
1090
612
875
946
255
680
336
519
78
740
673
671
867
403
200
935
144
507
872
481
1057
39
399
25
55
383
361
309
222
401
421
729
491
287
1080
782
235
407
644
158
447
1061
517
639
64
716
71
910
386
977
139
802
426
440
90
179
283
797
119
810
428
637
640
1119
233
217
493
512
661
1126
1019
529
470
1076
635
459
961
36
251
85
631
511
743
12
26
734
840
896
1026
902
310
744
551
956
761
611
483
694
615
664
448
389
649
721
509
319
857
91
939
1027
873
329
581
1079
111
891
400
863
157
779
171
364
44
800
294
816
656
958
991
146
769
224
238
912
370
337
698
419
547
516
132
989
349
416
1091
1088
292
602
838
849
603
1096
713
392
679
759
1055
727
9
1099
803
599
1004
242
533
182
347
278
129
994
1084
787
300
489
2
206
898
1067
992
845
127
1022
854
172
1016
387
973
368
10
437
781
65
457
353
1014
142
609
282
997
187
700
1051
14
374
584
585
177
324
606
580
162
549
431
1123
1089
210
398
983
662
145
314
