0 4
0 13
0 15
0 19
0 21
0 25
0 26
0 41
0 47
0 54
0 61
4 14
4 40
4 43
4 54
13 21
13 26
13 41
13 43
13 54
15 3
15 5
15 7
15 12
15 19
15 23
15 29
15 30
15 31
15 32
15 36
15 44
15 50
15 52
15 54
15 55
15 61
15 63
19 21
19 26
19 41
19 48
19 54
19 59
19 61
21 25
21 26
21 41
21 43
21 47
25 3
25 8
25 10
25 24
25 26
25 33
25 43
26 18
26 37
26 38
26 41
26 43
26 51
26 54
26 61
41 43
41 54
41 61
41 62
47 54
54 51
54 7
54 24
54 52
54 61
61 51
61 3
61 24
61 36
61 37
61 53
61 63
14 22
14 32
40 62
43 42
43 64
43 55
43 22
43 28
43 29
43 59
43 62
3 1
3 5
3 6
3 7
3 12
3 23
3 30
3 31
3 36
3 44
3 49
3 50
3 53
3 55
5 1
5 12
5 28
5 30
5 32
5 34
5 44
5 49
5 50
5 52
7 1
7 6
7 8
7 29
7 31
7 32
7 34
7 36
7 37
7 42
7 44
7 49
7 52
7 60
7 63
12 29
12 31
12 32
12 34
12 36
12 49
12 50
12 53
12 60
12 63
23 31
23 53
23 6
23 11
23 29
23 44
29 30
29 36
29 49
29 53
29 42
29 6
29 55
29 63
29 28
29 20
29 52
29 59
30 6
30 27
30 36
30 37
30 49
30 53
31 1
31 11
31 32
31 35
31 36
31 42
31 53
31 55
31 60
31 63
32 36
32 53
32 44
32 55
32 52
36 1
36 49
36 53
36 55
44 53
44 6
44 60
50 34
50 53
50 55
50 63
52 49
52 53
52 6
52 63
52 27
52 28
52 60
55 49
55 53
55 28
55 63
63 6
63 60
48 9
48 17
48 38
48 20
59 60
59 22
59 24
59 62
8 28
8 9
10 60
10 46
24 33
33 56
18 45
37 28
37 20
37 58
38 9
38 17
38 56
62 16
62 22
53 1
53 34
53 49
53 6
53 35
1 34
1 49
34 6
34 49
34 60
49 6
49 35
6 42
6 27
6 35
6 60
42 2
42 11
42 35
42 57
42 64
11 45
11 57
11 35
35 57
35 64
2 39
2 45
2 57
2 64
39 45
39 57
39 64
57 64
22 16
20 46
20 58
9 17
17 56
