0 349
0 477
0 636
349 477
477 38
477 83
477 138
477 193
477 196
477 224
477 229
477 355
477 365
477 500
477 636
636 83
636 115
636 196
636 200
636 224
636 225
636 227
636 229
636 242
636 267
636 365
636 500
636 512
636 521
636 549
636 577
38 4
38 137
38 170
38 255
38 277
38 290
38 535
38 549
83 181
83 404
83 138
83 177
83 193
83 224
83 344
83 473
138 193
138 202
193 202
193 433
196 20
196 109
196 23
196 101
196 183
196 229
196 387
224 229
224 549
224 428
224 577
229 521
229 20
229 60
229 267
229 365
229 387
229 446
229 549
365 225
500 225
115 225
115 549
200 255
200 491
200 513
225 4
225 23
225 67
225 171
225 277
225 289
225 382
225 490
225 528
225 550
227 214
227 550
227 483
227 584
227 244
227 149
227 113
227 331
242 354
242 174
242 587
267 521
267 20
267 68
267 137
267 181
267 255
267 290
267 348
267 404
267 504
267 525
267 549
512 385
512 513
512 246
521 12
521 153
521 101
521 334
521 387
521 499
521 528
521 563
549 45
549 170
549 277
549 535
549 290
577 550
577 337
577 322
577 387
577 252
577 613
577 108
577 438
577 525
577 61
577 534
577 125
577 145
577 174
577 380
577 504
1 155
1 496
155 123
155 10
155 14
155 76
155 117
155 460
155 492
155 531
155 578
155 600
496 123
496 112
496 199
496 231
496 345
496 578
496 580
123 72
123 112
123 140
123 167
123 437
72 222
72 186
72 637
112 295
112 497
112 541
112 595
112 627
112 345
112 437
112 602
140 186
140 182
140 608
167 333
167 410
437 100
437 70
437 199
437 235
437 325
437 568
437 602
437 617
10 117
10 538
10 600
10 621
14 492
76 36
76 102
76 460
117 538
117 600
117 621
460 119
460 506
460 531
460 578
492 621
492 561
492 578
531 119
531 515
578 141
578 440
578 484
578 580
578 583
578 624
600 538
600 131
600 222
600 514
199 630
199 316
231 141
231 287
231 617
345 630
345 212
345 316
345 445
345 624
580 440
580 320
580 601
2 633
633 161
95 254
95 368
95 390
95 570
95 616
254 566
254 205
254 256
254 570
368 256
368 390
368 616
390 161
390 223
390 358
390 219
390 18
390 198
390 244
390 245
390 256
390 260
390 485
390 489
390 493
390 518
390 546
390 570
390 576
390 605
390 623
570 207
570 214
570 240
570 341
570 401
570 130
570 529
570 429
570 256
570 616
616 130
616 256
161 6
161 12
161 63
161 78
161 89
161 160
161 192
161 234
161 250
161 337
161 400
161 422
161 425
161 426
161 432
161 458
161 545
161 582
161 625
6 7
6 63
6 118
6 134
6 221
6 250
6 335
6 400
6 425
6 545
6 582
6 625
12 537
12 78
12 150
12 153
12 337
12 415
12 471
12 632
63 7
63 65
63 118
63 134
63 221
63 250
63 335
63 400
63 470
63 537
63 545
63 582
63 625
78 537
78 30
78 61
78 150
78 153
78 175
78 190
78 274
78 297
78 321
78 326
78 415
78 432
78 629
160 250
160 625
192 615
192 234
250 118
250 221
250 120
250 493
250 545
250 582
250 584
250 615
250 625
337 425
337 27
337 66
337 252
337 308
337 415
337 432
337 469
337 511
337 612
337 629
400 425
400 545
422 425
422 536
422 151
422 475
422 612
425 37
425 220
425 238
425 305
425 545
425 584
425 612
426 21
432 537
432 319
432 323
432 550
432 150
432 415
432 252
432 629
432 517
432 547
432 64
432 148
458 274
458 386
458 256
458 457
545 7
545 134
545 221
545 335
545 30
545 96
545 236
545 265
545 386
545 443
545 527
545 582
545 625
582 7
582 221
582 9
582 79
582 371
582 540
582 625
625 118
625 221
625 30
625 96
625 265
625 471
256 457
3 13
3 144
3 180
3 207
3 214
3 240
3 247
3 341
3 401
3 562
3 566
3 575
3 598
13 130
13 180
13 207
13 247
13 322
13 401
13 566
13 598
144 108
144 214
144 240
144 257
144 341
144 405
144 562
180 207
180 214
180 322
180 401
180 575
207 46
207 108
207 214
207 240
207 247
207 401
207 529
207 537
207 566
207 598
214 53
214 108
214 146
214 174
214 240
214 300
214 401
214 405
214 575
214 622
240 46
240 257
240 341
240 367
240 370
240 429
240 529
240 537
240 562
247 401
247 566
247 598
341 108
341 300
341 562
341 598
401 598
562 471
562 554
566 205
575 146
575 203
575 399
575 519
575 525
598 108
130 322
322 53
322 61
322 80
322 428
322 534
322 554
322 563
108 413
108 52
108 86
108 125
108 146
108 257
108 303
108 313
108 336
108 405
108 438
108 519
108 525
257 405
405 461
405 519
405 125
46 537
46 279
46 429
46 529
529 537
529 17
537 7
537 65
537 61
537 150
537 321
537 346
537 471
537 480
537 524
537 550
537 604
537 629
537 632
53 279
53 61
53 80
53 461
53 524
53 563
53 604
146 450
146 336
146 438
146 525
146 86
146 174
146 519
146 622
174 547
174 428
174 354
174 394
174 125
174 114
174 127
174 208
622 181
367 413
367 634
367 49
367 172
367 501
367 544
367 554
370 34
370 243
370 364
370 413
370 450
471 150
471 415
471 96
471 197
471 265
471 297
471 321
471 428
471 524
471 554
471 632
554 321
554 49
554 501
554 61
554 534
203 413
203 519
203 399
399 525
399 375
399 519
519 450
519 336
519 438
519 491
519 375
519 86
519 98
519 125
519 262
519 266
519 317
519 359
519 567
519 587
519 615
525 364
525 166
525 52
525 201
525 301
525 303
525 313
525 336
525 438
525 125
525 354
525 532
525 569
4 170
4 277
4 535
170 45
170 362
170 385
170 535
277 45
277 535
535 113
255 331
255 513
290 323
290 104
290 67
290 171
290 289
362 152
362 202
385 246
385 513
23 24
23 312
23 314
23 490
23 571
67 546
67 24
67 113
67 171
67 198
67 289
67 373
67 453
171 289
171 585
289 546
382 476
382 550
382 153
382 415
382 164
382 503
382 148
382 169
382 346
382 409
382 472
382 614
490 24
490 314
490 351
490 378
490 258
490 528
490 571
490 585
528 351
528 508
528 101
528 258
550 143
550 11
550 319
550 323
550 389
550 476
550 29
550 42
550 44
550 56
550 148
550 331
550 351
550 393
550 459
550 467
550 480
550 517
550 546
550 547
550 589
113 546
113 152
113 198
113 262
113 331
113 491
113 565
5 594
5 630
594 62
594 294
594 307
594 602
630 70
630 87
630 105
630 212
630 292
630 307
630 316
630 325
630 595
630 627
62 39
62 100
294 185
307 39
307 402
307 602
70 87
70 142
70 228
70 232
70 268
87 232
105 292
212 32
212 539
316 465
316 506
316 611
325 228
325 124
325 568
325 611
595 26
595 288
595 295
595 441
595 603
595 627
627 26
627 295
627 506
627 539
627 603
7 65
7 118
7 335
118 211
118 213
118 221
118 236
118 278
118 335
118 386
118 443
118 527
134 128
134 221
134 236
134 443
134 470
134 552
221 470
470 128
470 236
470 305
470 443
470 505
470 552
211 233
211 381
211 439
211 507
236 220
236 37
236 238
236 305
236 457
236 505
386 323
386 274
386 55
386 548
386 126
386 74
386 381
386 383
386 507
386 544
443 505
443 552
527 40
128 552
552 505
120 220
120 244
120 198
120 195
493 25
493 198
493 280
493 485
584 366
584 523
584 27
584 252
584 270
584 308
584 330
584 244
584 305
584 629
615 166
615 394
615 262
615 127
615 266
615 442
37 220
37 55
37 238
220 22
220 29
220 55
220 164
220 198
220 244
220 280
220 523
220 536
220 558
220 613
305 55
305 640
612 536
30 415
30 96
30 197
30 265
30 297
30 321
30 326
96 415
96 158
96 197
96 265
96 269
96 357
96 435
265 197
265 321
9 16
9 59
9 79
9 121
9 143
9 332
9 356
9 417
9 418
9 419
9 540
9 555
9 596
9 610
9 635
79 94
79 371
79 540
371 16
371 94
371 121
371 332
371 291
371 494
371 502
371 517
371 540
540 94
540 332
540 356
540 418
540 610
61 297
61 321
61 279
61 101
61 461
61 524
61 534
61 563
61 604
150 629
150 632
321 415
321 197
321 101
321 175
321 190
321 357
321 524
346 415
346 503
346 148
346 409
346 472
346 480
524 279
524 461
524 125
604 303
604 563
604 125
604 183
604 190
604 446
629 523
629 252
629 270
629 330
629 511
629 455
632 197
632 435
8 223
223 90
223 69
223 84
223 179
223 198
223 588
90 84
90 93
84 69
84 93
93 179
93 69
69 396
69 179
69 157
69 403
69 463
69 588
179 546
179 483
179 51
179 57
179 188
179 260
179 407
179 489
179 509
179 620
198 219
198 638
198 623
198 523
198 483
198 164
198 244
198 122
198 245
198 393
16 291
16 350
16 417
59 259
59 416
59 555
59 635
121 94
121 11
121 56
121 64
121 88
121 147
121 154
121 494
121 517
121 631
143 64
143 99
143 259
143 319
143 323
143 416
143 418
143 610
332 94
332 216
332 356
332 543
356 94
356 99
356 168
356 216
356 339
356 397
356 418
356 543
356 572
356 592
356 596
356 610
417 330
417 416
417 419
417 631
418 610
419 135
419 259
419 299
419 330
419 481
419 486
419 631
555 596
555 631
555 635
596 631
291 414
291 424
291 350
350 414
259 168
259 299
259 640
259 135
259 416
259 481
259 486
416 631
416 397
416 640
94 543
543 323
543 476
543 508
543 548
543 216
11 319
11 323
11 358
11 389
11 414
11 424
11 476
11 589
11 631
56 319
56 323
56 476
56 589
56 24
56 162
56 430
56 483
56 517
56 547
56 618
64 319
64 323
64 517
64 148
88 498
88 397
88 237
88 253
88 293
147 330
147 517
147 547
147 169
147 502
147 520
494 523
517 319
517 323
517 106
517 169
517 431
517 502
517 547
517 564
631 389
631 330
99 339
319 106
319 133
319 148
319 153
319 164
319 377
319 389
319 476
319 547
319 548
319 564
319 589
319 614
323 164
323 329
323 351
323 377
323 389
323 409
323 459
323 467
323 472
323 476
323 503
323 508
323 548
323 589
323 614
216 299
216 190
168 40
168 135
168 237
168 299
168 486
339 237
397 498
397 27
397 252
397 330
397 81
397 110
397 237
397 253
397 293
397 338
397 511
397 640
572 40
572 592
592 55
592 40
592 279
592 640
502 106
502 547
502 169
502 564
330 523
330 27
330 252
330 308
330 511
135 299
135 481
135 486
299 47
299 132
299 187
299 342
299 481
299 486
299 548
481 486
538 621
621 514
621 561
621 608
131 561
222 50
222 186
222 285
222 360
222 410
222 434
222 608
514 119
514 173
561 449
561 119
561 479
608 107
608 285
608 226
608 452
608 456
358 369
389 476
389 589
476 24
476 133
476 164
476 377
476 409
476 459
476 472
476 503
476 508
476 548
476 589
476 614
589 24
106 153
106 169
106 547
106 564
148 153
148 415
148 503
148 169
148 377
148 409
148 472
148 614
153 104
153 129
153 158
153 164
153 169
153 415
153 472
164 29
164 42
164 158
164 244
164 271
164 409
164 459
164 467
164 472
164 503
164 508
164 558
164 564
164 591
164 613
164 614
377 351
377 508
377 503
377 383
377 472
377 614
547 564
548 508
548 47
548 342
548 383
548 388
548 459
548 472
548 503
548 614
564 329
564 520
614 271
351 60
351 101
351 258
351 306
351 383
351 388
351 446
351 459
351 508
351 571
351 590
409 508
409 503
409 472
459 508
459 503
459 472
472 415
472 503
472 169
472 271
503 508
503 190
508 35
508 383
369 546
369 483
369 149
24 373
24 453
24 462
24 483
29 483
29 244
29 558
29 613
42 591
44 546
44 104
44 54
44 166
44 230
331 546
331 483
331 376
331 239
331 393
331 447
393 483
546 18
546 54
546 104
546 166
546 230
546 262
546 376
546 489
415 22
415 66
415 80
415 158
415 169
415 237
415 252
415 297
415 334
415 357
415 366
415 428
415 435
415 563
190 187
274 126
274 297
274 326
297 55
297 326
326 55
104 19
104 129
104 145
104 158
104 394
129 158
158 269
158 357
158 435
158 478
169 520
27 498
27 252
27 270
27 511
252 498
252 523
252 483
252 116
252 237
252 308
252 430
252 469
252 511
308 498
308 270
308 511
469 498
469 511
22 498
22 523
22 536
80 315
80 334
237 498
237 253
237 293
334 387
357 435
357 478
366 97
366 626
428 125
428 534
435 197
435 269
563 109
563 183
563 446
101 378
101 60
101 183
101 306
101 446
101 590
387 20
387 499
387 504
15 219
15 347
15 638
219 25
219 156
347 217
347 466
347 638
638 217
638 139
217 483
217 559
483 523
483 51
483 57
483 116
483 149
483 162
483 395
483 430
483 463
483 489
483 553
559 272
559 273
559 317
559 412
156 593
466 28
466 272
466 139
466 411
466 479
466 556
466 599
466 606
139 557
279 461
18 58
18 248
18 605
18 623
248 43
248 57
248 116
248 157
248 509
248 553
605 576
623 245
623 576
43 116
57 116
57 51
57 509
57 576
116 523
116 157
116 245
116 395
116 449
116 463
116 509
116 553
157 523
157 509
157 463
509 553
509 576
553 149
553 162
553 463
553 395
244 430
244 558
244 613
245 523
260 489
260 576
489 51
489 188
489 576
518 576
54 230
166 230
376 41
376 396
19 593
593 127
593 208
593 266
593 394
593 442
145 613
394 127
394 208
127 208
127 266
127 442
208 442
266 442
20 109
109 183
109 215
109 283
183 446
215 283
283 71
283 526
283 574
60 378
60 258
60 306
60 446
60 590
446 258
446 306
446 590
68 181
181 77
181 344
181 404
181 433
181 569
404 77
404 433
404 473
404 569
504 114
504 218
504 380
504 510
504 597
498 253
498 270
498 523
523 318
523 395
523 463
536 151
536 475
55 126
558 613
97 626
253 293
395 149
395 463
395 263
463 149
463 162
463 263
463 374
463 449
463 560
151 475
312 276
314 378
314 571
571 378
373 453
258 590
306 590
383 388
162 149
162 263
430 149
430 374
618 431
51 188
51 620
149 41
149 263
149 304
26 288
26 361
26 408
26 441
26 497
26 541
288 320
288 361
288 408
288 441
288 445
361 408
361 441
361 581
408 295
408 506
497 506
541 506
320 445
445 379
603 249
603 609
539 32
81 40
81 110
81 206
81 338
81 619
110 40
110 206
110 338
110 619
338 40
338 206
338 619
640 206
28 111
28 272
28 273
28 423
28 474
111 407
111 474
272 317
272 599
272 606
273 423
423 412
474 556
407 159
407 328
317 412
599 606
599 275
606 451
411 275
411 556
479 136
479 359
479 398
479 556
556 398
126 74
126 163
31 33
31 73
73 176
176 261
586 284
586 302
586 406
586 507
284 507
406 574
507 241
32 36
32 522
36 522
34 85
34 364
34 413
34 464
34 634
85 413
85 450
85 464
85 542
364 310
364 413
364 450
364 464
364 532
364 542
364 634
413 52
413 98
413 218
413 298
413 301
413 303
413 310
413 313
413 354
413 421
413 438
413 450
413 454
413 495
413 587
413 634
464 450
464 218
464 310
464 542
464 597
464 628
634 450
634 298
634 303
634 421
450 243
450 310
450 542
450 597
532 204
532 436
532 628
52 201
52 301
52 313
52 336
52 438
98 354
218 421
218 495
218 597
301 201
303 201
303 313
303 336
303 544
313 201
313 336
313 438
421 495
438 201
438 336
438 86
438 125
454 587
495 597
628 103
491 75
491 210
491 353
491 384
491 152
491 189
491 202
491 246
491 286
491 372
491 448
513 246
39 402
100 165
100 178
100 235
100 251
100 333
100 639
40 48
40 206
206 619
41 194
41 327
41 396
194 560
327 374
327 396
327 551
396 91
396 557
263 374
560 391
560 579
91 557
449 210
47 92
47 324
47 342
47 427
47 482
92 132
92 427
324 482
342 132
342 187
49 501
501 172
186 182
186 333
285 107
285 287
410 333
201 336
336 86
569 433
165 178
165 251
165 639
178 251
178 639
235 124
251 333
251 639
333 182
333 420
152 210
152 202
228 124
228 617
232 191
232 311
232 440
617 568
617 465
191 363
311 363
440 601
465 533
611 568
611 296
624 484
568 296
182 184
182 420
75 210
75 353
75 384
75 392
75 573
210 286
210 343
210 353
210 384
210 392
384 573
392 136
392 468
343 136
136 328
189 209
202 246
202 448
246 448
119 515
82 375
359 607
567 282
379 264
103 204
287 309
287 340
226 456
226 484
452 184
159 328
328 239
114 281
114 510
114 530
281 530
510 352
184 516
583 309
583 340
391 579
241 488
309 340
444 487
