258
234
322
30
71
177
20
8
199
198
96
35
347
152
251
110
307
372
312
230
135
115
139
132
265
374
377
170
286
33
120
260
362
365
285
359
21
218
161
122
15
351
253
153
1
228
73
178
166
236
74
7
102
330
92
205
66
32
41
233
45
209
220
313
52
235
80
137
219
107
274
123
27
2
140
240
221
287
267
361
26
43
53
237
368
60
211
49
54
5
310
197
93
58
203
279
89
90
352
25
128
273
160
39
179
341
204
14
109
302
44
337
241
353
226
215
346
10
201
94
40
254
97
290
375
338
324
348
9
317
158
378
311
29
116
339
255
281
16
104
75
277
17
57
46
13
65
326
238
175
23
91
163
275
164
364
141
12
36
130
280
288
222
231
22
200
172
335
113
252
249
59
242
247
159
136
336
127
146
207
76
190
142
354
208
168
276
4
212
318
143
68
325
112
125
11
134
304
239
31
356
147
167
202
227
138
34
194
369
373
214
144
99
176
357
133
3
223
42
331
70
366
210
114
126
224
371
333
195
232
121
206
129
316
51
174
38
278
216
95
248
193
282
297
213
363
50
28
329
319
55
358
321
306
171
266
250
165
108
173
284
332
98
245
100
131
246
367
145
169
257
334
6
323
37
19
162
289
376
243
342
355
256
77
320
294
124
244
56
78
360
0
118
229
101
187
217
291
111
18
340
303
188
