20
241
247
301
269
300
210
214
180
0
335
347
350
5
271
298
73
168
289
40
327
299
181
190
148
79
14
4
188
206
341
48
166
122
45
222
291
78
213
94
242
80
64
276
288
265
376
30
2
25
49
70
11
211
268
118
362
7
229
218
9
3
138
228
75
302
35
349
182
263
149
10
15
344
63
274
61
223
74
69
68
219
208
293
119
44
192
363
71
378
51
189
46
375
204
29
137
240
209
50
117
22
136
66
205
112
34
6
120
264
23
191
139
41
42
31
221
121
8
342
270
328
284
290
266
169
77
52
348
167
374
72
212
243
377
32
76
345
47
12
292
21
150
33
275
224
67
13
225
62
1
