0 17
0 136
17 14
17 18
17 19
17 61
17 73
17 85
17 103
17 107
17 116
17 120
17 124
17 139
17 143
17 181
17 208
17 210
17 212
17 221
17 225
136 59
136 89
136 106
14 45
14 108
14 114
14 139
14 195
14 214
14 215
45 181
45 139
45 73
45 208
108 29
108 72
108 112
108 117
108 133
108 138
108 158
108 168
108 179
108 195
114 215
139 181
139 77
139 27
139 103
139 107
139 119
139 124
139 127
139 194
139 198
139 199
139 208
139 221
214 32
214 66
214 142
214 168
214 201
214 207
214 209
18 28
18 50
18 225
19 28
19 129
19 216
19 225
73 181
73 208
85 181
85 103
85 194
85 221
103 181
103 199
103 44
103 70
103 76
103 120
103 124
103 169
103 194
103 221
103 222
107 181
107 31
116 6
116 46
116 94
116 111
116 143
116 167
116 191
120 181
120 124
120 194
120 221
124 181
124 221
143 6
143 8
143 37
143 42
143 86
143 94
143 111
143 164
143 167
143 212
143 219
181 1
181 27
181 31
181 54
181 65
181 77
181 119
181 127
181 154
181 194
181 198
181 199
181 208
181 217
181 221
210 129
210 46
210 225
212 6
221 194
225 129
225 46
59 211
59 69
59 89
59 100
59 106
89 193
89 211
89 69
89 100
89 106
1 77
27 194
27 198
54 199
65 13
65 154
65 217
154 217
199 3
199 63
199 87
199 226
2 20
20 75
20 79
20 82
20 86
20 141
20 171
20 176
75 86
75 130
75 163
75 180
79 86
79 82
79 171
82 86
82 52
82 74
82 99
82 171
82 202
86 25
86 37
86 62
86 128
86 149
86 163
86 171
86 180
86 205
86 213
86 219
86 220
63 5
63 10
63 28
63 110
63 129
226 105
4 38
4 84
4 140
4 162
38 10
38 80
38 84
38 140
38 162
84 140
84 162
140 162
162 126
162 161
10 96
10 80
126 161
161 113
5 96
96 28
96 57
96 110
28 129
129 46
129 50
129 125
129 216
46 94
94 42
94 111
94 167
94 191
111 42
111 167
8 135
8 164
8 186
37 180
164 131
164 135
7 78
7 102
7 109
7 165
78 109
78 165
78 183
102 12
102 26
102 109
102 150
102 165
102 183
102 204
102 205
109 26
109 165
109 183
12 104
150 204
205 104
205 43
205 179
205 188
135 9
135 56
135 60
135 64
135 93
135 115
135 118
135 186
135 200
186 118
186 200
9 115
56 64
60 118
64 15
64 49
64 34
64 58
64 97
64 157
64 166
118 193
118 200
11 51
11 71
11 132
11 155
11 170
11 173
11 193
51 155
71 170
71 193
132 155
170 193
193 147
193 151
193 157
193 166
193 203
25 213
25 220
62 40
128 145
163 68
163 130
163 153
180 177
213 220
147 166
151 35
151 203
157 15
157 49
157 58
157 97
157 166
157 203
166 15
166 49
166 34
166 58
166 97
166 203
104 81
43 47
43 174
43 188
179 168
188 174
29 117
29 133
29 138
29 158
29 168
72 66
112 66
112 92
117 133
117 138
117 158
133 138
133 158
138 158
138 168
158 168
168 66
32 142
32 196
32 197
32 201
32 209
66 92
142 30
142 197
142 201
142 209
201 30
201 197
201 209
209 197
15 49
49 34
16 36
16 91
16 160
36 35
36 91
36 98
36 160
36 184
91 160
35 23
35 41
35 98
35 122
35 123
35 178
35 184
35 224
98 123
98 184
184 178
44 169
70 222
70 76
70 137
76 222
76 137
222 48
222 55
222 148
222 218
222 137
125 182
52 21
52 22
52 24
52 33
52 74
52 83
52 99
52 159
52 175
52 192
74 83
74 99
99 21
99 22
99 83
99 24
99 159
99 175
202 156
202 172
202 189
202 223
21 22
21 83
21 192
22 24
22 33
22 83
22 159
22 175
22 192
83 24
83 159
83 175
24 33
24 159
24 175
33 159
33 175
159 175
23 123
122 146
122 178
30 197
197 121
197 196
146 90
146 144
146 185
177 190
39 211
211 69
211 100
40 187
48 55
48 148
48 218
55 148
55 218
148 218
53 67
53 95
67 95
88 134
88 206
92 101
156 172
156 189
172 189
189 152
189 223
90 144
