183
172
62
200
375
306
12
232
433
167
108
44
219
6
115
120
20
407
308
229
335
291
363
285
14
295
386
165
268
154
146
353
65
438
24
351
313
94
186
169
41
302
153
242
142
162
109
221
166
171
192
135
364
17
182
163
247
237
125
309
248
139
106
382
82
72
164
408
52
215
290
58
27
117
266
92
280
400
230
123
300
225
276
90
352
339
274
317
417
22
437
369
127
342
131
9
202
48
211
272
104
60
441
5
47
362
427
190
152
85
428
187
59
11
133
289
98
30
95
379
173
61
423
102
107
143
412
244
395
149
69
196
431
78
201
121
35
269
450
56
15
263
25
371
245
331
114
355
18
57
197
384
168
387
63
80
126
293
383
294
301
2
424
411
226
175
334
67
16
159
270
132
258
275
158
284
228
420
348
343
344
97
134
452
296
87
434
380
151
101
430
181
36
288
381
359
93
188
393
111
397
246
416
207
299
150
7
448
113
267
265
209
21
148
116
227
314
378
281
394
271
370
54
79
96
305
435
279
32
390
160
42
198
298
64
156
170
119
367
19
442
360
361
33
105
297
214
210
39
145
184
129
204
73
124
144
185
315
249
45
439
347
413
287
46
425
421
426
10
88
410
