0 4
0 14
0 16
0 33
0 35
0 40
0 49
0 50
0 52
0 59
0 60
0 67
0 75
0 79
1 5
1 11
1 19
1 22
1 27
1 29
1 30
1 51
1 61
1 69
1 71
1 76
1 78
2 6
2 7
2 10
2 15
2 20
2 28
2 29
2 32
2 37
2 38
2 47
2 48
2 52
2 58
2 63
2 64
2 70
2 71
2 77
3 4
3 11
3 19
3 20
3 29
3 31
3 34
3 36
3 44
3 52
3 55
3 56
3 58
3 70
3 71
4 14
4 35
4 40
4 45
4 49
4 50
4 59
4 60
4 75
4 79
5 11
5 19
5 22
5 26
5 27
5 29
5 30
5 31
5 36
5 61
5 69
5 71
5 76
5 78
5 80
6 7
6 10
6 29
6 37
6 38
6 42
6 48
6 53
6 58
6 64
6 69
6 70
6 74
7 17
7 25
7 32
7 37
7 41
7 48
7 63
7 64
7 70
8 17
8 24
8 27
8 35
8 54
8 62
8 66
8 78
9 15
9 18
9 19
9 35
9 39
9 65
9 68
10 28
10 37
10 42
10 46
10 47
10 48
10 67
10 70
11 19
11 22
11 26
11 27
11 29
11 30
11 31
11 36
11 51
11 56
11 61
11 69
11 71
11 76
11 78
11 80
12 13
12 33
12 66
13 33
13 66
14 16
14 35
14 40
14 45
14 75
14 79
15 25
15 28
15 32
15 34
15 35
15 37
15 46
15 55
15 58
15 64
15 77
16 35
16 40
16 45
16 49
16 50
16 52
16 57
16 59
16 60
16 65
16 67
16 75
16 79
17 24
17 25
17 42
17 48
17 54
17 62
17 63
17 65
17 79
18 20
18 35
18 40
18 51
18 52
18 65
18 68
18 77
19 22
19 27
19 29
19 30
19 51
19 52
19 55
19 61
19 63
19 66
19 69
19 71
19 76
19 78
19 80
20 34
20 36
20 40
20 44
20 55
21 28
21 37
21 38
21 41
21 42
21 47
21 58
22 24
22 26
22 27
22 29
22 30
22 31
22 51
22 61
22 69
22 71
22 76
22 78
22 80
23 37
23 41
23 62
23 66
23 73
24 25
24 48
24 54
24 62
24 63
24 66
25 38
25 54
25 62
25 63
25 71
26 27
26 31
26 36
26 51
26 56
26 69
26 71
26 76
27 29
27 30
27 31
27 42
27 43
27 55
27 61
27 62
27 63
27 69
27 71
27 76
27 78
27 79
27 80
28 32
28 37
28 38
28 42
28 46
28 47
28 48
28 58
28 64
28 70
28 74
28 76
29 30
29 31
29 36
29 37
29 38
29 44
29 48
29 51
29 53
29 59
29 61
29 64
29 69
29 71
29 76
29 78
29 80
30 31
30 51
30 61
30 69
30 71
30 76
30 78
30 80
31 36
31 56
31 61
31 69
31 78
31 80
32 37
32 46
32 58
33 48
33 74
34 55
34 56
35 40
35 41
35 45
35 49
35 50
35 54
35 59
35 60
35 65
35 68
35 75
35 79
36 44
36 51
36 55
36 65
36 71
36 76
36 78
37 38
37 41
37 42
37 46
37 47
37 48
37 58
37 64
37 70
37 74
38 42
38 46
38 47
38 48
38 53
38 54
38 58
38 63
38 65
38 68
38 69
38 70
38 72
39 40
39 49
39 52
39 62
39 68
39 75
40 42
40 45
40 50
40 59
40 67
40 75
40 79
41 42
41 47
41 48
41 58
41 64
41 66
41 70
41 72
41 74
42 46
42 47
42 48
42 53
42 64
42 70
42 72
43 63
43 66
43 73
43 80
44 48
44 55
44 56
44 76
44 80
45 49
45 50
45 59
45 60
45 67
45 79
46 48
46 58
46 70
46 71
46 74
46 76
47 48
47 53
47 58
47 63
47 70
47 74
47 76
48 58
48 63
48 64
48 66
48 70
48 74
48 76
49 50
49 59
49 60
49 65
49 67
49 75
49 77
49 79
50 59
50 60
50 67
50 75
50 77
50 79
51 61
51 69
51 71
51 76
51 78
51 80
52 65
52 75
53 54
53 58
53 64
53 69
53 70
54 59
54 62
54 63
54 66
54 73
55 56
57 66
57 79
58 61
58 69
58 70
58 76
59 60
59 66
59 67
59 75
59 77
59 79
60 67
60 75
60 77
60 79
61 69
61 71
61 76
61 78
61 80
62 66
63 66
63 67
63 71
63 73
63 79
64 70
64 71
65 68
65 70
65 75
65 79
66 70
67 75
67 77
67 79
69 70
69 76
69 78
69 80
70 74
71 76
71 78
71 80
75 79
76 78
76 80
78 80
