14
194
295
16
3
151
303
71
79
290
76
204
152
271
68
114
142
147
148
25
17
30
273
184
213
129
202
320
235
110
37
262
272
98
249
211
60
118
85
324
182
122
52
304
106
174
116
54
92
244
90
236
300
247
155
86
318
82
317
28
252
159
296
322
67
2
64
274
238
15
139
270
224
166
65
307
88
227
57
51
293
287
13
103
21
105
212
305
144
326
120
196
299
6
78
250
180
133
197
49
99
215
171
209
313
178
72
286
281
173
185
234
94
278
170
177
294
145
100
44
263
77
261
34
29
96
163
108
275
61
255
134
8
45
160
321
135
33
22
260
63
210
219
243
289
5
36
257
154
282
266
284
302
91
69
312
97
140
207
201
27
285
297
