0 29
0 31
0 33
0 35
0 44
0 45
0 47
0 55
0 58
0 76
0 83
0 105
0 109
0 128
0 135
0 152
0 171
29 5
29 18
29 22
29 28
29 33
29 34
29 35
29 38
29 39
29 40
29 46
29 47
29 51
29 55
29 57
29 59
29 62
29 66
29 67
29 69
29 74
29 76
29 78
29 82
29 83
29 85
29 86
29 87
29 96
29 100
29 103
29 117
29 122
29 123
29 128
29 131
29 132
29 133
29 135
29 136
29 142
29 147
29 151
29 168
29 170
29 171
29 172
29 175
29 180
31 16
31 20
31 23
31 30
31 33
31 41
31 53
31 74
31 76
31 98
31 112
31 114
31 117
31 120
31 123
31 127
31 129
31 152
31 156
31 157
31 162
31 169
31 171
31 178
33 1
33 7
33 8
33 12
33 15
33 17
33 18
33 21
33 22
33 23
33 25
33 30
33 34
33 35
33 36
33 38
33 41
33 42
33 45
33 48
33 51
33 52
33 53
33 54
33 58
33 59
33 61
33 63
33 64
33 65
33 67
33 68
33 69
33 71
33 72
33 73
33 74
33 75
33 76
33 79
33 85
33 88
33 89
33 90
33 92
33 94
33 95
33 100
33 106
33 108
33 109
33 110
33 111
33 112
33 113
33 114
33 115
33 118
33 120
33 125
33 126
33 129
33 130
33 133
33 135
33 139
33 140
33 141
33 142
33 143
33 146
33 147
33 149
33 150
33 151
33 153
33 156
33 160
33 162
33 163
33 165
33 166
33 168
33 169
33 172
33 174
33 175
33 178
33 180
35 5
35 11
35 16
35 18
35 22
35 26
35 40
35 46
35 47
35 55
35 59
35 62
35 67
35 69
35 74
35 78
35 83
35 85
35 86
35 87
35 90
35 95
35 96
35 98
35 100
35 103
35 117
35 128
35 131
35 135
35 136
35 142
35 147
35 171
35 180
44 45
44 105
44 135
45 58
45 105
45 135
47 19
47 40
47 55
47 76
47 109
47 171
55 40
55 59
55 76
55 95
55 171
58 18
58 34
58 36
58 51
58 66
58 71
58 93
58 117
58 128
58 135
58 144
58 149
58 150
58 171
58 173
76 1
76 6
76 7
76 17
76 18
76 22
76 28
76 30
76 32
76 62
76 83
76 85
76 93
76 95
76 96
76 98
76 103
76 113
76 117
76 134
76 152
76 153
76 155
76 158
76 171
76 172
76 175
83 46
83 103
83 152
83 171
83 180
105 135
109 19
109 169
128 40
128 18
128 43
128 54
128 91
128 93
128 151
128 171
135 6
135 18
135 26
135 36
135 38
135 50
135 62
135 65
135 67
135 71
135 74
135 95
135 96
135 100
135 117
135 129
135 133
135 140
135 152
135 153
135 158
135 169
135 171
152 16
152 20
152 23
152 41
152 74
152 91
152 98
152 112
152 114
152 123
152 127
152 129
152 156
152 169
152 171
171 40
171 5
171 11
171 22
171 25
171 34
171 37
171 51
171 59
171 62
171 69
171 78
171 79
171 85
171 87
171 95
171 103
171 114
171 117
171 129
171 136
171 141
171 142
171 143
171 145
171 151
171 153
171 158
171 166
171 169
171 172
171 173
19 5
19 140
19 172
5 11
5 100
140 100
140 10
140 42
140 79
140 96
140 114
140 122
172 34
172 51
172 100
172 6
172 56
172 95
172 66
172 84
172 91
172 96
172 103
172 113
172 136
172 147
172 151
172 168
172 170
172 173
172 180
18 1
18 6
18 69
18 71
18 93
18 95
18 117
18 118
18 155
18 175
22 51
22 124
22 100
22 7
22 79
22 96
22 114
22 136
22 169
28 6
28 74
28 96
28 151
34 1
34 3
34 13
34 24
34 49
34 51
34 54
34 61
34 66
34 68
34 75
34 77
34 81
34 85
34 96
34 97
34 99
34 114
34 117
34 124
34 130
34 136
34 153
34 158
34 163
34 168
34 177
34 179
38 82
39 96
39 70
46 132
46 180
51 3
51 13
51 49
51 68
51 75
51 77
51 78
51 81
51 96
51 136
51 137
51 177
51 179
57 80
57 173
59 95
59 87
62 95
62 147
62 21
62 173
66 117
66 10
66 96
66 122
66 168
67 180
69 37
69 78
74 169
74 113
78 117
78 153
78 158
78 37
78 154
82 166
85 153
85 158
85 68
86 16
87 117
87 11
96 95
96 26
96 113
96 123
96 136
96 168
96 169
100 30
100 11
100 79
100 136
100 169
117 1
117 4
117 30
117 9
117 14
117 50
117 65
117 84
117 91
117 95
117 101
117 106
117 107
117 119
117 134
117 158
122 97
122 24
122 77
122 81
122 108
122 111
122 114
122 126
122 137
122 146
122 160
123 26
131 132
132 145
133 129
133 145
133 180
136 124
136 79
136 169
142 91
142 43
147 12
147 90
147 21
147 115
147 116
147 164
147 174
151 95
168 158
168 110
170 20
170 159
170 156
175 118
175 36
180 90
16 162
20 159
20 167
23 30
23 153
23 114
23 54
30 1
30 4
30 17
30 27
30 65
30 93
30 95
30 102
30 119
30 134
30 153
41 153
41 158
53 91
53 159
112 91
112 84
112 156
114 153
114 158
114 124
114 54
120 7
120 157
127 157
169 153
169 158
169 79
169 113
1 61
1 75
1 93
1 99
8 42
12 15
12 71
15 71
15 174
21 153
21 80
21 173
25 70
25 141
36 150
36 118
42 60
48 153
48 158
48 14
48 64
52 153
52 158
52 160
52 13
54 93
54 153
54 158
54 43
54 91
61 125
63 104
63 153
63 158
63 173
63 161
64 75
71 174
72 97
72 10
72 163
73 113
73 165
88 153
88 111
88 179
89 91
89 32
89 144
90 138
90 174
94 153
94 158
94 126
94 177
95 153
95 158
95 6
95 113
95 155
106 56
106 149
108 10
108 81
108 139
110 153
110 158
110 121
111 10
111 24
113 153
113 158
113 165
125 158
125 9
126 10
126 137
130 153
130 158
130 163
139 153
139 158
143 161
146 10
146 176
149 173
153 104
153 9
153 14
153 101
153 121
153 134
153 158
153 173
153 177
153 179
160 77
26 173
144 91
173 158
173 80
6 56
6 155
134 91
134 101
134 107
155 101
158 2
158 104
158 9
158 14
158 49
158 121
158 176
158 177
43 91
91 60
91 107
37 148
99 4
27 2
27 102
102 2
119 9
119 14
13 24
24 10
49 77
49 176
77 10
81 10
124 148
107 60
116 164
159 167
