0 336
0 422
336 179
336 428
336 504
336 553
422 46
422 502
179 5
179 408
179 529
179 343
179 10
179 73
179 331
179 366
179 385
179 454
179 485
179 496
179 511
179 523
179 547
428 184
428 241
428 264
428 408
428 421
428 18
428 130
428 168
428 189
428 401
428 413
428 510
428 526
504 89
504 183
504 356
504 316
504 366
504 490
504 535
504 553
553 240
553 18
553 172
553 124
553 215
553 24
553 38
553 490
553 543
553 101
553 146
553 188
553 230
553 234
553 238
553 351
553 360
553 511
553 518
553 524
553 547
553 559
46 453
46 502
46 32
46 78
46 87
46 239
46 284
46 352
46 393
46 440
46 465
502 89
502 25
502 56
502 239
502 352
502 440
502 441
502 524
1 5
1 42
1 65
1 70
1 89
1 180
1 184
1 241
1 242
1 246
1 264
1 290
1 302
1 345
1 348
1 407
1 408
1 421
1 494
1 529
1 565
5 47
5 217
5 258
5 299
5 329
5 341
5 357
5 486
42 3
42 4
42 32
42 47
42 65
42 93
42 103
42 117
42 130
42 180
42 184
42 189
42 192
42 201
42 241
42 242
42 246
42 251
42 257
42 262
42 264
42 313
42 334
42 345
42 350
42 411
42 421
42 494
42 509
42 522
42 546
65 30
65 34
65 145
65 163
65 168
65 184
65 189
65 246
65 267
65 292
65 312
65 346
65 408
65 413
65 419
65 494
65 509
65 522
65 551
65 563
70 6
70 62
70 64
70 80
70 83
70 167
70 192
70 285
70 320
70 324
70 375
70 408
70 421
70 461
70 527
89 2
89 32
89 45
89 73
89 93
89 132
89 135
89 171
89 234
89 249
89 271
89 350
89 361
89 472
89 517
89 529
89 533
89 535
180 90
180 313
180 350
180 421
180 494
180 522
180 552
184 167
184 202
184 246
184 262
184 312
184 316
184 345
184 357
184 408
184 487
184 509
184 522
241 130
241 251
241 334
241 494
242 188
242 299
242 334
246 34
246 35
246 62
246 64
246 90
246 92
246 93
246 117
246 168
246 189
246 257
246 267
246 299
246 411
246 413
246 551
246 563
264 64
264 145
264 313
264 329
264 413
264 421
264 494
290 152
290 294
290 303
290 468
302 34
302 62
302 74
302 80
302 157
302 163
302 168
302 192
302 251
302 274
302 324
302 434
302 510
302 528
302 563
345 225
345 30
345 90
345 178
345 215
345 262
345 283
345 339
345 505
345 506
345 541
345 542
348 41
348 90
348 109
348 408
348 558
407 43
407 153
407 254
407 316
407 408
407 411
407 451
407 492
407 529
407 552
407 565
408 66
408 44
408 145
408 161
408 172
408 189
408 192
408 194
408 212
408 288
408 292
408 312
408 320
408 346
408 401
408 413
408 421
408 442
408 462
408 469
408 494
408 522
421 66
421 108
421 117
421 145
421 189
421 192
421 212
421 286
421 287
421 346
421 350
421 442
421 469
421 494
421 509
421 522
421 545
421 551
494 103
494 47
494 130
494 157
494 312
494 357
494 401
494 437
494 522
494 523
529 32
529 44
529 64
529 104
529 126
529 132
529 172
529 306
529 423
529 463
529 523
565 522
565 34
565 297
565 303
565 353
565 375
565 405
565 413
47 145
47 208
47 299
47 340
47 341
47 351
47 413
217 379
217 29
217 177
217 198
217 347
217 362
217 547
258 7
258 10
258 171
258 233
258 357
258 369
258 470
258 486
299 522
299 117
299 486
329 522
329 552
329 131
329 460
329 123
329 315
329 451
329 462
329 533
341 31
341 127
341 199
341 208
341 328
341 340
341 459
341 474
357 225
357 379
357 10
357 29
357 39
357 63
357 106
357 177
357 198
357 236
357 244
357 306
357 307
357 346
357 360
357 366
357 399
357 413
357 415
357 417
357 423
357 447
357 454
357 523
357 547
486 350
486 10
486 63
486 74
486 124
486 244
486 397
486 478
3 512
3 4
3 27
3 28
3 68
3 173
3 174
3 190
3 272
3 275
3 295
3 300
3 343
3 387
3 394
3 402
3 414
3 430
3 431
3 433
3 442
3 471
3 480
3 517
3 560
3 561
4 512
4 552
4 18
4 27
4 68
4 86
4 131
4 172
4 174
4 211
4 213
4 269
4 271
4 286
4 288
4 313
4 342
4 350
4 379
4 431
4 460
4 491
32 225
32 287
32 213
32 361
32 534
32 366
32 533
32 535
32 319
32 547
32 369
32 482
32 93
32 135
32 171
93 48
93 68
93 172
93 286
93 168
93 523
93 319
93 121
93 29
93 234
93 378
93 426
93 521
103 11
103 53
103 57
103 262
103 522
117 66
117 411
117 442
117 127
117 413
117 469
117 461
117 462
117 509
130 192
130 478
130 43
130 83
130 64
130 251
130 262
130 400
130 449
130 468
189 66
189 288
189 6
189 34
189 44
189 167
189 215
189 262
189 285
189 320
189 340
189 413
192 66
192 411
192 560
192 35
192 141
192 44
192 324
192 469
201 6
201 35
201 159
201 52
201 324
201 469
201 546
251 469
257 417
257 513
257 67
257 369
262 411
262 513
262 346
262 374
313 552
313 431
313 442
313 94
313 22
313 215
313 304
313 316
313 350
313 396
313 445
313 496
313 535
313 545
313 546
334 119
334 254
334 468
334 522
334 546
350 552
350 18
350 172
350 286
350 10
350 43
350 74
350 96
350 124
350 153
350 215
350 223
350 249
350 306
350 309
350 314
350 397
350 445
350 450
350 460
350 463
350 478
350 493
350 521
350 533
350 535
350 536
350 558
411 35
411 48
411 62
411 204
411 219
411 292
411 401
411 434
411 522
509 522
509 510
522 34
522 35
522 43
522 92
522 123
522 127
522 145
522 153
522 157
522 167
522 168
522 174
522 204
522 209
522 215
522 286
522 288
522 346
522 382
522 401
522 405
522 413
522 451
522 462
522 466
522 485
522 498
522 512
522 519
522 526
522 552
522 559
522 560
546 62
546 285
546 312
30 560
30 215
30 505
30 339
30 19
30 457
30 563
34 66
34 35
34 324
34 346
34 52
34 62
34 80
34 157
34 163
34 167
34 413
34 434
34 451
34 469
34 510
145 225
145 552
145 346
145 413
145 401
145 332
145 437
145 485
163 35
163 62
163 194
163 274
163 292
163 315
163 413
163 434
168 48
168 68
168 560
168 561
168 44
168 267
168 324
168 439
168 492
267 526
267 80
267 292
267 400
292 35
292 563
292 278
292 285
312 141
312 527
312 62
312 167
312 413
312 104
312 194
346 552
346 18
346 323
346 401
346 413
413 379
413 35
413 135
413 83
413 157
413 167
413 161
413 294
413 485
551 288
551 409
551 396
551 297
551 477
551 562
563 373
563 500
563 515
66 35
66 52
66 167
66 442
66 469
35 207
35 303
35 6
35 52
35 62
35 80
35 92
35 315
35 324
35 398
35 466
35 469
52 134
52 207
52 324
52 356
52 62
52 80
52 83
52 437
52 469
52 510
167 141
167 527
167 62
167 80
167 92
167 194
167 285
167 467
167 469
442 288
442 462
442 542
469 324
469 62
469 80
469 83
469 353
469 531
6 561
6 158
6 159
62 527
62 80
62 83
62 92
62 161
62 274
62 285
62 375
64 86
64 159
64 198
64 423
64 478
64 493
64 96
64 316
64 43
64 44
64 102
64 111
64 126
64 169
64 181
64 321
64 331
64 389
64 443
64 461
64 463
80 548
80 340
80 83
80 161
80 265
80 274
80 278
80 294
80 315
80 434
80 437
80 451
80 462
83 560
83 324
285 141
285 527
285 398
285 466
285 194
324 158
324 161
324 215
324 467
324 510
375 268
375 141
461 316
461 527
461 256
527 19
527 340
527 526
2 134
2 207
2 268
2 287
2 303
2 499
2 512
45 13
45 488
45 537
73 94
73 131
73 286
73 67
73 107
73 304
132 54
132 99
132 236
132 283
132 291
132 396
135 271
135 74
135 366
135 533
135 535
135 319
135 233
171 330
171 233
171 420
234 211
234 197
234 547
249 542
249 215
249 20
249 108
249 59
249 118
249 438
249 474
249 540
271 119
271 560
271 77
271 149
271 156
271 181
271 305
271 379
361 431
361 517
361 94
361 276
361 7
361 67
361 104
361 221
361 369
361 379
361 436
361 458
361 459
361 474
361 476
361 490
472 387
472 379
472 208
472 542
472 20
472 457
472 270
472 75
472 203
472 231
472 399
517 28
517 173
517 300
517 343
517 394
517 431
517 108
517 177
517 219
517 230
517 250
517 270
517 380
517 450
517 482
517 555
533 552
533 172
533 276
533 288
533 460
533 534
533 396
533 153
533 490
533 109
533 351
533 454
535 431
535 557
535 18
535 172
535 316
535 153
535 50
535 87
535 122
535 205
535 265
535 280
535 293
535 307
535 360
535 418
535 436
535 475
535 479
535 501
535 521
11 478
11 96
11 110
11 187
11 516
53 67
53 57
57 124
57 390
57 371
57 492
57 54
119 16
119 24
119 303
119 305
119 360
119 362
119 391
119 459
16 512
16 27
16 288
16 516
16 20
16 95
16 108
16 123
16 127
16 339
16 432
16 453
16 464
16 481
24 18
24 71
24 226
303 134
303 207
303 59
303 118
303 123
303 133
303 437
303 499
303 512
303 532
305 18
305 379
305 125
305 516
305 197
305 222
305 277
305 322
305 365
305 372
305 390
305 525
360 557
360 314
360 436
360 293
362 162
391 512
391 27
391 9
391 102
391 254
391 332
391 356
391 400
391 405
391 496
459 387
459 288
459 487
459 31
459 91
459 115
459 208
459 364
459 424
459 20
459 133
459 199
459 205
459 230
459 270
459 283
459 335
459 340
459 399
459 438
459 474
459 503
459 538
459 554
90 394
90 409
90 424
90 17
90 110
90 481
90 98
90 182
90 200
90 245
90 298
90 322
90 496
90 510
90 526
552 7
552 22
552 177
552 236
552 254
552 283
552 378
552 386
552 397
552 426
552 445
552 478
316 134
316 557
316 86
316 487
316 17
316 476
316 236
316 87
316 122
316 256
316 265
316 280
316 307
316 314
316 337
316 436
316 475
316 501
487 174
487 112
487 127
487 178
487 231
487 335
487 429
487 457
487 506
487 507
487 538
225 28
225 106
225 108
225 177
225 205
225 233
225 260
225 319
225 383
225 482
225 534
225 538
225 554
225 564
28 72
28 110
28 173
28 219
28 230
28 250
28 300
28 343
28 380
28 394
28 414
28 430
28 433
28 450
28 482
28 483
106 387
106 270
108 27
108 387
108 18
108 131
108 424
108 554
108 423
108 215
108 59
108 75
108 153
108 178
108 191
108 203
108 204
108 205
108 230
108 270
108 335
108 380
108 429
108 438
108 457
177 424
177 10
177 63
177 136
177 198
177 250
177 270
177 383
177 399
177 444
177 538
205 387
205 532
205 20
205 69
205 289
205 506
233 94
233 330
233 186
233 38
233 221
233 261
233 319
233 410
233 369
233 420
233 514
260 74
260 12
260 270
260 399
319 379
319 417
319 523
319 38
319 23
319 261
319 193
319 248
319 349
319 385
319 410
383 31
383 36
383 37
383 51
383 75
383 82
383 127
383 270
383 340
383 380
383 457
383 474
383 481
383 530
482 174
482 343
482 394
482 557
482 230
482 250
482 380
482 450
534 18
534 10
534 124
534 478
534 38
534 309
538 208
538 554
538 178
538 270
538 506
538 142
538 438
538 75
538 335
538 507
554 68
554 387
554 213
554 8
554 208
554 424
554 532
554 20
554 36
554 75
554 199
554 210
554 215
554 250
554 255
554 270
554 280
554 367
554 373
554 489
554 505
554 530
188 496
188 547
188 518
188 363
92 451
92 382
92 498
152 560
152 372
152 405
468 134
468 212
468 449
74 397
74 478
74 536
74 96
74 306
74 309
74 463
74 558
157 340
157 204
157 274
274 178
274 340
274 434
274 437
274 161
434 433
434 161
510 158
528 532
528 215
528 255
528 109
528 112
528 279
254 95
254 29
254 63
178 19
178 112
178 231
178 429
178 507
215 287
215 387
215 431
215 379
215 460
215 12
215 22
215 50
215 114
215 139
215 153
215 245
215 351
215 438
215 496
215 543
283 430
283 557
283 172
283 124
283 244
283 397
283 478
283 153
283 559
283 41
339 174
339 560
339 288
339 19
339 59
339 438
339 452
339 457
339 474
339 506
505 542
505 19
505 457
506 542
506 457
506 474
541 560
541 542
541 370
542 207
542 68
542 272
542 387
542 394
542 480
542 557
542 560
542 8
542 133
542 232
542 452
41 172
41 127
109 172
109 288
109 328
109 496
109 543
109 451
109 351
109 337
109 298
109 148
109 374
558 478
558 493
558 309
558 306
43 478
43 536
43 96
43 309
43 400
153 240
153 431
153 18
153 172
153 460
153 397
153 481
153 496
153 221
153 351
153 521
153 559
451 288
451 364
451 209
451 382
451 405
451 466
492 561
492 86
492 478
492 96
492 44
492 126
492 281
492 331
492 337
492 359
492 374
492 443
492 463
492 550
44 86
44 423
44 523
44 238
161 315
161 401
161 194
161 455
172 240
172 94
172 127
172 204
172 226
172 227
172 236
172 270
172 307
172 397
172 460
172 478
172 520
172 521
172 559
194 141
194 315
212 123
212 250
212 392
288 512
288 27
288 213
288 17
288 20
288 22
288 104
288 123
288 230
288 236
288 322
288 337
288 392
288 405
288 424
288 432
288 457
288 460
288 498
288 543
462 278
462 545
48 216
48 276
48 295
48 342
48 439
204 272
204 557
219 394
219 230
219 380
219 450
286 431
286 7
286 78
286 333
286 406
286 490
287 13
287 84
287 154
287 333
287 430
287 481
287 490
287 496
287 520
18 300
18 431
18 557
18 10
18 197
18 221
18 224
18 244
18 276
18 333
18 347
18 379
18 445
18 490
18 496
18 543
526 417
526 33
526 230
526 380
526 398
437 278
523 10
523 198
523 63
523 238
523 457
123 512
123 27
123 516
123 87
123 127
123 392
127 199
127 340
174 31
174 33
174 187
174 220
174 250
174 275
174 276
174 295
174 310
174 342
174 457
174 561
209 118
209 498
382 297
382 498
405 430
405 516
405 453
405 67
405 498
466 398
485 134
485 557
485 245
485 519
485 555
512 67
512 131
512 239
512 343
559 560
559 379
559 460
559 397
559 20
560 81
560 129
560 140
560 239
560 261
560 325
560 333
560 380
104 190
104 198
104 423
104 356
104 396
104 496
104 349
104 238
104 126
104 520
126 86
126 389
306 330
306 478
306 536
306 463
306 176
306 520
423 561
423 159
423 10
423 61
423 136
423 187
423 238
423 296
423 331
423 337
423 400
423 443
463 330
463 198
463 400
463 111
463 443
297 417
297 496
297 333
297 284
297 562
207 69
207 228
207 539
268 76
268 86
268 143
268 148
268 356
268 420
69 143
69 118
69 228
539 87
539 301
539 307
539 416
539 418
539 501
240 10
240 63
240 454
240 521
10 124
10 198
10 397
10 478
10 493
10 536
63 356
63 85
63 235
454 198
454 265
454 307
454 426
521 307
76 255
86 190
86 402
86 389
86 400
143 27
143 85
143 148
143 191
143 230
143 370
143 458
148 370
148 479
356 424
356 55
356 325
356 396
13 216
13 488
84 14
84 38
84 280
84 333
84 369
84 543
154 432
154 351
154 308
333 513
333 280
333 448
430 300
430 394
430 414
430 230
430 332
481 431
481 36
481 50
481 51
481 59
481 75
481 116
481 191
481 245
481 280
481 311
481 340
481 373
481 399
481 427
481 489
481 496
490 211
490 186
490 417
490 197
490 226
490 67
490 144
490 369
490 543
496 27
496 272
496 227
496 476
496 549
496 198
496 255
496 236
496 291
496 396
496 337
496 384
496 404
496 435
520 549
520 198
520 543
520 337
520 425
59 208
59 20
59 118
59 335
59 540
59 556
118 474
118 340
118 446
118 540
133 387
133 208
133 424
133 327
133 332
532 387
532 8
532 91
532 115
532 424
532 503
532 335
67 431
67 131
67 330
67 38
67 54
67 182
67 273
67 280
67 412
131 27
131 197
131 460
239 417
239 244
239 453
239 518
239 284
239 406
239 440
239 465
239 497
239 524
343 272
343 300
343 230
343 394
343 414
343 431
343 480
343 543
343 557
7 431
7 470
7 513
22 96
236 17
236 549
236 181
236 237
236 435
378 216
378 488
378 390
378 121
378 473
378 128
378 426
386 476
386 284
386 111
397 124
397 96
397 309
397 478
397 493
426 186
426 536
426 390
426 121
445 95
478 96
478 111
478 309
478 314
478 450
478 458
478 493
478 536
27 85
27 95
27 199
27 230
68 8
68 23
68 54
68 213
68 216
68 250
68 275
68 295
68 310
68 389
68 402
68 409
68 414
68 513
68 536
173 230
173 300
173 394
173 450
173 464
173 555
190 198
190 282
190 389
190 400
190 561
272 300
272 394
272 460
275 220
275 561
295 140
295 156
295 276
295 331
295 342
295 443
295 536
300 431
300 480
300 557
387 8
387 20
387 75
387 91
387 115
387 199
387 364
387 379
387 503
394 97
394 230
394 250
394 354
394 414
394 431
394 483
394 555
402 282
402 296
402 389
414 110
414 230
414 354
414 557
431 94
431 110
431 197
431 221
431 230
431 250
431 263
431 369
431 380
431 471
433 98
471 94
471 139
471 304
471 396
480 555
561 187
211 50
211 101
213 29
213 49
213 265
213 351
269 220
342 276
342 156
342 491
379 26
379 114
379 120
379 330
379 371
379 409
379 516
379 543
379 547
460 276
460 101
460 323
460 369
460 516
491 276
491 149
491 218
85 308
85 355
85 458
95 40
95 245
199 31
199 91
199 208
199 424
199 503
199 20
199 280
230 464
230 270
230 250
230 263
230 280
230 351
230 371
230 380
230 555
72 250
110 354
110 432
110 483
250 263
250 351
250 380
250 450
250 458
380 270
380 371
380 450
450 270
450 36
483 464
483 263
216 50
216 390
216 473
276 77
276 156
439 186
8 91
8 208
8 364
8 503
8 548
23 409
23 417
23 261
23 349
23 410
54 352
54 381
54 415
54 508
310 71
389 400
389 296
409 38
409 140
409 284
409 385
409 417
409 516
409 543
513 94
513 417
513 261
513 284
513 338
513 369
513 448
536 493
536 156
536 309
536 315
536 366
536 400
555 557
31 20
31 91
31 115
31 203
31 208
31 340
31 364
31 424
31 474
31 503
33 96
33 26
33 114
33 120
33 137
187 169
187 238
457 208
457 19
457 270
457 335
457 438
198 476
198 359
400 493
400 169
400 238
400 337
140 417
140 349
140 410
140 248
156 77
156 149
331 238
331 61
331 136
331 169
331 337
331 374
443 493
557 256
557 436
543 335
20 364
20 424
20 58
20 232
20 270
20 474
75 424
75 255
75 203
75 51
75 82
75 399
75 489
75 37
75 317
75 495
91 115
91 208
91 364
91 424
115 19
115 208
115 364
115 424
115 503
364 208
364 424
364 503
503 208
354 247
296 425
332 396
94 186
94 280
94 304
94 323
94 363
94 369
94 473
94 514
197 214
197 322
197 390
197 477
221 186
221 38
221 144
221 323
221 511
369 284
369 484
98 396
139 26
139 107
139 120
304 186
304 144
304 448
396 17
396 476
396 99
396 435
270 195
270 335
270 340
270 399
256 244
256 301
256 307
256 314
256 105
436 87
436 280
436 122
436 307
436 475
81 88
81 129
129 200
129 253
129 370
129 376
129 544
261 38
261 349
325 253
325 370
244 78
244 453
244 508
347 114
186 448
280 87
280 223
280 265
280 307
280 475
280 484
280 501
323 330
323 488
323 38
473 38
514 38
514 114
514 120
514 444
227 9
307 87
307 122
307 293
307 416
307 418
307 475
307 501
50 488
50 537
101 114
29 142
29 371
49 371
49 284
49 196
265 96
265 122
265 229
265 314
265 416
265 418
265 475
265 501
351 470
149 365
181 111
181 151
181 384
181 404
78 516
78 415
78 441
78 508
406 508
406 150
17 9
17 100
17 291
322 371
322 214
337 359
337 425
424 58
424 367
96 493
96 38
96 309
124 25
124 309
124 314
124 493
124 516
309 493
309 314
314 493
314 87
314 418
314 475
314 501
493 368
458 371
458 308
458 266
474 328
474 245
476 9
476 100
476 102
476 384
476 404
476 549
26 137
114 470
114 38
120 358
120 137
330 470
371 266
547 25
547 146
547 231
38 417
38 79
38 349
284 417
417 79
417 144
417 349
417 410
218 525
208 203
208 335
208 340
208 399
340 548
340 335
340 455
366 25
366 277
366 338
366 365
511 470
511 444
511 448
470 488
315 455
328 298
39 444
399 36
399 51
399 367
399 37
399 116
399 311
399 317
399 335
399 427
399 489
415 453
447 137
112 195
112 231
112 507
231 429
231 507
335 438
335 507
429 507
158 99
158 159
158 252
159 25
159 71
159 136
398 55
398 51
252 100
25 125
25 55
25 537
136 61
136 169
136 281
136 374
79 243
349 248
349 338
349 410
488 537
338 200
203 373
203 530
367 51
367 82
367 317
367 515
367 530
36 51
36 82
36 373
36 489
36 530
255 12
373 51
373 37
373 317
530 82
530 37
530 427
9 549
549 15
549 102
291 259
102 318
102 384
102 435
384 318
453 381
453 388
453 465
453 518
508 393
61 169
61 281
169 281
245 40
298 175
37 51
37 82
37 427
51 82
82 427
537 403
390 21
390 358
390 372
390 185
390 214
87 518
87 122
87 301
87 441
87 465
87 475
87 497
381 393
381 146
381 388
388 393
388 465
388 60
388 150
388 166
465 352
465 440
465 501
465 524
518 146
518 150
518 524
311 427
311 317
427 279
427 317
182 253
182 479
237 318
122 416
475 501
501 301
501 416
501 418
501 562
214 456
222 196
222 416
222 479
277 416
277 138
365 138
372 21
372 358
525 247
293 105
293 229
293 416
418 301
418 416
418 562
479 253
479 376
479 370
146 150
146 166
524 113
370 253
370 376
540 446
289 164
289 195
289 446
195 164
21 358
352 165
352 395
352 440
352 441
352 456
440 441
441 165
441 395
150 60
403 170
355 235
484 377
142 155
142 229
142 326
155 326
235 160
531 206
317 495
495 279
412 344
374 550
301 416
301 562
497 176
446 164
60 147
60 166
147 113
253 376
253 544
88 544
170 170
