0 43
0 150
0 151
0 174
0 178
0 187
0 189
0 221
0 227
0 280
0 283
0 352
0 357
0 364
0 424
0 431
0 450
0 452
1 11
1 43
1 138
1 157
1 158
1 164
1 203
1 243
1 263
1 284
1 321
1 358
1 391
1 424
2 24
2 31
2 80
2 93
2 144
2 149
2 151
2 170
2 227
2 237
2 297
2 330
2 347
2 352
2 364
2 380
2 388
2 412
3 4
3 23
3 37
3 65
3 112
3 137
3 144
3 173
3 238
3 310
3 322
3 340
3 344
3 426
4 6
4 38
4 68
4 103
4 177
4 322
4 337
5 39
5 164
5 283
5 332
5 341
5 371
5 374
5 424
6 17
6 171
6 232
6 242
7 12
7 131
7 136
7 186
7 203
7 226
7 231
7 258
7 275
7 361
7 369
7 379
7 419
7 438
8 106
8 156
8 206
8 278
8 377
8 386
8 402
8 411
8 423
9 146
9 170
9 342
9 432
10 81
10 96
10 126
10 182
10 196
11 190
11 243
11 252
11 263
11 325
11 326
11 335
11 353
11 408
12 115
12 124
12 306
12 337
12 341
12 371
13 15
13 160
13 163
13 321
13 341
14 57
14 71
14 85
14 118
14 134
14 212
14 256
14 409
15 16
15 21
15 129
15 142
15 151
15 160
15 163
15 189
15 245
15 321
15 424
16 74
16 100
16 109
16 137
16 148
16 170
16 178
16 221
16 240
16 308
16 338
16 356
16 415
16 440
16 443
17 69
17 119
17 158
17 163
17 204
17 227
17 259
17 299
17 337
17 345
17 366
17 380
17 451
18 153
18 378
18 429
19 56
19 100
19 115
19 129
19 146
19 170
19 189
19 227
19 282
19 350
20 36
20 54
20 111
20 140
20 147
20 168
20 190
20 214
20 243
20 274
20 287
20 339
20 362
20 384
20 436
20 446
20 447
21 56
21 175
21 271
21 321
21 414
21 424
21 449
22 106
22 127
22 149
22 265
23 37
23 100
23 103
23 148
23 173
23 195
23 219
23 238
23 254
23 262
23 310
23 322
23 331
23 336
23 344
23 426
24 180
24 285
24 312
25 40
25 421
26 43
26 145
26 149
26 151
26 160
26 223
26 227
26 243
26 245
26 295
26 315
26 346
26 388
26 434
26 440
26 452
27 48
27 83
27 136
27 155
27 181
27 204
27 207
27 247
27 300
27 320
27 341
27 350
27 370
27 379
27 384
27 394
27 411
28 63
28 157
28 237
28 351
28 418
29 43
29 81
29 85
29 130
29 149
29 160
29 180
29 212
29 309
29 376
30 73
30 76
30 251
30 304
30 420
30 445
31 245
31 268
31 347
31 412
32 98
32 102
32 115
32 207
32 250
32 258
32 364
32 379
32 397
32 427
32 438
33 73
33 76
33 251
33 337
34 133
34 151
34 302
34 372
34 395
35 200
35 215
35 239
35 305
35 406
36 52
36 78
36 100
36 190
36 214
36 287
36 392
36 447
37 72
37 112
37 173
37 238
37 336
37 340
37 426
37 445
38 62
38 65
38 67
38 75
38 93
38 144
38 148
38 200
38 222
38 232
38 234
38 243
38 294
38 297
38 387
39 47
39 129
39 229
39 243
39 318
39 356
39 364
40 109
40 183
40 236
40 417
40 421
41 52
41 57
41 114
41 130
41 166
41 233
41 274
41 414
42 63
42 109
42 118
42 146
42 157
42 163
42 170
42 237
42 282
42 307
42 337
42 351
42 393
42 418
42 450
43 77
43 214
43 248
43 269
43 283
43 321
43 380
43 451
44 395
45 239
45 398
45 406
46 51
46 125
46 133
46 204
46 392
47 54
47 59
47 74
47 101
47 127
47 158
47 164
47 167
47 181
47 229
47 243
47 252
47 260
47 271
47 318
47 338
47 341
47 358
47 364
47 366
47 371
47 380
47 413
48 155
48 280
49 82
49 101
49 125
49 148
49 192
49 222
49 234
49 235
49 254
49 276
49 281
49 294
49 297
49 385
49 426
49 437
50 98
50 121
50 129
50 141
50 147
50 154
50 164
50 168
50 181
50 198
50 203
50 301
50 320
50 362
50 380
50 410
50 430
50 436
50 446
51 118
51 133
51 179
51 285
51 372
51 395
51 440
52 57
52 78
52 126
52 180
52 212
52 274
52 329
52 414
53 92
53 136
53 184
53 208
53 250
53 253
53 273
53 348
53 369
53 411
53 438
54 134
54 216
54 229
54 240
54 241
54 260
54 265
54 298
54 338
54 358
54 364
54 438
55 75
55 90
55 101
55 115
55 116
55 177
55 229
55 234
55 271
55 276
55 306
56 100
56 129
56 193
56 433
57 71
57 78
57 114
57 130
57 274
57 414
58 75
58 93
58 101
58 142
58 148
58 177
58 217
58 225
58 234
58 249
58 279
58 303
58 330
58 349
58 389
59 147
59 162
59 169
59 223
59 320
59 431
59 441
60 166
60 212
60 233
60 374
61 63
61 109
61 125
61 237
61 307
61 315
61 335
61 367
61 450
62 70
62 101
62 144
62 200
62 232
62 249
62 360
62 371
63 109
63 157
63 209
63 237
63 307
63 335
63 346
63 393
63 418
63 450
64 174
64 187
64 243
64 289
64 315
64 323
64 335
64 353
64 452
65 75
65 84
65 93
65 101
65 149
65 216
65 235
65 249
65 289
65 294
65 297
65 330
65 349
65 376
65 380
65 385
65 405
65 413
65 422
66 67
66 128
66 144
66 192
66 261
66 310
67 75
67 93
67 99
67 101
67 115
67 234
67 254
67 293
67 297
67 322
67 330
67 336
67 349
67 360
67 371
67 385
68 93
68 95
68 148
68 178
68 222
68 239
68 240
68 242
68 259
68 262
68 317
68 375
68 390
68 398
68 406
68 440
69 115
69 161
69 214
69 229
69 259
69 286
69 299
69 345
69 364
69 366
69 429
69 452
70 86
70 90
70 115
70 311
71 212
71 414
72 87
72 181
72 199
72 216
72 384
72 397
73 76
73 100
73 129
73 251
73 277
73 355
73 420
74 75
74 119
74 137
74 146
74 148
74 158
74 174
74 178
74 187
74 221
74 229
74 240
74 243
74 265
74 271
74 275
74 330
74 338
74 364
74 371
74 375
74 380
74 404
74 415
74 430
74 439
74 440
74 447
75 86
75 101
75 119
75 148
75 177
75 181
75 232
75 235
75 276
75 297
75 330
75 349
75 389
75 391
76 210
76 225
76 277
76 420
77 239
77 242
77 299
77 360
77 406
78 81
78 166
78 274
78 377
78 392
78 447
79 87
79 191
79 387
79 419
80 144
80 163
80 191
80 249
80 332
80 362
80 408
81 96
81 182
81 188
81 212
81 245
81 274
81 321
81 329
81 403
82 99
82 185
82 192
82 238
82 254
82 297
82 331
82 340
82 354
83 135
83 270
83 280
83 370
83 379
84 110
84 111
84 121
84 149
84 160
84 181
84 186
84 198
84 216
84 227
84 237
84 328
84 335
84 350
84 379
84 384
84 404
84 446
84 452
85 114
85 134
85 212
85 248
86 90
86 148
86 154
86 297
86 443
87 110
87 397
88 186
88 304
88 334
88 377
88 448
89 300
89 445
90 101
90 115
90 116
90 118
90 149
90 171
90 194
90 217
90 271
90 274
90 276
90 402
90 435
91 183
91 266
91 391
91 421
92 136
92 184
92 208
92 250
92 253
92 273
92 348
92 369
92 411
92 438
93 139
93 142
93 144
93 189
93 232
93 234
93 235
93 249
93 262
93 279
93 289
93 293
93 294
93 308
93 310
93 322
93 330
93 337
93 385
93 422
93 426
94 121
94 362
95 308
96 126
96 182
96 196
96 256
96 409
97 351
97 433
98 131
98 147
98 181
98 198
98 207
98 226
98 247
98 264
98 296
98 301
98 320
98 328
98 336
98 350
98 364
98 369
98 379
98 384
98 419
98 430
98 438
99 185
99 192
99 254
99 290
99 313
99 426
99 437
100 129
100 190
100 193
100 214
100 274
100 287
100 392
100 447
101 102
101 105
101 112
101 115
101 116
101 119
101 122
101 125
101 139
101 144
101 148
101 170
101 171
101 177
101 195
101 200
101 204
101 217
101 229
101 232
101 234
101 235
101 249
101 254
101 276
101 279
101 293
101 294
101 297
101 310
101 313
101 322
101 330
101 337
101 358
101 363
101 371
101 385
101 387
101 405
102 117
102 136
102 241
102 275
102 341
102 383
103 128
103 232
103 310
103 322
103 349
103 377
103 426
103 451
104 165
104 291
104 350
104 381
105 122
105 195
105 363
106 127
106 149
106 174
106 187
106 198
106 278
106 298
106 364
106 402
106 452
107 191
107 327
107 395
107 416
108 299
108 354
109 149
109 152
109 157
109 183
109 201
109 237
109 243
109 252
109 263
109 321
109 335
109 368
109 404
109 449
110 282
111 190
111 214
111 236
111 243
111 274
111 376
112 159
112 213
112 234
112 235
112 293
112 308
112 322
112 336
112 360
113 283
113 452
115 116
115 131
115 136
115 146
115 147
115 158
115 159
115 160
115 166
115 171
115 194
115 195
115 212
115 223
115 248
115 264
115 270
115 271
115 276
115 297
115 299
115 306
115 356
115 361
115 363
115 371
115 380
115 435
115 438
116 146
116 159
116 162
116 168
116 194
116 212
116 306
116 361
116 362
116 390
116 402
116 423
116 435
117 170
117 174
117 187
117 282
117 285
117 376
117 399
118 193
118 194
118 207
118 213
118 265
118 271
118 283
118 389
118 433
118 434
118 443
119 129
119 146
119 159
119 164
119 200
119 214
119 229
119 263
119 303
119 325
119 330
119 356
119 366
119 371
120 260
120 343
121 140
121 141
121 147
121 154
121 168
121 241
121 301
121 320
121 362
121 373
121 410
121 430
121 436
121 446
122 139
122 195
122 333
122 363
123 156
124 132
124 167
124 181
124 216
124 220
124 264
124 275
124 361
124 371
124 384
124 442
125 133
125 144
125 210
125 212
125 268
125 285
125 292
125 320
125 324
125 339
125 358
125 361
125 362
125 368
125 418
125 442
125 446
126 188
126 196
126 248
126 309
127 174
127 176
127 244
127 278
127 321
127 364
127 423
127 452
128 261
128 310
128 330
129 149
129 251
129 263
129 266
129 271
129 380
130 134
130 160
130 166
130 212
130 233
130 245
130 329
130 376
130 380
130 388
130 414
131 136
131 184
131 186
131 194
131 207
131 211
131 231
131 275
131 341
131 350
131 358
131 369
131 411
131 419
131 438
132 163
132 216
132 220
132 264
132 361
132 371
132 379
132 442
133 146
133 149
133 160
133 191
133 202
133 236
133 285
133 302
133 346
133 372
133 376
133 380
133 395
133 434
134 149
134 166
134 174
134 187
134 212
134 230
134 243
134 329
134 452
135 136
135 155
135 247
135 270
135 280
135 350
135 370
136 169
136 181
136 184
136 198
136 208
136 217
136 226
136 250
136 253
136 273
136 337
136 348
136 350
136 369
136 384
136 411
136 438
136 451
137 144
137 148
137 160
137 178
137 187
137 221
137 240
137 301
137 328
137 338
137 375
137 388
137 415
137 439
137 440
137 443
138 164
138 165
138 223
138 243
138 291
138 306
138 312
138 352
138 381
138 434
139 195
139 232
139 254
139 310
139 363
139 426
140 141
140 147
140 168
140 170
140 241
140 339
140 362
140 364
140 373
140 410
141 147
141 154
141 164
141 168
141 169
141 170
141 241
141 301
141 337
141 339
141 362
141 373
141 410
141 446
142 157
142 169
142 189
142 209
142 245
142 352
143 147
143 194
143 373
143 410
144 170
144 200
144 262
144 364
144 385
144 399
144 406
144 408
145 346
145 364
145 434
146 164
146 170
146 191
146 203
146 204
146 229
146 243
146 263
146 271
146 306
146 330
146 362
146 364
146 395
146 424
146 428
146 435
147 154
147 164
147 168
147 181
147 190
147 241
147 257
147 301
147 304
147 320
147 321
147 350
147 384
147 387
147 410
147 430
147 435
147 438
147 446
148 173
148 178
148 185
148 195
148 222
148 232
148 234
148 235
148 238
148 240
148 249
148 254
148 262
148 286
148 297
148 308
148 310
148 322
148 349
148 375
148 426
148 437
148 440
149 174
149 181
149 198
149 207
149 237
149 245
149 259
149 265
149 278
149 335
149 405
149 434
149 452
150 172
150 198
150 245
150 289
150 306
150 398
151 168
151 174
151 203
151 266
151 289
151 297
151 302
151 305
151 351
151 366
151 388
151 395
152 218
153 161
153 366
153 378
153 413
154 164
154 170
154 198
154 204
154 257
154 320
154 350
154 430
154 446
155 247
155 280
155 444
156 278
156 377
156 386
156 402
156 423
156 445
157 189
157 209
157 212
157 237
157 282
157 307
157 315
157 333
157 353
157 387
157 418
157 450
157 452
158 160
158 164
158 169
158 171
158 227
158 229
158 243
158 271
158 278
158 318
158 364
158 371
158 374
158 380
158 404
159 235
159 306
159 322
159 334
159 360
160 227
160 234
160 237
160 244
160 321
160 335
160 374
160 380
160 404
161 259
161 286
161 299
161 366
161 378
161 400
162 171
162 213
162 228
162 265
162 333
163 181
163 186
163 223
163 243
163 245
163 265
163 266
163 275
163 297
163 315
163 317
163 321
163 346
163 358
163 364
163 380
163 384
164 168
164 203
164 243
164 252
164 257
164 258
164 263
164 266
164 301
164 318
164 320
164 341
164 353
164 362
164 371
164 436
164 446
165 291
165 327
165 381
166 212
166 233
167 324
167 327
167 339
167 366
167 425
168 227
168 362
168 430
168 436
168 446
169 232
169 320
169 342
169 371
169 374
169 427
169 446
170 191
170 203
170 204
170 209
170 212
170 224
170 273
170 301
170 315
170 317
170 330
170 332
170 339
170 350
170 362
170 440
170 446
170 450
170 452
171 195
171 229
171 271
171 289
171 306
171 311
171 331
171 352
172 243
172 424
172 449
173 238
173 249
173 310
173 322
173 340
173 426
174 178
174 187
174 198
174 240
174 243
174 265
174 338
174 388
174 398
174 404
174 406
174 440
174 452
175 182
176 187
176 198
176 314
176 383
176 388
176 451
176 452
177 294
177 330
177 385
178 221
178 240
178 265
178 267
178 308
178 338
178 375
178 404
178 439
178 440
178 447
179 191
179 204
179 372
179 428
180 212
180 347
181 186
181 194
181 211
181 220
181 243
181 264
181 275
181 296
181 301
181 306
181 320
181 350
181 356
181 371
181 379
181 384
181 397
181 406
181 411
181 435
181 438
182 188
182 196
182 321
182 403
183 263
183 335
183 417
183 449
184 195
184 208
184 250
184 253
184 273
184 348
184 369
184 411
184 438
185 192
185 254
185 426
185 437
185 445
186 231
186 250
186 365
186 411
186 438
187 221
187 240
187 265
187 279
187 289
187 338
187 398
188 248
189 212
189 282
189 299
189 315
189 330
190 214
190 263
190 274
190 287
190 341
190 350
190 447
191 204
191 372
191 395
192 254
192 297
192 310
192 426
192 437
193 282
194 217
194 276
194 341
194 361
194 376
194 390
194 435
194 451
195 217
195 219
195 222
195 313
195 316
195 322
195 363
195 413
196 309
197 228
198 229
198 247
198 328
198 379
198 384
198 398
198 452
199 205
199 264
199 324
199 348
199 359
199 361
199 437
199 442
200 232
200 234
200 235
200 238
200 249
200 297
200 330
201 232
201 252
201 263
201 271
201 284
201 368
202 321
202 346
203 209
203 227
203 252
203 263
203 353
203 380
203 438
204 264
204 339
204 361
204 362
204 369
204 397
204 416
204 446
205 216
205 264
205 339
205 350
205 427
205 442
206 243
206 368
206 386
206 423
207 247
207 253
207 264
207 275
207 339
207 380
207 411
208 250
208 253
208 273
208 348
208 369
208 411
208 438
209 237
209 307
209 315
209 418
209 450
210 225
210 277
210 420
210 451
211 253
211 275
211 288
211 296
211 341
211 361
211 402
211 419
212 230
212 282
212 309
212 329
212 407
212 409
212 414
214 215
214 249
214 274
214 287
214 294
214 299
214 308
214 397
214 413
214 447
215 398
216 220
216 231
216 264
216 294
216 324
216 327
216 330
216 337
216 339
216 360
216 361
216 371
216 397
216 425
216 442
217 226
217 260
217 311
217 336
217 364
217 376
217 379
217 397
217 435
218 263
218 284
218 368
218 403
219 259
219 405
219 410
219 451
219 452
220 264
220 275
220 296
220 361
220 371
220 384
220 438
220 442
221 240
221 265
221 338
221 404
221 439
221 440
221 447
222 235
222 240
222 297
222 308
222 330
222 360
222 375
222 405
223 312
223 337
223 380
223 396
223 434
224 317
224 362
224 433
226 253
226 258
226 289
226 336
226 369
226 382
226 411
226 438
227 237
227 306
227 323
227 330
227 335
227 374
227 380
227 391
227 404
227 446
228 333
228 404
229 232
229 240
229 243
229 249
229 255
229 287
229 314
229 318
229 338
229 352
229 353
229 356
229 364
229 412
229 413
229 423
230 380
230 451
231 264
231 339
231 350
231 361
231 384
231 397
232 234
232 243
232 249
232 293
232 294
232 297
232 322
232 360
232 385
232 452
233 329
234 238
234 254
234 276
234 297
234 310
234 322
234 331
234 340
234 349
234 382
234 385
234 452
235 249
235 276
235 297
235 311
235 330
235 382
235 385
235 388
235 452
236 245
236 402
236 451
237 307
237 326
237 335
237 351
237 367
237 388
237 393
237 418
237 450
237 451
238 293
238 297
238 331
238 340
238 354
238 402
238 426
239 305
239 308
239 401
240 265
240 306
240 308
240 338
240 364
240 404
240 415
240 430
240 439
240 440
240 443
240 447
241 362
241 391
241 436
242 305
242 321
242 388
242 406
243 252
243 255
243 283
243 318
243 321
243 366
243 404
243 434
243 436
244 376
244 388
245 265
245 268
245 321
246 268
246 376
246 451
247 250
247 253
247 270
247 280
247 296
247 298
247 328
247 341
247 370
247 379
247 438
247 444
247 452
249 293
249 310
249 330
249 360
249 413
249 426
250 253
250 273
250 296
250 348
250 350
250 369
250 402
250 411
250 438
252 263
252 307
252 335
253 264
253 273
253 296
253 336
253 337
253 341
253 348
253 350
253 369
253 382
253 384
253 411
253 419
253 438
254 294
254 322
254 349
254 426
254 437
256 282
256 283
256 309
256 452
257 373
258 427
259 376
259 435
260 279
260 364
262 293
262 313
262 340
262 385
262 387
262 437
263 266
263 315
263 325
263 335
263 364
263 368
263 421
264 296
264 361
264 371
264 379
264 384
264 388
264 397
264 442
265 271
265 321
265 338
265 389
265 404
265 447
266 306
266 325
266 374
266 380
269 353
269 408
270 280
270 350
270 379
271 306
271 358
271 364
271 366
271 371
271 389
272 355
272 434
273 339
273 344
273 348
273 350
273 369
273 411
273 438
274 287
274 329
274 407
274 447
275 339
275 364
275 371
275 380
275 419
276 306
276 318
276 319
276 356
276 371
276 380
276 435
277 420
278 298
278 320
278 383
278 384
278 397
278 402
278 423
279 289
279 382
279 422
280 341
280 444
281 319
282 315
282 333
282 384
283 364
285 295
285 346
285 372
285 392
285 395
286 299
287 412
287 447
288 334
288 365
288 377
289 382
289 397
289 452
290 310
290 313
290 322
290 370
290 387
291 381
291 396
291 434
292 337
292 371
292 434
293 297
293 322
293 337
293 340
293 360
293 363
293 385
293 389
294 297
294 330
294 360
294 385
294 397
294 452
295 434
296 336
296 384
296 397
296 438
297 349
297 364
297 385
297 403
297 413
298 376
299 337
299 366
300 350
300 366
300 394
300 427
301 371
301 379
301 430
301 446
302 333
302 395
303 431
304 334
304 420
304 435
304 445
305 308
305 360
305 403
305 406
306 318
306 356
306 435
307 367
307 393
307 412
307 418
307 450
308 375
308 378
308 398
308 406
309 409
310 313
310 322
310 331
310 340
310 349
310 377
310 402
310 426
311 330
311 331
311 356
311 440
313 316
314 390
314 405
314 413
315 326
315 346
315 353
315 360
317 362
317 389
317 398
317 406
318 371
318 423
320 366
320 379
320 384
320 387
320 430
320 446
321 329
321 352
321 358
321 364
321 371
321 389
321 403
322 340
322 349
322 385
322 426
323 335
323 380
323 432
324 327
324 339
324 361
324 420
324 425
325 326
325 380
327 339
327 359
327 361
327 377
327 425
328 427
330 360
330 362
330 382
330 385
330 405
330 422
331 340
331 354
331 440
332 368
332 412
333 366
333 382
334 339
334 365
334 377
334 386
335 380
335 432
336 341
336 344
336 369
336 379
336 382
336 437
336 438
337 341
337 366
337 387
338 358
338 364
338 374
339 359
339 361
339 377
339 397
339 411
339 425
339 436
339 442
340 354
340 385
340 426
341 366
341 370
341 371
341 379
341 391
341 411
341 444
342 432
343 358
345 366
345 378
345 429
346 367
348 369
348 411
348 438
350 371
350 384
350 392
350 394
350 411
350 438
351 367
351 393
352 380
352 424
352 452
355 392
355 396
355 434
356 371
356 380
356 383
357 431
358 364
359 425
359 442
360 382
360 405
361 371
361 397
361 435
361 442
362 410
362 411
362 435
362 436
364 371
364 385
364 400
364 409
366 371
366 378
366 390
366 391
366 398
366 403
366 435
367 391
367 450
368 412
369 379
369 384
369 411
369 438
370 379
371 391
371 397
371 411
371 421
371 427
371 442
371 449
372 428
372 440
374 380
374 404
375 398
375 415
376 390
376 402
376 405
376 433
376 434
376 438
377 386
377 402
377 423
377 425
377 448
378 390
378 429
379 427
380 389
380 423
381 392
381 434
384 386
384 397
384 438
385 442
386 402
386 423
386 427
386 445
387 437
388 398
388 452
390 435
390 451
391 400
391 423
392 440
393 418
396 434
396 440
397 438
398 400
398 447
398 452
400 415
401 406
402 423
402 445
403 422
404 452
405 422
406 452
410 430
410 436
410 446
411 438
415 439
415 440
415 452
417 421
417 449
420 441
423 445
426 437
430 446
432 445
437 451
445 451
