0 8
0 10
0 36
0 43
0 52
8 4
8 10
8 18
8 19
8 21
8 29
8 30
8 43
8 44
8 50
8 63
10 18
10 25
10 36
10 43
10 50
10 64
36 13
36 18
36 39
36 50
43 4
43 19
43 29
43 30
43 44
43 50
43 63
52 29
4 13
4 44
4 19
4 21
4 30
4 63
18 2
18 30
18 39
19 13
19 44
19 21
19 34
19 50
19 63
21 44
21 29
21 30
21 49
21 50
21 63
29 30
29 63
29 50
30 42
30 44
30 50
30 63
44 2
44 11
44 20
44 27
44 50
44 63
50 42
50 63
63 42
63 53
25 2
25 6
25 9
25 24
25 31
25 33
25 41
25 42
25 57
25 59
25 5
25 14
25 20
25 32
25 48
25 55
25 56
25 61
64 53
64 55
64 12
64 20
64 27
64 28
64 34
64 49
64 16
64 17
64 38
64 45
64 58
13 2
13 31
13 12
13 16
13 17
13 20
13 27
13 28
13 34
13 49
13 55
13 56
13 58
39 53
1 2
1 3
1 6
1 9
1 11
1 24
1 31
1 33
1 37
1 41
1 42
1 57
1 59
1 62
2 11
2 22
2 24
2 31
2 33
2 35
2 37
2 42
2 51
2 53
2 55
2 57
2 59
2 62
3 22
3 31
3 33
3 37
3 56
3 57
3 62
6 5
6 9
6 11
6 32
6 42
6 46
6 47
6 48
6 60
6 61
6 62
9 5
9 31
9 33
9 42
9 46
9 47
9 48
9 61
11 22
11 31
11 33
11 37
11 42
11 57
11 61
11 62
24 35
24 37
24 41
24 56
24 60
24 62
31 22
31 33
31 35
31 37
31 42
31 57
31 62
33 22
33 35
33 37
33 41
33 42
33 57
33 62
37 32
37 41
37 42
37 57
37 59
37 60
37 62
41 22
41 35
41 40
41 51
41 56
41 57
41 59
41 60
41 62
42 5
42 14
42 32
42 35
42 46
42 47
42 60
42 61
42 62
57 22
57 35
57 56
57 59
57 62
59 35
59 62
62 22
62 35
62 60
22 35
22 60
51 26
51 53
53 7
53 28
53 49
55 7
55 12
55 16
55 17
55 27
55 34
55 45
55 49
55 58
56 14
56 49
5 14
5 32
5 46
5 47
5 48
5 60
5 61
32 14
32 46
32 48
32 60
32 61
46 27
46 47
46 60
47 60
47 61
48 14
48 60
48 61
60 14
60 58
60 61
61 14
61 34
40 12
40 26
40 15
40 23
40 38
40 54
12 7
12 15
12 16
12 17
12 20
12 23
12 26
12 27
12 28
12 34
12 45
12 49
16 27
16 28
16 49
16 17
16 45
17 20
17 27
17 49
17 45
17 58
20 7
20 26
20 27
20 28
20 34
20 45
20 49
27 7
27 15
27 34
27 45
27 49
27 58
28 7
28 45
28 58
34 7
34 45
34 49
49 7
49 45
58 45
26 7
26 15
26 23
15 23
23 38
23 54
38 54
