881
691
1006
1007
509
586
425
1081
549
168
688
583
554
463
953
714
950
439
1038
807
1083
148
1015
486
572
993
906
880
797
130
333
306
114
271
1056
659
1132
903
831
912
886
72
262
325
246
611
8
644
734
874
884
1031
538
707
204
366
862
987
74
1077
662
1120
457
241
195
964
1119
1026
149
513
1049
704
710
973
940
104
199
1048
747
386
65
626
1
474
414
78
751
160
172
899
487
79
302
264
186
24
2
187
986
290
865
227
152
43
996
782
698
198
582
579
68
920
222
959
1002
369
493
790
767
949
177
124
274
756
539
491
498
278
801
289
145
773
230
342
1013
1125
541
533
1107
196
598
535
680
599
534
375
348
489
1020
821
454
1055
921
502
215
658
442
719
421
622
303
617
344
266
840
1023
258
836
94
316
873
109
1098
372
875
108
1029
567
649
312
557
1093
602
350
117
39
139
808
753
1102
411
883
702
292
614
357
400
28
781
938
1069
531
867
354
956
275
429
560
56
581
681
536
824
107
692
236
618
121
1051
477
690
313
737
298
178
248
389
888
91
1060
1084
338
811
436
176
26
623
546
1106
398
818
191
365
895
182
792
812
748
337
1039
437
668
15
713
621
1000
851
1127
64
59
328
69
551
878
25
409
106
721
238
902
235
455
935
700
1047
253
150
1101
746
1109
764
193
329
113
1131
564
300
213
458
447
730
570
12
469
787
655
1111
1005
197
732
391
1118
876
651
66
305
3
128
804
929
540
34
606
1112
180
1122
643
731
758
1091
143
694
679
1052
933
850
1001
505
740
1065
1059
759
595
1063
615
1087
671
601
296
102
625
239
1045
896
1072
282
1100
1095
368
784
571
882
568
609
382
813
972
42
1042
211
749
96
1018
826
788
349
829
422
60
99
841
412
438
715
937
769
587
872
915
911
673
359
656
452
724
0
297
744
362
326
405
854
1088
331
584
1067
38
890
600
1110
485
1090
517
794
98
153
909
136
1064
433
843
364
47
285
251
450
225
169
304
918
466
603
51
632
250
985
1061
396
202
185
256
394
637
403
390
652
154
736
441
1040
135
728
123
82
263
220
1115
270
158
507
324
311
1016
37
620
11
1130
402
232
358
1116
919
522
267
171
926
864
907
151
399
519
179
901
353
247
910
90
593
1019
200
352
537
892
10
249
720
563
810
432
133
870
420
20
648
553
988
550
427
578
377
982
346
370
210
669
999
478
687
291
393
379
163
521
392
566
345
184
36
407
667
192
261
592
761
162
1113
1024
473
685
968
504
1076
174
506
828
279
181
650
524
125
417
226
684
167
384
827
980
930
696
693
314
825
528
1003
997
254
665
636
408
844
340
503
1046
448
336
802
934
837
639
695
981
858
577
385
624
561
499
287
32
1037
464
1009
803
1050
281
963
670
631
712
627
335
490
131
1017
1108
319
682
523
795
783
965
1071
923
562
483
957
994
84
318
936
13
589
221
556
544
663
252
255
530
343
383
842
945
1114
697
440
778
635
786
928
616
608
207
288
1097
633
406
762
1057
1012
975
461
159
460
979
161
1089
413
814
280
510
416
351
526
745
323
1096
597
401
484
309
119
718
863
166
619
479
573
155
991
1079
277
453
646
657
22
5
514
726
1004
869
1034
904
73
373
640
189
848
30
63
46
54
214
482
242
170
142
1074
57
459
686
750
634
500
722
77
495
585
1075
1092
757
134
48
1070
525
231
488
465
800
257
1066
295
1021
87
71
501
908
941
443
763
205
733
456
860
661
838
188
629
1105
237
327
371
1123
476
547
664
332
962
140
233
770
849
244
1008
273
798
310
939
1035
565
779
743
1073
559
138
376
755
946
146
518
1129
716
998
1078
67
97
101
955
852
515
276
321
859
224
809
879
832
735
4
989
70
387
699
462
356
511
423
81
92
853
212
431
435
173
283
711
689
41
116
361
760
641
451
1086
835
424
558
791
144
293
14
16
206
320
703
268
330
984
9
50
1099
1104
604
1094
374
317
647
857
1014
397
527
129
591
741
638
468
1025
645
497
419
893
126
75
833
294
1010
470
58
494
481
977
819
395
127
1036
776
789
990
799
301
88
115
961
970
774
742
678
951
471
596
80
228
308
112
480
404
816
445
820
839
725
21
666
630
861
924
529
1033
35
89
887
520
978
612
322
360
954
95
569
40
1085
430
922
175
53
771
508
1044
111
976
992
898
105
891
426
86
467
218
31
1043
834
705
44
917
958
1080
240
110
723
234
243
1068
1126
766
660
590
201
983
85
1128
76
823
217
428
701
260
1028
605
388
805
576
29
845
672
120
885
548
894
995
18
942
157
738
855
410
683
948
846
165
772
856
183
1022
194
806
777
315
943
62
1027
516
118
677
203
967
415
674
739
931
914
796
871
947
100
727
156
49
223
1058
259
830
675
822
269
1124
785
866
449
927
