377
6
348
109
36
141
359
110
82
281
203
326
5
91
224
175
53
101
128
174
29
325
182
204
39
306
240
350
98
130
374
0
310
13
346
301
198
352
129
353
68
173
258
363
360
40
327
21
206
131
71
176
356
317
288
214
83
103
312
4
264
286
96
190
54
158
192
117
292
70
81
200
93
366
159
244
254
32
299
265
52
307
193
79
114
86
243
116
64
223
46
253
49
280
349
20
100
291
194
118
8
358
22
238
75
87
298
10
230
78
95
44
50
302
318
247
9
92
55
183
332
300
102
97
41
90
181
323
226
127
88
134
143
347
67
119
202
207
65
105
107
132
218
135
270
354
11
261
17
37
112
180
357
289
227
51
169
242
241
84
213
115
126
290
321
166
124
362
239
31
140
225
61
66
165
168
34
56
236
199
189
334
211
73
320
85
222
279
45
