267
209
213
326
292
0
295
26
60
153
313
3
240
4
207
86
110
303
244
232
129
208
72
75
95
320
15
12
142
177
83
100
105
174
183
115
43
212
252
40
181
230
24
57
197
128
137
236
141
87
147
276
229
67
28
294
265
47
108
151
144
241
39
121
34
159
191
272
97
94
239
89
99
258
163
133
122
231
106
296
11
152
210
14
101
136
139
154
10
80
20
32
187
63
127
304
5
102
76
279
200
249
65
321
55
123
9
314
25
90
263
270
277
234
70
179
161
145
274
307
284
221
273
27
64
251
21
124
91
317
50
33
260
189
282
69
38
81
269
170
109
256
134
264
36
113
131
68
143
228
310
79
130
266
49
201
168
13
162
178
35
41
148
