22
132
103
317
64
29
258
10
147
8
95
9
21
201
314
299
33
244
144
92
165
300
286
138
76
176
91
316
61
151
264
265
57
108
2
310
105
303
199
272
297
294
127
306
231
219
155
249
239
136
256
182
159
135
39
7
204
114
85
262
26
99
134
207
171
60
163
257
50
190
301
233
125
324
56
115
81
19
83
291
326
302
74
44
189
78
309
181
173
118
281
53
278
224
110
279
6
255
320
196
28
185
42
59
139
169
94
312
156
31
203
197
38
261
145
13
206
247
274
47
280
208
23
0
282
242
93
214
86
248
250
96
225
246
227
212
3
245
187
119
313
100
235
150
77
308
152
170
45
73
167
295
293
323
65
315
263
289
16
154
211
34
27
216
24
30
141
325
273
232
122
270
116
140
12
79
178
67
304
268
128
305
321
82
111
69
75
172
63
101
72
285
290
97
174
133
113
54
120
87
284
236
188
269
160
296
240
234
259
36
131
200
52
277
271
58
209
221
195
252
228
267
17
109
84
322
238
71
