250
46
152
262
69
87
282
235
316
14
194
321
287
268
308
100
56
20
313
310
269
98
63
32
199
146
108
151
178
90
86
12
273
290
99
314
234
164
276
246
97
76
301
169
47
31
279
62
299
82
128
252
160
198
2
261
26
174
61
139
286
25
278
306
110
158
104
10
50
315
242
294
177
71
51
175
220
91
70
144
244
188
285
73
190
21
224
78
65
305
38
6
179
196
109
304
180
181
201
219
136
34
168
189
227
161
230
45
291
322
176
49
245
203
114
288
289
267
44
167
130
13
274
217
29
4
284
247
127
300
41
216
207
89
326
40
218
66
124
233
43
101
156
39
154
195
54
317
319
17
258
165
264
223
57
292
298
75
135
271
36
24
277
312
187
171
270
275
222
324
239
208
140
42
150
240
145
307
295
84
121
253
323
5
157
83
173
96
19
265
134
185
192
293
236
105
28
107
215
272
48
60
231
59
18
309
200
172
68
3
296
205
93
137
88
94
325
170
255
125
80
204
119
16
30
131
303
118
