0 1
0 6
0 13
0 15
0 19
0 23
0 28
0 33
0 42
0 49
0 51
0 59
0 60
0 61
0 66
0 78
0 86
0 90
1 13
1 28
1 33
1 42
1 43
1 49
1 51
1 59
1 61
1 66
1 78
1 86
6 8
6 15
6 23
6 40
6 45
6 60
6 76
6 90
13 5
13 15
13 19
13 33
13 41
13 49
13 59
13 61
13 86
15 8
15 25
15 28
15 80
15 90
19 23
19 26
19 28
19 40
19 49
19 52
19 78
19 86
23 5
23 8
23 24
23 40
23 66
23 90
28 8
28 36
28 43
28 49
28 51
28 61
28 66
28 86
28 90
33 26
33 4
33 16
33 27
33 36
33 39
33 42
33 49
33 51
33 57
33 59
33 61
33 66
33 67
33 77
33 79
33 83
33 86
33 90
33 97
42 26
42 14
42 61
42 78
42 79
42 86
49 26
49 3
49 14
49 51
49 52
49 59
49 61
49 62
49 66
49 78
51 26
51 43
51 8
51 9
51 17
51 36
51 52
51 59
51 61
51 65
51 66
51 79
51 86
59 26
59 43
59 61
59 66
59 86
60 4
60 10
60 12
60 14
60 22
60 40
60 41
60 50
60 53
60 88
61 26
61 43
61 9
61 32
61 39
61 45
61 66
61 78
61 86
66 26
66 65
66 31
66 73
66 79
66 86
78 86
86 5
86 26
86 43
86 22
86 36
86 57
86 92
86 97
90 5
90 8
90 40
90 47
43 26
43 9
43 16
43 45
43 69
43 79
43 85
5 8
8 40
40 55
40 85
40 70
40 93
45 80
45 9
45 16
45 35
45 57
45 62
45 72
45 89
45 92
45 10
45 17
45 36
45 74
45 83
45 87
76 39
76 9
76 35
76 50
76 62
76 72
76 73
76 48
76 87
76 95
41 39
41 52
41 16
41 73
41 12
41 21
41 14
41 53
25 11
25 38
25 44
25 52
25 55
25 64
25 75
25 85
25 91
80 2
80 4
80 16
80 17
80 29
80 32
80 36
80 63
80 67
80 74
80 83
80 87
26 17
26 32
26 85
52 65
52 11
52 24
52 44
52 20
52 37
52 38
52 55
52 58
52 64
52 75
52 85
24 65
24 2
24 11
24 3
24 38
24 44
24 46
24 47
24 55
24 58
24 64
24 73
24 84
24 85
24 89
24 91
17 16
17 67
17 92
17 29
17 32
17 36
17 48
17 74
17 97
32 55
32 58
32 9
32 16
32 67
32 4
32 12
32 29
32 36
32 54
32 74
32 83
32 87
32 97
85 65
85 2
85 11
85 39
85 55
85 64
85 75
85 31
85 35
85 38
85 46
85 70
85 79
85 91
85 93
36 67
36 4
36 29
36 20
36 81
36 87
36 93
4 64
4 91
4 16
4 50
4 67
4 73
4 89
4 92
4 7
4 10
4 12
4 29
4 48
4 74
4 79
4 81
4 83
4 87
4 97
16 58
16 3
16 9
16 21
16 22
16 35
16 48
16 62
16 70
16 73
16 74
16 81
16 83
16 93
16 95
16 97
27 65
27 2
27 3
27 30
27 34
27 46
27 56
27 68
27 77
27 79
27 94
39 2
39 18
39 20
39 31
39 37
39 47
39 58
39 68
39 70
39 77
39 79
39 84
39 93
39 96
57 65
57 55
57 3
57 9
57 35
57 50
57 47
57 62
57 72
57 73
57 89
57 95
67 3
67 62
67 29
67 48
67 54
67 72
67 74
67 83
67 87
77 65
77 37
77 70
77 18
77 31
77 47
77 20
77 34
77 84
77 96
79 65
79 55
79 58
79 94
79 74
79 18
79 34
79 68
79 82
79 93
83 9
83 48
83 54
83 74
83 81
83 22
83 87
83 97
97 29
97 54
97 74
97 81
97 87
14 7
14 22
14 30
9 3
9 62
9 71
9 72
9 73
9 74
9 89
9 92
9 95
69 55
69 95
69 12
69 31
69 34
69 56
69 82
3 55
3 35
3 50
3 62
3 72
3 73
3 89
3 92
3 95
62 55
62 35
62 12
62 29
62 72
62 89
62 92
62 95
65 11
65 12
65 31
65 37
65 38
65 47
65 55
65 58
65 75
65 91
10 89
10 21
10 22
10 54
12 73
12 89
12 7
12 21
12 22
22 7
22 29
22 53
50 35
50 63
50 72
50 73
50 89
50 95
53 88
53 21
88 2
11 2
11 38
11 44
11 46
11 55
11 64
11 94
31 55
31 94
31 37
31 93
31 18
31 47
31 84
31 96
37 55
37 91
37 7
37 29
37 20
37 47
37 68
37 70
37 84
37 96
38 44
38 55
38 58
38 64
38 75
38 91
47 44
47 55
47 93
47 70
47 18
47 20
47 68
47 96
55 2
55 58
55 64
55 75
55 91
58 44
58 30
58 34
58 46
58 75
58 84
58 91
75 2
75 44
75 64
75 91
91 2
73 35
73 72
73 7
73 48
73 56
73 71
73 74
73 92
73 95
92 35
92 72
92 56
92 71
92 74
92 95
2 44
2 64
2 94
44 30
94 34
94 46
94 56
46 30
46 34
46 56
46 82
84 93
84 30
84 70
89 72
89 54
30 34
30 56
34 56
34 82
56 29
56 82
68 35
68 70
68 18
68 20
68 96
18 35
20 93
20 70
20 96
70 93
29 48
63 48
74 54
74 81
74 87
87 54
35 71
35 72
72 71
72 95
21 7
48 54
81 54
