0 5
0 27
0 69
0 76
0 90
0 98
0 100
0 105
0 112
0 123
0 146
0 213
0 266
0 294
0 327
0 338
0 340
0 383
0 415
0 427
0 506
0 560
1 162
1 182
1 312
1 317
1 382
1 406
1 448
1 545
2 5
2 11
2 18
2 152
2 174
2 232
2 265
2 276
2 357
2 394
2 398
2 402
2 472
2 511
2 537
2 552
3 33
3 37
3 88
3 171
3 217
3 243
3 248
3 279
3 461
3 477
3 557
4 20
4 54
4 227
4 246
4 281
4 317
4 352
4 356
4 374
4 408
4 435
4 440
4 513
5 21
5 24
5 52
5 79
5 219
5 265
5 328
5 336
5 357
5 394
5 402
5 460
5 511
5 515
5 537
5 552
6 72
6 338
7 140
7 290
8 56
8 153
8 308
8 325
8 425
8 468
8 513
9 50
9 87
9 440
10 116
10 123
10 131
11 60
11 152
11 155
11 174
11 257
11 265
11 276
11 283
11 313
11 357
11 394
11 402
11 439
11 472
11 499
11 537
11 556
11 562
12 43
12 44
12 51
12 76
12 126
12 451
12 554
13 97
13 98
13 256
13 347
13 514
13 524
13 547
14 63
14 68
14 135
14 267
14 294
14 311
14 544
15 17
15 52
15 95
15 259
15 307
15 360
15 496
15 498
15 512
15 534
16 136
16 163
16 176
16 263
16 280
16 430
17 24
17 52
17 102
17 139
17 228
17 259
17 285
17 307
17 360
17 361
17 400
17 445
17 496
17 498
17 512
17 524
17 534
17 554
18 21
18 24
18 63
18 66
18 75
18 79
18 148
18 232
18 306
18 307
18 314
18 359
18 362
18 401
18 443
18 447
18 472
18 495
18 541
18 569
19 160
19 318
19 372
20 40
20 65
20 151
20 162
20 270
20 281
20 317
20 352
20 435
20 446
21 24
21 25
21 66
21 79
21 96
21 167
21 215
21 285
21 307
21 495
21 501
21 518
21 539
21 553
21 569
22 127
22 244
22 348
22 378
22 534
22 568
23 308
23 374
23 435
24 52
24 63
24 77
24 212
24 249
24 285
24 301
24 307
24 391
24 410
24 455
24 526
24 569
25 77
25 79
25 104
25 135
25 175
25 212
25 241
25 285
25 300
25 301
25 385
25 410
25 514
25 553
25 563
26 105
26 305
26 465
27 58
27 112
27 250
27 306
27 338
27 383
27 401
27 427
27 447
27 453
27 455
27 458
27 538
28 228
29 47
29 90
29 99
29 294
29 374
29 417
29 441
29 478
29 503
29 559
30 278
30 279
30 380
31 55
31 129
31 220
31 341
31 419
31 421
31 436
31 461
31 510
31 523
31 528
32 139
32 147
32 190
32 521
33 171
33 203
33 243
34 83
34 205
34 345
34 350
34 429
34 442
35 93
36 479
36 509
36 515
37 88
37 225
37 304
37 354
37 461
37 558
38 184
39 50
39 137
39 227
39 234
39 396
40 264
40 270
40 317
40 446
41 170
41 189
41 473
41 505
42 205
42 489
42 530
42 567
43 126
43 222
43 228
43 262
43 493
43 527
43 554
44 554
45 178
45 384
46 97
46 113
46 124
46 135
46 195
46 315
46 375
46 420
46 565
47 503
47 559
48 177
48 287
48 526
49 152
49 313
49 398
50 82
50 86
50 87
50 234
50 255
50 264
50 396
50 440
51 59
51 102
51 126
51 130
51 493
51 521
51 554
52 79
52 230
52 259
52 285
52 307
52 319
52 445
52 496
52 498
52 511
52 524
53 129
53 275
53 389
53 532
54 408
55 419
55 510
56 153
56 325
56 374
56 425
56 513
57 384
57 497
58 250
58 306
58 332
58 337
58 386
58 401
58 407
58 455
58 519
59 102
59 130
59 134
59 228
59 493
59 521
59 554
60 136
60 283
61 339
61 361
61 470
61 512
61 534
62 116
62 123
62 262
62 476
63 77
63 104
63 115
63 122
63 135
63 162
63 199
63 207
63 212
63 249
63 253
63 294
63 301
63 315
63 358
63 367
63 371
63 374
63 391
63 406
63 410
63 431
63 437
63 500
63 514
63 524
63 526
63 547
64 81
65 216
65 254
65 346
65 373
65 374
65 393
65 406
65 448
65 559
66 101
66 109
66 118
66 157
66 162
66 215
66 237
66 286
66 314
66 434
66 443
66 450
66 487
66 495
66 524
66 539
67 106
67 202
68 267
68 294
68 311
68 544
69 90
69 100
69 103
69 331
69 347
69 394
69 506
70 80
70 141
70 248
70 381
70 444
71 99
71 254
71 374
72 149
72 159
72 306
72 337
72 338
72 458
72 519
73 272
73 278
73 334
73 482
73 525
74 137
74 314
74 315
74 330
74 332
74 443
74 450
74 517
74 524
74 543
75 78
75 79
75 96
75 157
75 175
75 285
75 322
75 357
75 359
75 386
75 402
75 443
75 450
75 456
75 495
75 539
75 569
76 266
76 294
76 340
76 428
77 115
77 172
77 181
77 199
77 207
77 212
77 241
77 249
77 252
77 284
77 300
77 301
77 366
77 371
77 391
77 409
77 410
77 500
77 514
77 526
77 559
78 96
78 322
78 359
78 395
78 456
78 495
79 285
79 359
79 553
79 569
80 160
80 206
80 248
80 318
80 372
81 251
81 283
81 303
81 501
82 234
82 264
83 117
83 205
83 350
84 92
84 137
84 157
84 188
84 208
84 211
84 296
84 314
84 330
84 332
84 546
85 137
85 315
85 365
85 522
85 546
86 255
86 455
87 227
87 234
87 440
88 140
88 168
88 197
88 260
88 299
88 444
89 110
89 231
89 279
89 379
89 380
89 444
89 536
90 98
90 100
90 102
90 123
90 144
90 146
90 184
90 228
90 266
90 347
90 423
90 441
90 514
90 560
91 217
91 221
91 245
91 389
92 137
92 188
92 211
92 296
92 330
92 332
92 546
93 218
93 446
94 370
95 259
95 307
95 498
95 512
96 167
96 285
96 322
96 357
96 402
96 456
96 495
96 501
96 539
97 135
97 524
98 122
98 139
98 146
98 184
98 256
98 259
98 347
98 514
98 547
99 254
99 374
99 417
99 431
99 478
100 103
100 235
100 549
101 118
101 157
101 159
101 237
101 286
101 326
101 450
101 486
101 524
101 538
102 122
102 130
102 139
102 183
102 190
102 199
102 213
102 228
102 253
102 294
102 416
102 451
102 469
102 475
102 493
102 521
102 547
102 554
102 559
104 109
104 115
104 191
104 241
104 284
104 285
104 301
104 374
104 385
104 403
104 514
105 183
105 207
105 294
106 351
107 201
108 274
108 444
109 115
109 133
109 191
109 215
109 241
109 301
109 366
109 367
109 391
109 409
109 514
110 260
110 279
110 380
110 488
111 384
112 338
112 383
112 415
113 124
113 195
113 375
113 420
113 565
114 133
114 293
114 431
114 464
115 133
115 191
115 199
115 207
115 241
115 252
115 261
115 284
115 301
115 366
115 367
115 371
115 391
115 403
115 409
115 500
115 514
115 559
116 123
116 131
116 262
116 476
117 530
118 151
118 194
118 285
118 286
118 314
118 323
118 326
118 446
118 545
118 553
119 299
119 354
119 551
120 251
120 257
120 259
120 398
120 400
120 511
121 142
121 463
122 253
122 259
122 435
122 441
122 455
122 521
123 222
123 262
123 416
124 195
124 315
124 375
124 420
124 565
125 215
125 271
125 430
126 146
126 416
126 451
126 554
127 244
127 348
127 378
127 534
127 568
128 132
128 268
128 369
128 466
129 275
129 532
130 134
130 199
130 493
130 521
131 160
132 139
132 173
132 240
132 262
132 268
132 349
132 490
133 191
133 261
133 316
133 366
133 367
133 391
133 406
133 409
133 431
133 514
134 369
134 493
134 521
135 175
135 294
135 417
135 563
136 163
136 176
136 177
136 244
136 263
136 280
136 287
136 361
136 430
137 188
137 211
137 255
137 264
137 296
137 330
137 332
137 390
137 405
137 508
137 524
137 531
137 543
137 544
137 546
138 555
139 147
139 199
139 369
139 521
140 290
140 444
141 372
141 381
142 180
142 463
143 177
143 261
143 305
143 467
143 474
143 480
143 505
143 537
143 548
144 166
144 169
144 475
144 549
145 245
145 290
146 213
146 266
146 327
146 340
146 451
147 190
148 306
148 401
148 447
148 484
148 487
148 538
149 159
149 306
149 337
149 458
149 519
150 154
150 295
150 441
150 449
150 462
150 485
151 162
151 314
151 446
151 545
152 257
152 265
152 276
152 313
152 398
152 402
152 439
153 308
153 325
153 374
153 425
153 513
154 343
155 244
155 402
156 247
156 278
157 215
157 237
157 238
157 314
157 386
157 412
157 495
158 211
158 255
158 330
158 332
158 543
158 546
159 306
159 337
159 455
159 458
159 486
159 519
159 538
160 318
161 201
161 354
162 182
162 317
162 367
162 382
162 406
162 431
162 448
162 495
162 539
162 545
162 553
163 176
163 187
163 263
163 280
163 287
163 400
163 430
163 473
163 526
164 309
164 556
165 233
166 205
166 475
166 549
167 251
167 501
167 539
168 171
168 225
168 243
168 260
168 279
168 377
168 379
168 444
169 205
169 349
170 176
170 187
170 207
170 360
170 363
170 500
170 533
170 540
171 203
171 411
171 444
171 551
172 181
172 391
172 514
173 294
173 485
174 265
174 402
174 472
174 537
175 285
175 322
175 362
175 368
175 395
175 514
175 541
175 563
176 263
176 280
176 360
176 363
176 430
176 465
176 505
177 261
177 269
177 287
177 291
177 467
177 474
177 480
177 491
177 505
177 526
177 534
178 209
179 181
179 212
179 300
179 305
179 360
179 385
179 410
179 424
179 520
179 540
180 271
180 409
180 430
180 463
181 212
181 300
181 385
181 391
181 410
181 424
181 514
181 520
182 382
182 406
182 545
183 294
183 521
184 347
184 394
185 540
186 513
187 363
187 400
187 473
187 526
187 533
187 534
188 211
188 296
188 330
188 332
188 546
189 473
189 505
191 241
191 301
191 367
191 391
191 409
191 514
192 209
193 298
193 461
193 482
194 326
195 289
195 294
195 375
195 394
195 420
195 460
195 543
195 544
195 565
196 354
197 304
197 529
198 502
199 212
199 300
199 371
199 391
199 410
199 514
199 540
199 559
200 387
200 561
201 354
202 351
203 411
203 418
203 477
203 551
203 557
204 492
205 345
205 350
205 530
205 567
206 444
207 371
207 391
207 500
207 540
208 238
208 239
208 433
208 508
208 546
210 299
210 377
210 418
210 459
210 551
211 255
211 296
211 330
211 332
211 543
211 546
212 249
212 300
212 301
212 305
212 385
212 391
212 410
212 520
212 526
212 540
213 294
213 327
213 416
213 469
214 461
215 271
215 314
215 391
215 430
215 480
215 495
215 518
216 346
217 243
217 304
217 389
218 446
219 460
220 523
222 262
223 270
223 504
223 524
224 228
224 285
224 347
224 387
224 509
224 512
225 279
225 381
225 444
226 350
227 234
227 246
227 277
227 396
227 440
228 259
228 273
228 307
228 347
228 360
228 493
228 512
228 527
228 554
228 560
229 388
229 493
229 550
229 566
230 509
230 511
230 515
231 379
231 536
232 472
233 333
233 421
234 264
234 396
234 440
234 507
235 375
236 277
236 342
236 468
236 535
237 352
237 450
237 524
238 283
238 401
238 412
238 546
239 255
239 335
239 353
239 508
239 543
239 546
240 253
240 268
240 294
240 521
241 284
241 285
241 301
241 366
241 367
241 385
241 391
241 403
241 409
241 514
242 298
242 324
243 477
243 557
244 269
244 348
244 378
244 568
245 290
246 277
246 440
247 278
247 292
247 372
247 482
248 279
249 301
249 391
249 526
249 540
250 455
251 269
251 283
251 347
251 400
251 438
251 539
251 568
252 559
253 293
253 294
253 441
253 475
254 312
254 373
254 374
254 393
254 406
254 431
254 448
254 559
255 315
255 330
255 332
255 370
255 390
255 455
255 543
256 347
256 514
256 547
257 313
257 320
257 347
257 398
257 402
257 438
257 439
257 471
257 511
257 516
258 344
258 413
259 307
259 360
259 387
259 394
259 498
259 511
259 512
259 561
260 274
260 279
260 351
260 414
260 444
261 391
261 409
261 474
261 480
261 514
262 416
262 476
262 493
263 280
263 430
264 293
264 308
264 317
264 417
264 435
264 504
264 513
264 524
264 553
265 276
265 357
265 394
265 398
265 402
265 472
265 511
265 537
265 552
266 340
266 560
267 294
267 311
268 388
268 521
269 400
269 487
270 317
270 323
270 481
270 504
270 524
270 553
271 409
271 430
271 463
272 278
272 334
272 525
273 347
274 299
274 351
274 444
275 389
275 436
275 532
276 357
276 394
276 398
276 402
276 537
277 295
278 279
278 334
278 372
278 482
278 494
278 525
279 282
279 461
279 488
279 525
279 536
280 430
281 317
281 352
281 356
281 374
281 435
283 303
283 309
283 316
283 328
283 391
283 402
283 409
283 497
283 501
284 301
284 366
284 391
284 403
284 409
284 514
285 301
285 319
285 322
285 323
285 326
285 361
285 362
285 368
285 385
285 387
285 395
285 450
285 495
285 539
285 553
286 314
286 326
286 434
286 443
286 455
286 487
287 361
287 376
287 526
288 392
288 463
289 294
289 441
289 543
291 467
291 491
291 505
291 526
292 364
293 464
293 468
293 513
293 535
294 311
294 416
294 441
294 478
294 521
294 544
294 554
295 441
296 330
296 332
296 546
297 304
297 341
297 351
297 354
298 436
298 482
299 551
300 385
300 410
300 520
301 366
301 385
301 391
301 409
301 526
302 310
302 315
302 355
302 370
302 504
302 555
303 538
304 354
304 389
304 529
305 465
305 467
305 474
305 505
305 520
305 537
305 540
305 548
306 332
306 337
306 386
306 401
306 407
306 447
306 453
306 455
306 458
306 486
306 519
307 360
307 496
307 498
307 512
307 534
307 569
308 317
308 325
308 352
308 417
308 425
308 435
308 513
309 556
310 355
310 370
312 382
312 406
312 431
312 545
313 398
313 439
313 516
314 443
314 545
315 370
315 375
315 410
315 420
315 450
315 455
315 522
315 524
316 366
316 391
316 406
316 409
316 432
317 352
317 435
317 545
317 553
318 372
320 347
320 438
320 511
321 426
322 357
322 362
322 368
322 395
322 402
322 456
322 495
323 326
323 481
323 553
324 364
324 436
324 482
324 502
324 510
325 374
325 425
325 513
326 553
327 416
328 427
328 471
328 501
329 542
329 546
330 332
330 524
330 543
330 546
331 347
332 337
332 401
332 407
332 422
332 455
332 517
332 524
332 543
332 546
333 421
333 492
333 528
334 525
335 508
335 546
336 357
336 394
336 515
337 458
337 519
338 365
338 383
338 427
338 538
339 361
339 470
339 512
339 534
339 540
342 435
342 468
342 535
343 464
343 567
344 413
344 429
344 442
345 350
345 483
345 489
347 438
347 509
347 511
347 514
347 547
348 378
348 568
349 490
352 435
352 440
352 450
352 524
353 504
355 555
356 374
356 435
357 394
357 402
357 456
357 537
358 437
358 514
359 395
359 569
360 363
360 496
360 498
360 534
361 470
361 512
361 534
362 368
362 395
362 495
362 541
363 465
363 505
364 397
364 482
364 510
364 528
365 370
366 391
366 406
366 409
367 391
367 406
367 409
367 432
367 514
368 395
369 493
371 391
371 454
371 500
371 559
373 393
373 406
373 448
374 417
374 431
374 435
374 478
374 559
375 420
375 565
377 379
377 444
377 459
377 488
378 400
378 534
378 568
379 536
382 406
382 545
383 415
383 427
383 538
384 497
385 410
385 424
385 520
386 401
386 407
386 519
387 561
389 461
389 532
389 558
390 405
390 455
390 486
390 519
390 524
390 531
390 543
391 406
391 409
391 417
391 432
391 500
391 514
391 526
392 463
393 406
393 448
394 402
394 460
394 537
397 482
398 439
398 516
399 457
399 497
400 534
400 568
401 407
401 422
401 447
401 455
401 484
401 517
401 519
401 546
402 439
402 456
402 472
402 511
402 537
402 552
403 514
404 419
404 436
405 531
405 543
405 546
406 431
406 432
406 448
406 545
407 422
407 455
407 517
407 519
408 435
409 430
409 432
409 463
409 514
410 520
411 418
411 551
412 426
413 442
413 543
415 427
416 451
416 469
416 476
417 478
417 513
418 551
419 436
419 461
420 565
421 528
422 455
422 517
425 441
425 513
427 471
427 538
429 442
429 449
429 475
430 463
430 480
431 553
433 508
434 443
434 487
434 517
435 440
435 464
435 522
435 524
435 553
436 461
436 502
437 514
438 511
439 516
440 507
442 483
442 543
443 487
443 495
445 496
445 512
447 484
450 524
451 469
451 554
452 488
452 564
454 559
455 458
455 486
455 517
455 519
455 524
456 495
458 486
458 519
461 502
461 510
461 558
462 485
464 535
465 505
467 474
467 491
467 505
467 526
467 537
467 548
468 535
470 512
470 534
472 537
473 505
473 526
474 480
474 505
474 537
474 540
474 548
475 549
477 557
479 509
479 515
481 553
483 489
485 493
485 554
486 519
486 538
487 538
488 525
488 536
488 564
491 505
491 526
493 521
493 554
495 518
495 539
495 541
496 498
496 534
497 556
498 512
498 534
501 539
503 559
504 524
504 555
505 526
505 537
505 540
505 548
508 543
508 546
509 515
511 515
511 552
512 534
514 547
517 543
522 542
523 529
525 536
531 543
537 548
542 543
542 546
543 565
550 566
554 560
556 562
