249
560
381
99
37
566
180
158
373
642
582
233
167
72
474
513
700
683
61
565
188
421
637
153
707
489
170
260
394
648
295
184
267
541
484
371
636
147
382
420
440
675
308
192
395
309
695
202
379
441
427
40
551
119
514
195
270
509
672
41
175
580
18
604
682
157
702
299
349
468
239
703
17
485
172
569
487
276
146
449
348
455
1
332
467
98
342
503
241
526
422
118
590
30
544
108
480
189
14
128
86
647
400
510
620
224
39
287
466
586
314
504
369
139
519
210
521
669
131
75
506
256
161
617
376
547
649
687
553
135
211
622
527
80
164
243
143
302
357
406
612
76
8
633
245
91
43
263
254
296
242
22
384
367
589
322
145
492
283
681
561
235
640
595
456
49
0
423
611
435
524
608
508
606
208
228
426
338
341
35
63
631
16
493
498
370
166
587
304
679
397
532
507
602
327
199
215
248
518
301
54
122
38
115
555
530
229
311
71
320
659
64
505
101
53
176
171
361
454
62
464
103
374
12
292
616
234
130
181
439
442
310
654
169
355
593
11
13
262
621
337
663
306
214
574
237
33
662
558
105
628
380
151
447
446
377
300
572
603
329
134
414
50
483
217
155
417
710
182
238
546
650
340
451
42
286
570
227
438
693
419
392
567
668
538
94
305
471
477
366
297
516
475
389
674
219
482
312
356
84
316
413
200
615
257
152
552
625
511
97
216
512
47
318
684
632
601
592
66
277
330
113
251
372
58
670
385
289
591
396
354
638
463
45
137
619
271
231
458
272
450
74
478
252
496
121
319
313
110
643
117
307
529
465
488
222
100
494
162
60
165
491
154
486
460
127
44
577
540
324
557
203
405
437
73
268
457
48
325
490
284
688
536
321
77
500
126
315
148
27
479
661
149
177
402
502
79
163
515
185
623
159
571
65
67
362
523
444
548
517
328
386
613
481
265
411
646
111
671
290
690
95
618
352
281
140
472
428
32
168
635
368
497
614
213
285
594
223
583
250
288
269
83
537
333
563
102
664
106
273
339
347
425
677
660
344
434
639
186
549
644
575
410
462
34
364
495
51
559
610
174
358
416
124
630
599
359
112
334
4
85
183
539
533
107
89
685
88
279
645
598
543
597
232
387
531
264
173
207
345
550
448
641
46
584
626
651
90
125
2
588
266
388
255
605
240
576
82
404
701
365
461
156
363
469
96
160
136
607
291
676
680
204
562
120
278
585
56
212
627
59
205
424
403
206
196
150
579
535
57
346
258
542
247
133
568
429
433
459
70
704
418
274
476
144
336
109
209
501
453
473
399
246
275
499
19
445
293
378
31
554
226
528
230
123
69
436
138
391
350
556
26
201
624
52
220
331
634
398
335
534
401
343
81
667
452
657
326
415
317
298
407
282
581
187
522
600
244
225
658
596
409
706
573
23
9
78
390
20
323
261
520
55
351
353
15
190
408
564
578
430
