0 53
0 55
0 74
0 80
0 100
0 116
0 121
0 128
0 146
0 156
0 171
0 177
0 182
53 56
53 69
53 80
53 87
53 90
53 94
53 103
53 106
53 111
53 117
53 121
53 141
53 156
53 159
53 171
53 174
53 177
53 183
55 8
55 17
55 35
55 36
55 40
55 90
55 105
55 112
55 116
55 147
55 165
55 174
55 178
55 183
55 194
74 6
74 7
74 11
74 21
74 22
74 43
74 46
74 49
74 52
74 54
74 68
74 72
74 75
74 77
74 92
74 93
74 97
74 104
74 105
74 106
74 117
74 120
74 128
74 133
74 146
74 152
74 153
74 154
74 155
74 157
74 170
74 173
74 179
74 186
74 188
74 190
74 192
80 4
80 13
80 19
80 69
80 103
80 112
80 121
80 125
80 127
80 135
80 156
80 159
80 162
80 171
80 175
80 177
80 183
100 2
100 4
100 7
100 10
100 12
100 14
100 21
100 26
100 37
100 41
100 42
100 56
100 58
100 70
100 71
100 76
100 84
100 86
100 94
100 101
100 102
100 104
100 106
100 108
100 111
100 119
100 137
100 146
100 162
100 163
100 168
100 169
100 185
100 188
100 192
116 7
116 15
116 16
116 18
116 28
116 29
116 32
116 34
116 48
116 51
116 59
116 129
116 145
116 151
116 157
121 87
121 17
121 35
121 40
121 41
121 43
121 69
121 82
121 98
121 101
121 103
121 110
121 114
121 120
121 126
121 128
121 133
121 135
121 139
121 141
121 144
121 147
121 155
121 156
121 159
121 166
121 171
121 175
121 177
121 179
121 183
121 192
128 20
128 21
128 22
128 24
128 35
128 39
128 41
128 44
128 46
128 49
128 52
128 54
128 57
128 62
128 68
128 77
128 82
128 85
128 97
128 99
128 101
128 105
128 113
128 114
128 130
128 143
128 152
128 153
128 154
128 155
128 170
128 173
128 179
128 186
128 192
146 21
146 46
146 49
146 52
146 54
146 63
146 75
146 77
146 82
146 92
146 97
146 105
146 113
146 120
146 125
146 133
146 143
146 152
146 153
146 154
146 155
146 158
146 170
146 173
146 183
146 186
146 192
156 87
156 7
156 15
156 17
156 29
156 35
156 40
156 43
156 67
156 69
156 81
156 101
156 112
156 113
156 126
156 134
156 135
156 138
156 147
156 151
156 159
156 171
156 176
156 178
156 183
156 192
171 87
171 9
171 50
171 69
171 88
171 106
171 117
171 158
171 159
171 174
171 177
171 179
171 194
177 87
177 69
177 72
177 112
177 117
177 135
177 138
177 141
177 159
177 183
182 47
182 50
182 56
182 60
182 69
182 83
182 94
182 102
182 107
182 118
182 124
182 140
182 142
182 150
182 160
182 164
182 172
182 180
182 191
56 10
56 102
56 160
56 172
56 150
56 195
56 140
56 180
56 190
56 118
56 124
56 178
56 50
56 60
56 94
56 115
56 142
56 148
56 164
56 187
56 191
69 87
69 106
69 117
69 183
69 83
69 194
87 13
87 37
87 43
87 71
87 117
87 119
87 162
87 183
90 7
90 67
90 35
90 132
90 40
90 17
90 112
90 134
90 165
90 174
90 176
90 178
90 184
90 194
94 10
94 14
94 41
94 42
94 84
94 102
94 104
94 111
94 117
94 160
94 168
94 172
94 150
94 193
94 195
94 27
94 76
94 180
94 190
94 32
94 43
94 83
94 98
94 124
94 45
94 50
94 60
94 92
94 107
94 115
94 142
94 148
94 164
94 167
94 187
94 191
103 144
103 183
103 158
103 141
106 1
106 4
106 7
106 10
106 12
106 14
106 16
106 29
106 34
106 41
106 42
106 57
106 58
106 59
106 70
106 86
106 104
106 15
106 18
106 19
106 26
106 27
106 32
106 40
106 43
106 48
106 51
106 76
106 77
106 88
106 93
106 97
106 98
106 111
106 115
106 117
106 123
106 124
106 129
106 145
106 151
106 157
106 161
106 166
106 168
106 172
106 180
106 187
106 188
106 190
106 191
111 1
111 2
111 10
111 12
111 14
111 29
111 37
111 41
111 42
111 47
111 57
111 58
111 59
111 70
111 71
111 84
111 86
111 102
111 104
111 108
111 110
111 32
111 68
111 76
111 81
111 82
111 88
111 97
111 98
111 117
111 119
111 163
111 164
111 169
111 170
111 174
111 181
111 185
111 193
117 1
117 4
117 7
117 11
117 12
117 14
117 16
117 29
117 34
117 57
117 58
117 59
117 70
117 104
117 108
117 15
117 18
117 26
117 27
117 28
117 32
117 35
117 39
117 40
117 43
117 45
117 48
117 50
117 51
117 72
117 75
117 76
117 77
117 98
117 115
117 118
117 123
117 129
117 145
117 148
117 151
117 157
117 160
117 161
117 163
117 166
117 169
117 178
117 187
117 188
117 190
117 193
117 195
141 151
141 183
141 139
141 35
141 174
141 159
141 19
141 93
141 189
159 11
159 138
159 183
159 79
159 99
159 175
159 35
159 63
159 129
159 112
159 126
159 19
159 65
159 97
159 115
159 127
159 135
159 189
174 104
174 67
174 35
174 132
174 120
174 40
174 8
174 17
174 112
174 134
174 165
174 19
174 147
174 176
174 178
174 184
174 194
183 2
183 29
183 8
183 83
183 112
183 115
183 118
183 123
183 124
183 134
183 162
183 184
8 42
8 108
8 185
8 38
8 44
8 101
8 35
8 46
8 132
8 31
8 17
8 112
8 126
8 134
8 165
8 176
8 178
8 184
8 194
17 67
17 158
17 35
17 132
17 153
17 40
17 36
17 112
17 134
17 147
17 165
17 173
17 176
17 178
17 184
17 194
35 4
35 11
35 145
35 67
35 101
35 114
35 36
35 40
35 65
35 112
35 129
35 132
35 134
35 136
35 147
35 165
35 166
35 176
35 178
35 184
35 189
35 194
36 40
36 112
36 134
36 165
36 176
36 178
36 136
40 7
40 193
40 132
40 15
40 45
40 112
40 127
40 147
40 165
40 176
40 178
105 108
105 185
105 44
105 152
105 46
105 68
105 170
105 49
105 77
105 85
105 120
105 153
105 192
105 186
105 52
105 173
105 20
105 21
105 92
105 97
105 133
105 167
105 189
112 67
112 79
112 132
112 19
112 126
112 134
112 147
112 165
112 176
112 178
112 184
112 194
147 38
147 67
147 101
147 132
147 134
147 165
147 176
147 178
147 184
147 194
165 132
165 32
165 134
165 176
165 178
165 194
178 12
178 14
178 132
178 126
178 134
178 176
178 184
178 194
194 101
194 158
194 132
194 134
194 176
6 68
6 170
6 22
6 24
6 49
6 54
6 77
6 82
6 85
6 120
6 130
6 153
6 154
6 155
6 192
7 1
7 10
7 12
7 15
7 16
7 18
7 26
7 28
7 32
7 34
7 39
7 42
7 43
7 48
7 51
7 57
7 59
7 64
7 72
7 83
7 88
7 89
7 98
7 118
7 123
7 124
7 129
7 140
7 145
7 151
7 157
7 166
7 169
7 188
7 195
11 1
11 4
11 15
11 16
11 26
11 28
11 29
11 48
11 51
11 59
11 64
11 72
11 76
11 89
11 118
11 123
11 129
11 137
11 145
11 151
11 157
11 188
21 151
21 185
21 44
21 114
21 125
21 152
21 46
21 68
21 78
21 170
21 49
21 54
21 77
21 82
21 113
21 120
21 153
21 155
21 192
21 124
21 186
21 52
21 173
21 20
21 75
21 92
21 97
21 122
21 133
22 101
22 152
22 175
22 179
22 46
22 68
22 170
22 20
22 24
22 49
22 52
22 54
22 62
22 77
22 85
22 92
22 97
22 120
22 133
22 153
22 154
22 173
22 186
22 192
43 12
43 102
43 104
43 151
43 160
43 150
43 193
43 195
43 72
43 140
43 190
43 192
43 45
43 50
43 60
43 83
43 115
43 118
43 148
43 164
43 167
43 187
46 4
46 108
46 185
46 152
46 49
46 52
46 54
46 75
46 77
46 92
46 97
46 113
46 143
46 153
46 154
46 170
46 173
46 186
46 192
49 13
49 44
49 79
49 152
49 63
49 68
49 170
49 20
49 52
49 54
49 75
49 77
49 82
49 92
49 113
49 120
49 122
49 133
49 143
49 153
49 154
49 155
49 173
49 186
49 192
52 13
52 125
52 152
52 179
52 63
52 68
52 96
52 170
52 24
52 54
52 77
52 82
52 85
52 113
52 120
52 130
52 153
52 154
52 192
52 83
52 123
52 186
52 92
52 97
52 133
52 173
54 102
54 25
54 179
54 68
54 170
54 62
54 77
54 82
54 85
54 97
54 120
54 122
54 129
54 130
54 133
54 143
54 153
54 154
54 155
54 173
54 192
68 12
68 47
68 44
68 101
68 114
68 179
68 5
68 30
68 20
68 24
68 75
68 77
68 78
68 82
68 85
68 92
68 113
68 120
68 122
68 133
68 143
68 153
68 154
68 155
68 170
68 173
68 186
68 192
72 4
72 16
72 29
72 59
72 145
72 151
72 169
72 161
72 15
72 26
72 32
72 39
72 48
72 62
72 76
72 88
72 93
72 98
72 123
72 129
72 166
72 188
75 42
75 47
75 57
75 125
75 175
75 170
75 77
75 120
75 155
75 192
75 186
75 20
75 97
77 108
77 185
77 44
77 101
77 170
77 24
77 20
77 82
77 92
77 97
77 113
77 120
77 122
77 133
77 143
77 153
77 154
77 155
77 173
77 186
77 192
92 125
92 78
92 170
92 82
92 113
92 143
92 186
92 173
92 122
92 133
93 70
93 137
93 140
93 85
93 184
93 33
93 186
93 19
93 81
93 127
93 133
93 189
97 41
97 108
97 114
97 152
97 179
97 170
97 82
97 113
97 120
97 192
97 98
97 62
97 143
97 186
97 173
97 122
97 133
104 1
104 2
104 4
104 10
104 12
104 14
104 29
104 37
104 41
104 42
104 47
104 57
104 58
104 59
104 70
104 71
104 84
104 86
104 102
104 20
104 26
104 82
104 108
104 110
104 119
104 123
104 124
104 137
104 151
104 161
104 163
104 168
104 169
104 187
120 185
120 9
120 170
120 24
120 82
120 85
120 113
120 20
120 130
120 143
120 173
120 186
120 192
133 44
133 152
133 175
133 78
133 24
133 82
133 85
133 113
133 130
133 153
133 154
133 192
133 143
133 186
133 173
133 122
152 4
152 41
152 3
152 25
152 44
152 91
152 114
152 125
152 139
152 24
152 62
152 63
152 82
152 88
152 149
152 153
152 154
152 155
152 170
152 173
152 179
152 186
152 192
153 10
153 44
153 61
153 99
153 179
153 63
153 170
153 24
153 82
153 85
153 113
153 20
153 122
153 143
153 154
153 155
153 173
153 186
153 192
154 9
154 44
154 109
154 114
154 175
154 179
154 132
154 170
154 24
154 82
154 85
154 113
154 62
154 143
154 173
154 189
155 168
155 73
155 101
155 114
155 125
155 170
155 24
155 82
155 113
155 130
155 124
155 173
155 192
157 16
157 34
157 59
157 119
157 145
157 151
157 15
157 18
157 26
157 28
157 32
157 48
157 51
157 64
157 76
157 89
157 123
157 129
157 188
170 9
170 13
170 44
170 73
170 99
170 114
170 179
170 5
170 63
170 20
170 62
170 82
170 85
170 113
170 122
170 130
170 173
170 186
170 192
173 34
173 25
173 101
173 114
173 125
173 175
173 179
173 78
173 24
173 82
173 85
173 113
173 130
173 192
173 143
173 149
173 50
173 186
173 136
173 20
173 81
173 122
179 3
179 9
179 13
179 25
179 44
179 61
179 66
179 73
179 79
179 91
179 95
179 99
179 101
179 114
179 125
179 139
179 158
179 175
179 5
179 24
179 31
179 62
179 63
179 81
179 82
179 96
179 149
179 186
179 192
186 12
186 34
186 47
186 91
186 99
186 101
186 114
186 139
186 175
186 82
186 85
186 113
186 130
186 192
186 143
186 20
186 81
186 122
188 4
188 16
188 29
188 41
188 57
188 59
188 70
188 151
188 161
188 76
188 18
188 26
188 32
188 39
188 48
188 50
188 51
188 64
188 88
188 123
188 129
188 166
188 187
190 4
190 14
190 34
190 70
190 102
190 160
190 172
190 150
190 193
190 195
190 27
190 140
190 15
190 45
190 83
190 107
190 118
190 148
190 164
190 167
190 187
192 13
192 44
192 73
192 114
192 158
192 162
192 27
192 24
192 82
192 85
192 130
192 20
192 23
192 118
192 122
192 143
4 1
4 2
4 10
4 12
4 14
4 27
4 38
4 41
4 42
4 47
4 57
4 58
4 70
4 73
4 76
4 84
4 86
4 101
4 102
4 110
4 114
4 119
4 125
4 132
4 140
4 144
4 160
4 168
4 175
4 180
4 181
4 185
13 12
13 3
13 9
13 5
13 23
13 25
13 30
13 31
13 33
13 38
13 61
13 63
13 66
13 73
13 78
13 79
13 91
13 95
13 96
13 98
13 99
13 109
13 114
13 125
13 131
13 132
13 139
13 149
13 158
13 162
13 175
13 180
19 126
19 65
19 127
19 135
125 29
125 110
125 144
125 3
125 9
125 25
125 44
125 66
125 73
125 79
125 91
125 95
125 99
125 109
125 114
125 5
125 20
125 30
125 31
125 63
125 78
125 81
125 82
125 96
125 113
125 139
125 158
125 162
125 175
125 189
127 138
127 126
127 135
135 162
135 126
162 3
162 9
162 38
162 44
162 61
162 66
162 73
162 79
162 91
162 95
162 99
162 101
162 109
162 114
162 131
162 139
162 158
162 5
162 30
162 31
162 63
162 96
162 142
162 175
175 29
175 42
175 151
175 3
175 9
175 38
175 44
175 61
175 66
175 73
175 79
175 95
175 99
175 101
175 109
175 114
175 158
175 5
175 23
175 31
175 63
175 78
175 96
175 98
175 123
175 134
175 140
175 149
37 1
37 10
37 12
37 42
37 47
37 57
37 58
37 70
37 83
37 110
37 119
37 144
37 168
71 1
71 2
71 10
71 12
71 14
71 42
71 70
71 32
71 50
71 83
71 84
71 86
71 108
71 110
71 119
71 144
71 163
71 164
71 167
71 168
71 169
71 181
71 185
119 1
119 2
119 10
119 12
119 14
119 41
119 42
119 57
119 58
119 70
119 84
119 86
119 108
119 110
119 32
119 50
119 64
119 83
119 89
119 98
119 101
119 129
119 137
119 148
119 163
119 164
119 168
119 169
119 185
2 1
2 12
2 14
2 41
2 42
2 59
2 70
2 84
2 86
2 89
2 108
2 110
2 137
2 144
2 150
2 151
2 161
2 163
2 169
2 185
2 193
2 195
10 1
10 12
10 14
10 32
10 41
10 42
10 45
10 47
10 50
10 59
10 70
10 83
10 84
10 86
10 98
10 102
10 110
10 124
10 142
10 144
10 148
10 150
10 163
10 164
10 168
10 169
10 181
10 191
12 1
12 24
12 32
12 34
12 41
12 42
12 47
12 51
12 57
12 58
12 59
12 70
12 83
12 84
12 86
12 98
12 102
12 108
12 110
12 124
12 137
12 148
12 163
12 164
12 168
12 169
12 181
14 1
14 41
14 42
14 57
14 58
14 70
14 84
14 108
14 110
14 129
14 136
14 137
14 144
14 151
14 163
14 168
14 169
14 181
14 185
26 16
26 29
26 34
26 59
26 145
26 89
26 161
26 76
26 32
26 39
26 50
26 51
26 64
26 88
26 98
26 123
26 129
26 166
26 191
41 1
41 16
41 15
41 28
41 32
41 42
41 50
41 57
41 58
41 76
41 83
41 84
41 86
41 102
41 108
41 110
41 123
41 140
41 163
41 164
41 166
41 168
41 169
41 181
42 1
42 29
42 34
42 27
42 47
42 57
42 59
42 64
42 70
42 84
42 86
42 108
42 110
42 129
42 136
42 137
42 148
42 151
42 163
42 168
42 169
42 181
42 185
58 1
58 57
58 32
58 48
58 70
58 84
58 86
58 108
58 140
58 163
58 168
70 1
70 47
70 57
70 48
70 84
70 101
70 110
70 140
70 144
70 163
70 166
70 168
70 169
70 181
76 16
76 29
76 34
76 59
76 145
76 151
76 18
76 32
76 39
76 48
76 88
76 98
76 123
76 129
76 166
76 180
84 1
84 32
84 86
84 108
84 110
84 137
84 148
84 163
84 168
84 169
84 185
84 191
86 1
86 47
86 57
86 108
86 123
86 137
86 163
86 168
101 3
101 9
101 38
101 44
101 61
101 66
101 79
101 91
101 95
101 99
101 5
101 23
101 31
101 50
101 63
101 78
101 82
101 96
101 109
101 139
101 140
101 149
101 158
101 164
102 1
102 57
102 45
102 50
102 51
102 60
102 83
102 108
102 110
102 115
102 118
102 124
102 140
102 142
102 148
102 150
102 164
102 172
102 180
102 181
102 187
102 191
102 195
108 1
108 57
108 59
108 83
108 110
108 144
108 161
108 163
108 168
108 169
108 185
137 1
137 16
137 29
137 57
137 59
137 51
137 151
137 163
137 168
137 169
137 189
163 16
163 57
163 59
163 110
163 169
163 185
163 51
163 195
168 1
168 47
168 57
168 110
168 32
168 50
168 98
168 140
168 142
168 150
168 169
168 172
168 181
169 1
169 57
169 110
169 144
169 88
169 124
185 1
185 34
185 110
185 151
185 189
15 16
15 34
15 59
15 145
15 160
15 161
15 193
15 18
15 28
15 45
15 48
15 51
15 98
15 123
15 166
16 1
16 29
16 32
16 34
16 39
16 48
16 51
16 59
16 64
16 88
16 89
16 123
16 129
16 145
16 151
16 166
16 193
16 195
18 34
18 145
18 151
18 28
18 32
18 39
18 48
18 51
18 98
18 129
28 29
28 34
28 59
28 145
28 45
28 48
28 51
28 88
28 123
28 166
29 1
29 27
29 32
29 34
29 39
29 48
29 51
29 59
29 64
29 88
29 98
29 123
29 129
29 144
29 151
29 166
29 184
32 34
32 59
32 145
32 151
32 89
32 161
32 39
32 48
32 50
32 64
32 83
32 88
32 98
32 123
32 142
32 164
32 166
32 191
34 1
34 48
34 51
34 59
34 89
34 123
34 145
34 151
34 161
34 166
48 57
48 59
48 145
48 151
48 89
48 161
48 51
48 88
48 129
51 59
51 145
51 151
51 27
51 39
51 64
51 118
51 123
51 129
59 1
59 39
59 45
59 64
59 88
59 89
59 124
59 129
59 144
59 145
59 151
59 166
59 180
129 145
129 151
129 89
129 161
129 158
129 39
129 64
129 88
129 98
129 123
129 20
129 81
129 148
129 166
129 187
145 1
145 47
145 39
145 64
145 88
145 89
145 151
145 161
145 191
151 1
151 110
151 144
151 9
151 31
151 62
151 64
151 81
151 88
151 89
151 98
151 118
151 123
151 161
151 166
151 184
82 9
82 25
82 38
82 139
82 63
82 24
82 85
82 113
82 122
82 126
82 130
82 143
82 148
98 161
98 63
98 39
98 50
98 123
98 148
98 149
98 166
110 1
110 47
110 57
110 144
110 181
110 191
114 3
114 9
114 38
114 61
114 66
114 79
114 91
114 95
114 109
114 5
114 31
114 33
114 62
114 63
114 81
114 96
114 139
114 149
114 158
114 189
126 65
139 3
139 9
139 38
139 44
139 61
139 66
139 73
139 79
139 91
139 95
139 99
139 109
139 5
139 30
139 31
139 62
139 63
139 78
139 96
139 149
139 158
144 1
144 57
144 67
144 181
166 89
166 161
166 193
166 39
166 64
166 88
166 118
166 123
166 187
20 67
20 24
20 85
20 113
20 143
24 57
24 44
24 81
24 122
39 89
39 161
39 64
39 88
39 123
39 187
44 3
44 9
44 25
44 38
44 5
44 31
44 61
44 62
44 63
44 66
44 78
44 81
44 96
44 99
44 109
44 149
57 1
57 47
57 140
57 181
62 9
62 25
62 38
62 61
62 73
62 91
62 99
62 109
62 30
62 31
62 63
62 96
85 65
85 81
85 122
85 130
99 3
99 9
99 25
99 38
99 61
99 66
99 73
99 79
99 91
99 95
99 5
99 23
99 30
99 31
99 63
99 78
99 81
99 96
99 109
99 131
99 143
99 149
99 158
113 78
113 122
113 130
130 25
130 143
143 9
143 25
143 109
143 81
63 9
63 38
63 61
63 66
63 79
63 91
63 95
63 109
63 158
63 5
63 30
63 31
63 78
63 96
63 122
63 149
158 3
158 9
158 25
158 61
158 66
158 73
158 91
158 109
158 131
158 5
158 23
158 31
158 96
67 3
67 176
67 184
81 33
81 189
134 73
134 176
134 184
138 1
138 65
138 123
138 184
176 172
176 132
176 184
9 161
9 3
9 5
9 25
9 30
9 31
9 33
9 38
9 61
9 73
9 79
9 91
9 95
9 96
9 109
9 132
9 149
50 150
50 195
50 27
50 180
50 83
50 123
50 124
50 60
50 115
50 142
50 148
50 164
50 167
50 187
50 189
50 191
88 181
88 89
88 150
88 161
88 195
88 180
88 123
88 187
47 1
47 60
47 160
47 181
60 160
60 193
60 140
60 180
60 83
60 124
60 45
60 148
60 191
60 107
60 167
83 160
83 172
83 89
83 150
83 193
83 195
83 140
83 180
83 45
83 107
83 115
83 118
83 124
83 164
83 187
83 189
107 172
107 193
107 195
107 27
107 140
107 180
107 64
107 45
107 148
107 167
107 187
118 160
118 172
118 193
118 195
118 27
118 180
118 45
118 115
118 142
118 148
118 164
118 167
118 187
118 191
124 172
124 150
124 195
124 180
124 33
124 115
124 148
124 164
124 187
124 191
140 160
140 172
140 193
140 195
140 115
140 148
140 164
140 187
142 150
142 195
142 148
142 164
142 187
150 172
150 89
150 64
150 115
150 123
150 164
150 167
150 180
150 187
160 1
160 27
160 115
160 161
160 164
160 172
160 180
160 187
160 191
160 193
160 195
164 172
164 89
164 193
164 180
164 123
164 45
164 148
164 115
164 167
164 187
164 191
172 1
172 27
172 64
172 115
172 148
172 167
172 180
172 187
172 195
180 181
180 195
180 27
180 115
180 123
180 148
180 167
180 187
180 191
191 195
191 45
191 148
191 115
191 187
1 181
89 45
89 64
89 123
89 161
89 193
161 64
161 109
161 123
161 187
193 27
193 45
193 115
193 148
195 27
195 45
195 115
195 123
195 148
195 167
195 187
27 91
27 45
27 115
27 148
27 167
38 3
38 25
38 23
38 30
38 31
38 61
38 73
38 78
38 79
38 91
38 95
38 96
38 109
38 189
73 3
73 66
73 5
73 23
73 31
73 78
73 79
73 91
73 96
73 109
73 131
132 109
132 189
64 123
123 148
123 187
45 115
45 148
45 167
148 115
148 167
136 184
136 33
136 189
167 187
115 187
189 31
31 25
31 61
31 66
31 79
31 91
31 95
31 109
31 5
31 30
31 78
31 96
31 149
109 3
109 25
109 61
109 66
109 79
109 91
109 95
109 5
109 30
109 96
3 25
3 61
3 66
3 79
3 91
3 95
3 131
25 5
25 61
25 66
25 91
25 96
61 5
61 30
61 66
61 78
61 79
61 91
61 96
61 149
66 5
66 23
66 30
66 78
66 79
66 91
66 95
66 96
66 149
79 5
79 30
79 78
79 91
79 95
79 96
79 149
91 5
91 23
91 30
91 33
91 78
91 95
91 96
95 5
95 23
95 78
95 96
131 96
5 30
5 78
5 96
30 96
96 78
96 23
96 149
149 78
23 78
