131
159
105
73
71
171
292
314
135
218
224
19
223
213
161
131
260
312
312
317
165
138
223
114
256
99
71
309
87
213
314
140
0
131
48
162
82
54
242
298
310
116
114
150
165
150
224
114
213
271
118
182
325
73
218
213
138
114
301
249
182
150
249
197
284
161
114
150
150
150
27
150
224
218
63
72
224
256
315
56
290
131
218
140
266
54
291
292
200
150
292
260
260
244
131
239
150
150
64
315
114
135
114
256
150
294
301
220
265
217
114
260
131
54
212
201
109
323
219
11
150
176
150
260
113
20
114
131
214
224
248
150
314
218
213
297
224
301
50
310
140
138
114
259
250
182
246
75
71
116
114
104
314
140
105
312
114
105
298
150
130
30
224
