0 6
0 30
0 32
0 41
0 43
0 61
0 90
0 97
0 102
0 103
0 105
0 108
0 125
0 131
0 133
0 137
0 144
0 159
0 160
0 165
0 168
0 189
0 190
0 194
0 195
0 203
6 7
6 9
6 10
6 14
6 24
6 32
6 39
6 40
6 48
6 61
6 65
6 77
6 78
6 81
6 92
6 102
6 126
6 129
6 157
6 163
6 166
6 168
6 185
6 218
30 17
30 25
30 36
30 43
30 45
30 51
30 52
30 58
30 60
30 92
30 95
30 97
30 102
30 107
30 108
30 122
30 132
30 135
30 159
30 165
30 166
30 168
30 185
30 192
30 204
30 214
30 219
30 220
32 7
32 9
32 14
32 24
32 34
32 37
32 39
32 40
32 43
32 47
32 61
32 78
32 81
32 102
32 108
32 126
32 129
32 130
32 137
32 153
32 157
32 162
32 173
32 185
32 189
32 190
32 194
32 204
32 205
32 208
32 218
41 16
41 17
41 19
41 23
41 48
41 54
41 59
41 64
41 71
41 73
41 83
41 84
41 100
41 115
41 119
41 138
41 141
41 150
41 152
41 160
41 181
41 198
41 208
41 209
41 213
41 215
41 217
41 220
43 15
43 29
43 48
43 66
43 77
43 82
43 94
43 105
43 107
43 108
43 125
43 132
43 137
43 144
43 153
43 155
43 159
43 189
43 194
43 195
43 203
43 215
61 47
61 7
61 10
61 14
61 24
61 34
61 39
61 40
61 65
61 78
61 81
61 92
61 105
61 126
61 130
61 157
61 173
61 185
61 189
61 204
90 11
90 12
90 25
90 36
90 37
90 46
90 51
90 58
90 60
90 70
90 71
90 95
90 96
90 99
90 113
90 135
90 143
90 145
90 146
90 147
90 148
90 151
90 152
90 154
90 167
90 171
90 176
90 179
90 180
90 188
90 200
90 201
90 202
90 211
90 212
90 214
97 94
97 9
97 34
97 52
97 77
97 95
97 105
97 107
97 108
97 137
97 144
97 158
97 159
97 177
97 189
97 190
97 195
97 202
97 203
97 205
102 47
102 94
102 7
102 15
102 24
102 34
102 39
102 40
102 54
102 59
102 65
102 77
102 81
102 105
102 108
102 117
102 126
102 129
102 130
102 133
102 135
102 137
102 141
102 157
102 158
102 162
102 164
102 166
102 170
102 173
102 175
102 189
102 193
102 198
102 203
102 208
102 214
102 223
102 224
102 226
103 2
103 3
103 12
103 18
103 27
103 42
103 50
103 51
103 58
103 60
103 62
103 70
103 72
103 87
103 95
103 98
103 118
103 131
103 139
103 143
103 172
103 183
103 186
103 187
103 192
103 193
103 219
103 222
103 225
103 226
105 47
105 24
105 39
105 40
105 65
105 77
105 78
105 81
105 117
105 126
105 152
105 157
105 164
105 171
105 173
105 185
105 189
105 208
105 210
108 2
108 24
108 65
108 89
108 110
108 112
108 132
108 133
108 137
108 155
108 157
108 158
108 159
108 164
108 168
108 170
108 173
108 179
108 190
108 194
108 195
108 203
108 214
108 226
125 94
125 107
125 24
125 26
125 29
125 50
125 59
125 65
125 77
125 82
125 95
125 126
125 133
125 144
125 155
125 161
125 166
125 168
125 170
125 185
125 189
125 191
125 214
125 218
125 224
131 114
131 3
131 27
131 28
131 50
131 57
131 58
131 62
131 72
131 87
131 88
131 95
131 98
131 99
131 112
131 118
131 143
131 146
131 169
131 180
131 183
131 192
131 193
131 206
131 207
131 219
131 222
133 47
133 31
133 34
133 85
133 138
133 139
133 144
133 153
133 155
133 157
133 161
133 163
133 166
133 170
133 184
133 185
133 191
133 202
133 210
133 224
133 226
137 47
137 107
137 20
137 34
137 44
137 52
137 126
137 129
137 132
137 157
137 165
137 168
137 173
137 185
137 190
137 195
137 223
144 55
144 82
144 85
144 122
144 154
144 155
144 161
144 163
144 166
144 170
144 189
144 194
144 214
144 215
144 218
144 223
144 224
159 107
159 158
159 122
159 162
159 165
159 185
159 195
159 225
160 16
160 17
160 48
160 56
160 59
160 67
160 89
160 109
160 113
160 116
160 119
160 121
160 140
160 175
160 179
160 182
160 202
160 210
160 217
165 107
165 168
165 220
168 31
168 82
168 110
168 122
168 142
168 153
168 155
168 161
168 170
168 190
168 194
168 203
168 214
168 215
168 223
168 224
189 47
189 94
189 158
189 7
189 9
189 10
189 14
189 24
189 65
189 77
189 78
189 81
189 82
189 127
189 155
189 157
189 162
189 173
189 204
189 208
189 218
189 220
190 94
190 107
190 158
190 19
190 27
190 52
190 132
190 138
190 164
190 192
190 193
190 200
190 203
190 204
190 216
194 47
194 94
194 15
194 82
194 110
194 155
194 161
194 187
194 191
194 214
194 215
194 217
194 223
194 224
195 94
195 158
195 202
195 203
195 210
203 47
203 107
203 158
203 24
203 52
203 77
203 87
203 95
203 132
203 139
203 145
203 155
203 187
203 204
203 215
203 218
7 185
7 40
7 80
7 9
7 10
7 24
7 34
7 39
7 78
7 92
7 104
7 126
7 129
7 130
7 150
7 161
7 162
7 164
7 204
7 205
9 47
9 24
9 29
9 34
9 65
9 78
9 92
9 126
9 129
9 157
9 162
9 205
9 218
9 223
10 47
10 185
10 40
10 14
10 34
10 77
10 91
10 119
10 126
10 129
10 130
10 157
10 162
14 47
14 185
14 34
14 92
14 126
14 130
14 153
14 173
14 179
14 204
14 208
24 47
24 185
24 34
24 65
24 77
24 78
24 92
24 126
24 129
24 130
24 157
24 164
24 173
24 204
24 205
24 208
24 218
24 220
39 47
39 185
39 40
39 78
39 81
39 129
39 130
39 157
39 162
39 204
40 47
40 185
40 149
40 2
40 34
40 65
40 77
40 78
40 92
40 126
40 129
40 148
40 150
40 164
40 170
40 172
40 204
40 205
40 208
40 218
48 17
48 25
48 35
48 54
48 56
48 59
48 64
48 89
48 104
48 119
48 120
48 136
48 140
48 141
48 178
48 179
48 181
48 182
48 198
48 202
48 210
48 217
65 185
65 83
65 60
65 34
65 29
65 44
65 78
65 81
65 92
65 129
65 130
65 161
65 164
65 170
65 173
65 204
65 205
65 208
65 214
65 217
65 218
77 185
77 210
77 60
77 34
77 78
77 81
77 129
77 130
77 152
77 155
77 157
77 171
77 173
77 208
77 218
78 47
78 185
78 134
78 126
78 129
78 164
78 170
78 204
78 205
78 208
78 218
81 47
81 185
81 34
81 92
81 129
81 162
81 173
81 205
81 208
81 211
81 218
92 185
92 149
92 86
92 34
92 31
92 129
92 130
92 150
92 162
92 173
92 204
92 218
92 226
126 47
126 185
126 85
126 129
126 130
126 157
126 162
126 164
126 173
126 204
126 205
129 185
129 85
129 130
129 157
129 161
129 173
129 205
157 185
157 138
157 53
157 60
157 172
157 17
157 52
157 79
157 162
157 163
157 167
157 173
157 188
157 204
157 205
157 208
157 218
157 220
163 47
163 94
163 139
163 31
163 55
163 110
163 115
163 122
163 142
163 155
163 161
163 166
163 170
163 214
163 215
163 217
163 223
166 185
166 139
166 55
166 85
166 110
166 122
166 132
166 142
166 155
166 161
166 170
166 184
166 186
166 204
166 214
166 223
166 224
185 47
185 158
185 21
185 34
185 54
185 59
185 85
185 89
185 130
185 135
185 136
185 141
185 150
185 153
185 155
185 161
185 162
185 164
185 170
185 173
185 175
185 177
185 181
185 193
185 198
185 202
185 204
185 218
185 224
185 225
185 226
218 173
218 170
218 184
218 208
218 226
17 210
17 192
17 53
17 76
17 200
17 156
17 150
17 119
17 106
17 56
17 59
17 79
17 100
17 113
17 115
17 123
17 140
17 141
17 170
17 175
17 181
17 198
17 202
25 174
25 83
25 26
25 73
25 156
25 177
25 216
25 150
25 147
25 116
25 136
25 199
25 135
25 198
25 209
25 22
25 38
25 68
25 111
25 127
36 2
36 3
36 11
36 19
36 26
36 37
36 42
36 45
36 46
36 49
36 50
36 51
36 58
36 60
36 63
36 70
36 71
36 76
36 93
36 95
36 96
36 99
36 112
36 124
36 128
36 143
36 147
36 148
36 151
36 152
36 171
36 172
36 173
36 176
36 180
36 196
36 197
36 201
36 211
36 212
36 213
36 219
36 222
45 183
45 75
45 99
45 112
45 26
45 60
45 197
45 200
45 216
45 11
45 18
45 42
45 46
45 51
45 54
45 56
45 58
45 70
45 93
45 96
45 143
45 145
45 147
45 167
45 176
45 186
45 188
45 201
45 211
45 212
45 220
51 146
51 225
51 204
51 223
51 11
51 46
51 63
51 71
51 95
51 124
51 143
51 151
51 152
51 171
51 176
51 211
51 217
52 154
52 27
52 139
52 193
52 192
52 216
52 132
52 142
58 134
58 149
58 50
58 62
58 139
58 146
58 117
58 206
58 26
58 150
58 11
58 18
58 37
58 46
58 70
58 71
58 124
58 143
58 145
58 147
58 148
58 151
58 167
58 171
58 186
58 188
58 211
58 212
58 219
60 50
60 62
60 98
60 99
60 206
60 37
60 42
60 63
60 71
60 74
60 95
60 124
60 143
60 145
60 147
60 151
60 152
60 171
60 173
60 176
60 201
60 211
60 212
60 213
60 225
60 227
95 134
95 210
95 50
95 57
95 193
95 72
95 99
95 112
95 138
95 225
95 150
95 11
95 37
95 42
95 46
95 63
95 70
95 20
95 38
95 140
95 143
95 145
95 147
95 148
95 151
95 152
95 171
95 176
95 186
95 188
95 201
95 212
107 94
107 202
122 94
122 200
122 161
122 55
122 223
122 170
122 20
122 31
122 85
122 142
122 155
122 184
122 215
122 224
122 226
132 158
132 154
132 139
132 117
132 138
132 192
132 200
132 204
132 179
132 142
135 47
135 149
135 154
135 210
135 139
135 193
135 138
135 19
135 73
135 156
135 177
135 216
135 150
135 29
135 91
135 145
135 148
135 176
135 116
135 136
135 79
135 227
135 113
135 22
135 31
135 38
135 68
135 89
135 111
135 127
135 170
135 198
135 220
135 226
192 134
192 27
192 50
192 62
192 98
192 139
192 146
192 183
192 187
192 193
192 221
192 117
192 118
192 206
192 216
192 219
192 222
192 226
204 27
204 139
204 117
204 34
204 130
204 162
204 173
204 79
204 141
204 147
204 153
204 161
204 164
204 176
204 179
204 202
214 161
214 208
214 29
214 170
214 181
214 110
214 142
214 155
214 31
214 85
214 184
214 191
214 215
214 224
219 134
219 27
219 57
219 62
219 66
219 98
219 146
219 183
219 187
219 72
219 87
219 112
219 117
219 180
219 206
219 208
219 63
219 70
219 96
219 124
219 152
219 171
219 186
219 21
219 118
219 167
220 83
220 154
220 33
220 187
220 87
220 117
220 138
220 206
220 73
220 156
220 177
220 216
220 130
220 150
220 91
220 54
220 116
220 141
220 198
220 21
220 22
220 38
220 111
220 31
220 217
34 47
34 158
34 130
34 162
34 226
37 99
37 206
37 11
37 46
37 54
37 59
37 63
37 70
37 124
37 141
37 145
37 176
37 211
47 22
47 110
47 130
47 161
47 162
47 173
47 198
47 205
47 208
47 226
130 138
130 85
130 136
130 153
130 162
130 164
130 198
130 226
153 94
153 205
153 55
153 31
153 85
153 142
153 155
153 184
153 191
153 198
153 224
162 158
162 164
162 173
162 205
173 138
173 175
173 208
173 217
205 94
205 19
205 29
205 164
205 179
208 161
208 164
208 29
208 49
208 59
208 118
208 170
208 175
16 210
16 193
16 150
16 54
16 56
16 79
16 175
16 182
16 199
16 227
19 154
19 221
19 75
19 169
19 4
19 12
19 13
19 26
19 49
19 53
19 76
19 109
19 150
19 172
19 179
19 196
19 197
19 200
19 223
23 5
23 64
23 83
23 101
23 138
23 8
23 178
54 149
54 154
54 210
54 98
54 221
54 15
54 138
54 104
54 119
54 179
54 56
54 89
54 100
54 111
54 113
54 115
54 123
54 127
54 140
54 141
54 175
54 181
54 182
54 202
54 217
59 149
59 210
59 138
59 143
59 148
59 188
59 179
59 56
59 89
59 100
59 113
59 115
59 140
59 181
64 174
64 1
64 5
64 8
64 69
64 73
64 198
64 209
71 66
71 72
71 200
71 11
71 42
71 46
71 63
71 70
71 68
71 74
71 96
71 115
71 124
71 141
71 143
71 145
71 147
71 148
71 151
71 171
71 176
71 179
71 188
71 201
71 211
71 212
73 174
73 5
73 83
73 149
73 154
73 33
73 21
73 22
73 38
73 56
73 68
73 116
73 120
73 136
73 150
73 156
73 177
73 178
73 198
73 199
73 209
73 216
73 217
73 227
83 174
83 1
83 5
83 8
83 15
83 22
83 38
83 44
83 99
83 101
83 116
83 119
83 127
83 128
83 138
83 149
83 150
83 154
83 177
83 198
83 199
83 227
84 149
84 56
84 115
84 69
84 217
100 149
100 210
100 138
100 76
100 104
100 150
100 44
100 119
100 179
100 136
100 141
100 175
100 89
100 113
100 115
100 120
100 181
100 202
115 149
115 210
115 138
115 104
115 119
115 179
115 56
115 141
115 175
115 113
115 38
115 89
115 140
115 181
115 202
115 209
115 217
119 134
119 210
119 138
119 104
119 91
119 89
119 113
119 140
119 141
119 175
119 202
119 226
138 174
138 5
138 101
138 33
138 15
138 75
138 4
138 22
138 44
138 53
138 56
138 68
138 76
138 89
138 111
138 120
138 136
138 141
138 150
138 156
138 172
138 175
138 177
138 179
138 181
138 198
138 202
138 209
138 217
141 149
141 210
141 104
141 46
141 179
141 56
141 79
141 89
141 113
141 120
141 155
141 175
141 181
141 182
141 209
141 215
150 134
150 210
150 33
150 76
150 109
150 8
150 156
150 216
150 225
150 21
150 38
150 56
150 69
150 91
150 106
150 111
150 116
150 120
150 123
150 127
150 136
150 175
150 178
150 198
150 199
150 227
152 134
152 146
152 99
152 180
152 11
152 42
152 46
152 63
152 70
152 143
152 145
152 167
152 171
152 176
152 188
152 201
152 212
181 149
181 223
181 179
181 56
181 182
181 113
181 140
181 155
181 202
198 174
198 101
198 210
198 75
198 177
198 91
198 116
198 136
198 56
198 178
198 21
198 22
198 68
198 85
198 111
198 127
209 210
209 18
209 188
209 217
213 33
213 15
213 75
213 169
213 53
213 67
213 76
213 109
213 172
213 197
213 200
213 164
213 49
213 116
213 179
213 196
215 94
215 104
215 29
215 223
215 170
215 110
215 155
215 31
215 191
217 94
217 101
217 149
217 210
217 87
217 67
217 216
217 91
217 145
217 179
217 106
217 136
217 56
217 79
217 123
217 175
217 182
217 113
217 202
217 224
217 89
217 120
15 3
15 4
15 13
15 53
15 75
15 76
15 80
15 106
15 109
15 112
15 116
15 136
15 169
15 172
15 197
15 200
29 94
29 53
29 82
29 110
29 142
29 155
29 223
29 224
66 114
66 134
66 3
66 27
66 50
66 57
66 62
66 28
66 42
66 72
66 87
66 116
66 118
66 139
66 177
66 180
66 183
66 187
66 193
66 206
66 207
66 221
66 226
82 161
82 145
82 110
82 155
94 26
94 31
94 55
94 85
94 142
94 155
94 170
94 180
94 184
94 191
94 223
94 224
155 222
155 161
155 55
155 223
155 110
155 142
155 85
155 184
155 224
22 174
22 33
22 156
22 177
22 216
22 91
22 116
22 136
22 227
22 21
22 38
22 68
22 127
110 223
110 170
110 191
110 224
161 31
161 142
161 223
161 224
226 134
226 50
226 57
226 98
226 139
226 146
226 183
226 193
226 72
226 112
226 169
226 180
226 206
226 222
226 143
11 146
11 99
11 18
11 42
11 46
11 63
11 70
11 96
11 124
11 143
11 145
11 147
11 148
11 151
11 171
11 176
11 186
11 188
11 211
11 212
12 154
12 221
12 75
12 169
12 180
12 4
12 42
12 67
12 76
12 93
12 188
12 196
46 183
46 172
46 18
46 42
46 49
46 63
46 147
46 148
46 151
46 167
46 171
46 176
46 188
46 201
46 211
46 212
70 210
70 112
70 197
70 18
70 42
70 63
70 124
70 143
70 145
70 148
70 151
70 167
70 176
70 201
70 211
70 212
96 50
96 221
96 42
96 63
96 143
96 147
96 148
96 151
96 167
96 186
96 188
96 201
96 212
99 3
99 50
99 187
99 72
99 42
99 63
99 124
99 171
99 211
99 212
99 222
113 210
113 156
113 179
113 116
113 175
113 182
113 89
113 140
113 202
143 114
143 210
143 50
143 62
143 98
143 112
143 117
143 180
143 206
143 42
143 63
143 124
143 89
143 148
143 151
143 167
143 171
143 176
143 188
143 201
143 211
143 212
145 139
145 18
145 42
145 63
145 124
145 147
145 151
145 171
145 176
145 188
145 211
145 212
146 134
146 2
146 3
146 27
146 50
146 62
146 88
146 139
146 42
146 76
146 87
146 112
146 167
146 171
146 176
146 180
146 183
146 187
146 188
146 193
146 206
146 207
146 221
146 222
147 62
147 221
147 164
147 18
147 63
147 124
147 49
147 148
147 151
147 167
147 171
147 176
147 186
147 188
147 211
147 212
148 154
148 139
148 87
148 42
148 124
148 38
148 68
148 116
148 171
148 176
148 182
148 186
148 188
148 201
148 212
151 183
151 53
151 18
151 42
151 124
151 167
151 171
151 176
151 179
151 188
151 201
151 211
154 1
154 5
154 149
154 8
154 13
154 38
154 42
154 44
154 49
154 116
154 117
154 128
154 179
154 196
154 200
154 201
154 202
154 210
167 134
167 62
167 98
167 117
167 42
167 63
167 171
167 176
167 186
167 188
167 212
171 149
171 183
171 28
171 112
171 169
171 67
171 76
171 109
171 42
171 124
171 74
171 176
171 186
171 188
171 211
171 212
176 139
176 42
176 124
176 186
176 188
176 201
176 211
176 212
176 227
179 149
179 210
179 53
179 67
179 200
179 104
179 42
179 56
179 79
179 89
179 123
179 136
179 140
179 178
179 182
179 196
179 202
180 114
180 134
180 3
180 27
180 98
180 139
180 187
180 207
180 72
180 112
180 117
180 63
180 206
180 212
188 62
188 221
188 112
188 164
188 18
188 42
188 63
188 186
188 49
188 175
188 201
188 211
200 75
200 4
200 53
200 67
200 76
200 80
200 86
200 109
200 197
200 49
200 93
200 178
200 196
200 216
201 33
201 53
201 18
201 63
201 186
201 211
202 104
202 56
202 123
202 175
202 140
202 89
211 149
211 183
211 18
211 124
212 18
212 42
212 63
212 186
212 74
26 27
26 62
26 169
26 206
26 4
26 49
26 53
26 67
26 76
26 79
26 86
26 104
26 106
26 136
31 187
31 206
31 55
31 142
31 85
55 85
55 142
55 170
55 191
55 223
85 142
85 224
85 191
142 223
142 170
142 184
142 191
170 164
170 223
170 224
184 139
184 224
223 20
224 149
177 174
177 5
177 210
177 156
177 21
177 68
177 79
177 91
177 111
177 116
177 136
177 178
177 199
177 216
177 227
117 134
117 149
117 27
117 50
117 62
117 98
117 139
117 187
117 193
117 221
117 72
117 87
117 112
117 76
117 118
117 206
175 174
175 210
175 104
175 56
175 123
175 38
175 89
175 118
175 182
193 114
193 134
193 2
193 3
193 27
193 50
193 57
193 62
193 98
193 139
193 183
193 187
193 28
193 63
193 72
193 112
193 118
193 156
193 221
193 222
2 114
2 134
2 3
2 27
2 33
2 50
2 62
2 88
2 98
2 139
2 183
2 187
2 207
2 221
3 134
3 28
3 50
3 57
3 62
3 72
3 75
3 87
3 88
3 98
3 112
3 139
3 183
3 187
3 206
3 222
18 98
18 42
18 63
18 124
18 186
27 134
27 57
27 63
27 87
27 91
27 139
27 183
27 187
27 206
27 207
27 222
42 134
42 149
42 221
42 75
42 169
42 172
42 49
42 124
42 186
42 196
50 114
50 134
50 57
50 62
50 75
50 87
50 98
50 112
50 116
50 118
50 139
50 169
50 172
50 183
50 187
50 206
50 221
50 222
62 134
62 63
62 72
62 87
62 98
62 112
62 124
62 139
62 221
72 114
72 210
72 88
72 98
72 139
72 183
72 187
72 207
72 221
72 28
72 112
72 206
87 57
87 98
87 139
87 183
87 187
87 221
87 118
87 222
98 114
98 134
98 57
98 112
98 183
98 207
118 139
118 183
118 187
118 112
118 206
118 222
139 210
139 57
139 88
139 28
139 49
139 63
139 112
139 121
139 183
139 187
139 196
139 206
139 221
172 207
172 221
172 75
172 169
172 4
172 76
172 86
172 109
172 49
172 63
172 93
172 136
172 196
183 134
183 57
183 88
183 28
183 63
183 112
183 206
183 207
183 221
183 222
186 74
187 134
187 57
187 28
187 63
187 67
187 112
187 206
187 222
222 57
222 221
222 112
222 206
225 5
225 101
225 149
225 128
225 121
210 1
210 134
210 149
210 21
210 56
210 79
210 89
210 104
210 116
210 120
210 123
210 124
210 128
210 140
210 178
210 182
210 206
89 149
89 75
89 104
89 56
89 79
89 182
89 227
89 140
89 120
112 5
112 134
112 57
112 207
112 221
112 63
112 169
112 196
114 28
114 63
114 134
28 57
28 207
28 206
63 134
63 57
63 216
63 124
134 57
134 206
134 207
134 221
57 206
88 35
88 49
88 207
169 221
169 13
169 35
169 44
169 53
169 67
169 80
169 109
169 196
169 197
206 207
206 221
207 8
44 101
44 149
44 8
44 104
56 104
56 120
56 123
56 140
56 227
67 75
67 13
67 53
67 35
67 76
67 93
67 109
67 178
109 75
109 4
109 13
109 76
109 80
109 86
109 35
109 116
109 196
116 156
116 216
116 91
116 68
121 101
121 128
121 104
140 104
140 123
140 38
182 79
182 123
182 120
174 5
174 21
174 75
174 91
174 111
174 127
174 136
174 156
174 227
5 1
5 8
5 128
5 149
5 156
5 216
21 156
21 216
21 91
21 199
21 227
21 178
21 38
21 68
21 111
21 127
75 4
75 13
75 49
75 76
75 86
75 93
75 106
75 111
75 136
91 156
91 216
91 38
91 68
91 111
91 127
91 136
111 33
111 216
111 136
111 199
111 227
111 178
111 38
111 68
111 69
127 156
127 136
127 227
127 38
127 68
136 33
136 156
136 38
136 68
136 178
136 199
156 101
156 38
156 68
156 106
156 123
156 199
156 216
227 216
227 199
227 38
227 68
216 33
216 38
8 101
8 149
128 101
128 149
149 101
149 76
149 79
149 104
149 123
149 178
35 53
35 76
35 197
35 49
35 93
35 196
35 106
104 79
104 123
178 33
178 86
178 38
178 68
38 199
38 68
101 79
101 106
199 33
199 79
199 123
199 68
79 123
106 76
106 197
106 93
221 49
221 53
76 4
76 13
76 53
76 49
76 86
76 93
76 197
13 49
13 53
13 197
49 53
49 86
49 93
196 197
196 93
124 74
93 197
197 4
197 53
53 4
53 80
