0 14
0 47
0 50
0 76
14 47
14 50
14 116
47 4
47 50
47 58
47 110
47 116
47 169
50 58
50 63
50 76
50 102
50 110
50 116
50 169
76 116
116 3
116 58
116 82
116 110
116 125
116 126
4 61
4 91
58 110
169 61
169 91
169 154
169 53
169 63
169 133
169 136
169 155
169 168
169 187
102 26
3 125
82 136
82 161
82 126
125 17
125 24
125 49
125 62
125 101
125 126
125 136
125 151
125 161
1 183
183 64
183 85
183 87
64 85
85 5
85 71
85 84
85 139
85 176
5 139
71 87
71 132
84 139
84 176
139 87
139 12
139 27
139 35
139 130
139 162
139 176
176 108
176 163
176 171
2 97
2 143
97 11
97 37
97 79
97 105
97 134
97 143
97 145
11 79
11 119
11 145
37 7
37 79
37 92
37 94
37 111
37 119
37 134
37 144
37 167
79 54
79 69
79 94
79 105
79 119
79 134
79 145
105 21
105 145
105 153
134 94
134 119
134 145
145 173
145 94
145 119
145 54
145 65
145 69
145 72
145 153
17 24
49 62
49 151
49 161
62 158
62 151
62 161
101 136
101 161
136 61
136 22
136 121
136 137
136 140
136 161
151 161
161 129
61 20
61 66
61 91
61 107
61 121
61 154
91 20
91 36
91 39
91 46
91 66
91 89
91 107
91 109
91 154
20 13
20 18
20 56
20 67
20 89
20 131
20 135
20 180
20 184
66 107
121 46
154 21
154 36
154 45
154 109
154 114
154 127
154 148
154 149
154 150
36 109
36 150
21 52
21 70
21 72
21 83
21 93
21 146
21 153
21 164
21 173
45 52
45 149
114 127
127 148
53 133
133 41
133 112
133 118
155 168
168 15
168 73
168 128
168 19
168 38
168 40
168 159
168 175
168 179
168 187
12 35
12 86
12 117
12 130
12 174
27 86
27 130
27 162
35 86
35 130
35 162
130 117
130 162
162 86
6 16
6 77
6 98
16 44
16 188
77 55
77 98
77 152
44 188
7 92
7 144
7 167
92 111
92 144
92 167
144 167
167 111
167 9
167 104
94 119
9 31
9 42
104 31
104 42
8 70
8 173
70 83
70 164
70 173
173 83
173 72
173 93
173 146
173 182
52 164
72 146
83 93
93 23
93 96
146 182
153 65
31 42
10 103
103 80
103 138
103 165
103 171
103 186
80 48
80 138
80 156
80 171
80 186
48 171
138 165
138 99
156 51
156 95
156 177
156 186
171 51
171 158
171 32
171 115
171 160
171 163
171 78
171 113
171 186
186 165
54 69
65 60
65 75
86 117
13 56
13 180
56 67
180 18
67 34
67 131
67 135
131 135
131 184
135 184
184 34
15 73
15 124
15 175
73 124
73 175
73 179
124 128
124 175
124 179
175 128
179 128
19 40
38 29
38 158
38 74
38 132
38 172
38 178
38 181
23 96
23 157
96 157
140 30
25 29
25 51
25 141
25 158
25 170
29 28
29 122
29 123
29 141
51 78
51 95
51 141
51 158
51 170
141 95
158 95
158 113
158 170
158 172
170 95
28 59
123 59
172 74
74 166
74 178
74 185
132 120
132 147
32 108
32 115
32 160
108 57
108 81
108 88
108 100
108 160
108 163
115 160
115 163
160 163
57 163
57 81
81 163
81 33
88 100
100 163
163 106
166 185
120 147
41 112
41 118
43 60
43 75
43 90
60 75
60 90
129 68
129 142
68 142
