0 44
0 58
0 115
0 135
0 174
44 115
44 135
58 87
58 127
58 189
58 232
115 1
115 74
115 128
115 135
115 174
115 179
115 189
135 84
135 128
135 179
174 74
174 127
174 128
174 179
174 189
174 266
87 127
127 117
127 266
189 68
189 200
189 19
189 98
189 139
189 193
189 264
232 133
232 126
232 246
1 179
128 179
179 84
179 98
179 269
84 68
84 86
84 264
84 229
266 117
98 26
98 86
98 200
98 139
98 229
98 251
98 264
98 269
269 26
269 264
269 139
269 229
2 260
260 21
260 60
260 67
260 76
260 79
260 99
260 113
260 148
260 203
260 206
260 216
260 243
260 248
260 250
260 281
60 76
60 99
60 243
60 250
67 18
67 76
76 157
76 274
76 154
76 114
76 48
76 63
76 99
76 250
76 278
79 64
79 90
79 121
79 141
79 148
79 187
79 213
79 239
79 243
79 250
99 75
99 106
99 122
99 278
99 90
99 142
99 148
99 250
99 276
148 55
148 75
148 106
148 64
148 239
148 243
148 250
203 117
203 17
203 73
203 163
203 30
203 114
203 147
203 171
203 180
203 235
203 245
206 142
206 152
206 218
216 254
243 64
243 187
243 190
243 239
243 250
243 276
248 228
248 246
248 13
248 22
248 102
248 151
248 209
248 80
248 144
248 152
248 153
248 212
248 261
248 265
250 163
250 64
250 90
250 187
250 190
250 217
250 239
250 276
281 52
3 4
3 89
3 117
3 186
3 196
3 231
3 241
4 117
4 130
4 177
4 186
4 196
4 228
89 130
89 177
89 186
89 196
117 42
117 124
117 130
117 139
117 196
117 228
186 130
186 196
196 130
196 177
231 42
231 129
231 139
231 227
231 241
231 249
241 107
241 212
241 228
241 261
130 177
130 228
177 261
228 144
228 212
42 227
42 7
42 249
124 45
124 156
124 22
124 93
124 154
124 162
124 169
139 227
139 105
139 169
139 35
139 109
139 129
261 144
261 212
261 152
129 55
129 73
129 227
227 17
227 96
227 163
227 173
227 7
227 249
249 73
249 7
249 9
249 201
249 27
249 185
249 200
249 253
107 142
107 271
212 144
212 265
212 152
144 52
144 265
5 17
5 73
5 75
5 96
5 106
5 118
5 120
5 122
5 163
5 170
5 173
17 106
17 118
17 163
17 200
17 245
73 55
73 35
73 77
73 118
73 122
73 165
73 170
73 200
73 253
73 259
75 55
75 106
75 120
75 122
96 7
96 66
96 171
96 205
96 272
106 55
106 10
106 118
106 120
106 122
118 55
118 10
118 164
118 173
120 122
122 20
122 165
122 170
122 259
163 55
163 169
163 170
163 187
163 245
170 20
170 165
173 33
173 47
173 201
173 204
173 210
173 264
173 275
200 27
200 109
200 210
200 253
200 264
245 35
245 103
245 154
245 155
245 158
245 181
55 259
259 20
259 165
35 256
35 93
35 104
35 51
35 100
35 103
35 114
35 155
35 158
35 166
77 155
77 181
77 274
165 20
253 27
253 109
7 201
171 30
171 65
171 88
171 61
171 270
171 169
171 43
171 111
171 131
171 142
171 235
171 240
205 219
205 137
205 101
205 272
205 198
205 81
205 72
205 195
205 199
205 242
272 36
272 43
10 164
164 142
164 271
164 274
169 30
169 65
169 133
169 246
169 156
169 86
169 61
169 270
169 147
169 210
169 235
169 240
169 275
187 64
187 90
187 217
33 201
33 65
33 47
33 204
47 201
47 65
47 78
47 204
201 9
201 65
201 78
201 204
201 264
204 65
204 267
204 264
204 78
210 65
210 252
210 86
210 268
210 131
210 78
210 244
264 26
264 109
264 193
264 229
275 65
275 131
275 198
6 30
6 36
6 39
6 53
6 121
6 138
6 141
6 143
6 192
6 213
6 236
6 247
30 36
30 39
30 137
30 202
30 235
30 236
30 255
36 38
36 43
36 121
36 202
36 213
39 137
39 143
39 255
53 100
53 138
53 211
53 255
121 141
121 184
121 213
121 236
138 72
138 100
138 101
138 137
138 195
138 199
138 211
138 247
141 167
141 188
141 192
141 213
141 247
192 110
192 211
192 213
192 235
192 270
213 43
236 202
247 188
137 72
137 101
137 195
137 199
137 255
255 211
38 92
38 101
43 131
43 198
100 154
100 110
100 181
100 103
100 158
100 211
211 240
64 92
64 278
64 59
64 90
64 142
64 178
64 183
64 239
64 276
239 190
239 276
184 240
184 188
72 101
72 199
101 92
101 195
101 199
195 199
167 31
167 110
167 215
110 31
110 95
110 215
270 256
270 29
270 93
270 215
270 279
9 185
185 94
65 8
65 54
65 78
65 131
65 252
65 267
65 283
78 252
8 54
8 252
8 267
8 283
54 86
54 225
54 267
54 283
252 29
252 86
252 244
252 267
252 282
267 283
86 15
86 29
86 119
86 175
86 229
86 244
86 282
225 214
131 268
131 198
29 61
29 93
29 150
29 182
244 88
244 150
244 119
244 282
94 56
94 273
142 92
142 198
142 237
142 271
274 22
274 48
274 63
274 80
274 105
274 181
274 278
11 133
11 230
11 246
133 161
133 230
133 246
230 136
230 246
246 136
246 12
246 45
246 93
246 104
246 119
246 126
246 150
246 151
246 156
246 161
246 162
246 226
161 162
126 254
12 45
12 156
12 222
45 57
45 134
45 149
45 222
45 256
45 277
45 279
93 156
93 151
93 208
93 226
93 57
93 104
93 134
93 149
93 181
93 279
104 159
104 32
104 57
104 134
104 149
104 181
119 88
119 150
150 88
150 162
151 13
151 102
151 16
151 208
151 226
156 19
156 162
162 263
226 102
226 16
226 208
226 153
226 172
226 284
57 134
57 149
57 279
134 159
134 32
134 108
134 123
134 149
134 172
134 181
134 234
134 279
149 181
149 123
149 279
256 22
256 234
279 123
19 68
19 28
19 85
13 22
22 105
22 154
154 103
154 116
154 155
154 181
16 208
80 37
153 172
153 91
153 176
265 52
14 160
14 223
14 224
160 23
160 83
160 197
160 223
160 224
223 146
223 191
23 197
146 40
146 46
191 40
191 82
191 132
15 26
15 175
15 220
15 263
26 88
26 175
26 207
26 263
175 68
175 207
175 220
175 263
220 68
220 207
263 68
263 207
88 68
229 251
172 49
172 91
172 176
172 284
284 91
284 176
109 193
114 51
114 103
114 158
147 111
147 180
147 215
103 155
103 158
155 51
158 51
181 32
181 258
18 157
48 63
48 278
63 278
278 178
278 183
278 190
278 218
278 276
28 262
116 190
234 123
24 145
24 219
145 219
219 81
219 198
81 198
25 41
25 69
25 112
25 125
25 159
69 112
112 71
125 34
125 221
71 280
34 221
221 50
61 182
61 240
240 168
215 31
215 111
111 31
111 95
31 95
32 258
108 70
108 97
108 257
91 176
176 140
176 238
40 82
40 132
40 140
40 194
82 194
178 183
178 190
178 276
183 190
183 233
183 276
190 276
190 233
276 233
59 62
59 237
62 237
70 97
