2
189
469
59
493
317
454
273
119
113
444
401
296
82
464
712
229
56
130
462
106
124
75
87
440
303
76
267
286
307
402
116
36
619
389
361
21
140
215
328
162
381
605
661
122
219
80
690
0
663
518
528
447
707
455
372
136
232
60
457
11
688
220
344
390
706
231
172
387
695
177
495
685
279
126
618
633
333
582
57
158
211
133
318
648
295
590
411
395
103
79
534
152
385
246
670
377
91
29
134
711
616
315
517
701
115
410
319
626
54
196
369
558
620
30
206
520
589
173
425
426
370
69
481
46
192
356
632
329
285
357
320
155
221
391
475
37
458
375
171
399
12
581
631
39
6
235
198
1
53
673
460
442
684
244
32
276
257
182
139
241
33
408
35
568
533
552
27
592
169
266
210
594
43
275
683
367
212
151
123
111
22
175
621
4
157
174
131
477
322
26
443
667
160
580
366
576
335
28
38
628
705
428
202
591
559
459
505
25
635
479
445
183
314
529
262
624
181
687
325
487
702
312
700
403
159
65
190
680
383
421
658
660
384
185
112
653
188
535
550
58
240
331
388
499
164
386
417
51
467
107
693
81
422
473
373
161
597
456
476
472
128
415
358
595
209
283
99
23
143
414
453
34
176
50
513
625
461
419
10
474
606
430
62
704
