0 8
0 9
0 21
0 23
0 27
0 31
0 49
0 57
0 69
8 9
8 21
8 31
8 69
9 21
9 25
9 31
9 36
9 50
9 59
9 69
21 31
21 69
23 27
23 49
23 57
27 49
31 69
25 36
25 51
25 50
36 30
36 34
36 44
36 53
36 7
36 33
36 50
36 51
36 59
36 73
50 51
50 33
50 37
50 59
59 33
59 37
1 28
1 30
1 48
1 74
30 7
30 14
30 32
30 48
74 14
74 24
74 32
74 38
7 34
7 51
7 73
14 32
2 34
2 44
2 53
34 3
34 5
34 11
34 12
34 19
34 20
34 26
34 39
34 44
34 51
34 53
34 54
34 62
34 67
44 53
53 54
53 62
53 73
3 5
3 19
5 13
5 20
5 39
11 20
11 54
12 26
19 4
19 10
19 16
19 18
19 22
19 55
19 56
19 60
19 68
19 72
20 39
20 54
26 15
26 29
26 41
26 45
26 64
39 13
51 73
54 62
62 43
4 6
4 40
4 46
4 52
4 56
4 60
4 68
10 68
10 18
16 22
18 55
22 72
56 46
56 52
56 60
56 68
60 47
60 68
68 70
6 17
6 35
6 40
6 65
6 71
46 42
46 52
46 61
46 66
52 61
17 65
42 66
47 70
33 37
15 29
29 64
43 58
43 63
58 63
