179
127
81
96
299
207
202
438
135
158
298
345
87
369
335
6
142
347
204
186
192
181
212
211
413
415
216
426
331
344
240
444
126
175
297
425
295
156
123
122
197
222
2
442
432
305
280
435
169
375
219
173
75
227
221
130
210
443
441
191
229
341
411
228
10
383
30
119
114
9
362
215
13
152
430
176
330
224
292
329
143
271
203
73
248
120
232
185
450
243
272
214
55
310
407
144
230
72
201
294
348
390
145
328
370
364
105
408
28
274
83
303
97
448
256
29
289
134
273
242
225
226
284
266
237
88
146
31
154
281
373
334
343
384
5
