356
1127
249
384
207
639
138
373
324
690
391
505
771
447
663
317
41
802
896
814
367
990
39
823
740
1119
999
630
224
65
655
299
79
361
135
728
920
430
247
53
795
889
1014
1033
940
852
1130
540
163
457
891
1032
95
797
859
567
758
413
51
557
1067
1098
866
648
882
951
392
437
219
314
600
1037
609
1028
938
185
615
696
529
612
776
383
1069
934
1061
114
783
1007
471
9
465
1081
596
77
980
1118
635
883
796
761
78
483
769
1111
172
649
201
585
282
604
806
501
257
608
1100
839
617
192
680
43
305
1092
233
452
371
399
408
924
929
374
13
69
843
641
570
576
121
949
194
291
125
234
388
804
767
57
544
739
425
975
753
350
989
623
47
840
879
1113
422
179
232
108
25
912
94
747
1087
204
1
273
189
261
606
58
157
289
1101
792
669
1027
181
397
903
1128
685
822
164
1124
111
319
68
243
861
160
487
518
260
909
193
143
682
329
644
1024
666
387
435
541
32
584
1096
1020
455
876
152
1102
1012
510
819
332
977
908
109
223
870
553
183
678
100
357
4
953
948
1023
633
744
1015
515
1039
573
935
531
757
603
214
784
440
102
602
362
313
31
414
853
686
176
670
846
973
932
658
353
807
700
525
230
474
73
454
983
116
419
494
1022
290
20
169
1049
398
87
448
1046
733
542
627
647
745
159
976
54
210
970
563
845
650
442
372
507
469
1075
712
532
278
1040
264
1048
855
810
449
1077
782
85
820
1088
662
302
129
1107
1029
591
421
919
1122
486
488
338
917
5
587
64
385
238
556
113
1050
370
96
1003
410
22
280
610
849
46
241
631
1099
509
118
926
508
561
659
1079
165
283
72
671
467
246
110
59
170
222
149
790
828
624
126
182
637
626
310
1045
306
679
142
586
636
275
323
803
1016
875
621
661
961
941
404
775
931
389
1110
683
451
519
205
144
386
335
1106
342
642
786
618
15
992
813
996
1051
830
1116
827
330
972
836
565
480
272
937
153
1006
773
188
178
104
1019
957
359
253
785
436
724
547
328
150
187
294
456
379
42
535
906
893
211
358
1120
446
420
106
1068
687
590
759
1086
274
720
578
10
491
411
1035
262
791
619
76
293
1072
729
581
168
490
533
821
123
734
706
945
620
354
958
75
816
730
300
48
1018
801
732
174
1013
98
942
12
968
572
738
263
504
349
466
1055
707
736
756
571
303
1074
1114
270
71
898
1080
1010
206
266
834
517
365
105
652
202
366
198
577
713
30
837
364
922
298
694
215
345
1002
963
860
139
240
177
375
735
656
520
727
151
28
35
899
1047
97
1083
1052
895
741
368
18
464
764
611
653
665
248
403
180
743
583
923
17
632
476
538
1109
526
698
675
242
325
14
944
337
184
236
788
1123
400
288
441
460
654
881
459
473
318
1090
29
851
885
1021
914
1059
124
395
453
322
333
401
742
416
867
928
228
3
873
166
546
988
26
549
254
711
1131
516
597
967
146
628
158
997
994
842
991
986
871
904
407
412
762
8
133
292
331
925
723
495
90
927
285
1103
872
311
429
704
340
49
800
1057
426
911
511
287
616
493
1076
478
995
936
887
195
286
1064
614
431
117
770
61
695
962
725
