540
520
476
209
288
688
495
306
448
543
625
644
485
526
154
580
367
574
171
646
344
528
573
226
366
596
647
419
166
254
427
296
544
159
483
465
632
278
642
358
220
614
611
305
225
656
500
523
560
167
408
615
224
627
538
255
484
480
230
612
617
12
577
589
635
536
210
569
630
348
170
218
382
510
270
537
518
51
394
290
326
451
492
345
289
462
186
217
579
168
636
470
359
145
515
479
559
252
701
684
197
384
339
36
546
379
449
601
456
676
389
14
490
669
566
267
613
549
498
680
377
466
89
201
405
409
253
266
692
291
511
478
365
616
391
491
681
206
503
439
697
670
182
399
582
588
335
78
80
246
137
459
243
309
410
328
50
397
572
212
213
639
513
202
621
587
460
414
571
502
683
357
235
499
447
164
248
645
534
189
256
468
203
641
223
679
292
555
62
707
176
545
659
512
583
77
631
486
375
320
508
633
481
473
390
442
162
228
378
386
247
663
429
422
245
557
323
261
458
79
280
425
172
373
624
568
302
370
501
285
584
594
331
362
59
497
65
34
239
57
595
666
565
436
279
315
477
598
556
219
58
314
349
2
169
352
300
682
338
249
404
372
667
317
322
303
434
70
529
237
527
430
346
341
156
597
241
308
496
221
532
269
304
506
416
687
181
634
505
178
593
282
307
453
205
194
558
489
585
664
123
177
552
258
561
398
640
521
637
260
548
214
327
668
198
204
46
263
240
0
539
562
312
417
472
155
200
30
610
179
564
411
369
232
311
602
576
121
281
649
208
350
471
158
392
461
207
299
283
163
193
661
575
494
180
441
321
628
401
329
622
694
474
153
662
332
175
507
541
9
530
450
82
276
190
161
415
60
603
638
433
525
711
660
295
387
355
313
567
700
229
533
454
605
671
381
49
464
272
165
136
457
32
608
607
211
54
428
421
522
325
234
431
160
152
609
157
420
22
275
238
265
446
407
360
233
188
657
658
531
696
286
183
695
244
385
363
147
445
437
264
553
354
599
361
274
199
475
418
702
342
519
340
356
222
604
273
524
227
310
691
406
374
563
287
146
69
586
590
672
337
693
380
395
600
535
125
66
347
488
376
504
143
353
432
231
440
297
643
334
48
675
318
648
438
678
455
591
316
268
364
351
592
293
570
319
324
294
396
426
185
651
413
151
242
371
192
542
196
412
298
301
626
271
187
677
257
547
469
402
550
623
435
578
516
452
174
493
620
336
509
284
262
554
517
653
551
191
487
195
400
482
650
619
618
463
173
403
388
250
467
113
330
444
333
251
514
581
606
67
