552
110
779
772
874
847
235
202
85
846
893
685
634
633
3
5
776
262
500
61
349
617
247
157
68
738
612
722
34
628
94
369
308
78
289
610
571
707
414
87
131
992
527
222
516
256
947
136
348
439
284
137
669
226
385
285
798
42
751
343
29
173
862
577
276
407
0
998
24
434
499
623
826
777
96
97
319
529
77
564
584
237
749
495
491
640
200
889
254
833
579
535
691
597
318
638
50
393
601
370
197
476
142
802
705
949
739
211
63
430
100
258
973
384
838
49
298
215
706
204
473
80
867
255
106
852
704
387
86
236
358
518
720
352
546
756
293
616
492
732
659
429
730
442
11
203
915
297
413
606
114
719
478
356
656
420
340
321
658
62
637
716
79
372
238
596
999
303
425
531
328
595
454
272
44
322
763
974
860
320
660
378
436
270
287
694
589
904
88
20
159
227
591
696
9
260
39
819
576
710
544
626
648
747
458
330
548
469
99
602
587
652
510
590
528
540
470
517
165
888
365
786
585
556
505
861
273
657
813
496
613
69
342
542
490
127
588
128
317
334
445
225
278
654
526
976
759
152
910
403
381
507
380
48
509
912
251
301
13
399
185
156
753
176
494
310
781
770
950
295
956
997
466
221
174
639
837
641
788
268
139
636
923
40
916
856
149
311
519
73
134
1003
761
913
896
300
989
555
534
162
438
982
428
53
210
487
148
878
240
180
794
373
946
23
412
74
209
538
25
532
848
216
171
774
717
362
653
926
829
331
578
205
76
825
793
521
559
831
361
624
854
230
184
309
942
405
183
101
806
291
305
190
815
768
750
292
664
177
123
109
943
376
471
367
163
65
592
755
879
360
151
622
655
75
593
346
764
141
464
8
940
166
455
649
135
312
395
713
570
290
737
961
741
170
161
969
855
267
271
808
549
15
423
119
7
83
796
266
783
82
614
353
807
10
172
368
122
832
366
651
193
558
26
116
784
344
977
771
377
465
307
22
263
89
712
663
341
379
419
224
830
550
406
625
723
902
765
363
426
964
554
274
60
164
181
817
52
102
690
679
329
835
38
740
574
146
681
477
324
721
21
560
898
731
248
383
841
736
84
692
218
481
435
688
187
158
234
758
66
462
382
885
355
668
126
828
698
539
245
392
214
45
30
748
493
701
195
533
907
735
115
28
444
812
351
296
364
396
711
708
192
35
4
823
489
475
951
408
409
820
333
246
869
537
733
402
169
803
650
742
662
398
179
447
746
450
512
791
451
900
607
404
667
207
523
541
332
422
553
682
962
562
228
880
673
374
188
787
773
54
208
431
734
453
467
536
417
905
337
125
14
678
457
432
876
598
670
864
525
785
327
479
132
231
315
632
609
105
498
440
844
347
463
728
903
95
416
891
863
686
483
294
480
325
18
995
67
51
859
191
219
153
486
983
243
766
252
244
583
206
573
965
335
124
389
911
92
196
870
275
17
401
760
304
150
233
108
281
250
58
31
665
154
199
881
394
687
488
459
269
897
12
302
646
674
441
145
118
927
557
805
239
821
506
676
752
775
603
875
605
780
47
288
138
778
986
925
873
839
433
547
630
446
618
522
725
887
186
81
107
415
568
133
545
357
168
572
978
111
565
6
683
661
892
167
213
482
424
954
745
1
631
811
411
621
953
421
938
966
198
627
19
117
189
253
354
643
70
286
265
93
64
391
931
599
32
508
502
575
642
103
410
461
840
313
754
799
936
757
144
314
338
917
566
143
890
249
822
929
456
497
700
608
515
71
299
72
827
37
569
277
36
336
645
689
501
671
551
448
767
397
699
666
437
112
718
615
390
345
46
283
957
684
306
484
580
680
474
836
985
693
810
212
449
800
567
400
339
386
155
350
468
98
586
280
242
257
581
582
920
104
261
886
418
629
259
853
530
120
282
160
175
513
769
279
726
611
882
223
647
359
729
2
677
503
316
909
194
849
514
140
906
1002
563
991
600
375
121
842
866
834
147
561
872
715
264
524
504
323
675
644
55
371
59
952
724
232
129
113
241
485
41
635
727
975
695
709
178
932
850
443
220
814
