0 18
0 29
0 31
0 36
0 45
0 52
0 53
0 57
0 64
0 74
0 76
0 84
0 85
0 87
0 95
0 114
0 116
0 122
0 124
0 127
0 133
0 138
0 143
0 146
0 149
0 153
0 157
18 33
18 34
18 36
18 45
18 52
18 57
18 70
18 76
18 81
18 83
18 84
18 85
18 87
18 95
18 96
18 110
18 114
18 124
18 133
18 141
18 143
18 147
18 149
18 157
29 84
29 95
29 114
29 124
29 153
31 45
31 52
31 70
31 76
31 84
31 85
31 91
31 95
31 114
31 124
31 127
31 134
31 149
31 153
31 157
36 45
36 46
36 52
36 61
36 70
36 81
36 84
36 87
36 95
36 127
36 133
36 143
36 146
36 149
36 153
36 160
45 14
45 52
45 57
45 61
45 70
45 76
45 84
45 85
45 87
45 95
45 108
45 114
45 122
45 124
45 127
45 133
45 135
45 136
45 137
45 142
45 146
45 153
52 33
52 35
52 57
52 70
52 76
52 84
52 85
52 95
52 114
52 124
52 127
52 133
52 143
52 146
52 149
52 153
52 157
53 11
53 17
53 20
53 65
53 75
53 92
53 107
53 116
53 136
53 137
53 160
53 161
57 9
57 10
57 20
57 41
57 69
57 70
57 72
57 76
57 84
57 87
57 89
57 97
57 108
57 112
57 114
57 124
57 126
57 130
57 134
57 143
57 147
57 149
57 153
64 3
64 4
64 24
64 28
64 32
64 37
64 38
64 44
64 47
64 49
64 51
64 55
64 59
64 63
64 67
64 68
64 70
64 71
64 77
64 79
64 88
64 90
64 93
64 94
64 97
64 103
64 105
64 126
64 131
64 137
64 140
64 145
64 158
64 159
74 4
74 6
74 7
74 9
74 12
74 13
74 19
74 46
74 56
74 82
74 106
74 111
74 113
74 130
74 136
74 143
76 70
76 84
76 85
76 86
76 95
76 98
76 101
76 114
76 116
76 124
76 127
76 133
76 143
76 146
76 149
76 153
76 157
84 70
84 35
84 87
84 95
84 114
84 124
84 127
84 130
84 133
84 134
84 143
84 146
84 147
84 149
84 153
84 157
85 70
85 8
85 34
85 50
85 63
85 87
85 98
85 108
85 110
85 124
85 133
85 141
85 146
85 153
85 155
87 70
87 26
87 34
87 42
87 50
87 58
87 91
87 95
87 98
87 110
87 127
87 129
87 130
87 133
87 134
87 141
87 143
87 146
87 149
87 153
87 155
95 70
95 22
95 107
95 114
95 124
95 127
95 133
95 134
95 143
95 146
95 149
95 153
95 157
114 70
114 96
114 102
114 106
114 124
114 127
114 133
114 143
114 147
114 149
114 153
114 157
114 161
116 4
116 8
116 11
116 12
116 20
116 32
116 44
116 61
116 75
116 79
116 89
116 92
116 93
116 99
116 106
116 107
116 111
116 127
116 129
116 130
116 132
116 136
116 137
116 143
116 144
116 160
116 161
122 7
122 9
122 16
122 17
122 19
122 40
122 55
122 56
122 65
122 69
122 71
122 82
122 83
122 86
122 93
122 111
122 121
122 130
122 133
122 139
124 70
124 102
124 127
124 133
124 134
124 143
124 149
127 70
127 68
127 133
127 143
127 146
127 147
127 149
127 153
127 157
133 70
133 33
133 50
133 106
133 110
133 125
133 134
133 141
133 143
133 146
133 147
133 149
133 153
133 157
138 6
138 7
138 25
138 33
138 41
138 69
138 90
138 102
138 106
138 111
138 118
138 123
138 125
138 136
138 148
143 34
143 86
143 96
143 98
143 141
143 146
143 147
143 149
143 157
146 70
146 26
146 149
146 152
146 153
149 70
149 147
149 110
149 153
153 70
153 147
153 155
153 157
157 70
157 155
33 26
33 121
33 129
33 102
33 60
33 148
33 13
33 24
33 69
34 8
34 26
34 41
34 42
34 50
34 63
34 81
34 96
34 98
34 110
34 129
34 134
34 141
34 152
34 155
34 97
34 48
34 58
34 73
34 75
34 108
34 151
70 141
70 151
81 8
81 26
81 41
81 42
81 63
81 30
81 48
81 58
81 73
81 91
81 98
81 101
81 112
81 117
81 129
81 134
81 141
81 151
83 106
83 19
83 40
83 56
83 82
83 86
83 10
83 7
83 35
83 46
83 93
96 2
96 8
96 26
96 41
96 42
96 50
96 63
96 10
96 48
96 73
96 91
96 98
96 108
96 110
96 112
96 117
96 129
96 134
96 151
96 155
110 80
110 2
110 8
110 41
110 42
110 50
110 98
110 48
110 49
110 75
110 91
110 108
110 117
110 129
110 134
110 141
110 155
141 100
141 2
141 8
141 26
141 42
141 50
141 63
141 112
141 117
141 129
141 134
141 40
141 48
141 58
141 73
141 91
141 151
141 155
147 26
147 63
147 73
147 108
147 155
91 8
91 41
91 42
91 50
91 129
91 58
91 73
134 104
134 154
134 2
134 8
134 26
134 50
134 98
134 112
134 117
134 129
134 13
134 48
134 51
134 55
134 58
134 73
134 108
134 151
134 152
134 155
46 130
46 9
46 19
46 40
46 82
46 111
61 137
61 113
61 93
61 11
61 20
61 75
61 92
61 128
160 137
160 26
160 130
160 136
160 93
160 11
160 20
160 65
160 75
160 92
160 107
160 115
160 128
160 54
160 69
160 161
14 98
14 106
14 56
14 10
14 7
14 15
14 43
14 54
14 72
14 75
108 26
108 41
108 42
108 63
108 98
108 117
108 129
108 130
108 152
108 155
108 58
108 73
108 13
135 106
135 136
135 60
135 142
136 89
136 50
136 121
136 130
136 3
136 32
136 106
136 4
136 6
136 11
136 12
136 19
136 20
136 54
136 56
136 62
136 65
136 72
136 82
136 92
136 93
136 107
136 113
136 115
136 128
136 140
136 142
136 161
137 1
137 89
137 11
137 20
137 41
137 58
137 63
137 65
137 75
137 92
137 93
137 107
137 115
137 120
137 128
137 161
142 130
142 106
142 60
142 62
35 106
35 82
35 93
35 72
35 65
35 75
35 161
35 62
11 41
11 130
11 32
11 113
11 93
11 20
11 65
11 75
11 92
11 107
11 115
11 128
11 161
17 66
17 88
17 99
17 100
17 104
17 109
17 156
17 158
17 159
17 32
17 55
17 48
17 93
17 23
17 59
17 71
17 90
17 101
17 119
20 113
20 93
20 54
20 65
20 75
20 92
20 107
20 161
65 100
65 104
65 26
65 28
65 32
65 106
65 151
65 101
65 54
65 62
65 75
65 92
65 161
75 130
75 32
75 111
75 113
75 139
75 93
75 54
75 107
75 161
92 113
92 125
92 93
92 15
92 43
92 54
92 107
92 115
92 128
92 161
107 113
107 93
107 115
107 161
161 106
161 82
161 113
161 139
161 93
161 115
161 128
161 54
9 104
9 130
9 4
9 7
9 15
9 19
9 30
9 56
9 82
9 86
9 93
9 101
9 111
9 148
10 130
10 106
10 6
10 12
10 82
10 111
10 113
10 7
10 60
10 72
10 140
41 2
41 8
41 26
41 48
41 50
41 58
41 73
41 112
41 117
41 129
41 130
41 155
69 121
69 130
69 25
69 125
69 148
69 13
69 62
69 118
72 130
72 32
72 106
72 111
72 43
72 123
89 1
89 80
89 88
89 4
89 21
89 22
89 23
89 27
89 28
89 32
89 48
89 55
89 59
89 71
89 79
89 90
89 100
89 101
89 104
89 109
89 119
89 154
89 158
89 159
97 3
97 27
97 28
97 47
97 49
97 77
97 78
97 5
97 44
97 51
97 60
97 67
97 68
97 71
97 79
97 103
97 120
97 126
97 131
97 132
97 140
97 144
97 145
112 99
112 154
112 2
112 63
112 98
112 32
112 48
112 58
112 129
112 151
112 155
126 88
126 100
126 156
126 159
126 3
126 16
126 27
126 28
126 32
126 38
126 47
126 49
126 55
126 77
126 78
126 103
126 19
126 22
126 44
126 51
126 68
126 71
126 93
126 105
130 156
130 159
130 2
130 42
130 50
130 98
130 4
130 7
130 12
130 15
130 37
130 40
130 43
130 56
130 62
130 82
130 86
130 93
130 106
130 123
130 139
130 151
3 88
3 129
3 27
3 28
3 32
3 38
3 47
3 49
3 55
3 77
3 78
3 103
3 106
3 131
4 63
4 106
4 6
4 12
4 19
4 30
4 40
4 48
4 56
4 82
4 86
4 113
4 139
24 102
24 125
24 148
24 118
28 39
28 99
28 129
28 27
28 5
28 38
28 44
28 67
28 68
28 78
28 79
28 94
28 101
28 103
28 131
28 140
28 145
32 88
32 99
32 100
32 104
32 158
32 8
32 121
32 16
32 27
32 12
32 19
32 21
32 22
32 37
32 38
32 44
32 55
32 67
32 71
32 79
32 94
32 105
32 120
32 131
32 132
32 140
32 145
32 150
32 162
37 104
37 98
37 129
37 55
37 86
37 132
37 5
37 21
37 44
37 79
37 93
37 144
37 150
37 162
38 39
38 99
38 121
38 16
38 27
38 44
38 47
38 49
38 51
38 55
38 67
38 68
38 77
38 78
38 79
38 94
38 103
38 105
38 120
38 131
44 80
44 88
44 99
44 129
44 27
44 77
44 103
44 120
44 131
44 145
44 68
44 93
44 79
44 101
44 140
44 23
44 51
44 67
44 94
44 105
47 88
47 27
47 49
47 55
47 67
47 68
47 78
47 94
47 103
47 105
47 120
47 131
47 145
49 104
49 16
49 27
49 51
49 55
49 67
49 68
49 78
49 79
49 94
49 103
49 105
49 120
49 131
49 145
51 88
51 104
51 26
51 16
51 27
51 55
51 78
51 103
51 120
51 131
51 145
51 68
51 79
51 90
51 105
55 39
55 99
55 109
55 154
55 159
55 98
55 27
55 58
55 59
55 67
55 68
55 77
55 78
55 79
55 86
55 90
55 94
55 101
55 111
55 140
55 145
59 39
59 66
59 88
59 100
59 104
59 156
59 158
59 159
59 144
59 90
59 101
59 23
59 71
63 2
63 8
63 26
63 42
63 50
63 48
63 58
63 73
63 90
63 98
63 101
63 102
63 117
63 129
63 148
63 151
67 16
67 27
67 77
67 78
67 103
67 120
67 131
67 145
67 162
67 79
67 140
68 66
68 80
68 100
68 104
68 109
68 27
68 77
68 103
68 131
68 145
68 5
68 79
68 105
68 119
71 39
71 66
71 80
71 88
71 99
71 100
71 104
71 109
71 154
71 158
71 42
71 129
71 132
71 79
71 101
71 23
71 119
77 78
77 131
77 140
77 144
77 145
79 39
79 80
79 99
79 100
79 104
79 109
79 158
79 8
79 129
79 16
79 27
79 78
79 103
79 120
79 131
79 145
79 19
79 132
79 22
79 150
79 58
79 13
79 94
79 140
88 1
88 39
88 66
88 80
88 23
88 60
88 90
88 99
88 100
88 103
88 104
88 119
88 131
88 145
88 154
88 156
88 158
88 159
90 66
90 158
90 8
90 98
90 48
90 101
90 119
90 151
93 98
93 106
93 120
93 30
93 40
93 56
93 139
93 102
93 125
93 7
93 15
94 16
94 27
94 78
94 103
94 120
94 131
94 145
94 105
103 27
103 105
103 131
103 140
103 145
105 16
105 78
105 120
105 131
105 30
105 128
131 129
131 16
131 27
131 78
131 120
131 145
140 39
140 16
140 27
140 120
140 145
140 132
140 162
145 159
145 16
145 78
145 120
158 1
158 39
158 66
158 80
158 99
158 109
158 156
158 101
158 118
158 119
158 139
158 159
159 39
159 66
159 80
159 99
159 100
159 104
159 109
159 154
159 156
159 23
159 119
151 8
151 26
151 42
151 98
151 129
151 152
151 58
6 25
6 102
6 111
6 113
6 125
7 106
7 19
7 56
7 86
7 111
7 139
7 60
12 19
12 30
12 40
12 56
12 86
12 123
13 121
13 129
13 111
13 25
13 102
13 148
13 54
19 117
19 82
19 86
19 139
56 106
56 30
56 60
56 82
56 86
56 115
56 139
82 106
82 30
82 40
82 62
82 86
82 111
106 5
106 15
106 40
106 43
106 58
106 60
106 62
106 111
106 123
106 150
111 113
113 8
113 54
113 115
113 128
86 66
86 30
86 40
98 2
98 8
98 26
98 42
98 50
98 15
98 22
98 48
98 58
98 101
98 152
98 155
101 39
101 80
101 100
101 104
101 109
101 27
101 30
101 23
101 119
8 2
8 26
8 42
8 48
8 50
8 58
8 73
8 117
8 129
8 155
50 26
50 42
50 48
50 58
50 129
155 104
155 154
155 2
155 26
155 42
155 117
155 129
155 73
26 2
26 42
26 48
26 58
26 73
26 117
26 118
26 125
26 129
26 152
42 48
42 58
42 73
58 100
58 129
58 48
129 2
129 117
129 30
129 48
129 120
22 78
22 132
22 5
22 21
22 150
22 162
102 121
102 25
102 148
99 1
99 39
99 66
99 80
99 23
99 100
99 104
99 109
99 154
99 156
132 5
132 21
132 144
132 150
144 80
144 109
144 40
144 5
16 78
16 120
40 30
40 139
121 2
121 25
121 125
121 148
139 30
125 25
125 118
125 148
25 118
118 148
118 115
118 54
123 15
123 43
152 2
73 117
73 48
1 39
1 66
1 80
1 104
1 109
1 154
1 156
39 23
39 80
39 100
39 104
39 119
39 154
39 156
66 23
66 80
66 100
66 104
66 109
66 119
66 156
80 5
80 23
80 100
80 104
80 119
80 154
80 156
104 100
104 5
104 23
104 78
104 119
104 154
109 100
109 2
109 23
109 119
109 154
154 100
154 5
154 156
156 23
23 100
23 119
100 5
100 119
5 150
60 43
60 54
60 62
21 120
21 150
21 162
27 78
48 117
78 120
2 117
115 128
120 162
128 30
15 43
15 62
