604
189
600
1114
62
195
1032
659
457
776
127
1096
667
30
747
1131
309
529
440
198
544
701
881
53
1112
1127
624
325
901
680
408
421
970
885
302
273
963
796
994
150
762
8
207
176
215
386
586
632
1033
1077
171
528
348
520
1086
1
49
291
562
319
1035
155
29
73
573
936
1009
898
814
123
755
851
163
764
929
1081
978
876
942
368
286
283
535
504
623
182
148
522
435
257
468
771
678
391
333
413
875
635
976
634
587
570
1050
192
842
959
791
906
205
950
1042
1013
1066
382
379
947
890
750
56
1028
263
989
383
109
934
405
665
239
1004
349
839
1003
986
208
913
113
698
306
94
654
240
1045
407
710
442
830
595
843
686
285
432
250
322
159
151
943
828
720
967
32
277
425
93
805
560
1040
615
493
398
121
467
280
410
11
581
521
997
647
564
719
585
373
305
92
330
787
836
911
553
331
254
166
1012
636
584
84
1130
533
1048
524
1026
834
336
744
819
52
826
1064
893
146
455
696
264
703
354
1043
260
614
802
774
501
700
292
574
800
607
1024
743
25
90
345
804
565
47
316
896
99
661
603
1124
318
194
957
549
860
732
481
197
621
879
1110
492
248
952
60
748
536
1046
397
641
1015
35
923
328
1016
1049
505
684
157
807
480
177
926
438
329
422
144
766
1116
97
516
610
219
918
1098
406
389
832
337
731
185
695
488
626
723
645
158
86
866
569
992
476
672
149
557
580
403
213
1117
683
990
941
117
845
1056
841
317
95
727
820
713
735
494
538
589
761
188
844
867
193
927
878
675
691
745
1100
509
500
1002
