189
540
533
57
391
496
506
251
336
429
156
538
222
288
438
475
583
273
470
619
390
440
631
490
426
417
123
407
236
364
96
32
243
353
299
710
394
202
281
491
165
118
208
170
264
149
315
362
669
639
413
235
322
62
424
168
634
707
567
258
304
555
183
358
641
590
528
18
439
328
27
498
507
49
442
478
239
495
617
469
122
642
106
187
515
524
437
419
34
662
367
55
562
687
446
614
622
348
263
422
298
482
240
330
371
664
19
688
91
573
31
689
675
317
379
357
158
167
465
301
616
654
572
157
314
649
207
339
223
186
324
95
164
577
306
400
374
312
682
244
193
146
647
611
228
166
213
242
291
511
155
660
594
633
139
681
114
248
476
483
695
698
597
582
697
141
246
657
50
247
30
69
276
210
532
415
408
387
705
402
648
613
598
272
270
375
279
451
403
345
245
479
703
10
554
267
653
256
16
473
284
706
20
292
694
161
87
576
37
704
40
462
378
380
120
650
637
11
254
368
102
74
169
278
428
48
94
354
568
175
546
77
542
135
502
302
381
526
225
313
214
471
674
325
35
450
352
255
121
497
609
544
411
227
420
455
290
509
701
513
547
269
152
584
458
535
249
587
171
58
414
651
70
355
180
66
543
105
65
46
585
389
116
661
486
425
601
645
655
262
124
311
125
79
185
119
566
552
28
78
563
472
76
104
162
257
283
467
296
700
447
308
615
522
624
333
579
454
143
427
508
7
561
468
196
229
466
684
599
43
464
373
463
128
67
586
531
514
376
556
250
92
326
140
147
201
638
289
632
200
71
39
392
1
702
41
484
530
575
494
399
480
558
409
33
319
485
574
559
265
320
501
112
589
335
316
671
75
386
0
117
677
539
405
690
401
606
285
172
636
384
344
666
591
327
560
492
138
523
708
618
188
534
488
21
516
593
564
423
487
500
621
195
435
153
309
181
340
663
680
318
133
565
221
436
266
5
406
238
137
581
519
382
110
604
366
12
578
510
520
430
658
108
602
53
529
444
517
592
144
441
212
699
644
370
351
623
709
512
203
343
99
97
656
230
676
252
421
260
310
557
600
536
588
460
219
190
385
377
396
459
503
90
109
130
22
481
334
72
131
199
628
696
205
68
610
418
693
477
545
461
640
17
365
2
38
369
349
342
397
111
453
474
580
287
395
521
551
670
388
398
231
332
101
331
241
217
216
134
163
154
608
620
452
499
136
300
537
404
626
372
489
341
211
271
541
410
493
612
237
177
113
605
350
206
449
691
174
86
363
268
282
692
416
679
286
176
145
635
607
