237
239
265
192
91
75
29
135
232
197
251
19
165
204
217
106
52
50
12
131
173
155
256
188
72
121
143
23
94
11
77
152
191
56
30
233
89
189
220
59
139
137
68
129
127
162
46
21
210
47
245
194
25
274
17
104
74
209
179
180
41
69
260
267
262
147
3
35
60
145
51
111
229
128
254
138
246
190
198
268
109
87
32
9
250
38
264
153
205
10
184
266
231
134
28
159
123
44
39
182
238
144
255
203
118
195
26
151
95
34
92
64
261
81
98
132
277
22
168
15
70
156
236
71
224
164
42
40
242
141
271
110
248
169
218
234
90
99
275
216
117
227
16
48
130
166
24
177
100
97
263
148
235
278
269
78
36
62
249
201
206
178
253
96
65
84
43
241
185
0
273
154
116
167
49
82
7
258
170
108
214
119
57
176
279
1
247
112
200
61
133
124
172
146
63
243
107
120
136
252
193
45
105
37
280
18
208
163
174
73
5
160
282
