178
823
175
561
589
869
50
478
554
494
577
647
81
41
646
47
785
884
308
709
968
242
401
170
250
407
551
20
842
862
89
356
372
756
1003
813
507
662
498
872
359
692
562
202
914
80
587
715
510
492
721
132
25
269
221
173
444
6
677
697
666
77
733
435
395
555
460
782
545
458
262
23
468
530
553
309
104
821
105
594
676
705
145
526
72
519
565
628
371
741
255
591
888
580
582
691
277
631
892
612
48
127
7
509
600
415
918
624
93
506
728
601
94
275
500
656
75
485
735
708
729
453
517
745
430
103
595
986
174
815
768
143
316
459
508
623
610
599
191
502
268
704
315
474
552
828
895
528
617
556
976
97
490
141
437
247
98
248
584
720
877
393
149
583
243
234
420
473
652
663
259
687
463
660
531
381
83
609
596
402
513
870
403
24
627
382
251
445
76
499
303
657
533
434
279
471
455
115
469
563
470
338
61
51
19
987
230
963
317
109
505
205
465
680
693
201
912
373
694
958
140
102
576
99
280
831
504
397
448
927
40
737
754
548
246
387
88
802
848
844
579
264
204
282
635
92
808
491
82
618
383
710
746
800
110
394
443
736
263
28
989
678
360
794
924
790
172
979
404
113
333
265
391
786
649
592
413
120
520
682
231
232
476
943
417
218
431
169
532
108
215
645
606
481
477
947
546
503
148
244
493
