13
110
194
301
15
118
312
59
21
279
213
330
365
180
261
99
238
359
333
357
247
79
321
219
216
69
5
39
125
244
88
296
299
195
303
159
126
16
183
48
329
343
206
45
158
375
133
51
214
233
58
44
374
43
151
28
220
298
144
85
249
149
230
331
6
178
135
182
358
193
188
204
7
270
115
65
87
167
116
71
14
181
205
61
332
309
228
50
262
215
325
41
4
269
67
171
210
64
130
104
293
300
304
72
168
308
84
57
46
3
306
123
106
209
264
360
346
86
239
185
363
81
127
83
107
17
203
12
334
23
103
175
109
132
371
313
273
139
376
211
176
75
0
25
297
258
82
356
292
177
212
