248
125
101
340
195
264
33
42
120
122
203
74
22
175
80
43
16
293
131
88
321
240
204
215
128
374
118
77
241
53
134
41
274
10
288
114
79
242
40
104
333
136
0
51
113
39
365
201
57
259
270
317
302
100
253
102
238
187
363
15
3
112
23
180
31
291
144
218
257
206
346
75
200
52
62
30
56
9
339
359
281
36
216
221
67
66
267
230
78
32
247
107
166
111
46
181
260
28
35
303
324
48
197
275
318
239
14
370
115
117
265
280
335
99
217
158
87
148
121
235
150
352
233
250
116
271
83
304
319
146
375
284
245
8
237
273
18
182
222
61
310
258
373
269
34
376
231
277
372
226
208
351
109
378
129
232
119
138
296
70
262
320
60
246
149
347
127
268
214
68
364
168
58
147
172
276
167
17
45
188
90
243
11
89
103
81
261
289
25
