341
204
980
242
459
731
7
165
406
614
830
161
537
366
896
296
917
981
379
807
257
353
107
759
492
532
821
566
282
174
93
210
767
991
253
894
717
357
995
325
533
136
596
323
402
105
135
44
656
398
261
139
248
657
553
509
20
95
186
748
9
62
653
262
852
118
972
430
140
841
670
295
958
358
536
812
28
378
163
824
808
372
467
479
367
599
541
932
152
405
94
501
813
36
863
236
831
577
476
884
249
545
187
721
456
411
562
53
511
853
92
74
491
556
170
623
193
394
520
90
802
964
694
502
907
397
900
827
862
182
337
806
782
547
343
671
455
963
33
682
650
72
5
612
481
125
181
23
393
658
847
126
677
811
345
376
237
815
940
56
58
440
637
715
756
572
832
194
996
569
99
705
317
380
526
415
47
238
184
208
575
183
727
618
375
316
250
382
172
91
690
11
737
778
901
441
693
565
978
233
949
493
271
403
557
517
735
132
311
531
678
495
859
101
691
986
464
215
475
18
106
965
927
866
594
886
266
203
120
439
763
274
902
480
833
123
850
79
308
515
679
801
4
258
400
289
180
175
146
764
247
206
100
332
698
189
25
524
523
687
795
704
937
82
65
3
819
552
371
112
649
383
276
955
734
321
333
788
551
50
417
424
251
362
42
469
81
60
219
196
202
514
426
89
916
567
197
617
610
226
608
878
770
875
490
43
810
673
259
639
427
558
35
470
733
741
245
209
755
119
914
328
322
435
305
1002
725
13
669
404
260
173
892
154
540
465
450
458
576
217
496
384
143
171
359
30
765
663
192
870
729
21
336
320
108
796
279
591
675
224
399
162
220
443
327
528
851
68
128
77
277
664
26
67
124
429
221
461
620
34
885
138
504
856
580
944
742
453
627
234
315
642
133
645
912
534
392
816
471
468
157
340
793
634
631
506
648
178
268
516
377
96
665
275
109
149
1001
270
609
252
166
338
605
744
239
460
334
54
979
356
854
840
638
86
32
615
913
924
88
724
647
881
868
216
817
466
347
80
529
732
31
422
387
950
775
445
700
339
230
168
214
869
364
512
401
754
111
49
877
98
78
201
288
84
768
956
213
644
418
578
153
750
771
211
446
22
905
839
190
354
606
273
17
312
318
326
348
611
256
814
351
223
269
598
629
888
293
510
177
860
463
474
57
229
962
76
652
330
381
563
155
477
396
747
564
75
586
246
61
588
728
582
507
63
156
225
167
71
723
437
255
921
918
790
85
444
740
374
641
158
16
838
910
919
195
231
521
797
147
329
718
646
386
232
535
628
324
64
674
887
505
227
585
785
757
592
45
625
708
635
48
15
719
842
127
497
636
104
513
52
975
59
419
420
928
390
561
845
855
244
368
478
794
589
837
485
40
122
1
685
546
683
29
83
600
352
462
285
527
137
191
745
447
508
542
389
87
712
408
494
12
711
680
391
568
199
473
145
752
310
607
783
624
803
169
185
278
984
410
633
413
148
66
342
407
873
241
549
212
909
103
499
661
525
915
41
365
267
489
583
922
309
263
114
779
27
423
601
555
222
974
662
176
966
412
10
632
709
895
97
448
436
823
688
923
287
299
121
1003
51
425
590
319
488
518
595
335
370
385
666
503
692
298
844
115
472
482
760
584
835
134
218
861
457
987
141
300
0
640
46
660
361
701
286
73
431
373
290
560
791
746
395
102
449
113
498
8
587
743
14
438
548
294
346
828
434
579
787
872
751
500
409
360
738
2
19
6
272
179
776
207
846
971
205
676
994
908
24
355
722
369
110
200
530
129
303
769
264
581
559
37
240
730
699
710
897
538
243
681
800
655
554
777
