137
318
270
308
233
132
284
185
18
116
297
53
58
205
98
267
178
189
250
232
141
19
211
122
159
198
273
269
252
154
243
247
167
184
126
37
16
6
113
106
117
97
246
23
150
219
264
262
218
114
237
77
164
230
283
275
222
221
156
151
194
203
214
40
181
109
324
165
176
54
213
88
34
210
208
289
303
38
228
191
272
277
112
282
261
155
196
10
39
255
287
268
96
66
286
83
190
188
32
195
216
7
166
82
171
168
0
266
310
186
311
120
234
271
229
2
223
253
304
236
300
202
212
238
51
17
91
241
325
254
240
128
100
169
226
140
64
102
245
147
280
321
153
206
244
118
162
56
149
74
180
62
172
84
161
89
193
281
285
175
95
307
257
