323
247
117
213
141
158
117
159
312
117
200
14
22
288
91
266
120
93
315
6
223
92
200
20
57
194
256
6
34
302
265
108
153
217
9
162
317
177
190
265
203
247
79
142
17
228
303
84
266
195
196
207
124
158
197
84
122
253
141
266
236
205
117
182
182
10
259
265
91
56
260
181
102
106
253
119
291
71
227
27
158
74
246
104
285
316
117
205
182
92
255
305
237
22
309
256
187
217
317
96
287
164
317
186
72
162
246
207
106
158
160
309
293
91
117
213
141
217
186
255
72
108
98
196
260
133
314
34
42
143
135
12
159
203
187
141
157
316
91
91
135
174
147
117
186
124
255
265
22
27
115
124
108
56
126
106
269
239
142
143
231
170
74
