232
335
180
1
491
567
449
365
238
388
195
455
264
4
300
511
703
17
583
319
390
174
0
418
422
357
429
456
284
419
337
636
437
237
442
268
216
504
211
229
450
190
462
632
557
330
304
409
529
312
201
185
514
137
177
682
292
568
345
308
242
220
222
282
346
280
172
254
145
252
600
5
198
352
316
387
488
660
165
667
547
587
235
408
448
6
227
213
285
697
375
2
619
249
275
262
652
333
277
210
329
392
3
382
423
355
231
267
245
578
10
704
405
320
351
565
634
624
299
385
207
637
659
157
629
620
263
326
506
416
272
381
260
261
653
354
519
206
625
269
475
251
630
343
644
241
490
341
638
621
386
464
522
394
548
665
7
226
200
454
502
499
315
338
618
391
175
204
353
373
205
276
580
303
8
435
374
460
278
306
505
592
9
465
549
553
325
153
551
258
526
383
298
171
181
612
156
447
224
327
317
410
457
444
246
178
400
458
556
11
364
403
12
