550
994
11
1125
1079
1018
192
393
1120
541
841
745
570
606
10
726
933
802
148
22
904
307
9
257
196
762
87
338
658
887
139
188
182
65
326
461
1130
460
766
732
1129
943
931
857
628
1028
171
304
172
564
925
8
467
355
69
47
456
673
60
157
35
980
383
643
390
321
331
847
486
411
684
46
19
91
530
1078
170
609
765
6
691
415
401
807
1121
324
255
650
53
413
1081
997
67
214
1080
133
48
7
240
1011
258
449
233
695
886
353
552
779
332
372
12
30
1036
1075
5
874
385
1071
260
465
506
637
995
1012
184
124
487
212
38
712
1056
1021
402
452
400
863
146
516
222
649
748
403
396
910
536
226
368
1085
655
677
254
705
1009
151
604
412
289
883
623
367
261
948
1022
749
183
601
585
739
275
345
163
898
896
203
140
686
1117
273
177
210
376
161
16
185
375
956
428
106
287
58
55
548
618
976
970
794
382
603
1084
557
115
641
303
890
559
831
232
501
839
787
231
130
964
104
1023
600
813
251
2
782
1115
459
824
878
1002
1128
200
250
1
262
630
389
164
119
143
24
527
1065
587
234
965
972
306
917
479
439
620
819
3
924
578
682
179
715
754
373
204
795
34
635
361
40
698
272
1048
408
432
510
826
180
725
579
342
627
347
1034
15
546
421
90
295
818
866
1037
1059
387
399
36
654
849
27
929
81
292
354
622
228
404
485
935
597
699
366
991
785
330
895
704
1131
707
1039
111
364
973
513
526
529
166
197
20
1087
921
397
927
386
822
494
283
683
39
625
662
1026
988
780
1118
949
451
66
309
117
135
79
319
162
563
199
571
114
1063
817
269
499
266
636
517
149
1041
978
49
922
889
941
56
786
750
512
860
882
209
169
174
534
94
68
41
242
475
4
380
760
511
986
792
1031
31
680
1004
996
123
930
915
478
631
595
753
1091
934
132
480
871
507
1030
659
78
688
661
1047
190
430
676
488
856
98
297
208
1051
783
437
83
477
313
806
681
265
1020
576
990
300
599
333
357
286
420
145
671
607
755
901
85
808
644
861
1103
417
43
772
553
799
134
13
503
395
339
158
1090
496
136
504
137
52
128
211
320
426
186
1132
248
25
642
525
215
471
539
44
54
17
845
859
1024
246
75
374
281
229
713
127
440
285
1116
848
84
113
881
509
176
593
336
589
191
23
237
18
89
653
1032
469
442
63
967
767
875
846
537
497
205
346
235
491
363
793
484
685
435
577
1029
572
828
694
32
746
73
270
64
989
533
687
61
1113
1088
951
918
797
14
936
832
1119
218
72
322
1068
76
152
343
614
340
302
977
759
1046
253
616
633
249
263
462
836
560
468
719
1066
770
854
42
37
710
45
1094
438
906
317
810
837
1111
181
0
29
351
652
590
1124
617
221
621
892
744
835
88
651
350
28
876
668
939
1083
466
495
777
150
591
238
554
236
156
59
446
932
798
109
327
665
26
983
33
615
329
619
434
118
131
914
763
213
858
716
195
101
80
359
21
252
1010
1122
667
773
528
1102
291
804
153
271
959
290
1092
278
358
125
561
108
414
325
159
660
276
1017
733
1082
392
445
735
1015
230
454
838
1114
522
178
50
245
