0 52
0 79
0 306
52 7
52 9
52 10
52 15
52 17
52 23
52 25
52 26
52 29
52 30
52 31
52 32
52 33
52 34
52 36
52 37
52 39
52 41
52 43
52 48
52 53
52 55
52 58
52 61
52 66
52 67
52 70
52 72
52 75
52 76
52 79
52 80
52 83
52 84
52 85
52 86
52 88
52 89
52 95
52 96
52 100
52 103
52 104
52 105
52 107
52 109
52 110
52 113
52 114
52 118
52 119
52 125
52 130
52 131
52 137
52 142
52 144
52 145
52 147
52 148
52 150
52 153
52 155
52 156
52 159
52 161
52 163
52 165
52 166
52 170
52 173
52 175
52 176
52 179
52 181
52 186
52 189
52 197
52 198
52 199
52 205
52 206
52 215
52 220
52 221
52 223
52 224
52 226
52 227
52 230
52 234
52 239
52 240
52 241
52 242
52 246
52 247
52 248
52 250
52 251
52 255
52 257
52 260
52 261
52 262
52 269
52 270
52 271
52 278
52 280
52 284
52 285
52 287
52 288
52 289
52 291
52 292
52 294
52 295
52 296
52 298
52 299
52 300
52 303
52 305
52 306
52 309
52 316
52 317
52 318
52 319
52 320
52 321
52 322
52 323
52 324
52 326
52 327
52 328
52 331
52 333
52 334
52 335
52 349
52 350
52 353
52 356
52 360
52 364
52 366
52 368
52 369
52 373
52 376
52 377
52 378
52 381
52 382
52 389
52 390
52 393
52 400
52 401
52 404
52 405
79 109
79 286
79 306
79 358
306 9
306 25
306 54
306 68
306 82
306 85
306 96
306 131
306 136
306 137
306 142
306 154
306 164
306 199
306 208
306 211
306 227
306 234
306 236
306 249
306 267
306 287
306 302
306 313
306 318
306 332
306 347
306 356
306 378
306 379
306 398
7 67
9 38
9 347
9 395
10 179
10 137
10 80
10 157
10 250
10 298
10 338
15 75
15 111
15 176
15 137
15 59
15 72
15 182
15 291
15 319
17 22
17 137
17 38
17 395
17 123
17 163
17 268
17 324
23 111
23 176
23 137
23 32
23 240
25 198
25 395
25 96
25 383
26 179
26 111
26 176
26 137
26 188
26 398
29 349
29 14
29 45
29 89
29 97
29 109
29 136
29 142
29 144
29 159
29 161
29 184
29 197
29 205
29 208
29 210
29 227
29 244
29 274
29 331
29 340
29 359
29 367
29 374
29 404
30 96
30 156
31 181
31 303
32 137
32 230
32 234
32 278
33 144
33 90
33 156
33 171
33 218
33 278
33 296
33 299
34 199
34 309
34 333
36 148
36 118
37 211
37 287
37 162
37 357
39 38
39 160
39 376
39 395
41 38
41 345
41 395
43 269
48 111
48 176
48 70
48 116
48 165
48 194
48 233
53 296
53 213
55 179
55 80
55 220
55 99
58 199
58 309
58 184
61 22
61 349
61 111
61 207
61 42
61 335
61 129
61 170
66 179
66 159
66 269
67 111
67 176
67 8
67 110
67 122
67 138
67 147
67 183
67 235
67 249
67 270
67 275
67 293
67 373
67 382
67 403
70 88
70 165
70 169
70 252
70 264
70 270
70 373
72 137
72 286
72 108
72 115
72 175
72 211
72 287
72 291
72 406
75 1
75 56
75 82
75 88
75 101
75 109
75 111
75 117
75 132
75 139
75 142
75 144
75 176
75 179
75 180
75 195
75 201
75 206
75 208
75 229
75 278
75 302
75 356
75 378
75 387
76 137
76 204
80 179
80 378
80 38
80 395
80 57
80 68
80 91
80 99
80 164
80 197
80 201
80 211
80 215
80 217
80 241
80 254
80 257
80 258
80 260
80 266
80 287
80 301
80 302
80 332
83 137
83 291
83 384
84 111
84 176
84 13
84 155
85 22
85 179
85 378
85 111
85 137
85 215
85 338
86 137
86 153
86 237
88 22
88 14
88 109
88 117
88 155
88 180
88 264
88 270
89 38
89 19
89 331
95 405
96 349
96 189
96 223
96 328
96 38
96 395
96 90
96 144
96 156
96 171
96 218
96 254
96 278
96 299
96 358
96 360
100 355
100 377
100 389
103 211
103 287
103 331
104 137
104 93
104 271
104 159
104 368
105 173
105 326
105 369
107 353
107 401
109 22
109 137
109 227
109 286
109 14
109 262
109 267
109 278
109 305
109 313
109 335
109 343
110 373
110 382
113 231
113 242
114 137
114 215
114 393
118 148
118 344
119 22
119 248
119 386
125 404
125 73
130 227
130 247
130 289
131 22
131 324
131 260
137 22
137 179
137 195
137 349
137 111
137 3
137 6
137 8
137 21
137 28
137 35
137 42
137 59
137 69
137 77
137 93
137 94
137 117
137 123
137 136
137 143
137 151
137 155
137 168
137 172
137 178
137 182
137 188
137 197
137 202
137 203
137 204
137 211
137 212
137 226
137 236
137 238
137 241
137 268
137 273
137 278
137 280
137 285
137 291
137 296
137 299
137 300
137 303
137 304
137 320
137 334
137 338
137 339
137 342
137 350
137 352
137 354
137 356
137 360
137 363
137 364
137 379
137 381
137 395
137 398
142 179
142 56
142 161
142 201
142 302
142 316
142 325
142 404
144 227
144 211
144 287
144 56
144 205
144 278
144 299
144 332
145 351
145 1
145 64
145 133
145 179
145 225
145 256
145 303
145 304
145 349
145 378
145 381
145 396
145 402
147 349
147 8
147 102
147 138
147 211
147 222
147 235
147 286
147 293
147 315
148 349
148 111
148 176
148 199
148 309
148 5
148 38
148 40
148 211
148 214
148 243
148 287
148 344
148 395
150 349
150 368
153 349
153 321
155 22
155 349
155 176
155 227
155 38
155 395
155 117
155 93
155 159
155 211
155 230
155 287
155 294
155 368
155 390
159 179
159 111
159 176
159 227
159 215
159 350
159 28
159 172
159 321
159 368
161 224
163 22
165 170
165 263
170 22
170 111
170 176
173 317
173 326
173 369
175 111
175 176
175 286
175 93
175 108
175 294
175 345
176 22
176 349
176 378
176 2
176 27
176 111
176 3
176 5
176 6
176 8
176 12
176 35
176 42
176 46
176 59
176 65
176 69
176 77
176 90
176 93
176 116
176 117
176 128
176 129
176 133
176 134
176 136
176 141
176 143
176 168
176 181
176 193
176 197
176 199
176 203
176 207
176 209
176 212
176 215
176 222
176 227
176 228
176 236
176 239
176 240
176 249
176 253
176 263
176 267
176 272
176 273
176 278
176 280
176 282
176 290
176 292
176 296
176 320
176 338
176 339
176 342
176 344
176 345
176 353
176 354
176 357
176 361
176 364
176 368
176 373
176 379
176 381
176 394
176 397
176 398
179 1
179 22
179 3
179 5
179 8
179 35
179 38
179 56
179 57
179 65
179 91
179 93
179 99
179 111
179 117
179 143
179 164
179 188
179 195
179 197
179 201
179 211
179 212
179 254
179 257
179 258
179 287
179 305
179 321
179 342
179 349
179 353
179 381
179 395
179 397
181 111
181 322
181 133
181 226
181 303
181 304
186 323
189 6
189 38
189 328
189 376
189 395
197 111
197 227
197 211
197 287
197 215
197 205
197 255
197 356
198 6
198 38
198 223
198 376
198 395
199 349
199 4
199 106
199 40
199 60
199 167
199 172
199 174
199 177
199 184
199 203
199 246
199 247
199 251
199 267
199 271
199 295
199 333
199 346
199 370
199 371
199 385
205 227
205 271
206 296
206 132
206 348
215 22
215 349
215 378
215 338
215 202
215 271
215 273
215 350
215 368
215 375
215 379
215 397
220 395
220 211
220 287
221 211
221 287
221 244
223 6
223 38
223 328
223 376
223 395
224 211
224 287
224 54
226 352
226 322
227 111
227 4
227 45
227 14
227 68
227 81
227 93
227 97
227 126
227 167
227 172
227 177
227 184
227 203
227 208
227 211
227 244
227 276
227 287
227 289
227 313
227 331
227 340
227 346
227 359
227 367
227 368
227 374
227 404
230 38
230 395
230 211
230 287
230 245
230 362
234 22
234 117
234 240
234 262
239 22
239 111
239 123
239 116
240 22
240 111
240 38
240 395
240 211
240 287
240 94
241 38
241 211
241 212
241 284
241 287
242 183
242 185
242 196
242 200
242 311
242 388
246 309
246 267
247 309
248 307
250 298
250 375
251 309
251 340
251 288
257 211
257 287
257 329
260 22
260 56
261 106
261 211
261 287
262 22
262 117
262 343
269 38
269 395
269 265
270 373
270 264
270 169
270 252
271 22
271 309
271 172
271 202
271 256
271 375
278 364
278 335
278 56
278 65
278 168
278 245
278 381
280 349
280 6
280 343
284 38
284 395
284 18
284 211
285 293
285 300
287 22
287 378
287 45
287 211
287 40
287 44
287 54
287 57
287 77
287 81
287 94
287 101
287 126
287 127
287 136
287 162
287 172
287 210
287 229
287 254
287 266
287 272
287 289
287 293
287 310
287 315
287 327
287 329
287 330
287 331
287 332
287 350
287 353
287 357
287 359
287 374
287 400
287 402
288 211
288 374
289 211
292 111
292 345
292 135
292 290
295 309
295 400
296 51
299 211
299 334
303 349
303 308
303 363
309 106
309 60
309 167
309 172
309 174
309 177
309 184
309 203
309 267
309 274
309 318
309 333
309 340
309 346
309 370
309 371
309 385
316 38
316 395
317 326
317 344
317 369
318 274
318 203
319 272
320 22
320 111
320 93
320 308
320 322
320 343
321 349
322 22
322 352
323 232
324 395
326 369
327 45
327 211
328 6
328 395
331 211
335 22
335 364
335 207
335 20
335 24
335 35
349 351
349 5
349 11
349 62
349 64
349 69
349 129
349 134
349 139
349 146
349 209
349 214
349 216
349 225
349 243
349 256
349 286
349 304
349 338
349 341
349 353
349 357
349 358
349 368
349 372
349 375
349 378
349 381
349 396
349 397
349 402
350 22
350 395
350 211
350 93
350 120
350 353
350 368
353 225
356 111
356 136
356 360
356 394
360 171
360 277
364 22
364 111
364 3
364 20
364 24
364 35
364 49
364 120
364 168
364 256
364 343
364 395
366 22
366 16
368 111
368 93
368 225
368 172
368 183
368 185
368 196
368 200
368 311
368 388
369 344
373 111
373 129
373 382
376 6
376 160
376 343
377 389
378 1
378 22
378 195
378 8
378 111
378 225
378 381
378 397
381 168
390 22
393 402
400 211
400 81
286 8
286 40
286 108
286 133
286 190
286 293
286 358
286 361
286 365
54 211
54 164
68 302
68 367
82 56
82 154
82 302
136 211
136 81
136 126
154 367
154 302
154 371
164 330
211 22
211 45
211 18
211 57
211 73
211 77
211 81
211 94
211 101
211 126
211 172
211 210
211 229
211 244
211 254
211 266
211 272
211 283
211 293
211 310
211 315
211 329
211 330
211 332
211 357
211 359
211 362
211 374
211 402
211 406
236 112
236 69
249 111
249 194
249 122
249 275
249 396
267 93
267 313
267 60
267 276
302 325
313 38
313 395
313 385
332 38
332 395
332 172
347 38
347 133
379 111
379 398
398 111
351 1
1 22
1 195
22 5
22 8
22 16
22 20
22 24
22 42
22 93
22 117
22 123
22 180
22 195
22 225
22 386
22 395
195 182
195 310
5 111
5 8
5 11
5 194
5 214
5 233
5 243
8 111
8 403
20 24
42 111
42 268
42 312
93 111
93 338
93 92
93 133
93 225
93 228
93 339
93 341
93 357
93 361
93 397
117 111
117 65
123 111
123 352
180 387
225 111
225 38
225 395
395 38
395 18
395 19
395 35
395 40
395 57
395 94
395 101
395 128
395 151
395 172
395 231
395 232
395 265
395 272
395 283
395 384
395 385
56 201
101 38
111 3
111 12
111 19
111 35
111 59
111 69
111 77
111 90
111 92
111 112
111 116
111 128
111 129
111 134
111 168
111 169
111 188
111 202
111 207
111 209
111 212
111 222
111 238
111 253
111 259
111 272
111 273
111 282
111 290
111 314
111 342
111 344
111 345
111 354
111 361
111 394
132 392
139 383
139 146
229 293
64 256
133 108
133 115
256 120
256 143
256 202
304 352
304 308
396 402
35 38
35 207
35 209
38 18
38 19
38 40
38 57
38 94
38 151
38 212
38 231
38 232
38 265
38 273
38 279
38 281
38 283
38 336
38 345
38 385
57 272
143 120
143 168
143 193
188 168
342 193
182 59
11 243
62 216
69 152
69 399
134 87
134 169
146 383
209 341
209 372
243 116
338 375
341 228
341 372
2 27
27 46
46 354
59 128
77 190
77 272
90 218
90 314
92 345
116 204
128 384
207 354
222 290
222 102
259 141
282 141
290 135
354 268
354 151
361 40
361 365
6 160
228 237
21 190
28 172
28 219
28 367
151 268
268 363
4 45
4 106
97 127
97 177
184 244
210 346
274 374
340 359
359 44
367 167
367 325
60 385
60 276
167 325
174 177
346 370
194 275
233 47
233 71
233 74
233 158
233 191
233 192
233 196
233 297
233 337
275 122
275 183
47 74
47 158
71 158
71 191
74 297
74 337
158 192
158 196
191 192
196 380
297 337
337 63
122 183
138 235
183 311
235 149
108 115
18 121
231 281
232 336
265 279
283 98
157 140
157 391
217 266
217 301
266 406
140 50
140 187
391 50
391 187
121 124
73 330
185 200
200 388
50 187
213 78
87 355
348 392
152 399
