0 33
0 37
0 42
0 60
33 25
33 9
33 22
33 42
33 55
33 61
33 63
37 16
37 43
37 45
37 47
37 53
42 25
42 29
60 54
25 22
25 55
25 63
25 68
22 4
22 12
22 21
22 31
22 39
22 40
22 56
22 58
22 63
55 68
9 61
16 45
16 52
43 45
43 52
43 34
45 52
47 52
47 34
52 15
52 70
52 72
1 48
48 10
48 36
48 70
6 8
6 27
8 35
27 67
27 13
27 18
27 30
27 44
27 49
10 15
10 36
10 70
36 70
70 15
70 72
2 3
2 32
2 38
3 19
3 38
32 38
38 7
38 17
38 44
38 59
38 66
38 69
38 71
38 73
19 17
19 7
19 44
19 59
19 71
19 73
7 69
7 71
7 73
17 28
17 46
17 50
17 51
17 65
59 69
59 71
59 73
69 71
69 73
71 73
28 26
28 46
28 50
28 65
46 26
46 50
46 51
46 64
50 51
50 64
51 64
65 64
4 31
4 56
4 58
31 56
31 58
56 58
58 21
12 21
12 39
12 41
21 39
21 40
21 41
39 41
40 41
5 14
5 67
5 74
14 11
14 20
67 11
67 20
67 23
67 24
67 30
67 62
67 74
74 11
11 62
23 24
30 13
30 18
49 57
15 72
