0 6
0 7
0 12
0 40
0 44
0 54
0 61
0 65
0 86
0 108
0 116
6 1
6 25
6 54
6 65
6 81
6 90
6 108
6 121
7 51
7 67
7 69
7 89
7 91
7 118
7 120
12 1
12 4
12 25
12 44
12 54
12 61
12 80
12 85
12 86
12 90
12 95
12 108
12 111
12 121
40 25
40 11
40 24
40 44
40 45
40 54
40 81
40 90
40 98
40 102
40 108
40 110
40 119
44 25
44 17
44 53
44 54
44 60
44 61
44 65
44 69
44 81
44 84
44 90
44 95
44 108
54 25
54 1
54 4
54 28
54 61
54 65
54 70
54 81
54 86
54 90
54 95
54 108
54 121
61 1
61 36
61 46
61 53
61 60
61 71
61 72
61 86
61 87
61 95
61 97
61 108
61 110
61 115
61 119
61 124
61 129
65 1
65 14
65 45
65 56
65 60
65 69
65 86
65 90
65 95
65 108
65 121
86 25
86 1
86 4
86 11
86 17
86 21
86 30
86 66
86 81
86 85
86 90
86 93
86 95
86 97
86 101
86 108
86 111
86 119
86 127
108 25
108 1
108 4
108 81
108 85
108 90
108 95
108 100
108 115
108 121
116 21
116 35
116 57
116 62
116 72
116 74
1 24
1 51
1 63
1 66
1 69
1 72
1 80
1 81
1 87
1 90
1 95
1 99
1 117
1 119
1 121
1 122
25 4
25 81
25 90
25 95
25 111
25 121
81 51
81 18
81 57
81 60
81 76
81 90
90 69
90 4
90 107
90 121
121 95
121 4
121 46
51 20
51 23
51 34
51 89
51 91
51 106
51 120
67 80
67 114
67 60
67 10
67 17
67 70
67 71
67 111
69 11
69 14
69 20
69 27
69 50
69 53
69 68
69 84
69 85
69 102
69 110
69 122
69 123
69 126
89 8
89 20
89 52
89 96
89 106
89 118
89 127
91 62
91 20
91 64
91 96
91 123
91 127
118 87
118 49
118 104
118 120
118 9
118 31
118 15
118 20
118 30
118 45
118 48
118 73
118 107
120 37
120 42
120 99
120 122
120 2
120 23
120 78
120 82
120 83
120 104
120 5
120 16
120 19
120 27
120 39
120 76
120 77
120 109
120 112
120 126
4 101
80 66
80 46
80 53
80 68
80 70
80 71
80 97
80 101
80 113
80 114
85 24
85 119
85 10
85 11
85 50
85 93
85 100
85 101
85 111
85 115
95 87
95 60
111 122
111 34
111 101
111 79
111 60
111 10
111 45
26 9
26 11
26 14
26 27
26 56
26 58
26 79
26 112
26 117
9 122
9 75
9 29
9 5
9 14
9 27
9 36
9 58
9 70
9 77
9 79
9 98
9 112
9 129
11 50
11 102
14 122
14 5
14 15
14 27
14 36
14 46
14 47
14 56
14 58
14 77
14 92
14 112
14 125
27 24
27 119
27 122
27 18
27 126
27 5
27 16
27 45
27 77
27 112
27 125
27 129
56 114
56 58
56 79
56 92
56 112
56 125
56 129
58 122
58 5
58 35
58 47
58 79
58 92
58 125
79 24
79 117
79 5
79 62
79 77
79 125
79 129
112 72
112 117
112 82
112 126
112 29
112 35
117 87
117 16
117 21
117 23
117 28
117 35
117 39
117 46
117 55
117 57
117 82
24 50
24 84
24 93
24 100
24 102
24 110
24 119
45 87
45 23
45 49
45 31
45 15
45 73
45 94
45 103
45 107
45 127
45 32
45 30
98 72
98 87
98 99
98 124
98 15
98 106
98 13
98 20
98 46
98 52
102 84
102 119
102 53
102 100
110 84
110 99
110 93
110 105
110 115
110 119
119 31
119 34
119 50
119 70
119 93
119 100
119 101
119 104
119 113
119 115
119 123
119 126
17 101
17 60
17 70
17 97
17 53
53 66
53 70
53 97
53 50
53 115
53 68
53 71
53 113
60 114
60 46
60 70
60 71
60 97
84 66
84 115
28 72
28 21
28 34
28 82
28 104
28 55
28 62
28 16
28 35
28 38
28 74
70 105
70 101
70 15
70 10
70 46
70 68
70 71
70 93
70 97
70 113
36 5
36 77
36 125
46 114
46 21
46 101
46 125
46 68
46 71
46 113
71 66
71 101
71 68
71 113
72 21
72 23
72 34
72 35
72 38
72 57
72 74
72 78
72 82
72 115
87 8
87 20
87 30
87 31
87 32
87 48
87 49
87 59
87 73
87 94
87 103
87 107
97 66
97 114
97 125
97 68
97 113
115 50
115 93
115 100
124 15
124 20
124 64
129 122
129 5
129 125
21 2
21 16
21 23
21 34
21 35
21 55
21 62
21 74
21 78
21 82
21 126
30 31
30 15
30 94
30 103
30 107
30 22
66 68
66 101
66 114
93 104
93 62
93 50
93 100
101 83
101 50
127 15
127 48
127 59
127 73
127 94
127 103
127 107
127 47
100 50
35 75
35 78
35 82
35 126
35 55
35 48
35 16
35 38
35 57
35 74
57 23
57 34
57 78
57 82
57 104
57 128
57 76
57 55
57 62
57 16
57 38
57 74
62 23
62 34
62 82
62 104
62 126
62 15
62 16
62 38
74 82
74 104
74 109
74 55
74 16
74 39
63 37
63 42
63 2
63 18
63 29
63 75
63 83
63 88
63 104
99 37
99 42
99 2
99 3
99 18
99 29
99 34
99 68
99 78
99 83
99 88
99 109
99 128
122 5
122 20
122 47
122 103
37 2
37 3
37 18
37 19
37 23
37 33
37 34
37 42
37 43
37 75
37 76
37 82
37 83
37 88
37 104
37 105
37 107
37 126
37 128
2 18
2 33
2 34
2 49
2 75
2 78
2 82
2 83
2 104
2 105
2 128
3 42
3 18
3 19
3 29
3 33
3 75
3 76
3 78
3 82
3 88
3 104
3 105
3 126
3 128
18 42
18 16
18 19
18 29
18 34
18 43
18 75
18 76
18 78
18 82
18 83
18 88
18 104
18 109
18 126
18 128
19 75
19 83
19 76
23 16
23 34
23 38
23 43
23 78
23 88
23 128
33 38
33 39
33 43
33 75
33 78
33 83
33 104
33 105
33 126
33 128
34 42
34 5
34 29
34 43
34 75
34 76
34 77
34 82
34 83
34 92
34 104
34 105
34 128
42 29
42 75
42 78
42 82
42 83
42 88
42 104
42 105
42 126
42 128
43 29
43 49
43 75
43 78
43 83
43 105
43 126
75 78
75 82
75 83
75 88
75 105
75 128
76 83
76 104
76 105
76 126
76 128
76 29
76 15
76 88
76 109
82 5
82 16
82 29
82 55
82 83
82 104
82 126
82 128
83 78
83 29
83 104
83 105
83 126
83 128
88 78
88 126
88 29
88 16
104 49
104 29
104 38
104 105
104 126
104 128
105 78
105 5
105 29
105 109
105 126
107 49
107 8
107 15
107 73
107 103
107 22
107 41
107 52
107 123
126 78
126 128
128 78
128 29
128 109
29 109
78 5
78 16
78 55
20 31
20 106
20 13
20 52
20 64
20 96
106 8
106 13
106 52
106 96
68 114
68 15
68 113
114 10
123 41
38 39
113 32
8 31
8 15
8 48
8 59
8 94
8 103
31 5
31 15
31 48
31 73
31 103
32 15
32 13
32 22
32 41
48 59
48 73
48 94
49 15
49 22
49 41
49 59
49 94
59 15
59 73
73 15
73 103
94 15
16 55
55 5
5 77
5 92
77 125
92 125
22 41
41 52
41 64
52 13
