75
159
267
55
208
29
155
294
315
145
300
46
185
252
124
312
153
228
299
76
13
283
206
291
106
96
79
194
108
303
47
51
9
196
59
236
156
292
234
179
90
209
19
295
309
6
217
177
201
129
5
54
120
319
100
280
43
176
84
174
271
219
326
94
137
82
175
270
12
113
144
203
160
286
183
98
104
2
21
139
67
78
35
320
65
38
121
69
117
313
213
18
20
44
224
61
272
74
119
1
321
22
301
178
317
3
8
147
57
0
232
116
245
34
257
187
223
110
322
230
152
199
287
277
146
64
62
56
323
122
14
296
50
11
279
71
304
238
181
189
284
125
281
227
260
210
109
186
92
103
214
163
307
87
48
123
240
135
220
99
32
205
204
132
91
83
275
95
170
154
164
248
157
212
246
16
93
73
197
243
266
182
316
86
192
70
251
114
256
130
31
85
288
88
233
278
