93
680
599
531
98
782
391
609
127
372
387
492
754
234
51
576
677
436
50
493
490
315
552
48
468
63
562
645
731
526
317
565
247
855
615
911
97
437
491
394
478
453
356
582
470
448
417
226
503
20
231
19
735
498
567
799
191
612
77
420
790
510
244
81
218
495
243
403
500
204
465
502
215
365
303
431
658
545
853
600
99
674
577
528
802
629
444
647
681
24
121
513
175
128
461
416
259
6
263
873
886
476
588
459
551
556
694
471
587
25
733
734
533
583
575
170
832
335
248
509
682
405
977
393
581
539
888
861
275
548
833
88
765
371
768
776
866
505
115
595
47
285
89
628
594
473
373
463
407
806
341
590
141
507
553
745
740
617
508
561
264
660
592
110
353
644
563
499
652
111
631
246
554
400
557
383
501
555
704
517
395
710
469
443
333
607
319
28
67
601
804
404
494
140
596
401
360
381
61
787
