0 54
0 90
0 124
0 165
0 196
54 12
54 25
54 44
54 72
54 90
54 99
54 124
54 152
54 165
54 196
90 12
90 124
90 153
90 165
90 196
124 35
124 44
124 93
124 99
124 107
124 153
124 186
124 196
124 210
165 153
165 196
196 12
196 57
196 153
196 182
12 73
12 25
12 53
12 76
12 78
12 123
12 136
25 73
25 46
25 53
25 57
25 63
25 72
25 123
25 157
25 190
44 89
44 91
44 106
44 177
44 5
44 20
44 21
44 24
44 33
44 50
44 64
44 71
44 77
44 99
44 105
44 111
44 134
44 163
44 164
44 171
44 175
44 186
72 20
72 107
72 153
99 77
99 50
99 186
99 97
99 107
99 119
99 133
99 191
152 5
152 18
152 57
152 64
152 96
152 116
152 119
152 182
152 207
35 13
35 20
35 32
35 202
93 186
93 133
93 69
93 210
107 77
107 50
107 186
107 156
107 97
107 119
107 133
107 210
186 89
186 91
186 106
186 177
186 163
186 175
186 21
186 77
186 134
186 16
186 135
186 24
186 69
186 71
186 97
186 105
186 119
186 133
186 150
186 156
186 191
186 210
210 77
210 105
210 191
210 119
210 133
210 150
57 182
57 96
57 18
57 46
57 143
57 190
182 5
182 18
182 116
1 30
1 59
1 162
1 198
30 15
30 173
59 23
59 126
162 13
162 61
162 95
162 146
162 158
162 160
162 168
162 171
162 177
162 198
198 42
198 95
198 104
198 146
198 148
198 159
198 206
15 88
15 177
15 95
173 88
173 86
23 38
23 109
23 189
126 88
126 171
13 177
13 20
13 21
13 51
13 55
13 77
13 115
13 134
13 180
61 52
61 171
61 62
61 158
61 160
95 104
95 163
95 43
95 46
95 58
95 64
95 103
95 125
95 148
95 155
95 192
95 211
146 68
146 138
146 51
146 50
146 38
146 34
146 42
158 34
158 160
160 39
171 9
171 17
171 28
171 40
171 41
171 51
171 101
171 209
177 4
177 91
177 21
177 27
177 33
177 50
177 77
177 134
42 68
42 138
104 43
104 49
104 58
104 141
104 147
104 148
104 159
104 163
104 192
148 110
148 141
148 125
148 103
148 192
148 70
148 147
159 203
159 141
159 43
159 103
159 131
159 192
206 4
206 208
2 10
2 48
2 73
10 45
10 48
10 73
10 82
48 22
48 73
48 76
48 100
48 128
48 174
48 183
48 205
73 53
73 64
73 76
73 94
73 130
73 188
45 82
45 83
45 100
45 142
82 56
82 83
22 76
22 128
22 174
22 205
22 38
22 100
76 53
76 78
76 100
76 128
76 174
100 128
100 174
100 205
100 142
128 20
128 174
174 20
174 205
183 11
183 20
183 53
183 60
183 78
183 85
183 108
183 136
183 154
183 167
53 20
53 64
53 78
53 83
53 136
53 154
64 87
64 78
64 123
64 58
64 121
64 130
64 207
94 145
94 154
94 151
94 176
130 87
130 80
130 145
130 185
130 195
130 101
130 161
188 127
188 123
188 121
3 52
3 88
3 187
52 65
52 139
52 187
187 65
139 47
4 84
4 89
4 91
4 106
4 110
4 113
4 203
4 208
84 29
84 113
84 156
84 194
84 208
89 21
89 24
89 28
89 134
89 201
89 203
91 67
91 16
91 33
91 75
91 105
91 106
91 120
91 175
91 208
106 105
106 134
106 163
106 175
110 70
110 81
110 125
110 141
113 6
113 19
113 26
113 29
113 79
113 144
113 175
113 194
113 208
113 212
203 19
203 24
203 79
203 131
203 179
208 67
208 31
208 75
208 102
208 144
208 194
67 16
67 27
67 33
67 120
67 204
16 134
16 27
16 33
16 50
16 75
16 120
16 135
16 204
27 134
27 33
27 75
27 120
33 163
33 134
33 75
33 120
33 157
120 75
120 46
120 111
120 157
120 204
29 6
29 19
29 37
29 141
29 156
29 181
29 194
29 212
156 77
156 50
156 133
194 6
194 175
21 24
21 55
21 77
21 134
24 77
24 134
28 68
28 31
134 163
134 175
134 77
134 50
134 105
134 133
134 135
134 150
134 157
201 31
105 163
105 164
105 175
105 77
105 111
105 157
105 97
105 119
105 133
105 150
105 191
175 163
175 6
175 129
175 132
175 179
175 181
175 212
163 58
70 141
70 125
70 81
81 141
81 125
125 46
125 37
125 141
125 181
141 43
141 103
141 155
141 179
141 192
6 212
19 79
26 79
79 132
144 31
144 102
144 131
50 77
50 71
50 97
50 111
50 119
50 133
50 135
50 150
50 157
50 191
77 97
77 111
77 119
77 122
77 133
77 150
77 191
131 179
179 129
179 155
31 102
5 149
5 164
5 199
149 7
149 98
149 112
149 137
149 184
149 197
164 20
164 46
164 97
164 111
164 119
164 191
199 46
199 116
199 200
199 207
20 136
20 51
20 111
111 46
111 97
111 119
111 122
111 157
111 191
43 58
43 103
43 192
43 211
58 46
58 103
58 192
147 103
147 192
192 103
7 87
7 96
7 112
7 137
7 184
98 112
98 137
98 184
98 117
112 117
112 137
112 184
137 96
137 117
137 166
137 184
184 87
184 117
18 96
18 143
96 116
96 143
96 166
96 207
119 191
119 97
119 133
207 78
207 46
46 143
46 157
46 190
46 191
97 191
97 133
191 157
191 122
191 133
191 150
200 69
37 181
181 129
129 132
129 155
87 145
87 161
87 172
87 185
145 8
145 185
161 185
161 195
161 172
172 185
185 8
185 80
185 189
143 190
166 193
193 68
8 14
8 36
8 80
8 92
8 127
8 195
14 36
14 80
14 195
36 80
36 92
36 127
36 195
80 195
92 195
189 38
189 74
189 170
9 68
9 114
9 138
9 178
68 34
68 62
68 66
68 138
34 62
34 66
17 40
17 41
17 101
17 209
40 41
40 209
41 209
51 38
51 115
51 180
101 209
83 56
142 74
56 74
60 154
60 74
60 167
78 136
78 154
85 108
154 151
154 167
154 176
167 74
167 176
123 63
123 121
123 190
63 190
115 180
32 202
122 150
133 150
109 170
170 47
47 140
140 118
118 169
151 176
