0 39
0 43
0 68
39 26
39 22
39 23
39 33
39 45
39 48
39 68
39 85
39 97
43 18
43 23
43 33
43 44
43 85
43 94
68 26
68 34
68 44
68 48
68 51
68 80
68 85
68 93
68 94
26 1
26 4
26 7
26 23
26 38
26 50
26 81
1 3
1 4
1 7
1 11
1 24
1 36
1 51
1 54
1 58
1 59
1 60
1 62
1 66
1 67
1 69
1 76
1 78
1 82
1 86
1 88
1 89
4 7
4 8
4 9
4 10
4 11
4 17
4 32
4 36
4 37
4 40
4 46
4 50
4 51
4 52
4 54
4 58
4 59
4 60
4 62
4 66
4 67
4 72
4 76
4 78
4 80
4 82
4 86
4 88
4 90
4 95
7 3
7 6
7 9
7 11
7 17
7 24
7 25
7 30
7 36
7 37
7 40
7 47
7 51
7 54
7 58
7 59
7 60
7 62
7 66
7 67
7 74
7 76
7 78
7 82
7 84
7 86
7 87
7 88
7 89
7 91
23 3
23 82
23 52
23 93
23 6
23 21
23 33
23 42
23 81
23 94
23 97
38 3
38 18
38 22
38 46
38 81
50 66
50 69
50 76
50 2
50 9
50 5
50 8
50 10
50 13
50 14
50 22
50 28
50 35
50 41
50 42
50 44
50 52
50 55
50 57
50 61
50 65
50 70
50 77
50 79
50 92
50 93
81 3
81 16
81 18
81 22
81 33
81 41
81 42
81 44
81 85
81 94
81 97
22 69
22 48
22 44
22 85
22 94
22 27
22 97
33 73
33 71
33 15
33 18
33 16
33 42
33 44
33 85
33 94
33 97
45 9
45 56
45 57
45 61
45 71
48 24
48 69
48 76
48 89
48 9
48 93
48 46
48 73
48 32
48 72
48 6
48 21
48 84
48 94
48 96
85 74
85 16
85 42
85 44
85 94
85 97
97 42
97 44
97 94
18 13
44 34
44 16
44 42
44 94
94 55
94 95
94 34
94 16
34 10
34 90
34 92
34 47
34 35
34 27
34 49
51 3
51 11
51 24
51 36
51 37
51 13
51 17
51 25
51 40
51 54
51 59
51 60
51 62
51 66
51 67
51 76
51 78
51 80
51 82
51 86
51 88
51 93
80 3
80 11
80 24
80 36
80 37
80 54
80 58
80 59
80 60
80 62
80 66
80 67
80 76
80 78
80 82
80 86
80 25
80 40
80 72
80 87
80 96
93 58
93 60
93 69
93 76
93 82
93 89
93 55
93 56
93 6
93 8
93 13
93 15
93 30
93 32
93 46
93 72
93 74
93 83
93 84
93 91
93 96
3 8
3 11
3 13
3 17
3 25
3 36
3 37
3 40
3 46
3 55
3 58
3 59
3 60
3 62
3 66
3 67
3 69
3 73
3 76
3 78
3 82
3 83
3 86
3 88
3 95
11 17
11 24
11 36
11 40
11 58
11 59
11 60
11 67
11 76
11 82
11 86
11 87
11 91
24 17
24 25
24 40
24 58
24 59
24 62
24 69
24 72
24 76
24 86
24 87
36 5
36 17
36 37
36 40
36 54
36 58
36 59
36 60
36 62
36 66
36 67
36 76
36 78
36 82
36 86
36 87
36 88
54 37
54 25
54 40
54 58
54 59
54 62
54 66
54 67
54 76
54 78
54 82
54 86
54 87
54 88
58 17
58 21
58 30
58 49
58 59
58 62
58 66
58 67
58 69
58 72
58 73
58 78
58 82
58 86
58 88
58 89
58 91
58 95
59 37
59 17
59 25
59 40
59 60
59 62
59 66
59 67
59 76
59 78
59 86
59 87
59 88
60 6
60 17
60 25
60 28
60 62
60 66
60 67
60 76
60 78
60 82
60 86
62 37
62 9
62 17
62 19
62 25
62 27
62 40
62 49
62 66
62 67
62 69
62 78
62 82
62 86
62 91
62 96
66 37
66 17
66 25
66 40
66 67
66 71
66 72
66 76
66 78
66 82
66 86
66 87
66 88
67 37
67 17
67 25
67 40
67 78
67 82
67 86
67 87
67 89
69 8
69 12
69 13
69 15
69 21
69 30
69 46
69 72
69 73
69 74
69 76
69 83
69 89
69 91
69 96
76 9
76 13
76 17
76 21
76 25
76 40
76 46
76 47
76 49
76 72
76 82
76 86
76 88
78 37
78 17
78 25
78 30
78 49
78 82
78 86
78 88
82 37
82 17
82 25
82 40
82 86
82 87
82 88
82 92
86 37
86 17
86 25
86 40
86 87
88 37
88 8
89 6
89 8
89 12
89 21
89 29
89 30
89 41
89 46
89 72
89 73
89 74
89 83
89 91
8 6
8 12
8 13
8 21
8 29
8 30
8 32
8 46
8 73
8 83
8 84
8 91
8 96
13 6
13 15
13 21
13 32
13 46
13 73
13 74
13 83
17 37
17 56
17 14
17 25
17 40
17 63
25 37
37 40
40 14
40 91
46 6
46 12
46 21
46 27
46 29
46 30
46 49
46 72
46 73
46 74
46 83
46 84
46 91
46 96
55 2
55 9
55 31
55 52
55 5
55 27
55 41
55 49
55 61
55 75
55 77
55 92
73 12
73 15
73 21
73 29
73 30
73 49
73 72
73 74
73 83
73 84
73 91
73 96
83 6
83 12
83 21
83 29
83 30
83 32
83 72
83 74
83 84
83 87
83 91
95 35
95 61
95 71
95 75
95 92
9 10
9 14
9 20
9 31
9 35
9 56
9 57
9 61
9 63
9 64
9 70
9 77
9 79
10 20
10 31
10 56
10 70
10 65
10 5
10 30
10 53
10 61
10 63
10 71
32 6
32 15
32 21
32 30
52 2
52 5
52 28
52 65
52 70
52 92
72 15
72 30
72 74
72 91
72 96
90 27
90 47
90 49
90 75
90 96
6 92
6 21
6 30
6 91
6 96
30 21
30 29
30 12
30 15
30 84
30 91
30 96
47 19
47 27
47 49
74 91
74 15
74 49
74 84
84 21
84 29
84 91
84 12
91 12
91 41
91 96
5 77
5 65
5 14
5 28
5 53
5 92
21 15
21 29
49 96
49 12
49 19
49 27
28 53
28 92
19 96
19 27
96 29
96 15
71 41
71 75
12 15
15 75
92 77
92 65
92 41
41 65
2 31
2 56
2 57
2 64
2 70
2 77
31 20
31 14
31 57
31 63
31 64
31 70
31 77
31 79
56 20
56 57
56 64
57 20
57 61
57 70
57 77
57 79
64 20
64 61
64 70
70 20
70 53
70 79
77 65
14 63
20 61
20 79
35 65
35 79
61 79
42 16
