106
221
747
880
950
333
861
791
612
1001
366
883
499
113
265
50
112
184
796
416
830
154
148
691
105
806
826
72
819
27
38
99
230
911
515
599
227
464
550
611
404
415
240
372
631
87
26
16
387
584
94
932
68
292
107
447
559
232
696
489
75
652
206
722
828
256
825
740
683
493
399
109
662
575
925
556
375
298
445
295
39
266
83
876
290
472
768
759
800
302
175
328
137
562
943
555
291
606
48
344
986
839
119
658
907
660
643
840
200
632
536
289
853
670
1003
505
655
144
353
469
234
654
443
620
615
592
426
300
199
616
313
899
716
782
500
22
629
866
293
466
772
455
530
706
178
795
681
352
24
253
597
279
19
382
65
241
677
624
17
856
247
811
74
81
248
114
682
578
125
15
180
116
89
627
286
398
161
541
674
890
231
847
676
956
957
910
153
486
360
268
431
913
690
102
437
196
479
192
870
278
287
588
63
150
742
168
228
491
351
401
502
122
381
145
650
395
467
1000
343
246
692
887
136
940
368
788
568
181
274
277
421
52
651
76
633
496
886
226
308
855
571
733
760
797
987
704
512
257
355
667
138
386
959
867
391
881
823
283
471
593
602
552
729
69
873
827
296
141
327
304
679
685
204
139
40
20
58
974
585
371
710
732
862
896
263
799
280
765
854
767
219
810
394
902
272
201
545
259
513
659
949
958
598
869
461
728
51
135
132
239
156
103
647
396
90
694
169
429
618
628
41
927
412
703
947
484
123
859
318
454
143
225
459
878
182
668
457
518
623
498
121
271
553
712
165
790
784
140
157
787
730
802
117
128
414
884
842
4
34
179
14
532
590
281
29
458
101
680
270
96
594
905
80
909
71
945
785
857
494
245
864
920
731
641
25
407
798
591
93
589
92
546
104
82
837
477
126
21
88
197
478
600
497
780
269
463
774
436
779
158
543
95
188
717
369
860
645
319
596
397
509
646
992
237
402
744
423
53
134
966
528
501
238
511
100
565
490
644
173
285
465
6
563
370
252
916
393
977
166
507
47
735
315
846
879
635
580
222
487
191
904
832
444
514
495
833
960
450
149
462
754
892
666
284
316
737
808
346
33
561
804
127
893
44
675
548
155
753
172
636
255
705
605
504
603
831
838
152
129
64
55
98
564
587
751
576
648
678
734
171
130
577
307
820
813
70
362
193
108
338
803
863
554
207
745
303
86
361
151
850
637
422
213
517
719
56
531
417
30
994
769
309
43
583
821
527
189
347
748
503
470
508
726
460
341
409
217
167
299
229
520
260
124
557
235
741
356
110
78
242
214
708
312
781
23
45
317
28
427
190
581
350
244
383
159
506
619
551
542
948
673
640
205
533
331
519
439
622
215
430
448
91
185
526
510
420
9
522
492
10
202
111
801
750
170
349
133
264
442
224
434
915
537
709
354
771
776
359
525
888
18
516
262
35
773
131
483
783
174
57
276
736
586
872
817
301
815
66
700
249
475
209
609
663
608
468
739
453
120
718
218
335
844
582
77
97
697
579
160
485
476
273
79
243
610
282
54
428
764
7
267
233
400
115
392
348
711
474
403
595
275
567
186
373
617
786
607
305
822
446
340
261
