0 23
0 101
0 104
0 139
0 664
1 36
1 54
1 75
1 90
1 115
1 167
1 168
1 211
1 387
1 405
1 553
1 616
1 643
1 678
1 705
1 706
2 122
2 204
2 219
2 282
2 292
2 294
2 306
2 336
2 352
2 507
2 651
2 718
2 754
2 755
3 61
3 85
3 108
3 163
3 171
3 194
3 215
3 236
3 237
3 395
3 425
3 450
3 490
3 584
3 632
3 635
3 637
3 749
4 30
4 95
4 201
4 227
4 233
4 335
4 340
4 482
4 497
4 577
4 792
5 43
6 25
6 390
6 550
6 572
7 46
7 108
7 125
7 163
7 177
7 184
7 228
7 236
7 402
7 413
7 457
7 461
7 466
7 532
7 533
7 536
7 568
7 610
7 647
7 648
7 660
7 691
7 693
7 708
7 749
7 768
7 787
8 435
8 592
8 598
9 367
9 770
10 58
10 82
10 121
10 136
10 174
10 184
10 216
10 218
10 234
10 264
10 318
10 349
10 356
10 381
10 402
10 420
10 435
10 444
10 461
10 464
10 524
10 535
10 536
10 558
10 560
10 564
10 590
10 592
10 596
10 598
10 603
10 630
10 633
10 638
10 642
10 644
10 663
10 684
10 691
10 693
10 731
10 743
10 744
10 750
10 751
10 771
10 782
10 795
11 230
11 675
12 146
12 358
12 385
12 472
12 607
12 624
12 625
12 722
12 780
13 81
13 174
13 307
13 356
13 524
13 543
13 590
13 592
13 598
13 630
14 28
14 98
14 246
14 315
14 412
14 427
14 542
14 546
14 679
15 576
16 48
16 77
16 84
16 91
16 143
16 180
16 205
16 232
16 506
16 537
16 600
16 606
16 625
16 781
16 793
17 19
17 21
17 124
17 150
17 210
17 222
17 223
17 325
17 379
17 394
17 426
17 467
17 504
17 513
17 556
17 589
17 620
17 763
18 297
18 371
18 386
18 452
18 463
18 478
19 64
19 150
19 227
19 323
19 394
19 456
19 494
19 504
19 556
19 583
19 620
20 243
21 44
21 124
21 133
21 223
21 394
21 426
21 467
21 556
21 583
21 620
22 25
22 27
22 34
22 61
22 97
22 99
22 103
22 105
22 107
22 129
22 149
22 152
22 163
22 175
22 176
22 185
22 196
22 211
22 215
22 220
22 235
22 236
22 237
22 238
22 239
22 277
22 286
22 309
22 332
22 376
22 390
22 402
22 409
22 411
22 413
22 414
22 421
22 423
22 433
22 439
22 440
22 447
22 450
22 481
22 490
22 510
22 514
22 545
22 549
22 554
22 562
22 572
22 575
22 602
22 608
22 635
22 637
22 654
22 656
22 659
22 668
22 677
22 681
22 683
22 689
22 705
22 710
22 727
22 735
22 736
22 749
22 760
22 767
22 768
22 796
23 29
23 101
23 104
23 135
23 139
23 156
23 179
23 261
23 267
23 276
23 296
23 304
23 329
23 430
23 463
23 496
23 508
23 573
23 593
23 594
23 613
23 627
23 664
23 740
23 758
23 779
23 786
24 231
24 578
24 800
25 34
25 61
25 97
25 99
25 103
25 107
25 149
25 152
25 175
25 176
25 196
25 211
25 215
25 235
25 239
25 277
25 390
25 411
25 414
25 423
25 433
25 440
25 447
25 450
25 510
25 514
25 539
25 549
25 550
25 562
25 572
25 575
25 608
25 635
25 637
25 654
25 656
25 659
25 668
25 689
25 705
25 727
25 735
25 736
25 760
26 126
26 721
27 97
27 103
27 107
27 149
27 196
27 211
27 236
27 237
27 238
27 409
27 447
27 450
27 554
27 602
27 635
27 656
27 658
27 668
27 683
28 41
28 66
28 83
28 98
28 111
28 143
28 144
28 194
28 246
28 283
28 309
28 312
28 315
28 321
28 322
28 351
28 375
28 412
28 427
28 460
28 488
28 505
28 509
28 519
28 542
28 546
28 552
28 635
28 679
28 699
28 752
28 759
29 135
29 156
29 179
29 261
29 267
29 276
29 296
29 304
29 329
29 430
29 463
29 496
29 508
29 573
29 593
29 594
29 613
29 627
29 646
29 740
29 758
29 779
29 786
30 35
30 201
30 227
30 272
30 495
31 559
32 80
32 107
32 125
32 129
32 152
32 163
32 220
32 224
32 238
32 259
32 286
32 309
32 316
32 337
32 360
32 481
32 483
32 510
32 533
32 547
32 561
32 585
32 608
32 688
32 735
32 746
32 749
33 127
33 344
33 528
33 609
33 671
33 709
33 724
34 61
34 99
34 152
34 196
34 211
34 215
34 238
34 277
34 332
34 389
34 390
34 411
34 423
34 433
34 440
34 447
34 514
34 550
34 562
34 575
34 659
34 668
34 689
34 705
34 760
35 272
35 495
36 54
36 75
36 90
36 115
36 167
36 168
36 387
36 405
36 616
36 643
36 678
36 706
37 102
37 279
37 459
37 665
38 158
38 242
38 531
39 94
39 529
39 622
39 707
39 790
40 277
40 562
40 654
40 760
41 375
41 505
41 542
41 552
41 679
41 759
42 254
42 344
42 436
42 571
42 609
42 626
42 738
42 745
42 762
42 775
43 367
43 501
43 614
43 672
43 770
44 133
44 467
44 595
44 628
44 719
45 189
45 793
46 177
46 303
46 413
46 457
46 492
46 642
46 683
46 708
46 739
46 768
46 796
47 110
47 227
47 258
47 333
47 365
47 410
47 476
47 493
47 551
47 589
47 599
47 766
47 780
48 77
48 84
48 205
48 506
48 537
48 600
48 781
48 793
49 172
49 653
50 89
50 109
50 112
50 123
50 327
50 373
50 399
50 455
50 474
50 479
50 801
51 297
51 347
51 364
52 69
52 72
52 92
52 120
52 160
52 251
52 288
52 328
52 339
52 354
52 361
52 368
52 377
52 392
52 404
52 431
52 437
52 470
52 493
52 540
52 692
52 695
52 761
52 765
53 151
53 423
53 468
53 530
53 588
54 75
54 90
54 115
54 167
54 168
54 387
54 405
54 616
54 643
54 678
54 706
54 776
55 71
55 222
55 223
55 262
55 265
55 319
55 323
55 325
55 362
55 379
55 556
55 597
55 698
55 763
56 118
56 141
56 154
56 169
56 199
56 300
56 350
56 355
56 448
56 582
56 631
56 784
56 794
57 525
58 82
58 174
58 184
58 216
58 291
58 307
58 356
58 381
58 420
58 435
58 524
58 535
58 543
58 564
58 590
58 592
58 596
58 603
58 630
58 638
58 642
58 644
58 663
58 731
58 743
58 744
58 750
58 751
58 771
58 797
59 211
59 235
59 237
59 238
59 360
59 502
59 527
59 656
59 660
60 107
60 238
60 277
60 414
60 442
60 447
60 473
60 481
60 608
60 735
61 97
61 99
61 103
61 105
61 107
61 149
61 152
61 163
61 176
61 185
61 188
61 196
61 211
61 215
61 220
61 235
61 236
61 237
61 238
61 239
61 277
61 286
61 298
61 360
61 390
61 411
61 414
61 418
61 421
61 423
61 433
61 439
61 440
61 447
61 450
61 473
61 481
61 490
61 510
61 514
61 545
61 549
61 550
61 554
61 562
61 572
61 575
61 602
61 608
61 635
61 637
61 654
61 656
61 659
61 668
61 683
61 687
61 689
61 705
61 714
61 727
61 735
61 736
61 749
61 760
61 767
61 785
62 78
62 93
62 110
62 162
62 182
62 206
62 227
62 243
62 299
62 348
62 365
62 391
62 424
62 476
62 477
62 583
62 601
62 615
62 650
62 674
62 712
62 717
62 721
63 384
63 465
63 649
63 701
63 732
63 739
64 77
64 114
64 150
64 195
64 274
64 504
65 106
65 127
65 140
65 207
65 217
65 288
65 328
65 344
65 368
65 392
65 431
65 470
65 493
65 528
65 571
65 589
65 609
65 626
65 671
65 692
65 709
65 724
65 738
65 745
65 762
65 773
65 775
66 246
66 283
66 351
66 412
66 427
66 460
66 546
66 552
66 679
66 699
66 752
67 215
67 481
67 798
68 193
68 374
68 417
68 512
68 579
68 772
68 778
69 72
69 120
69 160
69 251
69 288
69 328
69 339
69 354
69 361
69 368
69 377
69 392
69 422
69 431
69 437
69 470
69 493
69 540
69 692
69 695
69 761
69 765
70 394
71 222
71 223
71 248
71 262
71 265
71 319
71 323
71 325
71 362
71 379
71 394
71 556
71 597
71 698
71 763
72 92
72 120
72 160
72 251
72 288
72 328
72 339
72 354
72 361
72 368
72 377
72 392
72 404
72 431
72 437
72 470
72 540
72 692
72 695
72 761
72 765
73 221
73 330
74 690
75 90
75 115
75 167
75 168
75 387
75 405
75 553
75 616
75 643
75 678
75 706
75 776
76 100
76 129
76 202
76 220
76 226
76 269
76 277
76 287
76 305
76 326
76 334
76 363
76 475
76 547
76 555
76 563
76 567
76 586
76 608
76 673
76 700
76 774
77 84
77 91
77 205
77 486
77 504
77 506
77 518
77 537
77 600
77 793
78 227
78 424
78 583
79 343
79 446
79 486
79 499
79 504
79 518
79 570
80 83
80 111
80 125
80 143
80 152
80 163
80 200
80 224
80 283
80 309
80 316
80 337
80 395
80 483
80 488
80 510
80 533
80 552
80 561
80 635
80 637
80 682
80 688
80 713
80 746
80 749
80 752
80 787
81 130
81 174
81 291
81 307
81 356
81 359
81 420
81 524
81 543
81 564
81 590
81 592
81 598
81 603
81 644
81 797
82 184
82 190
82 228
82 234
82 290
82 420
82 435
82 461
82 524
82 532
82 535
82 536
82 564
82 590
82 592
82 596
82 603
82 610
82 630
82 638
82 644
82 663
82 691
82 693
82 731
82 743
82 744
82 750
82 751
83 97
83 98
83 99
83 103
83 105
83 111
83 143
83 144
83 149
83 152
83 163
83 172
83 215
83 235
83 236
83 237
83 238
83 239
83 246
83 283
83 286
83 309
83 312
83 315
83 321
83 351
83 360
83 376
83 395
83 402
83 412
83 414
83 418
83 427
83 439
83 450
83 460
83 481
83 488
83 490
83 505
83 509
83 510
83 519
83 533
83 542
83 545
83 546
83 552
83 554
83 608
83 632
83 635
83 637
83 653
83 656
83 679
83 699
83 705
83 711
83 713
83 714
83 735
83 749
83 752
83 785
84 91
84 205
84 486
84 506
84 537
84 600
84 781
84 793
85 231
85 236
85 395
86 198
86 309
86 397
86 428
86 429
86 454
86 565
86 569
86 640
86 702
86 703
86 730
86 749
86 785
86 796
87 201
87 227
87 416
87 568
87 675
88 129
88 152
88 200
88 481
88 561
88 652
89 109
89 112
89 399
89 455
90 115
90 167
90 168
90 387
90 405
90 616
90 643
90 678
90 705
90 706
90 776
91 143
91 180
91 205
91 232
91 506
91 537
91 600
91 606
91 781
91 793
92 120
92 160
92 251
92 288
92 328
92 339
92 361
92 368
92 377
92 392
92 404
92 431
92 437
92 470
92 540
92 692
92 695
92 761
92 765
93 110
93 162
93 182
93 227
93 299
93 348
93 477
93 583
93 615
93 717
93 721
94 181
94 302
94 310
94 345
94 403
94 511
94 522
94 529
94 622
94 657
94 707
94 790
94 800
95 201
95 577
96 485
96 527
96 716
96 776
97 99
97 103
97 105
97 107
97 129
97 149
97 152
97 163
97 176
97 185
97 188
97 196
97 211
97 215
97 235
97 236
97 237
97 238
97 277
97 286
97 298
97 360
97 409
97 414
97 418
97 421
97 423
97 433
97 439
97 447
97 450
97 481
97 490
97 502
97 510
97 514
97 545
97 549
97 554
97 562
97 565
97 584
97 602
97 608
97 632
97 635
97 637
97 654
97 656
97 659
97 668
97 677
97 683
97 689
97 705
97 710
97 714
97 727
97 735
97 736
97 749
97 767
97 785
98 111
98 143
98 144
98 194
98 246
98 283
98 309
98 312
98 315
98 321
98 322
98 351
98 375
98 395
98 408
98 412
98 427
98 450
98 460
98 488
98 505
98 509
98 519
98 542
98 546
98 552
98 635
98 653
98 679
98 699
98 752
99 103
99 105
99 107
99 149
99 152
99 176
99 185
99 188
99 196
99 211
99 215
99 235
99 236
99 237
99 238
99 239
99 277
99 286
99 298
99 326
99 332
99 341
99 360
99 390
99 396
99 411
99 414
99 418
99 421
99 423
99 433
99 439
99 440
99 447
99 450
99 481
99 498
99 510
99 514
99 523
99 539
99 545
99 549
99 550
99 554
99 562
99 572
99 575
99 602
99 608
99 635
99 637
99 653
99 654
99 656
99 659
99 668
99 681
99 683
99 689
99 705
99 710
99 727
99 735
99 736
99 760
99 767
100 202
100 226
100 269
100 287
100 334
100 363
100 380
100 438
100 533
100 547
100 563
100 567
100 586
100 608
100 673
100 700
100 746
101 104
101 139
101 664
103 105
103 107
103 149
103 152
103 175
103 176
103 185
103 188
103 196
103 211
103 215
103 220
103 235
103 236
103 237
103 238
103 239
103 268
103 277
103 286
103 298
103 326
103 332
103 360
103 390
103 411
103 414
103 418
103 421
103 423
103 433
103 439
103 447
103 450
103 481
103 490
103 498
103 510
103 514
103 539
103 545
103 549
103 554
103 562
103 572
103 575
103 602
103 608
103 635
103 637
103 639
103 654
103 656
103 659
103 668
103 677
103 683
103 689
103 705
103 710
103 727
103 735
103 736
103 741
103 760
103 767
104 139
104 664
105 107
105 125
105 149
105 152
105 163
105 176
105 185
105 188
105 196
105 211
105 215
105 220
105 235
105 237
105 238
105 239
105 256
105 268
105 277
105 286
105 298
105 305
105 309
105 326
105 337
105 360
105 363
105 411
105 414
105 418
105 421
105 423
105 433
105 439
105 447
105 450
105 481
105 490
105 498
105 510
105 533
105 545
105 547
105 549
105 554
105 565
105 575
105 602
105 608
105 637
105 654
105 656
105 659
105 668
105 683
105 705
105 710
105 714
105 727
105 735
105 736
105 749
105 760
105 767
105 785
105 796
106 127
106 140
106 207
106 217
106 344
106 528
106 571
106 589
106 609
106 671
106 709
106 724
106 738
106 773
106 775
107 125
107 149
107 152
107 163
107 176
107 185
107 188
107 196
107 211
107 215
107 220
107 235
107 236
107 237
107 238
107 239
107 256
107 268
107 277
107 286
107 332
107 337
107 360
107 390
107 411
107 414
107 418
107 421
107 423
107 433
107 439
107 440
107 447
107 450
107 473
107 481
107 490
107 498
107 502
107 510
107 514
107 533
107 545
107 547
107 549
107 550
107 554
107 561
107 562
107 572
107 575
107 586
107 602
107 608
107 635
107 637
107 654
107 656
107 659
107 668
107 677
107 683
107 687
107 689
107 705
107 710
107 714
107 727
107 735
107 736
107 749
107 760
107 767
107 796
108 425
108 450
108 533
108 608
108 635
108 785
109 112
109 327
109 399
110 162
110 182
110 206
110 227
110 258
110 299
110 333
110 348
110 365
110 410
110 424
110 476
110 477
110 551
110 583
110 589
110 601
110 615
110 674
110 712
110 717
110 721
110 766
110 780
111 143
111 144
111 149
111 157
111 163
111 172
111 236
111 237
111 283
111 309
111 312
111 317
111 321
111 351
111 395
111 412
111 427
111 450
111 460
111 488
111 490
111 505
111 509
111 519
111 542
111 546
111 552
111 632
111 635
111 637
111 653
111 679
111 711
111 713
111 752
112 123
112 327
112 399
112 455
113 442
114 150
114 195
114 274
114 426
115 167
115 168
115 387
115 405
115 553
115 616
115 643
115 678
115 705
115 706
115 776
116 118
116 124
116 154
116 170
116 271
116 308
116 338
116 355
116 400
116 448
116 500
116 621
116 783
116 784
116 794
117 343
117 504
117 521
118 124
118 141
118 154
118 170
118 193
118 199
118 203
118 213
118 271
118 300
118 308
118 338
118 350
118 355
118 374
118 400
118 417
118 448
118 500
118 512
118 579
118 582
118 618
118 621
118 721
118 772
118 778
118 783
118 784
118 789
118 794
119 125
119 192
119 200
119 202
119 211
119 224
119 259
119 281
119 316
119 337
119 346
119 380
119 483
119 533
119 547
119 563
119 580
119 585
119 586
119 608
119 682
119 688
119 726
119 746
119 788
120 160
120 251
120 288
120 328
120 339
120 354
120 361
120 368
120 377
120 392
120 404
120 431
120 437
120 470
120 493
120 540
120 692
120 695
120 761
120 765
121 136
121 264
121 318
121 349
121 560
121 633
121 638
121 642
121 644
121 663
121 684
121 751
121 782
122 204
122 219
122 282
122 292
122 294
122 306
122 336
122 352
122 507
122 651
122 718
122 754
122 755
123 327
123 455
124 154
124 170
124 178
124 271
124 308
124 338
124 355
124 400
124 426
124 448
124 500
124 621
124 783
124 784
124 794
125 129
125 152
125 163
125 188
125 192
125 200
125 211
125 224
125 239
125 244
125 259
125 277
125 281
125 286
125 309
125 316
125 330
125 334
125 337
125 346
125 360
125 363
125 380
125 395
125 438
125 447
125 481
125 483
125 498
125 533
125 545
125 547
125 563
125 565
125 580
125 585
125 586
125 608
125 673
125 682
125 688
125 726
125 735
125 746
125 752
125 787
125 788
126 721
127 140
127 207
127 217
127 344
127 528
127 571
127 589
127 609
127 626
127 671
127 709
127 724
127 738
127 745
127 762
127 773
127 775
128 189
128 484
129 152
129 163
129 200
129 211
129 214
129 220
129 224
129 236
129 237
129 238
129 259
129 277
129 281
129 305
129 309
129 316
129 334
129 337
129 346
129 360
129 363
129 380
129 395
129 402
129 411
129 413
129 450
129 481
129 483
129 501
129 502
129 510
129 533
129 545
129 547
129 561
129 563
129 580
129 586
129 602
129 604
129 608
129 635
129 637
129 652
129 656
129 673
129 682
129 683
129 688
129 705
129 710
129 726
129 749
129 760
129 767
129 768
129 785
129 788
130 174
130 291
130 307
130 356
130 420
130 445
130 543
130 564
130 590
130 592
130 603
130 797
131 331
131 396
132 203
132 451
132 728
133 467
134 625
135 156
135 179
135 261
135 267
135 276
135 296
135 297
135 304
135 306
135 329
135 430
135 463
135 496
135 508
135 573
135 593
135 594
135 613
135 627
135 740
135 758
135 779
136 260
136 264
136 318
136 349
136 381
136 419
136 560
136 633
136 638
136 642
136 644
136 663
136 684
136 751
136 782
136 795
137 302
137 326
137 450
137 480
137 511
137 574
137 608
137 641
137 647
137 656
137 657
137 799
138 198
138 382
138 406
138 469
138 640
138 704
138 764
139 664
140 207
140 217
140 344
140 528
140 571
140 589
140 609
140 671
140 709
140 724
140 738
140 773
140 775
141 300
141 448
141 794
142 208
142 661
142 694
143 144
143 163
143 236
143 237
143 246
143 283
143 309
143 315
143 321
143 351
143 393
143 395
143 412
143 418
143 427
143 450
143 460
143 488
143 505
143 509
143 533
143 537
143 542
143 546
143 552
143 587
143 608
143 635
143 637
143 679
143 749
143 752
143 793
144 194
144 237
144 246
144 283
144 309
144 312
144 315
144 321
144 351
144 375
144 412
144 427
144 450
144 460
144 488
144 505
144 509
144 519
144 542
144 546
144 552
144 653
144 679
144 699
144 713
144 752
145 222
146 358
146 385
146 607
146 625
146 722
146 780
147 245
147 253
147 255
147 802
148 155
148 255
148 405
148 526
148 612
149 152
149 176
149 185
149 211
149 215
149 220
149 235
149 236
149 237
149 238
149 239
149 268
149 277
149 286
149 298
149 309
149 332
149 411
149 414
149 418
149 421
149 423
149 433
149 439
149 447
149 450
149 473
149 481
149 510
149 514
149 539
149 545
149 549
149 554
149 562
149 572
149 575
149 602
149 608
149 635
149 637
149 654
149 656
149 659
149 668
149 677
149 683
149 687
149 689
149 705
149 710
149 714
149 727
149 735
149 736
149 760
149 767
149 785
149 796
150 195
150 394
150 426
150 504
150 518
150 570
151 240
151 468
151 530
151 588
152 163
152 176
152 185
152 188
152 196
152 200
152 211
152 215
152 235
152 236
152 237
152 238
152 239
152 256
152 277
152 286
152 298
152 305
152 309
152 334
152 360
152 380
152 390
152 411
152 414
152 418
152 423
152 433
152 439
152 447
152 450
152 481
152 490
152 498
152 502
152 510
152 533
152 545
152 547
152 554
152 561
152 562
152 586
152 602
152 604
152 608
152 635
152 637
152 652
152 654
152 656
152 659
152 668
152 682
152 683
152 688
152 689
152 705
152 714
152 725
152 726
152 735
152 736
152 748
152 749
152 760
152 767
152 785
152 796
153 193
154 169
154 199
154 271
154 300
154 308
154 338
154 350
154 355
154 400
154 448
154 500
154 582
154 621
154 631
154 783
154 784
154 794
155 612
156 179
156 261
156 267
156 276
156 296
156 304
156 306
156 329
156 430
156 463
156 496
156 508
156 573
156 593
156 594
156 613
156 627
156 740
156 758
156 779
157 283
157 321
157 439
157 460
157 488
158 242
158 489
158 531
159 257
159 614
160 251
160 288
160 328
160 339
160 354
160 361
160 368
160 377
160 392
160 404
160 431
160 470
160 692
160 695
160 761
160 765
161 798
162 182
162 227
162 299
162 348
162 477
162 583
162 615
162 717
162 721
163 172
163 176
163 177
163 185
163 188
163 211
163 215
163 235
163 236
163 237
163 238
163 256
163 277
163 283
163 286
163 309
163 317
163 321
163 326
163 341
163 351
163 360
163 376
163 395
163 402
163 412
163 413
163 418
163 423
163 427
163 439
163 447
163 450
163 460
163 473
163 481
163 490
163 498
163 509
163 533
163 545
163 546
163 549
163 565
163 574
163 608
163 632
163 635
163 637
163 656
163 660
163 668
163 679
163 683
163 713
163 714
163 735
163 736
163 742
163 749
163 752
163 768
163 785
163 787
163 796
164 346
165 224
165 337
165 363
165 380
165 481
165 483
165 533
165 547
165 563
165 580
165 586
165 608
165 726
166 488
166 713
167 168
167 387
167 405
167 616
167 643
167 678
167 706
167 776
168 387
168 405
168 616
168 643
168 678
168 706
168 776
169 199
169 300
169 350
169 355
169 448
169 582
169 631
169 784
169 794
170 271
170 308
170 338
170 355
170 400
170 500
170 621
170 783
170 784
171 194
171 425
171 632
172 237
172 301
172 309
172 312
172 317
172 321
172 351
172 366
172 427
172 460
172 488
172 509
172 552
172 637
172 653
172 713
173 229
173 295
173 323
173 342
173 453
173 503
173 548
173 597
173 676
174 291
174 307
174 356
174 359
174 402
174 420
174 435
174 445
174 524
174 535
174 543
174 564
174 590
174 592
174 598
174 603
174 630
174 642
174 644
174 750
174 777
174 797
175 239
175 277
175 433
175 656
176 185
176 188
176 196
176 211
176 214
176 215
176 220
176 235
176 236
176 237
176 238
176 239
176 256
176 268
176 277
176 286
176 298
176 309
176 326
176 332
176 360
176 390
176 411
176 414
176 418
176 421
176 423
176 433
176 439
176 447
176 450
176 473
176 481
176 490
176 498
176 510
176 514
176 533
176 545
176 549
176 554
176 562
176 572
176 575
176 602
176 608
176 637
176 654
176 656
176 659
176 668
176 683
176 689
176 705
176 710
176 714
176 725
176 727
176 735
176 736
176 760
176 767
176 785
176 796
177 236
177 247
177 250
177 266
177 293
177 309
177 376
177 402
177 413
177 415
177 439
177 450
177 457
177 481
177 502
177 635
177 637
177 642
177 696
177 708
177 723
177 737
177 749
177 768
177 785
177 796
179 261
179 267
179 276
179 304
179 306
179 329
179 430
179 463
179 496
179 508
179 573
179 593
179 594
179 627
179 651
179 740
179 758
179 779
180 537
180 793
181 302
181 310
181 345
181 403
181 511
181 522
181 529
181 622
181 657
181 707
181 790
181 800
182 227
182 299
182 348
182 583
182 615
182 717
182 721
183 357
183 559
184 218
184 228
184 234
184 290
184 381
184 420
184 444
184 461
184 464
184 466
184 532
184 535
184 536
184 558
184 564
184 590
184 592
184 596
184 603
184 610
184 630
184 638
184 644
184 663
184 691
184 693
184 731
184 743
184 744
184 750
184 751
184 771
184 782
184 795
185 188
185 211
185 215
185 235
185 237
185 238
185 239
185 277
185 286
185 332
185 360
185 414
185 418
185 421
185 423
185 433
185 439
185 447
185 481
185 498
185 510
185 514
185 545
185 549
185 572
185 575
185 602
185 604
185 608
185 635
185 637
185 643
185 654
185 656
185 659
185 668
185 678
185 683
185 689
185 705
185 710
185 714
185 727
185 735
185 736
186 225
186 297
186 300
186 364
186 374
186 452
186 474
186 666
186 697
187 326
187 414
187 447
187 554
187 608
187 736
188 211
188 215
188 235
188 237
188 238
188 256
188 277
188 334
188 337
188 360
188 411
188 423
188 433
188 439
188 447
188 481
188 498
188 510
188 533
188 545
188 549
188 554
188 561
188 575
188 602
188 608
188 637
188 654
188 656
188 659
188 668
188 689
188 705
188 710
188 714
188 735
188 736
188 749
188 760
188 767
188 785
189 484
191 237
191 341
191 450
191 490
191 545
192 200
192 224
192 238
192 259
192 281
192 316
192 334
192 337
192 363
192 380
192 483
192 533
192 547
192 563
192 580
192 673
192 682
192 688
192 746
192 788
193 203
193 213
193 355
193 374
193 398
193 417
193 448
193 512
193 579
193 618
193 670
193 721
193 772
193 778
193 789
193 794
194 236
194 322
194 351
194 395
194 412
194 425
194 450
194 460
194 488
194 546
194 552
194 584
194 632
194 656
194 679
195 209
195 274
195 700
195 734
196 211
196 215
196 235
196 236
196 237
196 238
196 277
196 390
196 433
196 440
196 447
196 450
196 549
196 550
196 562
196 572
196 575
196 602
196 608
196 654
196 656
196 659
196 668
196 677
196 689
196 705
196 714
196 727
196 736
196 760
197 535
197 590
197 603
197 630
197 750
197 771
198 382
198 406
198 469
198 569
198 640
198 702
198 704
198 764
199 300
199 350
199 355
199 448
199 582
199 631
199 784
199 794
200 202
200 211
200 224
200 239
200 244
200 259
200 277
200 281
200 305
200 309
200 316
200 334
200 337
200 346
200 360
200 380
200 395
200 418
200 423
200 438
200 447
200 481
200 483
200 510
200 533
200 545
200 547
200 561
200 563
200 580
200 585
200 586
200 608
200 652
200 673
200 682
200 688
200 726
200 735
200 746
200 788
201 227
201 233
201 372
201 378
201 416
201 648
201 792
202 224
202 226
202 259
202 277
202 281
202 287
202 305
202 316
202 334
202 337
202 363
202 380
202 438
202 475
202 483
202 533
202 547
202 555
202 563
202 580
202 586
202 608
202 673
202 682
202 700
202 726
202 746
202 774
202 788
203 213
203 355
203 374
203 398
203 417
203 451
203 512
203 579
203 618
203 728
203 772
203 778
203 794
204 219
204 282
204 292
204 294
204 306
204 329
204 336
204 352
204 496
204 507
204 594
204 651
204 718
204 754
204 755
204 758
205 506
205 537
205 600
205 781
205 793
206 424
206 476
206 583
206 601
206 650
206 674
207 217
207 254
207 344
207 528
207 571
207 589
207 609
207 671
207 709
207 724
207 738
207 762
207 773
207 775
208 260
208 383
208 434
208 492
208 642
208 661
208 694
208 708
208 769
209 734
210 609
210 745
210 775
211 215
211 220
211 224
211 235
211 236
211 237
211 238
211 239
211 277
211 286
211 298
211 332
211 346
211 360
211 411
211 414
211 418
211 421
211 423
211 433
211 439
211 447
211 450
211 473
211 481
211 490
211 498
211 510
211 514
211 533
211 539
211 545
211 547
211 549
211 550
211 554
211 561
211 562
211 572
211 575
211 586
211 602
211 608
211 635
211 637
211 654
211 656
211 659
211 668
211 677
211 682
211 683
211 687
211 689
211 705
211 710
211 714
211 727
211 735
211 736
211 760
211 767
211 796
212 245
213 355
213 374
213 398
213 417
213 448
213 512
213 579
213 618
213 721
213 772
213 778
213 789
213 794
214 498
214 586
214 742
214 785
215 220
215 235
215 236
215 237
215 238
215 239
215 277
215 286
215 298
215 309
215 332
215 341
215 360
215 390
215 411
215 414
215 418
215 421
215 423
215 433
215 439
215 440
215 447
215 450
215 473
215 481
215 490
215 498
215 510
215 514
215 523
215 539
215 545
215 549
215 550
215 562
215 572
215 575
215 602
215 608
215 635
215 637
215 654
215 656
215 659
215 668
215 681
215 683
215 687
215 689
215 705
215 710
215 714
215 727
215 735
215 736
215 749
215 760
215 767
216 590
216 603
216 630
216 750
217 254
217 344
217 493
217 528
217 571
217 589
217 609
217 626
217 671
217 709
217 724
217 738
217 745
217 762
217 773
217 775
218 420
218 564
218 592
218 596
218 663
218 744
218 751
219 282
219 292
219 294
219 306
219 336
219 352
219 651
219 718
219 754
219 755
220 226
220 235
220 237
220 238
220 239
220 268
220 277
220 286
220 305
220 326
220 332
220 341
220 363
220 411
220 414
220 421
220 423
220 433
220 439
220 447
220 450
220 473
220 481
220 510
220 545
220 547
220 554
220 563
220 567
220 575
220 586
220 602
220 608
220 659
220 668
220 673
220 689
220 705
220 710
220 727
220 735
220 736
220 742
220 760
220 767
220 796
221 311
221 330
222 223
222 248
222 262
222 265
222 319
222 323
222 325
222 362
222 379
222 394
222 426
222 504
222 556
222 597
222 620
222 698
222 763
223 248
223 262
223 265
223 319
223 323
223 325
223 362
223 379
223 394
223 426
223 467
223 556
223 597
223 620
223 698
223 763
224 226
224 239
224 244
224 259
224 277
224 281
224 305
224 316
224 326
224 334
224 337
224 346
224 363
224 380
224 395
224 438
224 481
224 483
224 510
224 533
224 547
224 555
224 561
224 563
224 580
224 585
224 586
224 608
224 652
224 668
224 673
224 682
224 688
224 726
224 746
224 774
224 788
225 243
225 297
225 353
225 474
225 479
225 666
225 667
225 680
225 686
225 753
226 239
226 259
226 287
226 305
226 331
226 334
226 363
226 380
226 396
226 438
226 481
226 547
226 555
226 563
226 586
226 608
226 668
226 673
226 700
226 760
226 774
227 233
227 258
227 299
227 335
227 348
227 365
227 378
227 394
227 416
227 443
227 476
227 551
227 583
227 601
227 615
227 674
227 721
227 766
227 792
228 234
228 420
228 461
228 466
228 516
228 532
228 536
228 564
228 592
228 596
228 610
228 644
228 663
228 691
228 693
228 731
228 744
229 453
229 503
229 676
231 578
231 800
232 285
232 471
232 645
232 793
233 372
233 792
234 381
234 420
234 461
234 464
234 466
234 532
234 535
234 536
234 558
234 564
234 590
234 592
234 596
234 603
234 630
234 644
234 663
234 691
234 693
234 731
234 743
234 744
234 750
234 751
235 236
235 237
235 238
235 239
235 256
235 277
235 286
235 298
235 309
235 332
235 360
235 390
235 395
235 411
235 414
235 418
235 421
235 423
235 433
235 439
235 447
235 450
235 473
235 481
235 490
235 498
235 510
235 533
235 545
235 549
235 550
235 554
235 562
235 572
235 575
235 602
235 608
235 635
235 637
235 639
235 654
235 656
235 659
235 668
235 683
235 689
235 705
235 710
235 714
235 727
235 735
235 736
235 742
235 749
235 760
235 767
235 785
235 796
236 237
236 238
236 239
236 277
236 298
236 309
236 322
236 332
236 341
236 376
236 395
236 411
236 413
236 414
236 418
236 425
236 439
236 447
236 450
236 460
236 481
236 488
236 490
236 509
236 510
236 545
236 546
236 549
236 554
236 562
236 574
236 602
236 608
236 632
236 635
236 637
236 656
236 660
236 668
236 683
236 710
236 714
236 735
236 749
236 752
236 767
236 785
236 796
237 238
237 239
237 277
237 283
237 286
237 309
237 312
237 321
237 326
237 334
237 341
237 351
237 360
237 376
237 390
237 395
237 397
237 402
237 411
237 413
237 414
237 418
237 421
237 423
237 427
237 433
237 439
237 447
237 450
237 460
237 473
237 481
237 488
237 490
237 498
237 509
237 510
237 533
237 545
237 546
237 549
237 552
237 562
237 569
237 574
237 575
237 602
237 608
237 632
237 635
237 637
237 639
237 653
237 654
237 656
237 659
237 668
237 679
237 683
237 689
237 705
237 710
237 711
237 714
237 727
237 735
237 736
237 749
237 752
237 760
237 767
237 768
237 785
238 239
238 268
238 277
238 286
238 298
238 309
238 332
238 334
238 337
238 341
238 360
238 390
238 411
238 414
238 418
238 421
238 423
238 433
238 439
238 447
238 450
238 473
238 481
238 490
238 498
238 502
238 510
238 514
238 533
238 545
238 549
238 554
238 562
238 563
238 572
238 575
238 586
238 602
238 608
238 635
238 637
238 654
238 656
238 658
238 659
238 668
238 677
238 683
238 687
238 689
238 705
238 710
238 714
238 727
238 735
238 736
238 749
238 760
238 767
238 785
238 796
239 277
239 286
239 305
239 309
239 326
239 332
239 341
239 363
239 390
239 411
239 414
239 421
239 423
239 433
239 438
239 439
239 447
239 450
239 473
239 481
239 490
239 498
239 510
239 514
239 545
239 547
239 549
239 563
239 567
239 572
239 575
239 586
239 602
239 608
239 637
239 654
239 656
239 659
239 668
239 683
239 689
239 705
239 710
239 727
239 735
239 736
239 742
239 749
239 760
239 785
239 796
240 468
240 588
241 801
242 489
242 531
242 578
243 753
244 259
244 277
244 334
244 337
244 380
244 395
244 483
244 510
244 533
244 547
244 563
244 585
244 586
244 608
244 652
244 682
244 688
244 746
244 788
245 802
246 283
246 309
246 315
246 321
246 351
246 412
246 427
246 460
246 488
246 505
246 509
246 519
246 542
246 546
246 552
246 679
246 699
246 752
247 266
247 415
247 696
247 723
248 262
248 265
248 319
248 323
248 325
248 362
248 379
248 453
248 556
248 597
248 676
248 698
248 763
249 365
249 476
249 583
249 601
249 674
249 712
250 266
250 415
250 581
250 696
250 723
250 737
251 288
251 328
251 339
251 354
251 361
251 368
251 377
251 392
251 404
251 431
251 437
251 470
251 493
251 540
251 692
251 695
251 761
251 765
252 399
252 517
253 407
254 344
254 571
254 609
254 626
254 709
254 724
254 738
254 745
254 762
254 773
254 775
255 612
255 802
256 268
256 277
256 286
256 360
256 423
256 481
256 533
256 545
256 608
256 682
256 735
256 736
256 767
257 614
258 333
258 365
258 410
258 476
258 493
258 551
258 589
258 599
258 766
258 780
259 277
259 281
259 305
259 316
259 337
259 346
259 360
259 363
259 380
259 438
259 447
259 481
259 483
259 510
259 515
259 533
259 547
259 563
259 580
259 585
259 586
259 608
259 652
259 673
259 682
259 688
259 726
259 746
259 788
260 293
260 318
260 349
260 560
260 578
260 633
260 642
260 663
260 684
260 782
260 800
261 267
261 276
261 296
261 304
261 329
261 430
261 463
261 496
261 508
261 573
261 593
261 594
261 627
261 740
261 758
261 779
262 265
262 319
262 323
262 325
262 362
262 379
262 556
262 597
262 698
262 763
263 720
264 318
264 349
264 381
264 560
264 590
264 633
264 638
264 642
264 644
264 663
264 684
264 751
264 782
264 795
265 319
265 323
265 325
265 362
265 379
265 556
265 597
265 698
265 763
266 415
266 581
266 696
266 723
267 276
267 296
267 304
267 329
267 430
267 463
267 496
267 508
267 573
267 593
267 594
267 627
267 740
267 758
267 779
268 277
268 298
268 421
268 510
268 545
268 575
268 608
268 736
269 277
269 287
269 567
269 586
270 301
270 366
270 637
270 653
271 308
271 338
271 355
271 400
271 448
271 500
271 621
271 783
271 784
271 794
273 353
275 541
275 566
275 672
276 296
276 304
276 306
276 329
276 430
276 463
276 496
276 508
276 573
276 593
276 594
276 613
276 627
276 740
276 758
276 779
276 786
277 281
277 286
277 298
277 305
277 326
277 332
277 334
277 337
277 346
277 360
277 363
277 380
277 390
277 411
277 414
277 418
277 421
277 423
277 433
277 438
277 439
277 440
277 447
277 450
277 473
277 481
277 483
277 490
277 498
277 510
277 514
277 533
277 545
277 547
277 549
277 550
277 554
277 561
277 562
277 563
277 567
277 572
277 575
277 580
277 585
277 586
277 602
277 608
277 635
277 637
277 652
277 654
277 656
277 659
277 668
277 682
277 683
277 689
277 705
277 710
277 714
277 726
277 727
277 735
277 736
277 741
277 746
277 749
277 760
277 767
277 788
278 538
279 665
280 441
280 533
280 586
280 662
280 669
280 788
281 286
281 305
281 316
281 337
281 346
281 360
281 363
281 380
281 438
281 481
281 483
281 533
281 547
281 563
281 580
281 585
281 586
281 608
281 652
281 673
281 682
281 688
281 726
281 746
281 788
282 292
282 294
282 306
282 336
282 352
282 496
282 507
282 651
282 718
282 754
282 755
283 309
283 312
283 321
283 351
283 395
283 402
283 412
283 427
283 450
283 460
283 488
283 505
283 509
283 542
283 546
283 552
283 632
283 635
283 679
283 699
283 713
283 749
283 752
284 787
286 305
286 332
286 334
286 360
286 411
286 414
286 418
286 421
286 423
286 433
286 447
286 481
286 490
286 498
286 502
286 510
286 533
286 545
286 549
286 561
286 565
286 575
286 586
286 602
286 608
286 635
286 637
286 654
286 656
286 659
286 660
286 668
286 682
286 683
286 688
286 705
286 710
286 726
286 727
286 736
286 749
286 760
286 767
286 785
286 788
287 363
287 555
287 563
287 567
287 586
287 673
287 700
287 774
288 328
288 339
288 354
288 361
288 368
288 377
288 392
288 404
288 431
288 437
288 470
288 493
288 540
288 609
288 692
288 695
288 724
288 761
288 765
289 332
289 386
289 668
290 444
290 461
290 532
290 596
290 691
290 693
290 743
291 307
291 356
291 359
291 402
291 420
291 435
291 445
291 524
291 543
291 564
291 590
291 592
291 598
291 603
291 630
291 797
292 294
292 306
292 336
292 352
292 507
292 557
292 651
292 718
292 754
292 755
293 642
293 708
294 306
294 336
294 352
294 507
294 651
294 718
294 754
294 755
295 323
295 342
295 453
295 503
295 548
295 597
295 676
296 304
296 329
296 430
296 463
296 496
296 508
296 573
296 593
296 594
296 613
296 627
296 758
296 779
297 364
297 374
297 414
297 452
297 474
297 690
297 774
298 414
298 421
298 433
298 490
298 545
298 602
298 637
298 656
298 659
298 796
299 348
299 477
299 583
299 615
299 717
299 721
300 350
300 355
300 374
300 406
300 448
300 582
300 631
300 784
300 794
301 309
301 439
301 533
301 653
302 310
302 345
302 403
302 511
302 522
302 529
302 622
302 657
302 707
302 790
302 800
303 457
303 614
303 672
304 329
304 430
304 463
304 496
304 508
304 573
304 593
304 594
304 611
304 613
304 627
304 740
304 758
304 779
304 786
305 316
305 334
305 337
305 363
305 380
305 423
305 438
305 481
305 483
305 533
305 547
305 555
305 563
305 580
305 585
305 586
305 608
305 673
305 682
305 688
305 700
305 726
305 746
305 760
305 774
305 788
306 329
306 336
306 352
306 430
306 463
306 496
306 507
306 508
306 573
306 593
306 594
306 627
306 651
306 718
306 754
306 755
306 758
307 356
307 359
307 402
307 420
307 435
307 445
307 524
307 543
307 564
307 590
307 592
307 596
307 598
307 603
307 630
307 644
307 750
307 777
307 797
308 338
308 355
308 400
308 500
308 621
308 783
308 784
308 794
309 312
309 315
309 317
309 321
309 337
309 351
309 360
309 395
309 402
309 412
309 413
309 414
309 423
309 427
309 439
309 450
309 460
309 481
309 483
309 488
309 505
309 509
309 519
309 533
309 542
309 545
309 546
309 552
309 565
309 608
309 632
309 635
309 637
309 653
309 679
309 682
309 683
309 688
309 699
309 711
309 713
309 749
309 752
309 785
309 787
310 345
310 403
310 511
310 522
310 529
310 622
310 657
310 707
310 790
312 315
312 351
312 412
312 427
312 460
312 488
312 509
312 519
312 546
312 552
312 653
312 679
312 752
313 648
314 578
314 800
315 321
315 351
315 412
315 427
315 460
315 488
315 509
315 519
315 542
315 546
315 552
315 653
315 679
315 699
315 752
316 337
316 360
316 380
316 423
316 438
316 481
316 483
316 533
316 547
316 561
316 563
316 580
316 585
316 586
316 608
316 652
316 673
316 682
316 688
316 726
316 746
316 788
317 395
317 450
317 533
317 635
317 637
317 713
317 748
317 785
317 787
318 349
318 560
318 590
318 633
318 638
318 642
318 644
318 663
318 684
318 751
318 782
318 795
319 323
319 325
319 362
319 379
319 556
319 597
319 698
319 763
320 756
321 351
321 375
321 395
321 412
321 427
321 450
321 460
321 488
321 505
321 509
321 519
321 542
321 546
321 552
321 632
321 637
321 653
321 679
321 699
321 713
321 752
322 395
322 412
322 425
322 427
322 450
322 460
322 488
322 509
322 546
322 552
322 679
323 325
323 342
323 362
323 379
323 453
323 503
323 548
323 556
323 597
323 620
323 676
323 698
323 721
323 763
324 346
324 562
324 683
325 362
325 379
325 394
325 426
325 504
325 556
325 597
325 620
325 698
325 763
326 341
326 360
326 418
326 423
326 481
326 533
326 563
326 586
326 608
326 668
326 710
326 736
326 742
327 373
327 399
327 576
328 339
328 354
328 361
328 368
328 377
328 392
328 404
328 422
328 431
328 437
328 470
328 493
328 540
328 692
328 695
328 761
328 765
329 430
329 463
329 496
329 508
329 538
329 573
329 593
329 594
329 613
329 627
329 651
329 740
329 758
329 779
329 786
330 337
330 533
330 585
331 396
332 390
332 414
332 423
332 433
332 440
332 447
332 549
332 572
332 575
332 608
332 654
332 656
332 659
332 668
332 689
332 735
332 736
333 365
333 410
333 476
333 493
333 551
333 589
333 599
333 766
333 780
334 337
334 360
334 363
334 380
334 438
334 447
334 481
334 483
334 533
334 547
334 563
334 586
334 604
334 608
334 652
334 668
334 673
334 682
334 688
334 726
334 735
335 388
335 482
335 497
335 525
335 792
336 352
336 507
336 651
336 718
336 754
336 755
337 346
337 360
337 363
337 380
337 438
337 447
337 481
337 483
337 498
337 515
337 533
337 547
337 561
337 563
337 580
337 585
337 586
337 604
337 608
337 652
337 673
337 682
337 688
337 726
337 746
337 788
338 355
338 400
338 448
338 500
338 621
338 783
338 784
338 794
339 354
339 361
339 368
339 377
339 392
339 404
339 431
339 437
339 470
339 493
339 540
339 692
339 695
339 761
339 765
341 418
341 425
341 450
341 457
341 488
341 490
341 574
341 637
341 685
341 736
341 749
341 760
342 453
342 503
342 548
342 597
342 676
343 446
343 486
343 499
344 528
344 571
344 589
344 609
344 626
344 671
344 709
344 724
344 738
344 745
344 762
344 773
344 775
345 403
345 511
345 522
345 529
345 622
345 657
345 707
345 790
345 800
346 360
346 380
346 533
346 563
346 580
346 586
346 608
346 682
346 726
346 746
348 477
348 583
348 615
348 721
349 560
349 592
349 633
349 638
349 642
349 644
349 663
349 684
349 751
349 782
349 795
350 355
350 448
350 582
350 631
350 784
350 794
351 375
351 395
351 412
351 427
351 450
351 460
351 488
351 505
351 509
351 519
351 542
351 546
351 552
351 632
351 635
351 653
351 679
351 699
351 713
351 752
352 507
352 651
352 718
352 754
352 755
353 369
353 371
353 487
353 549
353 578
353 619
353 656
353 800
354 361
354 368
354 377
354 392
354 404
354 431
354 437
354 470
354 493
354 540
354 692
354 695
354 761
354 765
355 374
355 398
355 400
355 417
355 448
355 500
355 512
355 579
355 582
355 618
355 621
355 631
355 721
355 772
355 778
355 783
355 784
355 789
355 794
356 359
356 402
356 420
356 435
356 445
356 524
356 535
356 543
356 564
356 590
356 592
356 598
356 603
356 630
356 642
356 644
356 750
356 777
356 797
357 501
357 559
357 655
357 729
358 385
358 472
358 607
358 624
358 625
358 722
358 780
359 524
359 797
360 380
360 414
360 418
360 421
360 423
360 433
360 439
360 447
360 450
360 473
360 481
360 483
360 490
360 498
360 502
360 510
360 533
360 545
360 549
360 561
360 563
360 565
360 585
360 586
360 602
360 608
360 635
360 637
360 660
360 668
360 673
360 683
360 705
360 714
360 726
360 727
360 735
360 736
360 749
360 760
360 785
361 368
361 377
361 392
361 431
361 437
361 470
361 493
361 540
361 692
361 695
361 761
361 765
362 379
362 556
362 597
362 698
362 763
363 380
363 438
363 481
363 483
363 533
363 547
363 555
363 563
363 580
363 586
363 602
363 608
363 673
363 682
363 700
363 726
363 746
363 788
364 614
365 410
365 424
365 476
365 551
365 583
365 599
365 601
365 674
365 712
365 766
365 780
366 637
366 653
367 501
367 756
367 770
368 377
368 392
368 404
368 422
368 431
368 437
368 470
368 493
368 540
368 609
368 692
368 695
368 724
368 761
368 765
370 623
371 386
371 452
371 487
371 690
373 407
373 455
374 398
374 417
374 448
374 512
374 579
374 618
374 670
374 690
374 721
374 772
374 774
374 778
374 789
374 794
375 412
375 427
375 460
375 488
375 505
375 509
375 519
375 542
375 546
375 552
375 679
375 699
375 752
375 759
376 450
376 490
376 569
376 637
376 683
376 702
376 749
376 785
376 796
377 392
377 404
377 431
377 437
377 470
377 493
377 540
377 692
377 695
377 761
377 765
378 416
379 394
379 556
379 597
379 620
379 698
379 763
380 438
380 481
380 483
380 515
380 533
380 547
380 555
380 563
380 580
380 585
380 586
380 608
380 652
380 673
380 682
380 688
380 726
380 746
380 788
381 420
381 564
381 590
381 592
381 596
381 603
381 644
381 663
381 751
381 795
382 406
382 469
382 640
382 704
382 764
383 492
383 708
383 769
384 465
384 649
384 701
384 732
384 739
385 472
385 607
385 624
385 625
385 722
386 452
386 487
386 756
387 405
387 616
387 643
387 678
387 706
387 776
388 482
388 792
390 411
390 423
390 433
390 440
390 447
390 449
390 450
390 514
390 549
390 550
390 562
390 572
390 575
390 602
390 608
390 654
390 656
390 659
390 668
390 689
390 705
390 727
390 735
390 736
390 760
390 767
391 583
392 404
392 431
392 437
392 470
392 493
392 540
392 692
392 695
392 761
392 765
394 467
394 504
394 513
394 518
394 556
394 583
394 620
394 621
394 698
394 763
395 439
395 450
395 460
395 481
395 488
395 505
395 509
395 510
395 533
395 542
395 552
395 561
395 585
395 608
395 632
395 635
395 637
395 668
395 679
395 688
395 735
395 749
395 752
395 760
395 787
396 481
396 608
397 429
397 565
397 569
397 702
397 703
398 417
398 512
398 579
398 618
398 772
398 778
398 794
399 455
400 448
400 500
400 621
400 783
400 784
400 794
401 457
402 413
402 420
402 432
402 435
402 450
402 492
402 524
402 543
402 564
402 592
402 598
402 608
402 635
402 683
402 711
402 752
403 511
403 522
403 529
403 622
403 657
403 707
403 790
403 800
404 431
404 437
404 470
404 540
404 692
404 695
404 761
404 765
405 526
405 616
405 643
405 678
405 706
405 747
406 469
406 640
406 704
406 764
408 427
408 509
408 546
408 653
409 413
409 450
409 656
409 683
410 476
410 551
410 599
410 766
410 780
411 414
411 418
411 423
411 433
411 447
411 450
411 481
411 490
411 498
411 510
411 545
411 549
411 554
411 562
411 572
411 575
411 608
411 656
411 659
411 668
411 683
411 687
411 689
411 705
411 710
411 727
411 735
411 736
411 760
411 767
412 427
412 450
412 460
412 488
412 505
412 509
412 519
412 542
412 546
412 552
412 679
412 699
412 752
413 457
413 533
413 635
413 642
413 660
413 683
413 708
413 768
413 787
414 418
414 421
414 423
414 433
414 439
414 447
414 450
414 473
414 481
414 498
414 510
414 545
414 549
414 554
414 562
414 572
414 575
414 608
414 635
414 637
414 654
414 656
414 659
414 668
414 683
414 687
414 689
414 705
414 710
414 714
414 727
414 735
414 736
414 760
414 767
414 785
415 581
415 696
415 723
415 737
416 568
417 448
417 512
417 579
417 618
417 721
417 772
417 778
417 789
417 794
418 423
418 433
418 439
418 447
418 450
418 473
418 481
418 490
418 498
418 510
418 533
418 545
418 549
418 561
418 562
418 575
418 608
418 635
418 637
418 654
418 656
418 659
418 668
418 683
418 689
418 705
418 710
418 714
418 727
418 735
418 736
418 749
418 760
418 767
418 768
418 785
419 560
419 663
419 751
419 782
420 435
420 444
420 445
420 461
420 464
420 466
420 524
420 532
420 535
420 536
420 543
420 564
420 590
420 592
420 596
420 598
420 603
420 610
420 630
420 638
420 642
420 644
420 663
420 684
420 691
420 693
420 731
420 743
420 744
420 750
420 751
420 771
420 782
420 795
420 797
421 423
421 433
421 439
421 447
421 450
421 481
421 527
421 545
421 575
421 608
421 656
421 659
421 668
421 705
421 714
421 727
421 736
421 767
421 796
423 433
423 438
423 439
423 447
423 450
423 481
423 498
423 510
423 514
423 527
423 533
423 545
423 549
423 550
423 554
423 561
423 562
423 565
423 572
423 575
423 586
423 602
423 608
423 635
423 652
423 654
423 656
423 659
423 668
423 683
423 687
423 689
423 705
423 710
423 714
423 727
423 735
423 736
423 742
423 760
423 767
423 785
424 476
424 583
424 601
424 650
424 674
425 450
425 584
425 632
425 685
426 467
427 450
427 460
427 488
427 505
427 509
427 519
427 542
427 546
427 552
427 632
427 653
427 679
427 699
427 713
427 752
428 429
428 454
428 565
428 569
428 702
428 703
428 730
428 749
428 796
429 454
429 565
429 569
429 640
429 702
429 703
429 730
429 796
430 463
430 496
430 508
430 573
430 593
430 594
430 613
430 627
430 740
430 758
430 779
430 786
431 437
431 470
431 493
431 540
431 692
431 695
431 761
431 765
433 439
433 440
433 447
433 450
433 473
433 481
433 490
433 498
433 510
433 514
433 539
433 545
433 549
433 550
433 554
433 562
433 572
433 575
433 602
433 608
433 635
433 637
433 654
433 656
433 659
433 668
433 677
433 683
433 687
433 689
433 705
433 710
433 714
433 727
433 735
433 736
433 760
433 767
433 796
434 661
434 720
434 769
435 524
435 543
435 564
435 590
435 592
435 596
435 598
435 630
435 642
435 731
436 571
436 609
436 626
436 738
436 745
436 775
437 470
437 493
437 540
437 692
437 695
437 761
437 765
438 447
438 483
438 515
438 533
438 547
438 555
438 563
438 580
438 586
438 608
438 668
438 673
438 682
438 700
438 726
438 746
438 760
438 788
439 447
439 450
439 481
439 490
439 494
439 502
439 510
439 527
439 533
439 545
439 549
439 561
439 575
439 608
439 635
439 637
439 654
439 656
439 659
439 668
439 683
439 705
439 710
439 713
439 714
439 727
439 735
439 736
439 749
439 752
439 767
439 785
439 787
440 549
440 575
440 654
440 668
441 669
443 591
443 665
444 461
444 466
444 663
444 691
444 693
444 744
444 751
445 524
445 543
445 564
445 797
446 486
446 499
446 504
446 518
447 450
447 473
447 481
447 490
447 498
447 510
447 514
447 523
447 533
447 545
447 549
447 550
447 562
447 563
447 572
447 575
447 586
447 602
447 608
447 635
447 637
447 654
447 656
447 659
447 668
447 683
447 689
447 705
447 710
447 714
447 727
447 735
447 736
447 741
447 760
447 767
447 785
448 512
448 579
448 582
448 618
448 621
448 631
448 772
448 778
448 783
448 784
448 789
448 794
450 460
450 481
450 488
450 490
450 498
450 502
450 509
450 510
450 519
450 545
450 546
450 549
450 550
450 552
450 562
450 569
450 572
450 574
450 575
450 602
450 608
450 632
450 635
450 637
450 653
450 656
450 659
450 668
450 679
450 683
450 689
450 705
450 710
450 711
450 714
450 727
450 736
450 749
450 752
450 760
450 767
450 768
450 785
451 629
451 728
453 503
453 548
453 597
453 676
453 721
454 565
454 569
454 635
454 702
454 703
454 730
454 785
454 796
457 492
457 642
457 660
457 683
457 708
457 749
457 768
458 729
460 488
460 490
460 505
460 509
460 519
460 542
460 546
460 552
460 632
460 635
460 656
460 679
460 683
460 699
460 711
460 713
460 749
460 752
461 464
461 466
461 516
461 532
461 536
461 564
461 592
461 596
461 610
461 644
461 663
461 691
461 693
461 731
461 743
461 744
461 751
462 480
462 574
462 656
463 496
463 508
463 573
463 593
463 594
463 611
463 613
463 627
463 740
463 758
463 779
463 786
464 558
464 564
464 592
464 596
464 731
464 743
464 744
465 649
465 701
465 732
465 739
466 532
466 536
466 592
466 596
466 691
466 693
467 513
467 556
467 620
468 530
468 588
469 640
469 704
469 764
470 540
470 692
470 695
470 761
470 765
471 747
472 607
472 624
472 625
472 722
473 608
473 681
473 683
473 689
473 705
473 710
473 736
473 749
473 785
474 666
474 697
475 555
475 586
475 673
475 774
476 551
476 583
476 589
476 599
476 601
476 650
476 674
476 712
476 766
476 780
477 583
477 615
479 559
479 801
480 623
480 729
481 483
481 490
481 498
481 502
481 510
481 533
481 545
481 547
481 549
481 561
481 563
481 565
481 575
481 585
481 586
481 602
481 608
481 635
481 637
481 652
481 656
481 659
481 668
481 673
481 682
481 683
481 688
481 689
481 705
481 710
481 714
481 726
481 727
481 735
481 736
481 749
481 760
481 767
481 768
481 785
482 792
483 515
483 533
483 547
483 563
483 580
483 585
483 586
483 608
483 652
483 673
483 682
483 688
483 726
483 746
483 774
483 788
485 716
485 776
486 499
486 504
486 518
488 505
488 509
488 519
488 542
488 546
488 552
488 585
488 632
488 635
488 637
488 653
488 679
488 699
488 713
488 749
488 752
489 531
490 545
490 608
490 635
490 637
490 639
490 654
490 656
490 659
490 668
490 683
490 714
490 727
490 735
490 749
490 785
490 796
491 712
492 642
492 708
492 768
493 609
493 692
493 761
493 765
494 654
496 508
496 573
496 593
496 594
496 613
496 627
496 651
496 740
496 758
496 779
497 525
497 792
498 510
498 533
498 549
498 554
498 575
498 608
498 654
498 656
498 659
498 668
498 705
498 710
498 727
498 735
498 736
498 760
499 504
499 518
499 570
500 621
500 783
500 784
500 794
501 559
501 614
501 623
501 655
501 672
501 729
501 737
502 527
502 533
502 660
503 548
503 597
503 676
504 518
504 570
504 583
504 620
505 509
505 519
505 542
505 546
505 552
505 679
505 752
505 759
506 537
506 600
506 781
506 793
507 651
507 718
507 754
507 755
508 573
508 593
508 594
508 611
508 613
508 627
508 740
508 758
508 779
508 786
509 519
509 542
509 546
509 552
509 632
509 635
509 653
509 679
509 699
509 711
509 713
509 752
510 533
510 545
510 547
510 549
510 554
510 563
510 572
510 575
510 586
510 602
510 608
510 635
510 637
510 656
510 659
510 660
510 668
510 683
510 705
510 710
510 727
510 735
510 736
510 760
510 767
510 796
511 522
511 529
511 622
511 657
511 707
511 790
511 800
512 579
512 618
512 721
512 772
512 778
512 789
512 794
514 549
514 550
514 562
514 572
514 575
514 602
514 608
514 654
514 656
514 659
514 668
514 677
514 689
514 705
514 710
514 727
514 735
514 736
514 760
515 533
515 547
515 563
515 586
515 652
515 788
516 532
516 536
518 556
519 542
519 546
519 552
519 635
519 653
519 679
519 699
519 713
519 752
520 681
522 529
522 622
522 657
522 707
522 790
522 800
523 575
523 654
523 659
523 689
523 736
524 543
524 564
524 590
524 592
524 598
524 603
524 630
524 777
524 797
525 792
526 791
527 660
527 716
528 571
528 589
528 609
528 671
528 709
528 724
528 738
528 773
528 775
529 622
529 657
529 707
529 790
529 800
530 588
532 536
532 564
532 592
532 596
532 610
532 644
532 663
532 691
532 693
532 731
532 744
533 545
533 547
533 561
533 563
533 580
533 585
533 586
533 602
533 604
533 608
533 635
533 637
533 652
533 673
533 682
533 688
533 705
533 713
533 726
533 735
533 746
533 749
533 752
533 785
533 787
533 788
534 660
535 564
535 590
535 592
535 596
535 603
535 630
535 644
535 731
535 743
535 744
535 750
535 751
535 771
536 564
536 592
536 596
536 610
536 644
536 663
536 691
536 693
536 731
536 744
537 600
537 606
537 781
537 793
539 550
539 572
539 575
539 656
539 659
539 668
539 736
540 692
540 695
540 761
540 765
541 566
542 546
542 552
542 679
542 699
542 752
543 564
543 590
543 592
543 598
543 603
543 630
543 642
543 777
543 797
544 634
544 686
544 697
545 549
545 554
545 561
545 562
545 572
545 575
545 602
545 608
545 637
545 654
545 656
545 659
545 668
545 682
545 683
545 688
545 689
545 705
545 710
545 727
545 735
545 736
545 749
545 752
545 760
545 767
545 796
546 552
546 632
546 635
546 653
546 679
546 699
546 752
547 555
547 561
547 563
547 580
547 585
547 586
547 608
547 652
547 673
547 682
547 688
547 700
547 726
547 746
547 760
547 774
547 788
548 597
548 676
548 721
549 554
549 562
549 572
549 575
549 608
549 635
549 637
549 654
549 656
549 668
549 677
549 683
549 689
549 705
549 710
549 714
549 727
549 735
549 736
549 741
549 749
549 767
549 785
550 562
550 572
550 575
550 654
550 659
550 668
550 689
550 705
550 727
550 736
550 760
550 767
551 599
551 766
551 780
552 635
552 653
552 679
552 699
552 711
552 752
552 759
553 678
553 706
554 602
554 635
554 637
554 656
554 659
554 668
554 683
554 705
554 710
554 714
554 727
554 736
554 760
554 767
555 563
555 586
555 608
555 673
555 700
555 774
556 597
556 620
556 698
556 763
556 783
558 596
558 731
558 743
558 744
559 729
560 590
560 592
560 633
560 638
560 642
560 644
560 663
560 684
560 751
560 782
560 795
561 585
561 608
561 682
561 688
561 705
561 726
562 572
562 575
562 602
562 608
562 635
562 637
562 654
562 656
562 659
562 668
562 683
562 689
562 705
562 714
562 735
562 736
562 760
562 767
563 567
563 580
563 585
563 586
563 608
563 652
563 673
563 682
563 688
563 700
563 726
563 741
563 746
563 760
563 774
563 788
564 590
564 592
564 596
564 598
564 603
564 630
564 638
564 642
564 644
564 663
564 691
564 693
564 731
564 743
564 744
564 750
564 751
564 777
564 782
564 795
564 797
565 569
565 608
565 656
565 683
565 702
565 703
565 710
565 735
565 736
565 749
566 672
567 586
567 608
567 668
568 648
568 715
569 635
569 640
569 702
569 703
569 704
569 730
569 749
569 785
571 589
571 609
571 626
571 671
571 709
571 724
571 738
571 745
571 762
571 773
571 775
572 575
572 602
572 608
572 654
572 656
572 659
572 668
572 683
572 689
572 705
572 710
572 727
572 735
572 736
572 741
572 760
572 767
573 593
573 594
573 611
573 613
573 627
573 740
573 758
573 779
573 786
574 635
574 656
574 683
575 602
575 608
575 635
575 654
575 656
575 659
575 668
575 689
575 705
575 714
575 727
575 735
575 736
575 741
575 760
578 617
578 619
578 800
579 618
579 721
579 772
579 778
579 789
579 794
580 586
580 608
580 652
580 673
580 682
580 688
580 726
580 746
580 788
581 696
581 723
581 737
582 631
582 784
582 794
583 601
583 615
583 650
583 674
583 712
583 717
583 721
584 632
585 586
585 608
585 682
585 688
585 746
585 788
586 602
586 608
586 652
586 668
586 673
586 682
586 688
586 700
586 726
586 746
586 774
586 788
589 609
589 709
589 724
589 766
589 773
589 775
589 780
590 592
590 596
590 598
590 603
590 630
590 638
590 642
590 644
590 663
590 684
590 731
590 743
590 744
590 750
590 751
590 771
590 782
590 797
591 665
592 596
592 598
592 603
592 630
592 638
592 642
592 644
592 663
592 684
592 691
592 693
592 731
592 743
592 744
592 750
592 751
592 771
592 777
592 782
592 795
592 797
593 594
593 613
593 627
593 740
593 758
593 779
594 613
594 627
594 740
594 758
594 779
594 786
595 628
595 719
595 739
596 603
596 610
596 630
596 638
596 644
596 663
596 691
596 693
596 731
596 743
596 744
596 750
596 751
596 771
596 782
596 795
597 676
597 698
597 763
598 603
598 630
598 663
598 797
599 766
599 780
600 781
600 793
601 650
601 674
601 712
602 608
602 635
602 654
602 656
602 659
602 668
602 673
602 683
602 689
602 705
602 710
602 727
602 735
602 736
602 741
602 749
602 760
603 630
603 638
603 644
603 663
603 731
603 743
603 750
603 771
603 797
604 726
605 636
606 793
607 624
607 625
607 722
607 780
608 635
608 637
608 652
608 654
608 656
608 659
608 660
608 668
608 673
608 677
608 682
608 683
608 688
608 689
608 700
608 705
608 710
608 714
608 726
608 727
608 735
608 736
608 741
608 742
608 746
608 749
608 760
608 767
608 785
608 787
608 788
609 626
609 671
609 692
609 709
609 724
609 738
609 745
609 762
609 773
609 775
610 691
610 693
610 731
610 744
611 646
613 627
613 758
613 779
615 717
615 721
616 643
616 678
616 706
617 619
617 800
618 721
618 772
618 778
618 789
618 794
619 800
620 763
621 783
621 784
621 794
622 657
622 707
622 790
622 800
623 729
624 625
624 722
625 722
625 780
626 738
626 745
626 762
626 775
627 740
627 758
627 779
628 719
630 638
630 642
630 644
630 663
630 731
630 743
630 744
630 750
630 751
630 771
631 784
631 794
632 635
632 637
632 653
632 679
633 638
633 642
633 644
633 663
633 684
633 751
633 782
634 686
634 697
634 757
635 637
635 653
635 654
635 656
635 668
635 679
635 683
635 702
635 705
635 710
635 713
635 714
635 727
635 735
635 736
635 749
635 752
635 768
635 785
636 733
636 787
637 640
637 656
637 659
637 683
637 689
637 705
637 710
637 713
637 714
637 727
637 735
637 736
637 749
637 785
637 796
638 642
638 644
638 663
638 684
638 731
638 750
638 751
638 782
638 795
639 683
639 749
639 796
640 702
640 704
640 764
641 799
642 644
642 663
642 683
642 684
642 708
642 750
642 751
642 768
642 769
642 771
642 782
642 800
643 678
643 706
643 776
644 663
644 684
644 691
644 693
644 731
644 743
644 744
644 750
644 751
644 771
644 782
644 795
647 799
648 715
649 701
649 732
649 739
650 674
651 718
651 754
651 755
652 668
652 682
652 688
652 726
652 746
652 788
653 679
653 713
653 785
654 656
654 659
654 668
654 677
654 689
654 705
654 710
654 714
654 727
654 735
654 736
654 760
654 767
654 785
656 659
656 668
656 677
656 679
656 683
656 689
656 705
656 710
656 714
656 727
656 735
656 736
656 749
656 752
656 760
656 767
656 768
656 785
656 796
657 707
657 790
657 800
659 668
659 681
659 683
659 687
659 689
659 705
659 714
659 727
659 735
659 736
659 760
659 767
660 749
660 785
661 694
661 769
662 669
663 684
663 691
663 693
663 731
663 743
663 744
663 750
663 751
663 771
663 782
663 795
666 686
666 690
666 697
666 774
668 677
668 683
668 689
668 705
668 710
668 714
668 727
668 735
668 736
668 741
668 749
668 760
668 767
671 709
671 724
671 738
671 773
673 682
673 700
673 726
673 741
673 746
673 788
674 712
677 689
677 710
677 727
677 736
678 705
678 706
678 776
679 699
679 752
679 759
682 688
682 726
682 746
682 767
682 788
683 705
683 708
683 710
683 727
683 735
683 736
683 749
683 752
683 760
683 768
683 785
683 787
683 796
684 751
684 782
684 795
686 697
687 760
688 726
688 746
688 767
688 788
689 705
689 714
689 727
689 735
689 736
689 760
689 767
690 774
691 693
691 731
691 743
691 744
692 695
692 761
692 765
693 731
693 743
693 744
695 761
695 765
696 723
698 763
699 711
699 752
700 774
701 732
701 739
702 703
702 730
702 749
702 796
703 730
703 749
704 764
705 710
705 714
705 727
705 735
705 736
705 749
705 752
705 760
705 767
705 776
707 790
707 800
708 768
708 769
708 787
709 724
709 738
709 745
709 762
709 773
709 775
710 727
710 735
710 736
710 760
711 752
713 752
713 787
714 727
714 735
714 736
714 749
714 760
714 767
714 785
714 796
716 776
717 721
718 754
718 755
721 772
721 778
721 794
722 780
723 737
724 738
724 773
724 775
726 746
726 788
727 735
727 736
727 760
731 743
731 744
731 750
731 751
732 739
733 748
733 787
735 736
735 749
735 760
735 767
735 785
736 760
736 767
736 785
736 796
738 745
738 762
738 773
738 775
740 758
740 779
742 749
743 744
743 750
743 751
744 750
744 751
745 762
745 775
746 788
748 749
748 787
749 768
749 785
749 796
750 751
750 771
751 782
751 795
752 787
754 755
758 779
760 767
761 765
762 775
766 780
767 796
772 778
772 789
772 794
773 775
778 789
778 794
781 793
782 795
783 784
783 794
784 794
785 796
789 794
790 800
