492
345
1046
735
1096
840
637
305
826
1079
929
976
238
782
934
459
490
620
861
708
1054
686
338
966
374
662
224
1047
615
382
996
1063
280
184
667
1012
767
274
541
431
109
962
1107
762
591
616
524
644
669
476
549
31
672
626
670
218
1024
406
323
219
1122
13
302
1049
332
379
608
632
138
263
328
725
972
909
151
273
609
375
675
875
94
169
1060
248
816
421
447
73
68
581
852
948
1131
731
697
546
1088
607
403
92
589
559
967
157
899
290
1
503
990
325
474
624
730
805
643
645
30
953
989
873
501
316
1010
118
398
104
1119
250
1108
99
420
812
56
995
190
123
1059
707
547
309
729
822
678
700
1077
770
794
428
942
270
1057
1081
791
319
416
696
1080
908
180
1120
813
722
551
208
388
1009
647
472
526
1016
119
723
652
210
1105
216
997
651
480
941
170
958
574
370
493
881
20
1064
714
1118
149
1021
525
279
1084
612
660
838
167
741
864
785
1116
994
112
1071
26
158
188
1128
927
808
100
306
538
289
961
938
139
694
294
505
368
124
1051
1013
885
1083
963
297
871
81
241
1004
354
80
936
531
192
610
920
611
917
329
575
922
349
742
79
1075
688
72
364
367
769
950
951
41
679
519
442
171
376
121
876
959
658
606
814
772
300
1017
394
254
343
631
945
862
214
1058
803
701
176
291
412
681
165
373
896
755
441
1129
84
766
408
418
830
439
594
58
282
901
232
981
231
389
836
1090
197
727
477
975
464
213
542
738
659
163
2
781
614
1110
358
712
199
557
507
185
247
355
42
330
344
818
39
202
1074
802
314
655
1114
800
1095
295
61
504
264
162
457
553
925
98
1125
1085
544
870
448
246
905
178
902
260
1067
12
910
182
535
756
747
479
125
456
76
283
819
362
97
405
193
673
174
120
317
978
491
649
698
16
277
383
422
919
1100
973
757
628
1023
419
947
946
251
699
451
866
265
346
331
436
45
287
402
194
636
322
155
820
1113
14
583
105
883
87
205
148
1014
341
986
928
1029
200
453
353
684
449
426
792
627
576
234
415
596
111
499
859
1018
19
435
116
348
944
211
4
1022
1078
623
285
1087
891
604
9
143
28
977
177
834
466
60
882
924
40
95
483
898
843
828
529
10
906
561
278
512
46
837
222
385
458
844
102
1124
555
181
703
508
337
33
55
788
502
299
1015
53
146
488
992
1027
313
558
90
895
522
189
564
101
144
8
940
272
617
728
912
664
954
129
710
296
196
47
890
1066
888
1042
153
1002
832
593
429
423
810
401
683
461
872
1123
797
86
720
242
1052
381
619
918
759
515
293
498
454
691
585
3
414
292
796
37
562
85
434
867
460
303
257
603
879
983
745
937
1028
943
957
150
473
935
318
536
410
1098
787
650
342
336
970
1048
1036
386
709
695
570
887
54
842
0
809
5
907
806
690
1033
734
320
821
495
437
533
226
744
510
48
32
471
261
132
71
926
680
845
520
740
653
841
682
1101
666
528
1031
638
517
1086
1117
195
275
671
1127
516
903
467
804
481
142
215
237
1003
366
387
166
276
622
372
172
1050
1102
724
397
187
801
311
743
641
587
648
807
233
1032
969
204
1035
913
704
22
127
991
