806
947
464
215
776
907
774
271
391
679
254
61
645
250
77
201
397
233
506
473
876
259
409
565
530
387
607
633
502
541
584
296
515
535
197
760
421
676
540
356
5
618
836
492
244
682
517
698
879
561
195
47
413
725
756
366
42
277
624
433
481
162
660
114
393
220
334
868
606
545
580
838
539
315
503
272
137
209
75
112
748
205
522
401
228
690
516
490
638
381
823
647
31
453
479
779
231
368
395
601
372
554
264
333
655
358
25
22
784
704
319
338
856
204
262
913
662
509
564
892
420
16
628
716
765
578
142
680
298
974
216
642
269
396
821
755
192
954
581
699
403
510
81
798
322
432
399
119
293
587
560
763
154
588
23
812
477
559
60
717
184
306
136
500
552
324
507
485
178
646
548
583
167
383
375
787
14
424
617
852
169
166
890
18
15
909
297
542
8
505
749
404
448
648
740
440
248
392
471
226
