599
811
416
303
727
596
32
603
442
785
293
273
271
503
472
678
441
398
545
715
569
819
618
745
552
710
779
220
268
825
349
922
91
371
4
326
648
168
660
88
606
502
155
633
422
761
568
698
575
431
248
652
788
100
578
65
36
135
391
507
956
399
672
657
180
476
870
145
750
590
864
253
629
426
489
493
264
558
931
270
197
519
144
308
337
871
403
439
541
950
846
215
95
164
904
555
322
347
161
663
513
204
771
862
966
470
344
228
75
307
74
182
37
99
807
317
471
115
369
216
139
783
420
83
548
841
361
983
607
68
397
869
121
473
544
707
830
104
700
196
178
195
559
874
9
486
11
847
194
464
300
906
460
170
635
954
542
315
394
78
838
313
106
728
839
501
240
681
815
409
404
964
429
676
133
636
137
722
289
816
735
45
382
848
368
338
729
423
669
366
961
436
790
647
339
454
15
146
526
389
