259
621
855
331
44
885
100
108
493
10
620
698
913
338
551
881
864
796
74
178
156
548
399
62
286
427
273
974
561
135
329
197
827
833
438
691
812
650
265
926
657
266
854
278
75
513
961
429
267
645
936
428
737
110
61
749
88
395
635
249
909
409
600
285
648
907
533
842
476
766
470
387
275
167
346
379
37
912
478
706
422
276
576
450
258
309
283
237
540
377
840
184
916
572
750
464
39
112
560
24
779
362
141
46
863
642
1002
915
653
767
995
752
322
518
565
394
344
581
150
681
115
887
663
352
609
876
563
504
43
641
323
782
364
820
256
705
793
41
892
144
367
610
21
872
638
685
688
859
138
580
423
814
140
483
375
759
291
625
152
143
473
195
229
512
190
307
966
404
20
978
345
530
351
99
16
226
457
137
729
201
522
498
943
58
568
524
179
811
251
643
714
416
155
14
406
526
537
869
882
599
59
612
730
578
230
107
787
116
425
602
245
487
200
173
588
713
992
595
849
606
310
888
287
435
623
622
414
103
517
180
520
218
405
959
695
146
431
465
844
861
121
458
575
199
586
383
92
80
32
222
874
89
356
31
336
618
680
33
269
821
340
211
661
22
500
134
252
63
255
3
105
313
182
40
870
718
292
194
215
7
242
920
120
747
104
373
111
342
129
822
490
288
206
771
751
579
235
839
393
417
644
492
430
209
722
701
260
950
528
193
262
923
753
627
830
101
326
147
227
334
808
562
485
977
289
711
210
18
293
381
359
390
91
279
324
716
208
132
628
734
726
87
593
679
126
826
8
170
902
384
5
304
154
760
607
557
748
149
828
9
619
798
48
128
601
437
659
421
412
735
263
350
656
366
314
603
371
233
174
436
96
49
626
800
191
615
614
68
655
763
316
654
411
838
391
569
28
442
510
794
6
183
434
202
571
145
86
639
658
596
495
415
582
109
823
424
745
224
47
325
447
554
189
136
320
468
163
786
799
56
66
239
426
124
940
466
4
241
652
521
102
236
949
372
12
541
95
317
52
123
758
538
13
358
244
76
963
90
25
692
29
15
343
157
690
84
319
26
51
608
640
93
515
57
709
545
153
877
294
374
694
295
550
160
247
299
308
72
964
481
486
497
488
501
407
282
225
947
349
929
783
380
712
118
816
19
67
462
186
17
482
634
772
301
831
172
802
631
30
246
274
529
556
443
594
382
402
400
1
122
646
664
785
23
532
784
162
418
341
318
549
321
165
525
677
815
868
113
305
385
419
243
42
682
736
463
860
514
666
73
378
999
261
719
871
605
401
386
757
806
272
85
50
396
271
220
841
678
420
127
257
214
617
733
555
660
169
171
699
151
204
904
896
584
850
312
693
97
725
408
746
223
756
523
937
469
819
11
64
647
577
354
337
106
774
119
564
392
875
240
284
900
290
54
219
724
567
775
958
996
248
954
917
459
853
768
583
65
589
922
769
506
232
592
60
268
114
125
212
704
832
715
410
835
181
413
71
311
82
837
479
494
668
0
166
700
446
296
79
474
159
139
228
270
81
675
777
739
662
403
791
27
503
330
856
449
461
590
624
368
765
234
810
277
670
231
905
686
636
790
78
683
315
671
303
547
852
708
357
489
264
332
484
633
327
339
491
553
445
669
721
676
696
597
674
502
306
196
205
353
238
253
451
953
673
335
192
370
376
857
598
360
35
207
761
444
862
703
148
45
398
962
611
742
480
973
778
164
508
723
558
158
117
731
477
720
203
591
455
754
509
188
1000
817
302
300
552
187
629
221
932
471
740
516
53
2
507
665
94
788
347
956
505
585
499
649
866
453
213
448
467
83
369
