532 996
565 1542
1512 210
1650 440
1724 40
681 1478
1553 1181
1621 995
1713 846
1709 762
1471 165
508 419
1432 1458
1664 439
182 458
1233 1381
1638 1749
895 484
379 11
446 491
756 239
270 681
1710 44
1056 604
976 1200
1400 1519
354 1632
1090 902
112 639
457 1527
1605 793
1320 816
183 1345
1385 1603
312 359
1459 1712
307 1116
988 1574
1298 426
339 1051
1642 124
1582 1750
737 345
1068 960
1462 1256
1390 429
889 1250
1449 1137
1519 1206
225 1248
1596 195
166 69
1393 1424
240 959
566 643
78 1706
931 30
104 130
1066 516
685 287
536 178
1504 786
1751 417
1160 800
909 37
1416 548
1630 677
688 640
1188 283
25 136
1509 1189
1229 1730
612 1300
374 274
1498 238
450 733
473 1578
907 441
1734 1000
772 159
899 403
941 1033
1579 394
843 875
840 424
543 1208
415 1259
904 745
90 789
1559 925
581 1765
1062 702
110 16
753 850
867 399
509 1637
718 821
454 807
765 223
1260 715
416 1157
599 216
178 269
1345 797
217 1588
231 1113
768 830
1340 64
707 94
1195 1324
1602 58
693 630
539 1125
804 699
1484 0
1098 1376
373 1306
607 344
794 391
999 1370
953 1099
1222 896
593 916
1680 1576
316 468
1652 1613
303 220
17 1688
914 480
53 1447
442 460
1258 966
513 1278
1711 1630
661 561
1228 564
537 1239
847 1139
89 1743
494 1716
578 1375
252 596
375 1343
26 1719
1482 217
724 393
292 1690
363 1126
1507 567
764 1064
42 1652
308 1360
1297 1436
1386 412
1476 1301
1171 612
1005 215
1626 1087
1045 1584
165 787
482 505
1548 1088
654 1509
1529 697
479 906
315 894
36 1191
1492 1596
864 192
690 1524
1675 694
1763 204
299 113
435 1287
16 97
403 1237
