0 23
0 115
0 157
23 3
23 9
23 34
23 37
23 39
23 57
23 58
23 81
23 82
23 86
23 90
23 103
23 115
23 127
23 133
23 142
23 143
23 152
23 157
23 168
23 179
115 157
157 57
157 3
157 58
157 81
157 90
3 57
3 81
3 90
3 103
3 107
9 47
9 109
9 142
34 152
37 57
37 107
37 16
39 57
39 107
57 16
57 46
57 58
57 81
57 86
57 90
57 103
57 107
57 152
57 168
57 179
58 90
58 103
58 107
81 90
81 103
81 107
82 67
82 168
86 152
90 17
90 103
90 148
90 152
90 158
90 164
90 170
103 107
127 107
127 16
133 46
142 47
143 107
143 179
152 29
152 43
152 87
152 167
168 107
168 144
168 175
179 107
16 107
107 61
107 15
107 50
107 73
107 91
107 94
107 97
107 134
107 174
1 36
1 68
1 129
1 131
36 44
36 61
36 129
36 131
68 61
68 129
68 131
129 61
131 61
131 15
131 41
131 73
131 108
131 120
2 61
2 171
61 73
61 108
61 171
171 91
171 94
171 174
41 120
41 32
120 150
120 35
120 32
120 74
120 78
120 104
120 166
120 176
120 186
91 29
91 43
91 50
91 56
91 94
91 97
91 98
91 114
91 121
91 134
91 174
94 97
94 134
17 100
17 158
17 164
148 170
158 100
158 164
164 100
164 102
164 113
164 135
164 177
97 24
97 121
134 24
134 56
4 21
4 27
4 83
4 122
4 137
21 8
21 20
21 35
21 63
21 166
21 182
21 186
27 83
27 106
27 137
83 106
83 137
122 106
122 137
137 106
8 10
8 63
8 128
8 136
8 141
8 160
8 182
8 184
20 63
20 182
35 30
35 59
35 74
35 101
35 166
63 11
63 128
63 136
63 141
63 160
63 182
63 184
166 74
166 186
182 10
182 11
182 128
182 136
182 184
5 6
5 53
5 62
5 99
5 161
5 178
6 12
6 38
6 178
53 62
53 178
62 12
62 38
62 54
62 85
62 92
62 99
62 147
62 173
62 178
99 54
99 85
99 92
99 161
161 48
161 54
161 85
161 92
161 147
161 173
178 12
178 38
178 51
178 75
178 95
178 130
178 181
178 187
12 38
38 95
38 112
38 130
54 48
54 85
54 173
85 48
85 173
92 55
92 125
92 140
92 146
92 173
173 48
51 75
51 187
75 183
75 181
75 187
95 112
95 181
181 112
181 187
7 76
76 40
76 119
76 145
40 139
40 172
40 180
40 52
40 67
40 105
40 119
40 145
40 159
119 138
119 111
145 67
145 105
10 11
10 128
10 136
10 160
10 184
128 11
128 136
128 141
136 141
141 11
160 184
47 109
13 26
13 70
13 88
13 118
26 70
26 88
26 118
70 72
70 88
70 116
70 118
88 117
88 118
116 185
117 29
117 43
117 154
14 22
14 150
22 96
150 28
150 96
150 45
102 113
102 135
102 177
113 177
135 177
18 55
18 125
18 140
18 146
55 140
55 146
125 140
125 146
140 146
19 138
19 156
138 156
138 169
156 169
30 101
74 32
32 71
32 93
32 176
78 84
77 126
126 153
67 139
67 105
67 151
29 24
29 42
29 43
29 69
29 162
43 24
43 66
43 69
43 162
87 167
167 155
144 175
69 79
69 123
25 64
25 89
64 89
64 139
89 132
89 139
139 151
139 188
151 52
151 60
79 123
31 33
31 124
31 163
31 172
33 49
33 65
33 172
33 180
33 183
124 163
163 65
163 80
163 110
172 65
172 49
172 180
49 183
180 183
80 110
110 149
110 165
71 93
149 165
