0 18
0 195
0 262
0 295
0 301
0 303
0 357
0 390
18 4
18 8
18 45
18 74
18 111
18 119
18 139
18 195
18 262
18 295
18 301
18 303
18 336
18 350
18 357
18 390
18 405
18 432
18 484
18 499
195 127
195 4
195 8
195 47
195 49
195 82
195 83
195 111
195 116
195 119
195 139
195 186
195 256
195 262
195 295
195 303
195 328
195 336
195 350
195 353
195 357
195 362
195 385
195 390
195 405
195 432
195 484
195 493
195 499
262 127
262 8
262 45
262 74
262 82
262 111
262 119
262 139
262 295
262 301
262 336
262 350
262 390
262 405
262 432
262 484
262 499
295 127
295 4
295 45
295 49
295 74
295 79
295 82
295 111
295 116
295 119
295 139
295 225
295 234
295 301
295 303
295 328
295 336
295 350
295 353
295 362
295 390
295 405
295 432
295 499
295 500
301 127
301 4
301 8
301 45
301 47
301 111
301 119
301 139
301 147
301 303
301 336
301 350
301 357
301 390
301 405
301 484
301 493
301 499
303 127
303 4
303 45
303 47
303 49
303 111
303 119
303 139
303 186
303 225
303 328
303 336
303 353
303 362
303 390
303 405
303 432
303 493
303 499
303 500
357 4
357 8
357 336
357 432
357 499
390 127
390 4
390 8
390 74
390 82
390 111
390 119
390 139
390 336
390 350
390 405
390 484
390 499
4 127
4 45
4 47
4 49
4 83
4 89
4 111
4 116
4 119
4 171
4 186
4 207
4 217
4 225
4 233
4 237
4 248
4 249
4 256
4 290
4 316
4 324
4 328
4 335
4 336
4 353
4 362
4 374
4 385
4 405
4 432
4 435
4 483
4 493
4 500
8 74
8 111
8 119
8 499
8 484
45 127
45 34
45 49
45 74
45 83
45 89
45 111
45 116
45 119
45 139
45 171
45 207
45 214
45 217
45 225
45 248
45 249
45 290
45 316
45 330
45 336
45 350
45 353
45 362
45 385
45 405
45 432
45 435
45 482
45 483
45 493
45 499
45 500
74 82
74 111
74 119
74 139
74 147
74 336
74 350
74 405
74 432
74 484
74 499
111 127
111 47
111 49
111 119
111 139
111 186
111 328
111 336
111 353
111 385
111 405
111 432
111 493
111 499
111 500
119 47
119 49
119 66
119 83
119 116
119 28
119 29
119 34
119 136
119 139
119 170
119 171
119 214
119 217
119 225
119 233
119 237
119 249
119 256
119 290
119 324
119 328
119 330
119 336
119 350
119 353
119 362
119 385
119 405
119 414
119 420
119 432
119 435
119 483
119 493
119 499
119 500
139 127
139 79
139 116
139 23
139 28
139 29
139 34
139 136
139 170
139 214
139 225
139 233
139 237
139 249
139 256
139 324
139 328
139 330
139 336
139 350
139 353
139 362
139 385
139 405
139 414
139 432
139 483
139 493
139 499
139 500
336 127
336 49
336 66
336 83
336 89
336 116
336 171
336 207
336 217
336 237
336 248
336 249
336 256
336 290
336 316
336 328
336 342
336 350
336 353
336 362
336 385
336 405
336 432
336 435
336 493
336 499
336 500
350 127
350 405
350 432
350 499
350 147
405 127
405 49
405 79
405 116
405 186
405 225
405 328
405 353
405 362
405 82
405 432
405 493
405 499
405 500
432 127
432 47
432 49
432 186
432 225
432 256
432 353
432 362
432 82
432 493
432 499
432 500
484 233
484 163
484 289
484 32
484 41
484 13
484 35
484 51
484 53
484 82
484 129
484 168
484 340
484 488
484 489
499 127
499 47
499 49
499 66
499 79
499 83
499 116
499 171
499 225
499 233
499 237
499 249
499 256
499 324
499 328
499 330
499 353
499 362
499 385
499 435
499 483
499 493
499 23
499 29
499 34
499 82
499 136
499 170
499 214
499 414
499 500
127 49
127 79
127 82
127 83
127 116
127 186
127 225
127 237
127 256
127 328
127 353
127 362
127 493
127 500
49 29
49 34
49 66
49 79
49 89
49 116
49 136
49 161
49 170
49 171
49 214
49 217
49 225
49 237
49 249
49 324
49 328
49 330
49 335
49 353
49 362
49 414
49 420
49 435
49 483
49 500
79 66
79 34
79 170
79 249
79 324
79 330
79 362
79 414
79 483
83 89
83 116
83 237
83 248
83 290
83 316
83 385
83 493
116 89
116 207
116 217
116 237
116 248
116 249
116 290
116 316
116 328
116 353
116 362
116 374
116 435
116 493
116 500
186 47
225 171
225 161
225 353
225 362
225 483
225 493
237 89
237 217
237 248
237 249
237 290
237 316
237 342
237 374
237 435
256 493
328 66
328 171
328 324
328 29
328 34
328 136
328 138
328 170
328 214
328 330
328 335
328 353
328 362
328 385
328 414
328 483
328 500
353 171
353 34
353 161
353 362
353 483
353 493
353 500
362 171
362 249
362 324
362 335
362 29
362 34
362 170
362 385
362 414
362 483
362 493
362 500
493 89
493 207
493 217
493 248
493 249
493 290
493 316
493 374
493 385
493 435
493 482
493 500
500 66
500 171
500 249
500 324
500 330
500 335
500 483
500 34
500 161
500 170
500 414
385 248
385 316
1 40
1 222
1 229
1 386
1 404
1 417
40 222
40 229
40 386
40 404
40 417
40 436
222 72
222 96
222 166
222 229
222 347
222 359
222 386
222 417
222 436
229 72
229 96
229 166
229 347
229 359
229 386
229 404
229 417
229 436
386 359
386 72
386 347
386 404
386 417
386 436
404 359
404 72
404 96
404 347
404 417
404 436
417 359
417 72
417 96
417 166
417 181
417 347
417 436
436 359
436 72
436 96
436 166
436 180
436 181
436 347
72 359
72 101
72 172
72 189
72 201
96 359
96 166
96 180
96 181
96 347
166 359
166 180
166 181
166 347
347 359
347 180
359 181
181 180
2 46
2 277
2 430
2 441
46 101
46 253
46 277
46 365
46 411
46 430
46 441
46 445
277 101
277 365
277 411
277 441
277 445
430 101
430 365
430 253
430 411
430 441
430 445
441 101
441 365
441 411
441 445
101 172
101 179
101 189
101 201
101 253
101 365
101 411
101 445
253 365
253 411
253 445
365 135
365 188
365 194
365 377
365 411
365 445
411 27
411 58
411 62
411 99
411 106
411 150
411 255
411 281
411 322
411 364
411 423
411 445
411 459
172 179
172 189
172 201
179 189
179 201
189 201
135 377
135 86
135 194
135 228
135 332
135 337
135 344
135 402
188 94
188 56
188 377
194 94
194 86
194 344
377 17
377 94
377 86
377 274
377 392
377 401
3 9
3 15
3 48
3 77
3 85
3 112
3 206
3 238
3 291
3 451
3 480
9 15
9 21
9 48
9 65
9 68
9 73
9 77
9 85
9 112
9 115
9 162
9 206
9 231
9 232
9 238
9 278
9 291
9 304
9 451
9 455
9 480
9 481
15 48
15 73
15 77
15 112
15 206
15 231
15 238
15 291
15 451
15 480
48 73
48 77
48 85
48 112
48 206
48 231
48 238
48 291
48 451
48 480
77 73
77 85
77 112
77 115
77 206
77 231
77 238
77 291
77 448
77 451
77 480
85 73
85 112
85 206
85 231
85 291
85 451
85 480
112 115
112 206
112 231
112 238
112 291
112 451
112 480
206 73
206 231
206 238
206 291
206 348
206 451
238 73
238 231
238 68
238 115
238 291
291 73
291 231
291 68
291 115
291 162
291 448
291 451
291 480
451 73
451 231
451 68
451 257
451 480
480 73
480 231
480 115
21 65
21 232
21 278
21 455
21 481
65 232
65 278
65 455
65 481
68 6
68 14
68 137
68 163
68 173
68 174
68 202
68 236
68 383
68 438
68 470
68 20
68 32
68 25
68 59
68 76
68 92
68 103
68 110
68 115
68 117
68 120
68 125
68 128
68 133
68 159
68 187
68 208
68 210
68 213
68 218
68 224
68 240
68 242
68 243
68 251
68 257
68 258
68 260
68 267
68 273
68 310
68 311
68 339
68 352
68 367
68 375
68 396
68 397
68 403
68 409
68 422
68 429
68 448
68 449
68 452
68 454
68 457
68 461
68 462
68 466
68 468
68 478
68 492
68 501
73 115
73 162
115 231
115 157
115 412
115 476
232 455
232 481
278 304
278 455
304 455
304 481
455 481
448 6
448 173
448 176
448 236
448 383
448 20
448 50
448 92
448 117
448 120
448 132
448 133
448 208
448 210
448 218
448 224
448 240
448 251
448 257
448 258
448 260
448 267
448 310
448 352
448 367
448 375
448 396
448 403
448 422
448 446
448 76
448 103
448 110
448 198
448 376
448 409
448 429
448 449
448 452
448 454
448 457
448 461
448 462
448 466
448 501
348 193
257 6
257 14
257 93
257 163
257 173
257 174
257 175
257 236
257 289
257 296
257 326
257 383
257 413
257 438
257 440
257 470
257 20
257 50
257 63
257 92
257 117
257 120
257 125
257 132
257 159
257 208
257 210
257 218
257 224
257 240
257 242
257 251
257 16
257 25
257 59
257 76
257 103
257 110
257 128
257 155
257 187
257 213
257 223
257 243
257 258
257 260
257 266
257 267
257 310
257 339
257 352
257 367
257 378
257 396
257 397
257 403
257 409
257 422
257 427
257 429
257 443
257 446
257 449
257 452
257 453
257 454
257 461
257 462
257 466
257 478
257 488
257 492
257 498
257 501
89 207
89 217
89 248
89 249
89 290
89 316
89 342
89 374
89 435
171 161
171 249
207 217
207 248
207 249
207 290
207 316
207 374
207 435
217 248
217 249
217 290
217 342
217 374
217 435
233 66
233 12
233 34
233 50
233 168
233 170
233 184
233 202
233 208
233 266
233 273
233 310
233 311
233 324
233 330
233 355
233 409
233 414
233 438
233 444
233 454
233 483
248 249
248 290
248 316
248 374
248 435
249 12
249 35
249 51
249 53
249 55
249 64
249 102
249 168
249 170
249 208
249 290
249 316
249 330
249 374
249 435
249 483
249 489
290 316
290 342
290 374
290 435
316 342
316 374
316 435
324 66
324 23
324 29
324 34
324 170
324 214
324 313
324 330
324 414
324 420
324 483
374 342
374 435
435 342
483 66
483 330
483 23
483 28
483 34
483 136
483 170
483 214
483 313
483 414
483 420
34 66
34 23
34 28
34 136
34 170
34 214
34 313
34 414
34 420
214 66
214 330
214 136
214 170
214 414
214 420
330 66
330 23
330 28
330 29
330 136
330 170
330 313
330 414
330 420
29 66
29 23
29 136
29 170
29 313
29 414
66 170
66 414
66 420
136 23
136 170
136 414
170 23
170 28
170 414
170 420
414 23
414 313
342 64
342 55
342 216
12 53
12 64
12 340
12 456
12 489
50 6
50 163
50 173
50 174
50 176
50 289
50 438
50 20
50 32
50 41
50 13
50 26
50 35
50 52
50 60
50 63
50 67
50 117
50 120
50 125
50 132
50 133
50 142
50 154
50 155
50 159
50 168
50 182
50 184
50 200
50 208
50 212
50 218
50 219
50 220
50 224
50 242
50 251
50 258
50 263
50 266
50 267
50 269
50 294
50 310
50 311
50 317
50 318
50 323
50 331
50 345
50 352
50 355
50 375
50 382
50 388
50 409
50 416
50 422
50 454
50 457
50 462
50 464
50 472
50 485
50 488
168 383
168 32
168 184
168 266
168 267
168 269
168 384
168 454
168 462
168 51
168 53
168 340
168 489
168 35
168 488
168 388
168 52
168 95
168 196
168 205
168 321
168 389
184 6
184 163
184 174
184 175
184 202
184 236
184 289
184 341
184 383
184 413
184 434
184 438
184 32
184 92
184 117
184 125
184 13
184 24
184 26
184 30
184 33
184 35
184 43
184 110
184 154
184 182
184 197
184 208
184 212
184 218
184 246
184 250
184 251
184 259
184 263
184 266
184 267
184 269
184 273
184 279
184 294
184 298
184 299
184 310
184 311
184 317
184 318
184 323
184 331
184 345
184 355
184 403
184 409
184 416
184 439
184 462
184 464
184 469
184 472
184 485
184 488
184 495
184 496
202 5
202 6
202 14
202 61
202 75
202 93
202 100
202 107
202 108
202 122
202 137
202 144
202 152
202 158
202 163
202 173
202 174
202 175
202 176
202 13
202 20
202 25
202 32
202 41
202 59
202 63
202 69
202 76
202 92
202 98
202 103
202 110
202 117
202 120
202 125
202 128
202 129
202 133
202 142
202 155
202 159
202 198
202 200
202 210
202 212
202 213
202 218
202 224
202 236
202 240
202 242
202 247
202 251
202 254
202 258
202 260
202 263
202 264
202 267
202 269
202 275
202 276
202 282
202 283
202 289
202 294
202 296
202 307
202 310
202 311
202 315
202 326
202 329
202 339
202 341
202 345
202 352
202 360
202 367
202 375
202 383
202 391
202 396
202 397
202 398
202 399
202 409
202 410
202 413
202 422
202 424
202 429
202 434
202 438
202 440
202 446
202 449
202 452
202 453
202 454
202 457
202 458
202 461
202 462
202 465
202 466
202 467
202 468
202 470
202 488
202 490
202 492
202 498
202 501
208 6
208 14
208 173
208 174
208 176
208 236
208 383
208 438
208 470
208 20
208 32
208 63
208 92
208 117
208 125
208 133
208 159
208 35
208 51
208 52
208 53
208 67
208 110
208 128
208 155
208 182
208 210
208 212
208 218
208 223
208 224
208 242
208 243
208 258
208 260
208 266
208 267
208 273
208 310
208 314
208 339
208 340
208 352
208 375
208 379
208 388
208 397
208 403
208 409
208 422
208 429
208 446
208 454
208 461
208 462
208 488
208 489
208 501
266 6
266 14
266 137
266 173
266 176
266 236
266 383
266 438
266 470
266 20
266 63
266 92
266 120
266 125
266 132
266 133
266 159
266 210
266 218
266 240
266 251
266 258
266 260
266 19
266 24
266 25
266 30
266 43
266 52
266 53
266 59
266 60
266 67
266 98
266 110
266 128
266 129
266 154
266 155
266 182
266 187
266 209
266 213
266 219
266 220
266 223
266 267
266 269
266 279
266 284
266 294
266 298
266 311
266 317
266 318
266 323
266 339
266 345
266 352
266 355
266 367
266 379
266 384
266 396
266 397
266 410
266 416
266 422
266 429
266 444
266 447
266 449
266 452
266 454
266 461
266 462
266 466
266 468
266 472
266 485
266 496
266 498
266 501
273 163
273 289
273 117
273 310
273 311
273 454
273 462
273 294
273 13
273 26
273 24
273 33
273 43
273 60
273 70
273 71
273 145
273 182
273 197
273 209
273 220
273 246
273 279
273 298
273 317
273 323
273 355
273 416
273 439
273 444
273 464
273 469
273 488
273 495
273 496
310 6
310 14
310 122
310 137
310 163
310 173
310 174
310 176
310 236
310 315
310 383
310 470
310 20
310 32
310 63
310 92
310 117
310 120
310 125
310 132
310 159
310 210
310 224
310 240
310 242
310 251
310 258
310 260
310 267
310 269
310 19
310 24
310 25
310 30
310 35
310 43
310 52
310 53
310 59
310 60
310 67
310 155
310 182
310 197
310 209
310 213
310 219
310 220
310 223
310 294
310 311
310 317
310 318
310 319
310 323
310 331
310 339
310 352
310 367
310 375
310 382
310 396
310 397
310 403
310 409
310 410
310 416
310 422
310 444
310 446
310 449
310 452
310 454
310 461
310 462
310 466
310 468
310 488
310 496
310 501
311 6
311 163
311 174
311 236
311 383
311 470
311 32
311 117
311 125
311 132
311 218
311 224
311 240
311 251
311 269
311 24
311 26
311 30
311 33
311 43
311 52
311 60
311 110
311 182
311 197
311 209
311 220
311 243
311 246
311 279
311 294
311 299
311 317
311 318
311 323
311 331
311 345
311 352
311 355
311 375
311 416
311 422
311 439
311 444
311 446
311 454
311 461
311 462
311 464
311 466
311 469
311 472
311 485
311 488
311 496
355 32
355 454
355 294
355 26
355 345
355 464
355 24
355 33
355 43
355 60
355 145
355 197
355 209
355 220
355 246
355 298
355 299
355 317
355 318
355 323
355 36
355 439
355 472
355 485
355 495
409 14
409 137
409 173
409 174
409 176
409 236
409 383
409 438
409 470
409 20
409 32
409 92
409 117
409 120
409 125
409 133
409 210
409 218
409 224
409 240
409 251
409 258
409 260
409 267
409 367
409 375
409 403
409 422
409 446
409 449
409 454
409 461
409 466
409 53
409 35
409 25
409 59
409 76
409 103
409 128
409 155
409 213
409 243
409 339
409 397
409 52
409 198
409 223
409 327
409 372
409 379
409 388
409 453
409 468
409 478
409 488
409 498
409 501
438 5
438 14
438 61
438 75
438 100
438 108
438 137
438 152
438 158
438 163
438 173
438 174
438 175
438 247
438 275
438 276
438 282
438 283
438 289
438 296
438 315
438 326
438 341
438 360
438 383
438 413
438 434
438 25
438 32
438 35
438 53
438 117
438 125
438 155
438 167
438 185
438 210
438 224
438 269
438 339
438 345
438 376
438 384
438 429
438 440
438 454
438 458
438 470
438 488
438 490
438 492
444 24
444 182
444 220
444 299
444 318
454 6
454 163
454 173
454 174
454 176
454 383
454 470
454 20
454 32
454 63
454 92
454 120
454 125
454 132
454 133
454 159
454 210
454 218
454 224
454 240
454 258
454 260
454 267
454 269
454 367
454 375
454 422
454 446
454 24
454 26
454 30
454 35
454 43
454 67
454 87
454 103
454 129
454 154
454 155
454 182
454 219
454 223
454 246
454 279
454 294
454 298
454 317
454 318
454 319
454 323
454 345
454 397
454 416
454 429
454 452
454 461
454 462
454 466
454 471
454 472
454 488
35 163
35 41
35 51
35 53
35 340
35 13
35 379
35 488
51 53
51 340
51 356
51 388
51 489
53 383
53 32
53 352
53 155
53 340
53 489
55 90
55 80
55 109
55 114
55 216
55 421
64 78
64 102
64 297
64 369
64 419
64 456
102 456
102 489
102 78
102 297
489 340
489 456
489 13
489 320
5 6
5 14
5 61
5 75
5 93
5 100
5 107
5 108
5 122
5 137
5 144
5 152
5 158
5 163
5 173
5 174
5 176
5 215
5 236
5 247
5 254
5 264
5 275
5 276
5 280
5 282
5 283
5 289
5 296
5 307
5 315
5 326
5 329
5 341
5 360
5 370
5 380
5 383
5 391
5 398
5 434
5 458
5 467
5 470
5 479
5 490
6 14
6 20
6 32
6 41
6 61
6 63
6 75
6 92
6 100
6 117
6 120
6 122
6 125
6 132
6 133
6 142
6 158
6 159
6 163
6 173
6 174
6 175
6 176
6 210
6 212
6 218
6 224
6 240
6 242
6 251
6 258
6 260
6 263
6 264
6 267
6 269
6 282
6 283
6 289
6 315
6 325
6 352
6 360
6 367
6 383
6 384
6 396
6 403
6 422
6 434
6 440
6 443
6 446
6 449
6 457
6 462
6 466
6 470
6 490
6 492
14 25
14 59
14 76
14 92
14 103
14 108
14 110
14 117
14 128
14 132
14 133
14 137
14 155
14 159
14 173
14 176
14 213
14 218
14 236
14 240
14 243
14 251
14 258
14 260
14 296
14 339
14 345
14 367
14 375
14 382
14 383
14 396
14 397
14 403
14 422
14 427
14 429
14 446
14 452
14 461
14 466
14 467
14 468
14 470
14 478
14 498
14 501
61 75
61 93
61 100
61 152
61 163
61 173
61 175
61 215
61 247
61 263
61 264
61 275
61 276
61 280
61 282
61 289
61 296
61 307
61 315
61 326
61 341
61 360
61 370
61 383
61 398
61 413
61 424
61 440
61 464
61 479
61 490
75 93
75 100
75 152
75 163
75 173
75 175
75 247
75 264
75 275
75 276
75 280
75 282
75 283
75 289
75 296
75 307
75 383
75 398
75 413
75 434
75 446
75 467
75 490
93 100
93 152
93 158
93 163
93 175
93 264
93 276
93 280
93 282
93 283
93 289
93 296
93 307
93 326
93 341
93 398
93 413
93 434
93 440
93 490
100 108
100 152
100 158
100 163
100 173
100 175
100 176
100 215
100 247
100 263
100 264
100 275
100 276
100 280
100 282
100 283
100 289
100 296
100 326
100 341
100 360
100 383
100 391
100 398
100 413
100 434
100 440
100 467
100 479
100 490
107 108
107 144
107 247
107 254
107 296
107 307
107 360
107 361
107 380
107 391
107 440
107 458
107 467
108 92
108 125
108 137
108 152
108 158
108 163
108 173
108 236
108 247
108 251
108 254
108 276
108 282
108 296
108 307
108 315
108 326
108 341
108 360
108 370
108 383
108 391
108 398
108 413
108 434
108 440
108 446
108 458
108 467
108 490
122 20
122 92
122 98
122 137
122 159
122 163
122 173
122 200
122 236
122 251
122 326
122 352
122 382
122 383
122 403
122 429
122 440
122 458
122 461
122 466
137 25
137 92
137 110
137 117
137 133
137 159
137 173
137 174
137 176
137 198
137 200
137 210
137 213
137 218
137 236
137 240
137 242
137 243
137 247
137 251
137 258
137 260
137 263
137 329
137 339
137 360
137 367
137 375
137 382
137 383
137 388
137 422
137 429
137 440
137 446
137 449
137 452
137 458
137 462
137 466
137 470
137 501
144 163
144 247
144 282
144 296
144 307
144 315
144 360
144 363
144 380
144 391
144 398
144 440
144 458
144 467
152 158
152 163
152 173
152 175
152 247
152 275
152 276
152 282
152 283
152 289
152 326
152 341
152 360
152 398
152 413
152 424
152 434
152 440
152 467
152 490
158 125
158 163
158 173
158 175
158 247
158 275
158 276
158 282
158 283
158 289
158 296
158 307
158 315
158 326
158 341
158 360
158 376
158 383
158 398
158 413
158 424
158 434
158 440
158 446
158 467
158 492
163 13
163 26
163 92
163 117
163 125
163 129
163 133
163 142
163 154
163 173
163 174
163 175
163 176
163 210
163 215
163 218
163 247
163 251
163 259
163 264
163 267
163 269
163 275
163 276
163 280
163 282
163 283
163 289
163 296
163 307
163 315
163 326
163 345
163 352
163 375
163 376
163 383
163 384
163 396
163 398
163 403
163 413
163 424
163 434
163 440
163 446
163 457
163 462
163 467
163 470
163 479
163 490
163 492
173 20
173 32
173 59
173 63
173 69
173 76
173 92
173 103
173 110
173 117
173 120
173 125
173 128
173 132
173 133
173 142
173 155
173 159
173 174
173 175
173 176
173 187
173 198
173 210
173 213
173 218
173 224
173 240
173 242
173 243
173 247
173 251
173 252
173 258
173 264
173 267
173 275
173 276
173 282
173 283
173 289
173 296
173 307
173 315
173 326
173 327
173 329
173 339
173 352
173 363
173 367
173 375
173 378
173 383
173 396
173 397
173 398
173 399
173 403
173 413
173 422
173 429
173 434
173 446
173 449
173 452
173 457
173 458
173 461
173 462
173 466
173 467
173 468
173 470
173 478
173 479
173 488
173 492
173 498
173 501
174 25
174 32
174 63
174 69
174 76
174 92
174 103
174 110
174 117
174 120
174 125
174 128
174 132
174 133
174 155
174 159
174 176
174 198
174 210
174 213
174 218
174 223
174 224
174 236
174 240
174 242
174 243
174 251
174 258
174 260
174 267
174 269
174 280
174 315
174 339
174 352
174 367
174 375
174 378
174 382
174 383
174 384
174 388
174 396
174 397
174 422
174 427
174 429
174 434
174 440
174 443
174 446
174 449
174 452
174 453
174 457
174 462
174 466
174 468
174 470
174 478
174 488
174 501
176 175
176 20
176 59
176 63
176 69
176 92
176 103
176 110
176 117
176 120
176 125
176 128
176 132
176 133
176 155
176 187
176 198
176 210
176 213
176 218
176 223
176 224
176 236
176 240
176 242
176 251
176 258
176 260
176 267
176 269
176 289
176 315
176 339
176 352
176 367
176 375
176 383
176 396
176 397
176 399
176 403
176 422
176 429
176 434
176 446
176 449
176 452
176 457
176 461
176 462
176 465
176 466
176 467
176 468
176 470
176 478
176 488
176 498
176 501
215 275
215 276
215 282
215 296
215 434
215 440
215 467
236 20
236 32
236 63
236 76
236 92
236 103
236 110
236 117
236 120
236 125
236 128
236 133
236 155
236 159
236 198
236 213
236 218
236 240
236 242
236 247
236 251
236 252
236 260
236 267
236 269
236 296
236 326
236 339
236 367
236 375
236 383
236 388
236 391
236 396
236 403
236 422
236 429
236 446
236 449
236 452
236 461
236 466
236 467
236 468
236 470
236 488
236 498
236 501
247 210
247 251
247 254
247 276
247 280
247 282
247 289
247 307
247 315
247 326
247 380
247 383
247 391
247 398
247 413
247 424
247 434
247 440
247 458
247 467
254 282
254 307
254 326
254 354
254 360
254 370
254 380
254 391
254 440
254 458
254 467
264 43
264 263
264 276
264 289
264 296
264 326
264 345
264 383
264 398
264 413
264 434
264 440
264 479
264 490
264 492
275 175
275 20
275 92
275 125
275 276
275 282
275 296
275 315
275 326
275 341
275 398
275 413
275 434
275 440
275 474
275 479
275 490
276 175
276 280
276 282
276 289
276 296
276 307
276 326
276 341
276 360
276 413
276 434
276 440
276 446
276 467
276 479
280 175
280 282
280 289
280 296
280 315
280 326
280 341
280 360
280 398
280 413
280 434
280 490
282 175
282 125
282 283
282 289
282 296
282 307
282 315
282 326
282 341
282 360
282 383
282 391
282 398
282 413
282 424
282 467
282 479
282 490
283 175
283 289
283 314
283 326
283 398
283 413
283 434
283 440
289 175
289 13
289 117
289 125
289 133
289 212
289 251
289 263
289 296
289 315
289 326
289 341
289 345
289 360
289 375
289 383
289 396
289 398
289 413
289 434
289 440
289 446
289 457
289 464
289 467
289 479
289 490
296 175
296 251
296 263
296 307
296 315
296 326
296 341
296 383
296 391
296 398
296 413
296 424
296 434
296 440
296 458
296 467
296 470
296 479
296 490
296 492
307 175
307 315
307 326
307 354
307 360
307 370
307 380
307 391
307 398
307 413
307 434
307 440
307 458
307 467
307 490
315 175
315 20
315 125
315 326
315 341
315 360
315 375
315 376
315 383
315 391
315 413
315 434
315 440
315 446
315 458
315 479
326 175
326 20
326 263
326 341
326 345
326 360
326 370
326 383
326 391
326 398
326 413
326 424
326 434
326 440
326 464
326 467
326 470
326 490
326 492
329 20
329 363
329 380
329 440
329 458
341 175
341 25
341 117
341 125
341 263
341 345
341 398
341 413
341 434
341 440
341 446
341 464
341 479
341 490
341 492
360 175
360 354
360 380
360 383
360 391
360 398
360 399
360 413
360 434
360 440
360 458
360 467
360 490
370 354
370 380
370 391
370 440
370 459
380 363
380 391
380 440
383 175
383 20
383 25
383 32
383 63
383 69
383 92
383 110
383 117
383 120
383 132
383 133
383 142
383 155
383 159
383 210
383 212
383 213
383 218
383 224
383 240
383 251
383 258
383 260
383 267
383 269
383 345
383 352
383 367
383 375
383 384
383 396
383 403
383 413
383 418
383 422
383 424
383 429
383 434
383 440
383 452
383 457
383 466
383 474
383 488
383 492
383 501
391 20
391 235
391 418
391 440
391 458
398 175
398 263
398 413
398 434
398 440
398 464
398 467
398 479
398 490
434 413
434 133
434 251
434 396
434 440
434 457
434 464
434 467
434 479
434 490
434 492
458 440
458 354
467 175
467 413
467 440
467 20
467 92
467 490
470 175
470 440
470 20
470 25
470 41
470 92
470 110
470 117
470 120
470 125
470 128
470 155
470 210
470 224
470 240
470 243
470 251
470 258
470 260
470 263
470 267
470 339
470 345
470 352
470 367
470 375
470 388
470 396
470 403
470 422
470 429
470 446
470 452
470 457
470 461
470 462
470 464
470 479
470 488
470 498
479 175
479 413
479 440
479 345
490 175
490 413
490 440
490 92
490 263
490 464
490 492
20 399
20 440
20 16
20 32
20 59
20 63
20 76
20 92
20 103
20 110
20 117
20 120
20 125
20 128
20 132
20 133
20 155
20 159
20 187
20 198
20 210
20 218
20 223
20 240
20 243
20 251
20 258
20 260
20 308
20 327
20 339
20 345
20 352
20 367
20 375
20 396
20 397
20 403
20 422
20 446
20 449
20 452
20 453
20 457
20 461
20 462
20 466
20 488
20 501
32 41
32 43
32 52
32 63
32 87
32 117
32 125
32 132
32 133
32 155
32 182
32 200
32 210
32 212
32 224
32 239
32 242
32 250
32 251
32 258
32 267
32 269
32 294
32 319
32 338
32 340
32 343
32 345
32 375
32 382
32 388
32 422
32 446
32 457
32 462
32 464
32 488
41 269
41 384
41 395
41 443
41 446
41 488
63 19
63 52
63 103
63 117
63 125
63 132
63 133
63 155
63 182
63 218
63 219
63 224
63 258
63 260
63 269
63 318
63 339
63 352
63 367
63 375
63 378
63 382
63 388
63 403
63 410
63 422
63 446
63 462
63 466
63 488
92 175
92 440
92 25
92 76
92 103
92 110
92 117
92 120
92 125
92 128
92 132
92 133
92 142
92 155
92 159
92 187
92 198
92 200
92 210
92 212
92 213
92 218
92 224
92 240
92 251
92 258
92 260
92 269
92 339
92 352
92 367
92 395
92 396
92 397
92 403
92 410
92 422
92 427
92 429
92 446
92 449
92 452
92 457
92 461
92 466
92 468
92 478
92 492
92 498
92 501
117 175
117 413
117 19
117 103
117 110
117 120
117 125
117 128
117 133
117 142
117 155
117 159
117 210
117 213
117 218
117 224
117 240
117 243
117 251
117 258
117 260
117 267
117 339
117 367
117 375
117 378
117 388
117 397
117 429
117 446
117 449
117 452
117 461
117 462
117 466
117 488
117 492
117 501
120 399
120 25
120 59
120 76
120 90
120 103
120 128
120 133
120 155
120 159
120 198
120 213
120 218
120 224
120 243
120 251
120 258
120 260
120 267
120 327
120 339
120 352
120 367
120 375
120 397
120 403
120 422
120 446
120 452
120 453
120 457
120 461
120 462
120 468
120 488
120 498
125 175
125 413
125 440
125 59
125 103
125 110
125 133
125 142
125 155
125 159
125 210
125 218
125 224
125 240
125 243
125 251
125 258
125 263
125 269
125 338
125 352
125 367
125 376
125 378
125 384
125 397
125 403
125 422
125 446
125 457
125 461
125 462
125 464
125 466
125 468
125 474
125 488
125 498
125 501
132 25
132 59
132 103
132 110
132 133
132 155
132 159
132 213
132 218
132 224
132 240
132 251
132 258
132 260
132 267
132 269
132 352
132 367
132 375
132 388
132 397
132 403
132 422
132 449
132 452
132 457
132 462
132 488
133 440
133 59
133 69
133 76
133 103
133 110
133 128
133 142
133 155
133 159
133 187
133 198
133 210
133 213
133 218
133 223
133 224
133 240
133 242
133 258
133 263
133 267
133 327
133 339
133 367
133 375
133 384
133 388
133 396
133 397
133 403
133 422
133 427
133 429
133 446
133 449
133 452
133 453
133 457
133 461
133 462
133 466
133 468
133 488
133 492
133 498
133 501
142 413
142 25
142 159
142 218
142 251
142 375
142 403
142 446
142 457
159 16
159 25
159 59
159 76
159 103
159 110
159 128
159 155
159 187
159 198
159 212
159 213
159 218
159 224
159 242
159 243
159 258
159 260
159 267
159 269
159 339
159 352
159 367
159 375
159 382
159 388
159 397
159 403
159 410
159 422
159 429
159 446
159 452
159 453
159 457
159 461
159 462
159 465
159 466
159 468
159 501
175 345
175 352
175 375
175 413
175 440
175 464
175 492
210 399
210 440
210 59
210 76
210 103
210 128
210 155
210 213
210 218
210 223
210 224
210 243
210 258
210 260
210 367
210 375
210 378
210 397
210 403
210 422
210 429
210 446
210 452
210 457
210 461
210 466
210 468
210 488
210 501
212 39
212 87
212 203
212 224
212 239
212 250
212 251
212 319
212 375
212 429
212 471
218 25
218 59
218 103
218 110
218 128
218 155
218 200
218 213
218 224
218 240
218 242
218 243
218 251
218 258
218 260
218 267
218 269
218 339
218 345
218 352
218 367
218 375
218 378
218 396
218 397
218 403
218 410
218 422
218 429
218 443
218 446
218 449
218 452
218 457
218 461
218 462
218 466
218 468
218 488
218 498
218 501
224 25
224 59
224 76
224 103
224 110
224 155
224 213
224 223
224 240
224 243
224 251
224 258
224 260
224 269
224 352
224 367
224 375
224 379
224 403
224 410
224 422
224 429
224 446
224 449
224 453
224 457
224 461
224 462
224 466
224 472
224 488
224 494
224 498
224 501
240 25
240 69
240 103
240 110
240 128
240 155
240 198
240 213
240 242
240 243
240 251
240 258
240 260
240 267
240 269
240 339
240 352
240 367
240 375
240 378
240 396
240 397
240 403
240 422
240 427
240 446
240 449
240 452
240 461
240 462
240 465
240 466
240 488
240 498
240 501
242 110
242 213
242 258
242 269
242 352
242 367
242 372
242 403
242 422
242 429
251 25
251 59
251 103
251 155
251 243
251 258
251 260
251 267
251 269
251 352
251 367
251 375
251 378
251 388
251 396
251 403
251 422
251 429
251 446
251 449
251 452
251 457
251 461
251 462
251 466
251 501
258 25
258 59
258 76
258 103
258 110
258 155
258 187
258 213
258 219
258 243
258 260
258 267
258 269
258 327
258 352
258 375
258 397
258 403
258 422
258 446
258 449
258 452
258 457
258 461
258 462
258 466
258 468
258 478
258 488
258 498
260 59
260 76
260 103
260 110
260 128
260 155
260 187
260 213
260 243
260 339
260 352
260 367
260 375
260 396
260 403
260 422
260 429
260 446
260 449
260 452
260 453
260 461
260 462
260 466
260 498
260 501
263 375
263 446
263 492
267 26
267 43
267 52
267 60
267 97
267 110
267 154
267 155
267 213
267 219
267 243
267 269
267 294
267 305
267 318
267 331
267 352
267 367
267 375
267 378
267 382
267 388
267 397
267 403
267 429
267 446
267 457
267 461
267 462
267 464
267 466
267 472
267 477
267 488
267 498
267 501
269 30
269 52
269 103
269 110
269 129
269 154
269 155
269 185
269 250
269 319
269 352
269 375
269 388
269 403
269 446
269 457
269 462
269 471
269 488
325 300
352 110
352 155
352 213
352 294
352 339
352 367
352 375
352 382
352 396
352 397
352 403
352 422
352 452
352 461
352 462
352 466
352 488
352 492
352 501
367 25
367 59
367 76
367 103
367 110
367 128
367 198
367 213
367 243
367 252
367 327
367 375
367 378
367 388
367 396
367 397
367 403
367 422
367 427
367 429
367 446
367 449
367 452
367 457
367 461
367 462
367 466
367 468
367 478
367 501
384 443
384 446
384 462
396 375
396 103
396 155
396 243
396 339
396 403
396 422
396 429
396 446
396 452
396 457
396 461
396 466
396 501
403 375
403 25
403 59
403 76
403 103
403 110
403 128
403 155
403 185
403 198
403 213
403 243
403 339
403 378
403 388
403 397
403 422
403 429
403 446
403 449
403 452
403 461
403 462
403 466
403 468
403 498
403 501
422 375
422 16
422 25
422 59
422 76
422 110
422 128
422 130
422 155
422 198
422 213
422 219
422 327
422 339
422 372
422 378
422 382
422 397
422 410
422 427
422 429
422 446
422 449
422 452
422 457
422 461
422 466
422 468
422 478
422 488
422 498
422 501
440 413
440 424
440 185
440 354
440 446
443 155
443 395
446 413
446 25
446 103
446 110
446 155
446 429
446 449
446 452
446 461
446 492
446 501
449 25
449 110
449 378
449 388
449 395
449 410
449 452
449 461
449 462
449 466
449 501
457 375
457 25
457 103
457 155
457 213
457 243
457 429
457 452
457 461
457 462
457 492
457 501
462 375
462 13
462 25
462 26
462 36
462 103
462 110
462 259
462 345
462 395
462 410
462 429
462 452
462 466
462 488
462 492
462 501
466 399
466 375
466 461
466 16
466 25
466 59
466 76
466 103
466 110
466 128
466 155
466 198
466 213
466 223
466 243
466 252
466 339
466 378
466 397
466 410
466 429
466 452
466 453
466 468
466 488
466 498
466 501
492 413
492 464
492 474
25 413
25 375
25 461
25 103
25 110
25 128
25 155
25 187
25 213
25 243
25 339
25 388
25 397
25 468
25 488
25 501
59 461
59 103
59 128
59 155
59 187
59 213
59 223
59 327
59 397
59 452
59 468
59 478
59 488
59 498
59 501
76 375
76 461
76 103
76 110
76 128
76 155
76 187
76 213
76 397
76 429
76 452
76 453
76 468
76 478
76 501
103 375
103 461
103 110
103 128
103 155
103 187
103 198
103 213
103 327
103 397
103 429
103 452
103 453
103 468
103 498
103 501
110 375
110 461
110 16
110 128
110 155
110 198
110 223
110 318
110 339
110 388
110 397
110 410
110 427
110 452
110 453
110 498
110 501
128 399
128 375
128 461
128 16
128 155
128 187
128 198
128 213
128 339
128 429
128 452
128 468
128 498
128 501
155 375
155 461
155 16
155 67
155 90
155 98
155 151
155 182
155 198
155 213
155 223
155 243
155 252
155 323
155 339
155 378
155 379
155 388
155 397
155 410
155 452
155 453
155 468
155 488
155 498
155 501
213 375
213 461
213 187
213 198
213 339
213 397
213 452
213 453
213 468
213 478
213 498
213 501
243 461
243 223
243 465
243 488
243 501
339 375
339 461
339 397
339 427
339 429
339 452
339 468
339 478
339 488
339 498
339 501
345 375
345 294
345 13
345 154
345 24
345 33
345 43
345 60
345 151
345 182
345 219
345 220
345 298
345 317
345 323
345 447
345 464
345 472
345 488
345 495
375 69
375 198
375 397
375 429
375 452
375 461
375 468
375 488
375 498
375 501
382 461
382 340
382 43
382 67
382 284
397 461
397 187
397 314
397 394
397 452
397 468
397 478
397 488
397 498
397 501
427 501
429 453
429 488
452 399
452 461
452 187
452 16
452 141
452 198
452 327
452 468
452 478
452 498
452 501
461 16
461 30
461 187
461 198
461 327
461 372
461 378
461 418
461 468
461 478
461 488
461 498
461 501
468 187
468 198
468 327
468 478
468 498
468 501
478 187
478 198
478 327
478 498
478 501
498 187
498 252
498 327
498 501
501 187
501 16
501 198
501 372
501 378
413 464
464 294
464 13
464 24
464 43
464 318
361 86
361 344
361 192
361 226
361 442
98 67
98 114
200 185
198 130
198 327
198 488
388 488
388 39
388 87
388 343
388 378
13 26
13 154
13 338
13 346
13 415
26 30
26 43
26 154
26 182
26 209
26 279
26 317
26 318
26 331
26 496
129 219
129 284
154 318
154 331
154 338
259 30
259 331
259 305
69 11
187 16
378 488
488 294
488 223
488 43
488 52
488 67
488 130
488 151
488 219
488 284
488 318
488 394
488 416
488 447
488 472
223 379
294 7
294 177
294 24
294 33
294 43
294 60
294 88
294 182
294 209
294 220
294 246
294 298
294 318
294 323
294 393
294 416
294 469
294 485
294 495
410 185
43 24
43 30
43 36
43 60
43 70
43 151
43 182
43 197
43 209
43 220
43 246
43 279
43 298
43 299
43 317
43 318
43 323
43 331
43 416
43 439
43 447
43 469
43 472
43 485
43 495
43 496
459 58
459 62
459 99
459 106
459 121
459 150
459 255
459 312
459 322
459 364
459 423
459 425
459 293
459 460
418 235
235 113
167 460
167 131
167 426
167 244
167 431
167 149
167 196
167 463
308 37
52 87
52 319
87 39
87 203
87 227
87 239
87 250
87 302
87 343
87 471
87 477
182 24
182 60
182 70
182 145
182 151
182 36
182 197
182 209
182 220
182 246
182 279
182 298
182 299
182 317
182 318
182 323
182 331
182 416
182 447
182 469
182 472
182 485
182 495
239 39
239 203
239 250
239 302
239 319
239 343
239 471
250 203
250 302
250 319
250 343
250 471
250 477
319 39
319 203
319 211
319 227
319 302
319 343
319 471
319 477
338 346
340 204
340 356
343 39
343 302
343 471
395 412
395 476
60 24
60 30
60 33
60 36
60 70
60 209
60 220
60 246
60 279
60 298
60 317
60 318
60 323
60 331
60 416
60 439
60 469
60 485
60 495
60 496
219 151
219 472
219 494
220 24
220 30
220 33
220 70
220 197
220 209
220 246
220 279
220 286
220 298
220 299
220 317
220 318
220 323
220 331
220 416
220 439
220 447
220 469
220 472
220 495
220 496
317 24
317 30
317 33
317 70
317 145
317 151
317 197
317 209
317 246
317 279
317 298
317 299
317 318
317 323
317 331
317 416
317 439
317 469
317 472
317 485
317 495
317 496
318 24
318 33
318 197
318 209
318 246
318 279
318 298
318 36
318 323
318 416
318 472
318 485
318 495
318 496
323 24
323 30
323 33
323 70
323 124
323 145
323 151
323 164
323 197
323 209
323 246
323 279
323 298
323 299
323 416
323 439
323 447
323 469
323 472
323 485
323 495
323 496
323 497
331 24
331 30
331 97
331 496
416 24
416 33
416 70
416 197
416 209
416 246
416 279
416 298
416 299
416 286
416 447
416 469
416 472
416 495
416 496
416 497
472 30
472 151
472 496
472 284
472 494
485 24
485 33
485 70
485 145
485 151
485 209
485 246
485 279
485 298
485 299
485 439
485 447
485 469
485 495
485 496
485 497
90 126
90 309
90 42
90 216
90 421
24 33
24 70
24 124
24 145
24 151
24 197
24 209
24 246
24 279
24 298
24 299
24 439
24 447
24 469
24 495
24 496
30 97
30 197
30 209
30 279
30 286
30 298
30 305
30 469
30 496
33 70
33 124
33 209
33 246
33 279
33 298
33 299
33 439
33 469
33 495
33 496
33 497
197 246
197 279
197 298
197 469
197 496
246 70
246 124
246 145
246 151
246 164
246 209
246 279
246 298
246 299
246 439
246 495
246 496
246 497
279 70
279 209
279 299
279 439
279 469
279 495
279 496
298 70
298 209
298 286
298 299
298 439
298 447
298 469
298 495
298 496
298 497
299 70
299 145
299 209
299 71
299 439
299 469
299 496
439 145
439 209
439 469
439 496
439 497
469 209
469 496
469 497
495 70
495 164
495 496
496 70
496 209
496 447
496 286
496 497
39 203
39 302
39 471
39 477
471 302
494 151
494 284
372 265
209 70
209 151
284 151
284 447
447 151
97 305
477 91
477 211
477 227
477 230
477 408
477 475
300 450
130 178
7 44
7 84
7 123
7 146
7 148
7 191
7 268
7 381
7 406
7 473
44 123
44 177
44 191
44 268
44 406
44 473
84 123
84 148
84 191
84 268
84 371
84 393
84 406
84 473
123 148
123 177
123 191
123 268
123 393
123 406
123 473
146 177
146 406
148 177
148 268
148 344
148 371
148 393
148 401
148 473
191 177
191 268
191 406
268 177
268 393
268 473
381 177
381 393
381 406
406 177
406 333
406 393
406 473
473 177
177 393
371 38
371 271
371 332
371 337
393 333
344 86
344 192
344 442
401 38
401 332
401 337
401 86
333 193
157 412
157 476
412 476
10 54
10 221
10 400
54 22
54 221
54 400
221 22
221 216
221 288
221 400
400 22
400 153
400 270
400 288
22 153
22 486
216 80
216 421
216 437
11 433
356 134
356 165
356 366
78 292
78 297
369 419
320 245
346 415
415 169
70 124
70 164
17 94
17 392
94 86
94 392
86 228
56 27
56 99
56 104
56 118
56 190
56 274
56 285
56 306
56 322
56 407
56 425
274 27
274 81
274 99
274 104
274 118
274 190
274 285
274 306
274 322
274 425
37 126
37 309
37 428
486 351
124 164
27 58
27 62
27 104
27 106
27 118
27 121
27 190
27 255
27 281
27 285
27 306
27 312
27 322
27 364
27 407
27 423
27 425
58 62
58 99
58 121
58 150
58 255
58 281
58 293
58 312
58 322
58 364
58 423
58 425
62 99
62 106
62 121
62 150
62 255
62 293
62 322
62 364
62 423
62 425
104 81
104 118
104 285
104 306
104 322
104 407
104 425
106 99
106 121
106 255
106 281
106 312
106 322
106 364
118 99
118 190
118 285
118 306
118 322
118 407
118 425
121 150
121 255
121 281
121 322
121 364
121 423
190 99
190 285
190 306
190 322
190 407
190 425
255 150
255 281
255 312
255 322
255 364
255 423
255 425
281 99
281 150
281 293
281 312
281 322
281 364
281 423
281 425
285 81
285 99
285 322
285 407
306 81
306 99
306 322
306 407
312 99
312 150
312 322
312 364
312 423
312 425
322 81
322 99
322 150
322 364
322 407
322 423
322 425
364 99
364 150
364 293
364 423
364 425
407 81
407 99
407 425
423 99
423 150
423 293
423 425
425 81
425 99
425 150
99 81
99 150
150 293
460 31
460 134
460 368
460 241
460 366
460 431
31 134
31 272
31 368
134 241
134 287
134 368
134 431
272 368
241 105
241 160
241 287
241 373
241 387
241 431
287 160
431 105
431 244
431 373
431 491
227 91
227 211
227 230
227 261
227 408
227 475
95 156
95 205
95 321
95 389
196 156
196 321
205 156
205 321
205 389
321 156
321 389
389 156
211 91
211 230
211 261
211 408
211 475
126 309
309 183
309 358
428 244
428 334
244 105
244 387
244 491
38 271
38 332
38 337
271 332
271 402
332 337
337 228
402 487
91 230
91 261
91 408
91 475
230 261
230 408
230 475
408 261
408 475
475 261
421 437
165 491
109 114
57 131
57 426
131 149
131 426
426 149
426 463
292 143
192 442
105 160
105 387
199 349
349 140
