311
13
234
226
76
141
85
60
193
337
274
347
350
169
308
43
98
126
61
105
82
152
49
188
74
258
153
183
95
58
296
330
3
151
284
322
371
321
196
97
67
142
233
329
123
312
218
92
248
44
78
62
116
339
328
111
186
4
118
134
143
370
33
230
14
185
320
210
135
259
114
94
307
50
198
235
372
349
132
366
262
125
355
227
272
99
140
124
222
332
0
286
213
68
331
176
211
239
72
96
39
69
87
16
106
338
17
195
199
323
333
93
249
29
75
282
203
365
244
267
273
313
86
348
30
178
112
367
46
373
179
121
41
84
128
297
335
103
91
172
204
223
164
285
63
254
158
81
237
287
351
53
83
166
171
71
290
56
79
175
9
165
304
283
288
51
194
15
306
149
201
361
309
109
77
202
238
368
130
261
12
302
167
45
378
163
327
255
88
