461
491
727
263
821
704
98
545
738
111
896
555
837
336
629
365
63
588
866
391
462
349
935
186
595
731
556
653
600
417
806
576
453
977
368
749
565
768
868
532
561
518
65
20
243
315
506
612
108
782
589
838
675
443
61
513
485
712
318
808
469
508
584
444
172
458
644
581
262
510
520
358
504
465
341
878
846
699
97
517
5
274
656
631
499
296
15
500
767
956
312
890
666
246
302
407
141
554
355
303
592
275
277
682
317
218
813
191
248
360
21
790
607
19
175
202
597
737
680
862
109
328
28
606
338
591
404
660
347
740
619
233
765
618
772
431
872
393
30
264
173
646
180
379
771
551
553
945
373
471
548
418
515
242
463
93
694
86
259
343
754
562
50
652
817
24
372
335
356
759
776
992
505
601
89
383
710
470
436
507
406
823
357
552
892
47
25
333
319
99
403
647
206
199
94
16
580
787
880
371
635
337
174
140
534
623
894
745
17
873
390
577
503
531
557
476
244
840
385
340
519
158
495
599
816
526
853
733
327
231
165
359
734
928
152
282
181
193
677
681
638
516
609
756
490
322
831
234
88
678
662
247
502
855
478
886
774
459
563
541
498
501
695
527
596
493
583
279
492
826
870
6
81
153
468
963
528
51
533
567
888
214
313
405
213
620
420
779
394
628
395
728
437
951
797
314
401
587
783
615
832
