131
127
75
67
213
120
73
100
319
204
290
279
83
187
283
240
126
80
105
137
206
263
276
147
33
40
142
130
188
52
150
280
2
94
133
154
231
163
243
41
21
65
238
63
1
29
169
255
303
251
265
160
9
286
310
101
116
93
165
64
155
61
31
51
174
236
42
114
113
34
182
198
274
200
81
262
295
136
107
281
69
201
4
297
273
12
257
68
138
19
314
171
97
82
214
7
6
95
223
86
76
244
216
278
264
110
96
125
306
139
249
162
267
20
235
16
74
219
285
23
242
60
26
234
124
185
309
50
0
284
308
246
241
211
111
22
272
39
66
79
132
91
291
183
190
99
119
232
321
84
77
134
103
300
304
56
57
170
305
172
28
256
282
