735
985
1128
183
192
1096
417
776
400
178
4
386
1046
297
648
1019
110
241
129
1122
1097
893
547
704
186
885
802
933
370
274
632
335
720
12
1129
573
416
584
939
1065
354
210
1119
637
852
697
926
111
419
79
275
125
206
153
1007
587
408
662
755
738
941
679
608
829
1039
650
127
1068
42
757
78
104
792
1099
28
742
276
758
991
293
159
596
1113
142
249
699
268
1071
1
819
903
1055
357
324
384
1022
781
946
58
691
764
934
465
736
1049
329
994
703
725
425
98
280
882
184
694
859
222
788
188
5
343
90
456
591
441
872
911
473
475
350
1052
342
300
197
1063
743
970
1109
228
973
72
623
669
621
515
670
314
100
571
997
996
449
94
767
682
666
730
187
87
45
828
965
863
687
401
1004
695
564
633
524
454
921
797
958
618
278
617
772
483
303
585
282
356
264
887
540
474
649
556
753
105
824
724
977
2
995
929
766
413
285
39
442
64
572
976
504
652
917
606
1016
948
551
412
871
668
583
876
8
761
541
53
325
1066
373
879
814
