1124
636
13
459
222
1075
1029
102
689
275
489
970
878
789
638
568
841
803
1072
240
396
436
252
584
923
625
401
836
50
621
846
860
550
368
333
158
664
358
360
812
520
473
1043
1083
573
965
314
1025
963
466
612
260
1060
217
851
1086
169
599
967
782
123
609
468
499
231
153
1097
1049
657
498
891
305
763
730
36
757
26
394
1055
715
764
699
399
801
561
37
130
187
884
1000
887
225
511
830
375
559
362
150
721
527
647
762
41
1017
324
1015
177
547
948
524
1129
11
480
393
1006
981
895
872
276
197
447
5
92
832
685
885
79
407
1070
1106
1090
180
1047
992
582
278
54
742
583
443
483
159
406
431
744
1111
346
383
450
927
382
248
615
463
8
673
818
105
1126
1035
1098
64
1046
611
440
990
589
72
540
408
106
907
716
534
285
193
388
353
915
879
30
918
788
397
533
592
34
758
740
655
665
63
259
67
253
666
274
165
1014
279
249
121
70
168
940
1013
1116
661
972
287
658
10
502
808
4
529
488
179
1118
191
1033
1058
731
15
688
161
726
798
131
958
724
9
537
678
936
395
1052
1018
296
1
829
210
425
1059
449
149
135
1042
202
572
929
317
759
926
596
1093
226
650
228
116
784
518
100
921
652
976
560
911
1076
326
937
826
727
597
935
432
553
1095
1108
183
199
745
288
623
133
325
822
433
482
387
162
189
697
619
467
991
737
379
331
964
372
631
904
384
244
230
866
751
820
155
342
46
385
200
849
755
211
704
1131
204
172
1044
24
898
517
890
503
869
182
876
806
40
73
315
386
656
686
554
767
261
104
462
683
569
283
978
194
713
756
718
514
951
586
1105
254
140
696
32
771
273
437
442
601
264
504
90
340
566
945
435
1068
14
206
630
464
1002
774
186
680
1099
1067
1115
544
881
1114
1102
319
439
419
486
417
373
692
695
618
344
608
750
816
639
115
810
323
374
1077
1132
712
309
804
426
827
62
327
523
25
943
81
108
1094
792
893
1110
675
2
345
779
76
485
1119
982
412
855
176
814
221
304
679
874
453
239
109
145
233
693
403
578
293
1092
604
605
1123
1009
58
896
268
438
120
549
49
39
78
894
1074
783
198
698
591
914
997
585
1130
1061
1040
732
416
335
60
975
1024
1120
739
357
924
635
356
627
1100
242
624
968
587
292
470
883
761
616
354
154
85
1087
337
1064
1012
277
128
332
824
69
270
670
148
723
43
531
42
469
56
454
411
1038
348
96
1026
772
1050
227
310
539
722
12
528
441
481
733
942
672
404
556
65
864
236
1085
906
571
321
415
563
777
507
88
68
515
711
31
398
188
22
448
735
1039
370
343
246
421
873
909
99
312
548
113
973
82
377
980
144
126
875
142
184
400
359
94
125
282
220
311
831
322
941
848
98
195
71
662
954
557
687
247
371
1020
262
892
1008
640
856
910
710
525
867
487
306
338
427
728
931
494
828
648
719
51
75
139
110
461
269
151
97
800
797
1037
1056
794
579
391
152
205
538
684
606
705
725
707
1022
156
863
1019
157
790
748
196
18
714
336
920
825
455
1109
842
445
1010
959
235
522
281
263
985
89
720
922
330
495
986
452
316
59
840
1122
28
420
