0 142
142 7
142 56
142 71
142 110
142 153
142 158
142 200
142 212
142 218
142 234
142 237
142 255
142 280
7 56
7 234
7 110
7 158
7 200
7 280
56 6
56 158
56 200
56 234
56 270
71 126
71 186
71 153
71 280
71 68
71 252
71 167
71 132
71 166
71 177
71 283
110 234
110 200
110 212
110 218
110 237
153 6
153 244
153 280
153 283
158 255
158 234
158 42
158 61
158 85
158 88
158 138
158 169
158 180
158 190
158 200
158 212
158 237
158 280
200 255
200 234
200 218
212 237
212 280
212 34
212 69
212 171
212 197
212 61
212 216
212 100
212 120
212 85
212 88
212 109
212 180
212 239
212 256
218 234
234 6
234 270
237 255
237 138
237 280
255 6
255 138
255 211
255 244
255 280
255 283
280 13
280 85
280 88
280 89
280 197
280 244
280 283
6 270
211 213
211 282
211 95
211 18
211 165
211 191
211 226
211 281
1 37
1 83
1 118
1 225
37 23
37 83
37 172
37 173
37 219
37 225
37 274
83 65
83 118
83 172
83 175
83 225
118 219
118 225
225 219
23 52
23 13
23 32
23 117
23 172
23 184
23 223
23 259
23 260
172 106
172 18
172 47
172 173
172 219
173 26
219 18
219 47
65 12
65 143
65 196
65 230
65 281
175 32
2 98
2 162
98 19
98 42
98 66
98 77
98 140
98 192
98 222
98 241
162 31
162 77
162 159
162 186
19 66
19 140
19 192
19 222
42 186
42 77
42 192
42 222
42 21
42 61
42 108
42 180
42 216
42 224
42 284
66 77
66 140
66 192
66 222
77 140
77 159
77 192
77 222
140 95
140 109
140 192
241 97
31 189
31 52
31 248
31 94
31 134
31 144
31 152
159 61
159 230
186 161
186 5
186 40
186 52
186 147
186 11
186 61
186 95
186 96
186 104
186 134
186 143
186 166
186 167
186 169
186 181
186 196
186 205
186 220
186 263
186 266
186 272
186 277
186 284
3 16
3 41
3 103
3 136
3 161
3 189
3 231
16 41
16 101
16 113
16 161
16 185
16 193
16 204
16 231
41 93
103 48
103 91
103 101
103 136
103 161
103 183
103 205
103 252
136 48
136 91
136 161
136 183
136 205
136 221
161 48
161 68
161 96
161 101
161 132
161 139
161 183
161 205
161 208
161 221
189 113
189 144
189 231
231 185
231 193
231 21
231 61
231 150
101 93
101 252
113 24
113 169
113 185
113 193
113 199
185 134
185 193
193 24
193 45
193 134
193 144
204 121
204 134
204 202
204 205
204 221
204 235
204 242
204 269
93 30
93 232
48 205
48 183
91 205
91 183
91 202
91 96
183 205
205 52
205 184
205 35
205 160
205 43
205 96
205 139
205 202
205 221
205 235
205 269
252 34
252 107
252 68
252 216
252 177
252 190
24 45
169 70
169 80
169 17
169 207
169 272
169 281
199 157
199 194
199 179
199 247
199 254
221 202
221 235
221 269
68 270
68 107
68 21
68 61
68 132
68 150
68 168
68 177
68 190
68 208
68 253
96 94
96 134
96 160
96 202
132 106
132 126
132 107
132 177
132 208
139 52
139 117
139 81
139 160
139 253
139 43
139 44
139 143
208 260
134 248
134 94
134 55
134 152
134 154
134 167
144 233
21 128
21 270
21 61
21 150
21 216
61 270
61 53
61 100
61 150
61 216
61 230
150 270
150 107
4 106
4 128
106 126
106 128
128 126
128 104
128 146
128 147
128 167
128 261
104 147
104 263
104 81
104 253
104 262
104 44
104 143
104 146
104 167
104 229
146 147
146 277
146 81
146 284
146 151
146 59
146 122
146 215
146 240
147 5
147 40
147 52
147 35
147 44
147 81
147 117
147 167
147 253
147 262
147 263
147 277
167 81
167 44
261 80
261 18
261 64
5 40
5 51
5 52
5 58
5 62
5 84
5 145
5 266
5 277
40 52
40 277
51 22
51 54
51 73
51 116
51 119
51 145
51 155
51 195
51 268
51 276
51 279
52 11
52 35
52 43
52 44
52 117
52 151
52 160
52 181
52 184
52 220
52 253
52 262
52 263
52 266
52 277
58 10
58 84
58 141
62 127
62 133
62 155
62 251
84 141
145 22
145 141
266 11
266 35
266 55
266 81
266 122
266 143
266 151
266 181
266 220
266 262
266 263
266 277
266 284
277 59
277 74
277 119
277 122
277 220
277 240
277 284
22 54
22 73
22 92
22 119
22 141
22 276
54 141
54 73
54 119
54 276
73 119
73 276
92 11
119 59
119 240
119 268
119 276
141 10
141 116
141 245
141 251
141 276
116 195
155 279
155 127
155 268
195 127
268 279
279 10
279 127
11 127
11 181
35 263
35 117
35 81
35 160
35 262
43 117
43 184
44 263
44 117
44 81
44 160
44 253
44 143
117 81
117 143
117 160
117 184
117 253
117 262
151 284
151 143
151 59
151 122
151 215
151 240
160 184
160 143
160 194
160 253
220 263
220 70
220 284
220 143
220 55
220 78
220 102
220 122
253 263
253 81
253 143
262 263
262 81
262 143
262 229
263 55
263 81
263 143
263 229
10 26
10 39
10 245
127 133
251 278
251 50
251 64
245 26
245 39
81 143
81 229
95 63
95 82
95 70
95 17
95 87
95 152
95 191
95 207
95 209
95 248
95 272
143 282
143 196
143 229
143 230
143 281
196 70
196 230
196 281
272 70
272 17
272 87
272 247
284 59
284 240
55 70
55 248
55 111
55 170
55 202
122 59
122 240
59 240
74 78
240 215
270 190
190 168
190 177
85 88
88 216
88 109
88 168
180 53
180 108
180 100
180 256
180 109
180 239
180 249
13 197
13 107
13 112
13 131
13 198
13 203
13 223
89 197
89 217
89 156
89 249
197 8
197 34
197 53
197 69
197 171
197 100
197 120
197 131
197 156
197 217
197 224
197 239
197 249
197 256
197 271
8 34
8 53
8 69
8 171
34 53
34 100
34 107
34 120
34 131
34 171
34 223
34 256
53 28
53 69
53 100
53 109
53 120
53 171
53 209
53 216
53 217
53 256
69 100
69 120
69 171
69 256
171 100
171 120
171 256
100 216
100 109
100 120
100 239
100 256
107 112
107 203
120 256
131 156
131 217
131 249
256 109
256 239
28 36
28 174
28 217
109 157
109 216
109 105
109 217
109 239
109 249
216 177
217 156
217 249
217 271
156 174
156 249
156 271
224 115
249 271
9 63
9 79
9 82
9 90
9 187
9 213
9 246
63 70
63 86
63 114
63 187
63 191
63 226
63 236
63 273
79 70
79 82
79 102
79 182
79 206
79 207
82 12
82 70
82 90
82 182
82 187
82 206
82 246
90 187
90 246
187 114
187 213
213 191
213 273
213 281
213 282
246 12
246 135
246 206
246 236
246 257
70 12
70 102
70 114
70 182
70 191
70 206
70 207
70 282
86 114
86 191
191 273
226 282
226 135
226 164
226 227
226 236
236 206
236 135
236 238
102 182
102 206
102 267
102 207
182 12
182 206
206 12
206 46
206 207
206 267
207 267
207 87
12 60
12 80
12 257
12 282
281 80
281 282
281 230
282 17
282 97
282 165
282 248
80 47
80 64
80 278
47 18
47 49
47 165
64 278
278 50
278 125
46 228
46 267
50 125
17 157
17 248
17 275
97 165
248 94
248 111
248 152
248 170
112 198
112 203
32 18
32 260
259 210
14 57
57 149
149 232
15 33
15 188
33 124
188 72
188 201
124 214
72 201
72 76
72 178
201 25
201 243
25 243
30 232
121 242
202 94
202 154
202 269
235 269
157 27
157 75
157 123
157 179
157 258
157 275
275 75
275 99
275 258
87 265
152 94
27 123
75 258
123 254
179 130
179 99
258 99
94 154
111 170
247 194
18 49
20 67
20 148
20 163
67 163
67 264
148 250
148 264
163 130
163 264
264 137
264 250
250 137
130 38
108 29
168 177
36 105
36 174
174 105
38 129
228 265
164 238
227 238
227 176
238 176
