0 6
0 11
0 92
0 160
0 213
0 371
0 457
0 471
0 488
0 746
0 751
0 758
0 767
6 11
6 15
6 50
6 206
6 349
6 355
6 392
6 472
6 614
6 637
6 680
6 729
6 748
11 160
11 661
11 670
11 758
92 98
92 160
92 304
92 440
92 488
92 758
160 17
160 188
160 213
160 440
160 488
160 661
160 751
160 758
213 36
213 61
213 105
213 322
213 465
213 488
213 491
213 530
213 535
213 661
213 670
213 725
213 758
213 767
371 201
371 206
371 328
371 394
371 456
371 488
371 491
371 497
371 530
457 62
457 67
457 106
457 134
457 155
457 173
457 191
457 199
457 214
457 336
457 358
457 400
457 451
457 455
457 471
457 497
457 498
457 527
457 535
457 566
457 575
457 616
457 661
457 712
457 773
471 5
471 26
471 60
471 61
471 113
471 149
471 183
471 199
471 204
471 244
471 329
471 377
471 396
471 455
471 465
471 488
471 535
471 661
471 712
488 17
488 36
488 51
488 53
488 98
488 191
488 206
488 266
488 324
488 328
488 342
488 377
488 394
488 491
488 530
488 564
488 671
488 751
488 767
488 769
488 788
746 10
746 64
746 68
746 248
746 267
746 427
746 503
746 513
746 547
746 679
746 758
746 789
751 440
751 455
751 547
751 564
758 26
758 36
758 51
758 53
758 98
758 118
758 206
758 266
758 267
758 346
758 427
758 455
758 491
758 510
758 564
758 590
758 661
758 687
758 788
767 440
767 17
767 26
767 38
767 60
767 70
767 94
767 118
767 123
767 166
767 202
767 262
767 269
767 276
767 328
767 420
767 427
767 455
767 475
767 541
767 548
767 614
767 661
767 687
767 725
767 769
767 788
15 609
15 748
50 14
50 204
50 286
50 386
50 420
50 444
50 550
50 616
50 646
50 725
50 52
50 250
50 392
50 397
50 691
206 440
206 4
206 400
349 286
349 770
349 9
349 346
349 372
349 397
349 411
349 651
349 785
355 448
355 14
355 192
355 286
355 304
355 420
355 510
355 589
355 701
355 725
355 171
355 373
355 397
355 411
355 483
355 556
355 559
355 590
355 651
355 652
355 662
392 260
392 454
392 101
392 133
392 178
392 236
392 326
392 395
392 416
392 591
392 613
392 651
392 691
392 747
392 775
472 386
472 200
472 397
472 571
472 614
472 651
472 729
472 785
614 204
614 386
614 510
614 616
614 73
614 397
614 70
614 98
614 109
614 267
614 373
614 427
614 530
614 609
614 729
614 742
614 785
637 286
637 350
637 386
637 405
637 420
637 421
637 616
637 47
637 169
637 328
637 373
637 397
637 549
637 646
637 748
637 749
637 768
637 775
680 197
680 308
680 19
680 209
680 216
680 251
680 358
680 452
680 547
680 565
680 605
680 678
680 730
680 738
680 740
680 790
729 286
729 200
729 73
729 397
729 109
729 303
729 466
729 618
729 651
729 665
729 756
748 448
748 57
748 192
748 202
748 286
748 405
748 420
748 580
748 646
748 454
748 353
748 372
748 556
748 626
748 709
661 377
670 61
670 535
670 679
670 13
670 120
670 150
670 327
670 332
670 351
670 407
670 459
670 685
670 692
670 742
670 759
78 97
78 118
78 284
78 447
78 451
78 535
78 616
97 284
97 185
97 389
97 598
97 730
118 514
118 725
118 10
118 547
118 26
118 166
118 328
118 377
118 468
118 530
118 573
284 278
284 5
284 13
284 16
284 62
284 189
284 249
284 252
284 255
284 308
284 389
284 429
284 436
284 447
284 451
284 479
284 483
284 499
284 523
284 679
284 684
284 707
284 712
284 714
284 775
447 451
447 48
447 221
447 484
447 524
447 608
447 629
451 80
451 550
451 749
451 429
451 176
451 618
451 704
451 46
451 163
451 227
451 417
535 55
535 110
535 4
535 124
535 220
535 246
535 360
535 396
535 454
535 42
535 60
535 177
535 264
535 275
535 364
535 594
535 611
535 635
535 705
535 745
535 775
616 2
616 192
616 204
616 239
616 286
616 304
616 510
616 589
616 45
616 61
616 82
616 159
616 169
616 308
616 373
616 456
616 483
616 511
616 556
616 634
616 646
616 651
616 679
616 785
98 440
98 210
304 2
304 14
304 286
304 386
304 397
304 464
304 589
304 671
304 785
440 53
440 394
440 530
440 564
440 788
17 320
17 385
17 429
17 456
17 540
17 549
17 721
188 550
188 171
188 618
188 704
188 111
188 343
188 261
188 274
188 407
188 424
188 480
188 585
36 465
36 342
36 538
61 80
61 113
61 286
61 311
61 3
61 4
61 13
61 74
61 83
61 170
61 177
61 220
61 257
61 260
61 302
61 307
61 366
61 368
61 369
61 374
61 394
61 412
61 416
61 425
61 467
61 481
61 506
61 514
61 707
61 713
61 742
61 775
322 437
322 317
322 465
322 635
322 584
322 195
322 398
465 124
465 679
465 13
465 60
465 330
491 350
491 197
491 394
491 16
491 328
491 738
530 420
530 510
530 55
530 38
530 26
530 166
530 39
530 49
530 70
530 267
530 276
530 348
530 353
530 406
530 414
530 427
530 538
530 552
530 597
530 719
530 769
725 448
725 4
725 220
725 246
725 96
725 262
725 264
725 301
725 370
725 382
725 603
725 643
725 654
201 14
201 396
201 49
201 307
328 350
328 708
328 671
328 394
328 456
328 497
328 161
394 350
394 10
394 51
394 65
394 456
394 782
456 350
456 708
456 320
456 224
456 373
456 549
497 550
497 181
497 455
497 35
497 60
497 191
497 273
497 359
497 424
497 546
497 575
497 785
53 166
53 60
62 699
62 199
62 678
62 606
62 720
67 77
67 470
67 677
67 653
67 744
106 448
106 192
106 257
106 286
106 567
106 589
106 621
106 662
106 711
106 755
134 143
134 308
134 216
134 515
134 412
134 302
134 551
134 765
134 626
134 161
134 157
134 295
155 24
155 173
155 500
173 514
173 122
173 248
173 513
173 24
173 30
173 527
173 703
173 743
191 550
191 668
191 684
191 565
191 582
191 618
191 640
191 597
191 336
191 154
191 168
191 179
191 375
191 479
191 489
191 546
191 644
199 212
199 631
199 246
199 499
199 547
199 553
199 513
199 19
199 216
199 368
199 402
199 412
199 452
199 478
199 515
199 539
199 606
199 727
199 740
214 667
214 35
214 361
214 512
336 550
336 197
336 679
336 181
336 736
336 229
336 46
336 168
336 179
336 249
336 296
336 348
336 402
336 626
358 80
358 550
358 684
358 429
358 736
358 209
358 618
358 597
358 170
358 179
358 243
358 433
358 555
400 550
400 783
400 332
400 463
400 274
455 548
455 679
455 736
455 412
455 618
455 541
455 26
455 60
455 179
455 427
455 475
455 590
455 651
455 726
498 80
498 749
498 197
498 308
498 429
498 19
498 140
498 163
498 687
498 765
527 24
527 321
566 278
566 550
566 759
566 60
566 603
566 654
566 732
575 420
575 679
575 397
575 671
575 736
575 412
575 35
575 241
575 249
575 376
575 390
575 445
575 508
575 595
575 626
575 773
575 789
712 386
712 19
712 478
773 429
773 376
5 749
5 308
5 317
5 362
5 499
5 594
5 668
5 679
5 774
26 166
26 342
26 377
26 573
60 550
60 246
60 704
60 710
60 377
60 151
60 168
60 769
113 2
113 20
113 31
113 47
113 52
113 110
113 143
113 204
113 286
113 311
113 369
113 412
113 423
113 675
113 775
113 785
149 55
149 354
149 423
149 396
149 641
149 682
149 93
149 32
149 35
149 407
149 442
149 468
149 660
149 787
183 738
183 343
204 144
204 286
204 317
204 345
204 442
204 444
204 506
204 557
204 646
204 650
204 785
244 251
244 667
244 185
244 389
244 209
244 35
244 229
244 512
244 598
244 619
329 57
329 347
329 580
329 345
329 519
329 557
329 584
329 625
329 636
329 643
377 64
377 308
377 547
377 166
377 372
377 538
377 573
396 220
396 246
396 10
396 83
396 264
396 312
396 318
396 412
396 454
396 496
396 669
396 682
396 702
396 736
396 759
51 10
51 68
51 549
266 510
266 348
266 427
324 110
324 143
324 423
324 308
324 553
324 691
324 684
324 775
324 783
324 47
324 707
324 71
324 365
324 618
324 111
324 75
324 84
324 236
324 258
324 274
324 275
324 298
324 312
324 343
324 368
324 395
324 407
324 463
324 480
324 487
324 662
324 663
342 538
342 573
671 286
671 386
671 420
671 646
671 679
671 411
671 9
671 224
671 341
671 353
671 359
671 363
671 449
671 549
671 789
769 510
769 541
769 427
10 286
10 64
10 260
10 514
10 68
10 77
10 119
10 162
10 248
10 316
10 326
10 340
10 403
10 416
10 503
10 513
10 547
10 624
10 664
10 714
10 771
64 3
64 42
64 68
64 110
64 190
64 222
64 317
64 319
64 515
64 553
64 567
64 602
64 621
64 649
64 755
64 789
68 7
68 624
68 711
248 514
248 547
248 270
248 321
248 433
248 509
248 513
248 681
248 743
267 510
267 143
267 668
267 774
267 171
267 597
267 269
267 154
267 168
267 65
267 70
267 215
267 256
267 330
267 348
267 359
267 479
267 489
427 510
427 88
427 762
427 154
427 601
427 330
427 348
427 359
427 709
503 514
503 7
503 205
503 494
503 547
503 663
513 514
513 24
513 270
513 759
547 550
547 425
547 514
547 75
547 95
547 166
547 367
547 452
547 494
547 517
547 554
547 597
547 621
547 624
547 644
547 663
547 664
547 687
547 711
547 771
547 792
679 278
679 165
679 192
679 646
679 514
679 220
679 177
679 308
679 594
679 668
679 71
679 96
679 99
679 176
679 251
679 263
679 274
679 366
679 390
679 417
679 474
679 516
679 603
679 662
679 666
679 726
679 774
679 775
789 308
789 449
789 517
346 701
346 233
346 387
346 469
346 479
346 554
510 448
510 2
510 14
510 135
510 286
510 350
510 421
510 70
510 154
510 225
510 353
510 359
510 391
510 406
510 442
510 511
510 557
510 559
510 647
510 662
510 687
510 694
510 708
510 719
510 742
510 785
590 192
590 594
590 171
590 742
590 651
590 665
687 668
687 162
687 389
687 597
687 31
687 70
687 154
687 288
687 330
687 348
687 359
687 376
687 654
38 548
38 669
38 24
38 269
38 482
38 672
70 286
70 684
70 171
70 389
70 597
70 154
70 506
70 288
70 404
94 2
94 47
94 135
94 264
94 307
94 386
94 397
94 589
94 651
94 785
123 420
123 444
123 694
123 47
123 549
123 224
123 623
123 169
123 225
123 262
123 373
123 391
123 442
123 557
123 634
123 651
166 573
202 2
202 286
202 405
202 563
202 636
202 662
202 768
202 785
262 442
262 643
269 142
269 482
420 2
420 386
420 405
420 83
420 159
420 197
420 353
420 397
420 454
420 557
420 589
420 646
420 651
420 686
420 701
420 708
420 756
420 785
420 786
541 88
548 55
548 4
548 220
548 360
548 483
548 540
548 554
548 702
548 774
1 278
278 72
278 99
278 179
278 306
278 390
278 424
278 536
278 550
278 594
278 599
278 732
72 172
99 578
99 618
99 168
99 390
99 203
99 426
99 536
99 599
179 791
179 343
179 651
179 145
179 103
179 140
179 249
306 448
306 3
306 20
306 76
306 85
306 171
306 203
306 219
306 468
306 536
306 578
306 705
390 154
390 96
390 489
424 550
424 486
424 108
424 168
424 282
424 715
536 578
536 691
536 759
536 618
536 108
536 275
536 203
536 219
536 480
536 331
550 2
550 136
550 220
550 241
550 249
550 252
550 261
550 330
550 343
550 375
550 445
550 466
550 483
550 504
550 565
550 585
550 603
550 618
550 640
550 785
594 16
594 20
594 96
594 154
594 171
594 176
594 233
594 327
594 515
594 606
594 666
594 668
594 682
594 745
594 759
594 775
599 618
599 479
732 397
732 144
448 109
448 578
448 641
109 662
109 511
109 144
109 305
109 726
578 580
578 708
578 3
578 369
578 22
578 76
578 172
578 219
578 537
641 14
641 421
641 694
641 708
641 49
641 52
641 82
641 224
641 391
641 557
641 709
641 721
2 14
2 80
2 165
2 192
2 239
2 286
2 347
2 350
2 386
2 405
2 421
2 580
2 592
2 646
2 694
2 749
14 47
14 171
14 180
14 386
14 405
14 411
14 684
80 24
80 35
80 88
80 147
80 150
80 185
80 273
80 359
80 412
80 489
80 545
80 736
165 666
192 386
192 589
192 662
239 47
239 82
239 286
239 307
239 501
239 602
239 701
286 135
286 3
286 43
286 47
286 87
286 128
286 171
286 264
286 285
286 307
286 313
286 317
286 405
286 406
286 410
286 411
286 506
286 562
286 601
286 615
286 626
286 646
286 651
286 675
286 686
286 701
286 708
286 742
286 749
286 775
286 785
286 786
347 57
347 139
347 307
347 391
347 580
347 597
347 625
347 708
350 63
386 47
386 49
386 73
386 313
386 411
386 483
386 651
386 684
405 57
405 49
405 54
405 82
405 224
405 391
405 421
405 559
405 563
405 647
405 694
405 708
405 742
405 786
421 45
421 47
421 82
421 373
421 444
421 602
421 650
421 651
421 701
580 82
580 224
580 345
580 391
580 519
580 557
580 559
580 563
580 592
580 625
592 397
592 563
646 57
646 83
646 250
646 353
646 373
646 397
646 556
646 647
646 651
646 785
694 224
694 317
694 391
694 557
749 13
749 24
749 35
749 88
749 129
749 181
749 186
749 194
749 233
749 287
749 417
749 459
749 463
749 514
749 539
749 622
749 640
749 652
749 667
749 684
749 700
749 750
749 786
47 311
47 589
47 397
47 82
47 83
47 154
47 264
47 372
47 373
47 511
47 601
47 602
47 626
47 675
47 705
47 785
171 311
171 589
171 514
171 220
171 668
171 774
171 684
171 20
171 31
171 96
171 142
171 147
171 154
171 176
171 241
171 249
171 264
171 307
171 404
171 508
171 601
171 665
171 740
171 759
180 177
180 88
180 216
180 259
180 333
180 389
180 393
180 422
180 760
411 775
684 514
684 308
684 499
684 714
684 20
684 85
684 126
684 154
684 176
684 182
684 189
684 283
684 291
684 312
684 323
684 375
684 404
684 567
684 606
684 626
684 682
684 755
684 759
684 791
57 353
57 519
57 556
57 557
57 559
57 563
57 625
57 636
57 786
353 43
353 313
353 391
353 442
353 501
353 556
353 647
353 786
519 673
519 345
556 623
556 501
556 786
557 444
557 708
557 623
557 82
557 563
557 391
557 225
557 442
557 559
557 571
559 82
559 563
559 391
559 636
559 658
563 224
563 82
563 49
563 120
563 128
563 359
563 391
563 636
625 768
625 658
636 391
636 395
636 468
636 734
786 54
786 647
24 514
24 317
24 119
24 291
24 30
24 93
24 141
24 172
24 193
24 209
24 321
24 412
24 509
24 582
24 618
24 640
24 645
24 703
35 185
35 389
35 736
35 211
35 229
35 343
35 452
35 512
35 598
35 605
35 678
35 790
88 631
88 403
88 699
88 25
88 161
88 259
88 302
88 330
88 335
88 458
88 606
88 639
147 699
147 287
147 48
147 157
147 271
147 292
150 685
150 16
150 412
150 489
150 610
150 736
150 759
185 19
185 182
185 216
185 318
185 335
185 343
185 520
185 539
185 565
185 606
185 618
185 727
185 736
273 425
273 429
273 412
273 74
273 198
273 184
273 207
273 279
273 493
273 545
273 596
273 604
273 683
359 668
359 714
359 154
359 168
359 65
359 75
359 215
359 288
359 330
359 348
412 308
412 553
412 736
412 71
412 34
412 170
412 249
412 335
412 372
412 558
412 622
412 651
412 765
489 759
489 389
489 343
489 154
489 210
489 348
489 492
545 631
545 618
545 255
545 263
545 281
545 357
545 438
545 502
545 554
545 688
545 692
545 737
545 787
736 212
736 397
736 664
736 494
736 759
736 19
736 96
736 184
736 187
736 335
736 343
736 502
135 481
135 500
135 583
135 651
264 514
264 770
264 397
264 775
264 31
264 96
264 154
264 238
264 295
264 571
264 601
264 602
264 765
307 143
307 369
307 674
307 177
307 759
307 139
307 742
307 601
307 249
307 364
397 701
397 514
397 139
397 154
397 250
397 373
397 601
397 651
397 721
397 756
397 785
589 172
589 318
589 343
589 618
589 675
651 200
651 172
651 618
651 343
651 601
651 483
651 506
651 756
785 770
785 139
785 675
785 601
785 52
785 506
257 354
257 775
257 195
257 268
257 298
257 327
567 319
567 190
567 208
567 553
567 326
567 515
567 222
567 289
567 662
621 319
621 208
621 326
621 707
621 711
621 289
621 384
621 561
621 574
621 755
662 42
662 711
662 755
711 319
711 454
711 190
711 208
711 553
711 326
711 664
711 771
711 600
711 685
711 707
711 515
711 42
711 75
711 167
711 289
711 561
755 319
755 774
755 326
755 664
755 707
755 96
755 103
755 115
755 252
755 301
755 370
755 480
755 576
755 643
20 775
20 759
20 515
20 176
31 143
31 775
31 176
31 79
31 139
52 391
52 501
110 3
110 55
110 19
110 231
110 260
110 354
110 369
110 423
110 514
110 516
110 707
110 763
143 311
143 3
143 177
143 506
143 514
143 675
143 704
143 770
311 3
311 18
311 177
311 369
311 675
369 3
369 103
369 177
369 287
369 423
369 511
369 516
369 618
423 3
423 55
423 260
423 354
423 172
423 255
423 287
423 327
423 363
423 374
675 46
675 610
775 260
775 416
775 691
775 13
775 29
775 71
775 101
775 133
775 236
775 327
775 337
775 436
775 463
775 505
775 515
775 521
775 525
775 591
775 663
775 685
775 700
775 705
775 759
481 55
481 631
481 308
481 287
481 742
481 255
481 289
481 363
481 410
481 462
481 525
500 277
500 210
500 441
500 383
500 562
583 203
666 774
666 686
768 783
768 22
768 111
768 274
768 299
768 327
768 368
768 391
768 442
768 516
768 526
768 587
768 763
144 506
144 650
317 260
317 21
317 32
317 119
317 133
317 136
317 275
317 326
317 340
317 373
317 485
317 492
317 522
317 525
317 598
317 605
317 613
317 620
317 703
317 779
345 444
345 73
345 623
345 225
345 634
442 444
442 623
442 634
442 225
442 253
442 313
442 571
444 82
444 225
444 299
444 391
444 623
444 634
506 308
506 685
506 373
650 321
650 373
650 305
650 339
82 701
82 224
82 630
82 54
82 373
82 391
602 701
602 326
602 781
602 652
701 56
701 163
701 250
701 352
701 372
701 464
701 516
701 686
3 55
3 212
3 319
3 354
3 425
3 514
3 631
3 674
3 770
43 623
43 742
87 22
87 410
87 742
128 623
128 742
128 647
128 658
285 742
285 410
285 562
313 454
313 162
313 707
313 790
313 275
313 681
406 73
406 410
406 562
410 742
410 562
601 454
601 200
601 73
601 154
601 164
615 366
615 71
615 108
615 407
615 327
615 644
626 499
626 515
626 569
626 263
626 388
626 428
626 436
626 581
686 168
686 756
708 224
708 373
708 391
708 537
708 549
708 634
708 721
742 158
742 391
742 516
464 260
18 700
177 514
177 42
177 86
177 154
177 198
177 292
177 372
177 479
177 568
139 597
139 516
139 778
391 224
391 54
391 647
391 654
597 560
597 193
597 321
597 154
597 288
597 348
597 433
597 446
49 454
49 320
49 224
49 250
73 634
483 494
483 65
483 249
483 468
483 480
483 644
483 692
483 730
54 647
224 721
224 27
224 373
647 709
83 667
83 121
83 145
83 210
83 327
83 338
83 584
197 425
197 4
197 19
197 163
197 450
197 458
197 494
197 738
197 790
454 4
454 146
454 148
454 152
454 170
454 327
454 374
454 407
454 505
454 525
454 587
454 667
454 692
373 549
225 634
225 468
225 571
623 634
634 549
154 514
154 759
154 96
154 168
154 215
154 256
154 312
154 348
154 479
511 771
511 65
136 611
220 4
220 124
220 437
220 496
220 584
220 726
241 426
241 182
241 508
241 595
249 791
249 145
249 436
249 140
252 172
252 232
252 151
252 96
252 132
252 115
252 570
252 576
261 59
261 157
330 215
330 761
343 208
343 618
343 111
343 258
343 480
343 663
375 425
375 774
375 618
375 74
375 255
375 388
375 558
375 643
375 741
445 308
445 494
445 233
445 665
445 238
445 644
445 296
445 282
466 190
504 738
504 417
504 255
504 388
504 484
504 554
504 741
565 699
565 19
565 168
565 335
565 458
565 740
585 642
585 783
585 69
585 293
585 690
585 713
585 368
585 84
585 240
585 327
585 413
585 587
585 622
603 461
603 96
603 121
603 103
603 132
603 301
603 576
603 399
603 446
603 542
603 643
618 429
618 389
618 539
618 291
618 34
618 479
618 622
618 765
640 172
640 193
640 209
640 168
172 55
172 682
172 96
172 189
172 259
172 368
172 431
172 436
172 660
318 55
308 71
308 170
308 258
308 325
308 340
308 429
308 433
308 479
308 480
308 486
308 505
308 591
308 652
308 667
308 750
308 784
549 721
56 430
56 28
56 309
56 473
56 716
163 122
163 685
163 429
163 790
163 383
352 296
372 479
372 546
372 554
516 691
516 111
516 689
516 407
516 763
516 526
537 326
537 100
537 76
537 461
537 203
537 409
537 432
537 529
537 607
721 320
721 385
721 379
721 414
721 571
13 319
13 200
13 499
13 251
13 507
13 667
13 783
129 162
129 389
129 93
129 419
129 436
129 518
129 521
129 577
181 251
181 699
181 19
181 168
181 581
186 102
194 162
194 521
233 77
233 89
233 707
233 44
233 152
233 58
233 170
233 275
233 296
233 505
233 632
287 667
287 291
287 30
287 65
287 388
287 417
287 431
287 479
287 617
287 659
417 610
417 131
417 555
459 162
459 735
459 327
459 86
463 543
463 326
463 642
463 407
463 95
463 203
463 258
463 327
463 413
463 526
463 622
463 663
463 763
463 780
514 367
514 462
514 494
514 515
514 667
514 714
539 340
539 19
539 389
539 376
539 581
622 543
622 326
622 416
622 366
622 71
622 274
622 84
622 227
622 587
652 208
652 553
652 275
652 574
667 229
667 598
667 619
667 738
667 790
700 162
700 699
700 292
700 422
700 518
700 577
55 265
55 665
319 42
319 208
319 222
319 256
319 515
319 553
319 664
319 707
354 268
354 665
425 90
425 174
425 184
425 198
425 255
425 263
425 281
425 357
425 388
425 438
425 474
425 558
425 611
425 683
425 777
631 81
631 117
631 161
631 184
631 370
631 389
631 499
631 515
631 554
631 633
631 688
631 693
674 210
674 441
674 479
674 692
770 100
770 164
265 4
265 246
4 124
4 246
4 360
4 669
4 673
74 174
74 198
74 279
74 461
74 683
74 697
170 291
170 560
170 791
170 152
170 505
260 133
260 326
260 365
260 416
260 588
260 591
260 607
260 747
302 389
302 27
302 551
302 676
302 723
366 691
366 699
366 21
366 29
366 111
366 217
366 274
366 332
366 368
366 413
368 543
368 774
368 579
368 691
368 783
368 478
368 95
368 120
368 236
368 274
368 407
368 413
368 480
368 526
368 587
368 663
368 780
374 148
374 218
374 127
374 384
374 655
374 724
374 752
416 101
416 133
416 236
416 274
416 298
416 337
416 439
416 480
416 587
416 591
416 691
416 747
416 783
467 130
467 184
467 263
467 380
467 608
467 628
707 190
707 208
707 553
707 664
707 16
707 75
707 231
707 256
707 274
707 275
707 289
707 370
707 490
707 574
707 663
713 111
713 40
713 690
713 84
713 663
42 326
42 745
190 208
190 256
190 553
190 664
222 326
222 495
515 499
515 664
515 771
515 759
515 19
515 216
515 75
515 96
515 275
515 327
515 332
515 384
515 490
515 606
515 610
515 649
515 657
515 791
553 8
553 75
553 256
553 274
553 582
553 593
553 657
553 664
553 765
649 216
649 295
649 521
19 499
19 251
19 507
19 216
19 226
19 389
19 738
231 89
231 486
231 476
231 351
231 37
763 579
763 407
763 370
763 587
763 663
704 531
133 326
133 236
133 298
133 101
133 337
133 439
326 71
326 432
326 495
326 588
326 607
326 613
326 691
326 745
365 543
365 783
365 22
365 300
365 245
365 327
365 529
365 587
588 591
591 781
591 111
591 236
591 298
591 101
591 337
607 272
607 745
607 337
607 743
607 432
607 613
747 691
747 478
747 480
747 663
747 258
76 100
76 29
76 85
76 219
76 480
85 203
85 760
219 468
468 351
468 520
468 528
705 499
705 507
705 218
705 408
705 211
705 157
705 327
208 8
208 66
208 75
208 167
208 256
208 275
208 289
208 384
208 648
208 657
208 664
256 664
256 771
256 274
256 275
256 657
256 75
664 75
664 275
664 685
664 739
664 771
103 151
103 279
103 461
103 184
103 207
103 728
103 777
103 130
103 325
103 357
103 370
103 399
103 502
103 654
255 777
255 502
255 221
255 380
255 608
327 543
327 642
327 293
327 240
327 370
327 587
327 610
327 627
363 689
90 292
90 279
90 184
90 207
90 524
90 611
90 728
90 777
174 198
174 596
174 683
174 753
184 738
184 292
184 388
184 558
184 604
184 777
198 279
263 683
263 484
263 281
281 237
281 356
357 611
357 325
357 434
357 438
388 207
388 502
388 474
438 524
438 728
438 502
438 434
438 221
438 380
438 474
474 683
474 484
611 325
611 434
683 279
683 221
683 697
777 279
777 461
777 207
777 524
777 228
777 380
777 382
777 435
777 502
777 722
777 764
777 766
367 41
367 520
462 401
494 77
494 16
494 470
494 383
494 654
494 663
494 738
494 765
714 7
22 71
22 100
22 102
22 300
22 478
22 706
81 161
81 586
117 33
117 677
161 335
370 507
370 216
370 226
370 96
370 338
370 663
370 458
370 301
370 182
370 534
370 542
370 570
370 576
370 654
370 739
389 699
389 216
389 156
389 314
389 518
389 605
389 606
389 760
389 790
499 182
499 216
499 297
499 393
499 418
499 790
499 791
554 279
554 608
633 207
688 737
693 215
210 344
210 441
441 151
441 338
441 294
441 301
479 668
479 774
479 429
479 151
479 288
479 348
692 215
692 383
692 757
100 132
100 315
100 529
100 574
164 414
124 246
124 437
124 635
124 726
246 142
246 360
246 544
246 635
669 325
669 544
437 195
635 460
635 496
635 695
458 738
458 520
738 77
738 403
738 142
738 480
738 644
738 790
790 229
790 512
790 619
790 314
790 418
496 695
584 332
584 581
312 407
312 96
682 176
702 320
759 200
759 685
759 16
146 430
146 209
146 28
148 16
148 218
148 638
148 655
148 752
152 89
152 44
152 46
152 620
152 630
152 663
407 543
407 247
407 642
407 478
407 95
407 158
407 413
407 480
407 526
407 587
407 663
505 291
505 568
525 291
587 480
587 158
587 413
587 526
587 663
275 66
275 111
275 274
275 480
364 200
745 298
745 432
745 613
774 668
774 289
774 469
774 572
325 130
96 176
96 677
96 151
96 121
96 258
96 576
96 610
96 654
301 151
301 461
301 121
301 310
301 399
301 446
301 542
301 576
301 654
382 379
382 643
382 555
643 151
643 333
643 399
643 379
654 470
654 752
654 151
654 522
654 121
654 338
654 576
654 310
654 334
654 724
654 784
362 175
668 168
668 288
668 348
86 251
86 104
86 283
292 48
292 492
568 291
16 89
16 218
16 486
16 699
16 752
189 385
429 316
429 93
429 138
429 546
429 595
429 620
436 383
523 209
71 84
71 236
71 245
71 298
71 300
71 478
258 543
258 478
258 706
258 413
258 315
340 209
340 698
433 401
480 579
480 642
480 783
480 274
480 298
480 112
480 395
480 487
480 663
486 89
486 715
32 430
32 28
32 473
119 453
119 30
119 446
485 28
485 309
485 473
492 717
522 77
522 733
522 238
522 724
598 378
598 619
605 211
605 619
613 476
613 439
613 432
620 46
620 595
620 660
703 453
703 699
703 30
703 321
703 79
703 243
703 356
703 446
703 644
779 91
779 107
779 408
182 216
182 740
216 376
216 518
216 521
216 606
216 720
297 132
393 720
418 678
418 606
418 295
791 23
791 272
791 291
791 731
791 145
791 415
543 158
543 274
543 478
543 663
158 579
158 95
158 413
158 780
274 66
274 102
274 69
274 111
274 75
274 116
274 663
478 579
478 111
478 245
478 332
478 526
663 642
663 242
663 776
663 690
663 95
663 413
176 404
176 610
176 765
606 727
168 193
168 288
168 644
288 215
288 348
348 151
348 215
251 209
251 735
572 151
572 399
691 178
691 227
691 337
691 395
691 477
691 487
691 718
691 783
101 337
101 439
101 718
178 227
178 395
236 783
236 298
236 337
395 439
395 718
395 112
395 227
209 453
209 79
209 211
209 509
209 737
452 229
452 619
678 295
730 381
730 696
740 639
7 624
77 238
77 403
77 470
77 630
77 653
162 48
162 59
162 521
316 422
316 595
403 140
771 89
771 226
771 490
771 593
771 716
205 743
75 111
95 579
95 413
95 780
517 408
517 760
517 104
517 508
517 627
644 383
644 235
792 470
8 247
8 453
247 645
453 321
66 657
657 574
167 384
384 648
384 65
384 656
648 781
648 79
321 401
321 30
321 414
321 509
765 470
765 677
765 402
449 639
470 402
470 431
470 653
630 127
630 44
630 638
653 431
573 431
573 538
30 401
446 226
446 744
446 461
446 121
446 132
446 333
446 399
446 534
48 232
521 283
521 157
521 577
270 401
270 509
509 401
681 718
422 699
422 34
422 138
595 404
595 508
698 507
698 229
140 610
140 323
337 579
337 439
783 112
783 227
783 338
783 413
579 84
579 111
579 413
579 526
579 780
84 642
111 642
111 29
111 40
111 293
413 120
413 780
526 332
642 40
642 776
40 293
40 690
776 29
776 120
776 528
685 29
685 41
739 226
739 245
739 534
227 718
227 487
487 112
718 112
718 116
718 120
226 115
226 132
226 338
226 581
226 733
332 153
351 309
351 476
351 33
351 656
351 677
12 600
12 781
781 137
781 561
507 581
735 23
735 230
735 243
735 283
581 512
581 338
229 211
229 619
619 508
283 230
291 23
291 104
291 243
291 546
291 560
291 731
291 744
29 69
112 772
338 232
338 121
338 132
338 331
338 333
508 760
508 104
508 576
508 435
259 335
259 546
333 121
333 228
333 435
333 576
760 720
41 156
41 277
218 638
218 656
699 555
699 659
699 660
752 724
638 473
638 656
655 656
610 138
715 282
555 193
660 435
660 223
660 280
138 34
138 435
379 414
414 254
414 339
518 157
518 577
335 520
520 754
727 378
115 733
115 232
115 132
115 130
115 310
132 733
132 232
132 612
733 232
733 310
314 114
502 461
502 532
502 787
217 153
102 116
102 300
102 315
102 529
315 116
529 116
23 242
23 272
23 430
23 560
23 731
242 104
242 272
272 731
430 744
560 104
560 744
744 677
415 356
415 596
34 91
34 107
34 569
25 710
25 762
552 254
27 551
551 676
723 196
28 473
473 309
309 476
309 677
476 632
476 677
677 33
293 690
91 107
435 576
361 282
58 232
296 234
296 443
232 130
232 399
232 570
310 334
310 534
121 461
121 399
121 542
121 570
130 461
130 697
130 399
399 461
399 542
570 461
221 524
221 380
221 484
221 629
484 629
524 380
608 380
151 461
151 576
460 695
419 533
461 207
461 542
576 228
279 207
279 596
697 532
596 125
753 604
228 766
533 290
