0 53
0 70
0 119
53 5
53 19
53 40
53 45
53 46
53 51
53 64
53 70
53 71
53 74
53 82
53 91
53 101
53 118
53 119
53 124
53 128
53 136
53 147
53 150
53 162
53 167
53 178
53 180
53 187
53 189
53 201
53 210
53 226
53 228
53 233
53 237
53 245
53 248
53 257
53 259
53 260
53 266
53 267
53 268
53 269
70 4
70 7
70 23
70 33
70 44
70 51
70 67
70 68
70 71
70 75
70 107
70 110
70 119
70 150
70 165
70 167
70 179
70 188
70 191
70 199
70 206
70 210
70 260
70 269
119 75
119 113
119 133
119 136
5 136
5 210
19 71
19 136
19 15
19 127
19 188
40 136
40 210
40 84
40 227
45 71
45 136
45 220
45 51
46 91
46 151
51 54
51 113
51 71
51 114
51 136
51 150
51 218
51 210
51 11
51 38
51 43
51 48
51 118
51 127
51 157
51 166
51 178
51 191
51 207
51 211
51 215
51 225
51 234
51 238
51 252
51 262
64 136
64 210
64 226
64 233
71 54
71 113
71 62
71 63
71 4
71 7
71 8
71 11
71 12
71 15
71 16
71 17
71 25
71 26
71 28
71 31
71 32
71 36
71 37
71 38
71 39
71 42
71 47
71 48
71 50
71 58
71 60
71 65
71 67
71 74
71 77
71 78
71 80
71 82
71 83
71 86
71 87
71 90
71 95
71 100
71 102
71 103
71 108
71 109
71 111
71 116
71 117
71 118
71 120
71 127
71 130
71 136
71 138
71 143
71 146
71 148
71 149
71 150
71 152
71 154
71 155
71 156
71 157
71 158
71 159
71 160
71 167
71 169
71 173
71 176
71 179
71 180
71 185
71 191
71 192
71 197
71 199
71 203
71 204
71 205
71 207
71 209
71 210
71 215
71 218
71 221
71 223
71 224
71 225
71 227
71 230
71 231
71 234
71 235
71 236
71 238
71 240
71 241
71 248
71 249
71 250
71 251
71 257
71 261
71 263
71 264
71 267
71 269
74 4
74 67
74 80
74 114
74 118
74 136
74 166
74 167
74 194
74 199
74 210
74 211
74 215
74 221
74 237
74 252
82 136
82 218
82 221
82 210
82 23
82 167
82 118
82 160
82 267
91 136
101 136
101 210
101 128
118 136
118 210
118 257
118 31
118 25
118 81
118 139
118 184
118 190
118 211
118 213
118 244
118 252
118 267
124 136
124 210
124 215
124 80
124 105
128 221
128 44
128 23
128 175
128 215
128 267
136 4
136 67
136 7
136 8
136 14
136 33
136 48
136 49
136 60
136 68
136 75
136 80
136 104
136 105
136 107
136 147
136 151
136 162
136 165
136 167
136 174
136 178
136 179
136 180
136 186
136 189
136 193
136 194
136 195
136 199
136 200
136 201
136 206
136 207
136 215
136 217
136 218
136 220
136 226
136 227
136 238
136 239
136 245
136 248
136 257
136 259
136 260
136 263
136 266
136 267
136 268
136 269
147 67
147 200
150 54
150 113
150 4
150 67
150 15
150 58
150 218
162 210
162 167
162 191
162 105
167 67
167 152
167 210
167 7
167 110
167 34
167 48
167 105
167 107
167 166
167 174
167 180
167 191
178 54
178 113
178 210
178 257
178 14
178 22
178 43
178 60
178 204
178 217
178 234
178 246
180 67
180 152
180 44
180 210
180 7
180 23
180 110
180 135
180 224
187 11
187 207
189 113
189 203
201 67
201 78
201 86
201 92
201 237
201 245
201 261
210 54
210 113
210 154
210 67
210 114
210 152
210 218
210 221
210 44
210 7
210 11
210 14
210 20
210 27
210 36
210 48
210 49
210 60
210 65
210 77
210 80
210 84
210 97
210 105
210 110
210 123
210 126
210 127
210 130
210 135
210 141
210 165
210 174
210 181
210 188
210 193
210 194
210 195
210 211
210 212
210 215
210 217
210 226
210 227
210 228
210 229
210 238
210 239
210 254
210 257
210 267
210 269
226 67
226 215
226 265
228 44
228 172
228 215
237 67
237 218
237 194
237 30
245 215
245 122
248 218
248 80
257 209
257 11
257 116
257 31
257 42
257 139
257 217
259 14
259 225
259 234
260 199
260 30
260 125
266 54
266 113
266 67
266 114
266 221
266 194
266 220
266 192
266 235
266 140
266 144
268 54
268 113
268 221
268 254
268 112
268 247
269 63
269 126
269 188
269 145
269 204
4 28
4 67
4 114
4 152
4 173
4 218
4 221
7 152
7 218
7 44
7 23
7 87
7 110
7 135
23 67
23 13
23 25
23 31
23 61
23 72
23 85
23 90
23 94
23 109
23 142
23 160
23 169
23 175
23 198
23 202
23 222
23 270
33 67
33 44
33 192
33 235
33 215
33 66
33 155
33 179
44 67
44 114
44 221
44 25
44 31
44 41
44 66
44 72
44 89
44 90
44 94
44 109
44 160
44 169
44 175
44 179
44 181
44 202
44 222
44 243
44 270
67 15
67 29
67 30
67 32
67 49
67 60
67 68
67 99
67 107
67 144
67 170
67 179
67 188
67 190
67 196
67 218
67 225
67 246
67 252
67 258
67 263
68 195
68 104
68 258
75 30
75 52
75 65
75 134
107 49
107 191
110 152
110 191
165 206
179 114
179 205
188 145
191 135
191 235
191 160
191 57
191 246
199 218
199 15
199 29
199 99
199 115
199 246
199 252
113 1
113 54
113 3
113 6
113 10
113 14
113 20
113 35
113 38
113 73
113 125
113 133
113 135
113 137
113 152
113 166
113 174
113 203
113 207
113 209
113 212
113 215
113 218
113 223
113 232
113 236
113 247
113 251
113 256
133 54
1 232
232 54
232 16
54 3
54 6
54 10
54 14
54 16
54 35
54 38
54 50
54 62
54 90
54 116
54 125
54 137
54 152
54 158
54 166
54 174
54 186
54 203
54 207
54 212
54 215
54 218
54 223
54 236
54 251
3 62
3 63
3 154
3 209
6 35
10 137
14 195
14 234
38 97
38 145
38 238
50 212
50 262
62 63
62 158
62 209
90 169
116 114
116 221
116 11
116 168
125 215
125 52
125 223
152 221
158 209
166 114
166 218
166 221
166 139
166 59
166 77
166 98
166 100
166 143
166 148
166 184
166 243
166 244
166 247
203 153
207 114
207 221
207 20
215 177
215 209
215 114
215 218
215 221
215 192
215 235
215 25
215 94
215 109
215 79
215 96
215 98
215 105
215 115
215 148
215 156
215 172
215 213
215 223
215 243
215 253
215 262
218 114
218 25
218 77
218 80
218 87
218 93
218 100
218 139
218 194
218 195
218 211
218 239
236 154
236 209
251 63
251 154
20 114
20 221
73 114
73 221
135 114
135 221
135 31
135 100
135 148
135 181
135 192
135 235
209 12
209 17
209 31
209 32
209 98
209 182
209 196
209 253
247 114
247 221
247 77
256 192
256 66
2 9
2 177
2 183
2 214
9 183
177 214
183 214
63 18
63 154
63 204
154 18
204 60
204 109
8 78
8 88
8 220
12 17
12 42
15 97
15 117
15 126
17 31
17 42
25 139
25 184
26 104
26 164
26 250
28 173
31 114
31 221
31 139
31 148
31 160
32 93
36 127
36 145
37 221
37 61
39 114
39 221
39 13
39 231
47 114
47 221
47 29
47 34
48 34
48 49
60 22
65 114
65 221
65 52
65 130
65 134
65 227
78 86
83 221
83 142
83 155
86 108
86 200
87 250
95 172
100 221
102 114
102 221
102 270
103 161
103 264
108 200
108 92
108 242
109 234
109 30
109 139
109 156
109 196
111 161
117 126
120 114
120 143
120 159
127 145
138 192
138 235
138 41
146 27
148 114
148 221
148 240
149 57
155 235
156 30
156 196
156 249
157 238
160 114
160 221
169 114
169 221
176 114
176 221
176 21
185 192
185 24
192 121
192 24
192 41
192 66
192 72
192 132
192 172
192 198
192 222
192 230
192 231
192 235
192 255
197 246
205 221
205 219
221 13
221 29
221 30
221 61
221 69
221 131
221 142
221 175
221 219
221 254
221 261
221 270
224 76
225 234
225 238
227 84
227 112
230 235
230 55
230 69
231 235
234 43
234 106
235 21
235 55
235 66
235 72
235 132
235 198
235 222
235 241
238 97
240 208
241 171
249 99
261 114
261 27
261 30
263 161
264 161
98 59
98 253
196 30
114 13
114 29
114 30
114 85
114 96
114 129
114 131
114 142
114 168
114 175
114 219
114 254
114 270
29 115
30 52
30 134
30 229
99 252
144 194
144 220
144 56
170 190
190 211
252 211
258 195
194 140
211 84
13 121
85 222
142 72
175 69
254 141
270 24
104 164
193 97
200 92
200 242
139 81
66 163
89 184
89 55
89 213
94 184
181 243
202 79
243 184
198 132
43 106
121 21
255 79
184 79
184 213
92 242
52 134
265 216
