645
474
46
170
410
190
506
337
55
82
478
300
352
680
121
60
181
500
354
219
139
299
96
51
679
329
493
233
620
528
624
622
582
611
515
589
384
669
395
353
317
502
306
349
684
625
608
544
534
505
283
390
588
627
482
281
412
697
220
556
597
295
555
165
178
183
392
334
492
213
639
296
509
152
633
61
617
19
413
616
387
426
425
212
171
603
553
600
406
362
424
459
541
429
581
234
536
309
451
75
501
416
217
523
206
30
66
456
332
521
511
570
475
594
391
267
18
250
73
333
86
207
422
232
99
447
64
513
540
376
58
404
39
604
85
591
381
519
340
599
522
675
583
339
280
503
266
156
286
634
40
225
191
438
205
282
552
598
257
592
76
386
79
255
398
613
12
435
527
374
107
230
477
50
640
222
143
692
201
80
507
557
365
567
338
316
379
261
83
661
420
618
203
315
590
336
229
59
172
402
683
414
241
580
430
483
585
584
480
631
114
196
454
