1124
1009
182
910
47
243
119
701
279
486
455
70
222
251
1043
292
228
838
710
96
163
564
714
471
863
78
917
112
130
1102
494
98
450
995
346
1000
902
28
791
249
210
583
250
1039
904
331
465
820
237
720
1028
862
761
158
562
557
634
26
516
797
899
317
677
743
122
1072
682
788
1064
944
460
63
531
652
1099
216
617
9
71
316
434
675
1065
572
241
881
507
907
536
139
30
452
419
912
771
253
934
169
578
637
93
33
129
609
994
13
12
510
68
954
364
670
416
43
208
40
667
495
835
345
600
596
590
871
499
1110
459
172
262
664
153
261
389
227
755
1129
90
145
893
913
441
480
2
1111
524
558
275
618
197
72
87
242
870
291
810
502
479
498
967
1042
393
586
789
268
716
509
527
990
665
595
187
453
408
1076
326
1010
447
735
463
581
343
370
505
983
794
77
890
1078
650
97
599
885
988
713
627
54
304
401
246
299
322
812
756
567
247
975
478
203
1005
240
1007
680
517
1090
1106
1128
842
538
185
839
180
733
660
553
140
715
757
454
792
882
532
467
593
367
1100
1047
620
1023
741
1045
655
1036
424
702
500
555
319
311
758
965
936
924
864
125
642
379
1037
579
1014
1079
65
1057
392
366
793
1096
814
563
678
587
866
805
951
110
150
56
375
616
421
1
841
457
533
287
698
198
196
561
321
136
403
84
1030
795
529
143
1105
75
221
296
1027
410
804
485
598
959
207
8
420
785
1021
724
53
305
957
328
628
76
132
818
817
168
933
960
684
189
585
1052
334
546
888
102
183
879
1071
844
806
51
753
526
165
721
19
1038
100
257
674
732
938
1048
1127
603
1073
696
248
488
413
409
60
475
101
672
769
1097
972
472
723
124
42
415
803
348
297
867
615
229
39
95
277
911
734
238
948
968
294
828
461
639
955
5
1081
99
1131
906
171
224
518
832
935
133
1040
371
754
746
329
836
49
658
41
683
662
686
431
1114
895
666
256
779
501
673
773
622
854
1013
193
519
260
1085
787
708
213
909
632
469
108
991
425
362
926
697
1051
747
1125
127
822
619
400
539
324
819
980
1026
3
607
1019
492
608
962
81
376
234
148
439
32
354
358
1115
448
223
737
543
491
52
765
783
202
58
540
901
355
283
22
244
86
482
681
219
337
1056
845
405
1119
232
177
432
111
1083
508
653
1101
435
1063
105
671
204
711
35
886
170
767
15
1098
958
92
643
272
977
184
157
451
1035
843
851
278
736
1075
307
302
449
846
340
939
48
45
1086
1074
310
731
647
162
380
290
700
176
282
1123
860
542
1050
850
1004
368
544
728
1069
487
423
547
633
766
205
151
730
739
826
738
23
903
610
106
188
422
236
887
782
1060
521
164
254
264
927
565
651
744
214
829
602
796
1107
333
347
233
1067
373
690
679
554
372
929
612
79
840
1031
969
654
149
606
945
14
873
571
549
631
37
894
443
1003
774
591
802
1046
430
896
73
750
687
630
309
427
462
436
397
790
195
525
218
759
342
276
38
548
950
477
1109
159
1061
556
522
762
363
270
640
1059
725
745
648
29
920
729
970
161
1108
344
490
946
1029
109
123
1116
323
614
695
1058
961
1084
801
1117
813
1068
402
891
192
476
1088
335
174
504
135
356
645
152
293
474
1032
36
1017
1033
473
976
694
20
138
919
274
442
942
932
981
114
353
313
808
1077
707
1080
1024
781
1095
466
668
31
497
626
760
1120
332
636
44
573
116
118
635
748
300
10
709
821
314
263
875
288
493
973
1049
799
922
104
178
837
406
503
131
952
411
669
943
830
541
604
156
1018
167
418
336
514
827
215
727
94
1113
742
923
848
440
341
417
649
928
964
688
978
394
999
908
800
330
1002
339
357
986
1118
852
865
699
200
589
949
142
661
644
996
404
624
306
483
117
85
704
930
898
515
386
303
271
255
621
764
280
66
918
113
1132
226
384
834
570
987
947
55
190
511
703
456
776
382
173
772
252
350
181
883
1012
872
691
16
831
859
659
273
559
941
816
407
325
437
231
768
989
199
528
876
399
64
46
426
468
24
997
481
1082
940
574
931
520
770
992
807
412
374
1016
778
194
849
584
146
383
186
381
551
289
285
712
388
740
464
396
121
1022
445
1130
428
166
611
387
349
1122
