21
286
228
358
10
306
52
9
56
27
320
249
45
374
100
42
53
342
55
376
12
13
264
46
251
188
198
31
22
44
51
371
5
164
25
65
182
108
15
246
319
149
191
253
208
143
239
195
137
63
0
206
4
162
279
357
23
58
238
304
318
267
168
190
19
8
265
245
299
87
134
156
11
36
62
54
232
345
310
209
17
273
201
41
14
37
127
112
121
48
18
7
321
76
20
368
234
24
43
105
311
325
66
81
57
28
38
32
125
359
26
1
29
50
280
40
34
138
39
158
360
30
33
99
35
16
169
3
233
263
115
47
64
203
277
296
244
145
173
60
2
130
61
290
59
6
281
49
219
171
303
