169
100
52
26
183
306
148
1
13
106
113
76
132
59
192
133
129
142
220
126
289
243
97
264
299
108
263
51
72
210
110
325
311
309
222
181
240
60
137
292
285
67
0
214
291
20
239
234
71
24
313
298
267
175
320
128
287
277
259
324
47
28
228
278
188
189
168
184
102
173
42
286
135
164
178
296
134
43
146
38
154
215
90
229
319
317
310
9
275
207
64
46
238
155
202
297
109
307
123
104
318
254
301
39
157
53
303
3
273
85
163
221
282
322
195
65
216
147
283
62
153
75
266
295
198
36
247
201
89
305
262
114
16
45
37
323
22
253
294
8
217
308
326
150
120
208
255
171
167
117
191
293
141
57
131
49
172
58
23
25
312
140
88
