517
859
961
173
622
596
831
463
597
190
320
720
104
271
188
435
156
222
974
203
646
401
191
798
185
469
874
187
827
468
151
160
709
729
572
63
917
335
536
277
745
877
418
220
774
119
206
958
649
202
337
310
911
846
969
657
205
528
756
850
326
488
261
180
45
738
316
439
140
530
280
696
836
453
247
357
419
208
37
949
40
433
251
688
189
26
637
376
170
59
497
42
478
375
757
428
340
275
728
448
398
378
664
314
155
264
18
137
703
527
400
551
221
276
618
885
3
854
148
562
708
89
600
671
258
309
759
194
620
614
474
204
806
425
446
557
510
539
33
509
589
692
570
828
518
361
53
319
172
574
27
159
260
95
706
802
250
495
286
179
783
423
451
449
735
489
659
699
660
171
486
350
932
442
16
975
644
61
670
761
550
480
390
313
346
158
610
239
834
630
427
71
109
886
946
788
869
796
130
235
684
123
4
20
209
267
103
907
345
628
471
391
467
559
136
507
501
943
721
750
484
569
344
982
998
731
343
91
70
983
734
890
719
781
492
544
349
324
13
120
673
83
149
73
520
477
193
80
254
232
290
322
561
841
819
860
77
549
942
8
430
548
24
86
529
407
305
873
431
153
126
2
169
607
93
351
144
105
168
301
689
302
7
367
146
447
636
238
793
680
725
863
426
292
590
553
369
460
807
291
736
192
732
552
830
99
617
38
410
621
408
632
186
905
653
947
289
107
154
117
142
832
75
404
304
909
957
502
317
288
912
161
940
473
668
249
763
39
23
743
879
522
299
152
889
992
421
825
534
593
470
540
308
29
724
623
629
915
444
627
777
813
508
268
682
436
556
737
742
223
833
293
842
178
882
420
595
246
85
576
603
370
66
327
195
605
87
598
770
416
112
458
740
429
76
764
207
69
866
200
143
592
799
768
900
17
6
323
691
973
362
372
182
513
950
445
387
624
402
913
30
951
311
864
312
829
114
438
816
676
272
897
599
306
769
127
455
906
255
253
580
265
338
746
800
821
532
722
481
371
643
219
100
785
134
751
666
555
157
396
677
329
472
147
248
954
655
698
228
113
72
642
234
318
500
752
765
739
363
342
35
339
808
749
294
687
325
645
52
835
1
226
861
213
393
244
747
817
853
259
581
533
753
352
594
862
641
199
82
849
166
118
64
608
270
211
384
772
818
790
727
638
662
354
353
457
937
57
579
667
704
138
803
512
55
776
588
780
1002
611
672
28
441
414
723
403
68
225
901
675
432
116
9
700
615
131
96
333
493
218
904
273
771
767
585
283
236
31
62
405
707
685
927
922
568
516
810
625
282
571
847
479
977
43
852
815
94
241
167
681
135
811
263
910
546
377
986
331
631
483
356
334
50
791
542
695
279
141
417
498
181
332
713
465
121
176
256
81
748
409
506
330
395
715
14
726
25
74
336
296
285
876
224
515
962
10
175
413
303
578
648
916
871
503
633
464
197
315
857
422
787
575
714
0
966
602
262
843
887
823
613
440
381
923
848
710
392
366
5
837
482
652
701
298
694
760
15
22
496
784
786
881
462
58
573
394
779
231
411
92
678
525
284
626
47
639
19
49
129
48
60
959
867
139
382
794
577
999
102
601
67
870
963
888
201
385
654
663
656
365
216
898
162
499
373
454
84
902
424
397
822
839
616
415
212
215
891
775
669
163
856
635
766
257
504
718
287
476
634
21
475
359
106
230
872
122
56
125
838
44
245
124
165
269
101
184
307
686
674
34
661
524
443
778
281
647
878
683
164
379
773
364
196
41
98
145
266
198
560
88
36
46
383
782
321
538
487
566
640
523
490
252
406
514
341
348
519
690
896
297
964
521
658
347
712
679
437
274
485
174
227
965
665
115
389
820
54
716
558
583
368
587
606
237
355
541
985
461
925
651
956
531
565
582
892
90
733
11
612
931
929
328
730
177
505
711
229
450
242
535
844
65
591
97
805
547
564
12
491
812
814
926
619
880
554
243
953
567
51
997
586
380
609
741
278
868
584
840
111
434
133
360
693
755
456
108
494
944
705
526
150
459
826
