121
184
208
36
187
153
141
149
37
264
192
67
147
54
126
221
195
239
35
275
116
286
123
176
42
228
117
277
134
120
108
23
254
183
259
285
140
131
38
318
100
75
13
110
109
191
24
146
252
245
233
1
106
135
29
266
172
186
229
8
60
59
103
287
93
181
43
142
128
152
189
114
201
203
104
283
16
163
118
51
280
166
174
76
167
214
173
225
102
25
26
188
255
85
178
81
154
0
3
215
238
39
273
278
71
45
194
220
217
58
240
247
133
53
262
97
180
9
210
132
169
207
148
46
253
129
28
137
22
113
179
122
171
47
20
151
198
62
175
211
263
202
30
57
282
234
157
291
89
90
196
52
49
72
64
309
243
168
314
155
164
88
65
