734
99
779
623
613
666
343
218
188
554
468
978
504
804
24
476
274
583
735
682
868
670
563
465
596
956
750
600
165
19
694
152
215
577
628
567
653
356
469
277
595
523
533
606
20
562
590
607
485
264
235
662
328
50
631
576
236
502
333
937
935
531
228
51
565
551
552
459
436
783
592
431
618
462
417
826
141
844
140
495
503
555
116
712
407
680
516
806
458
234
752
517
505
117
353
832
244
849
360
647
823
733
25
437
513
135
143
391
828
471
246
464
404
542
545
629
393
470
580
498
892
754
372
97
556
153
609
965
635
846
815
401
704
660
394
248
507
548
444
581
873
28
756
566
821
89
500
420
373
344
371
652
175
866
728
301
553
510
110
737
243
612
247
582
359
745
561
347
862
896
463
491
681
508
710
493
492
453
233
615
599
296
160
303
490
395
312
703
883
588
499
501
383
977
591
403
461
526
315
644
