299
182
192
61
320
39
237
285
74
90
199
231
195
8
202
247
75
256
227
26
279
145
133
274
305
2
6
44
73
302
115
171
110
251
124
113
34
162
57
160
112
245
314
287
224
212
36
157
200
63
119
211
175
21
37
4
290
25
324
315
55
178
301
148
132
154
111
138
282
47
76
135
260
293
269
213
242
196
95
156
123
56
103
298
91
0
292
248
180
295
126
258
209
226
322
3
217
240
86
215
176
100
84
325
219
11
40
271
198
283
297
22
85
172
311
67
64
49
203
30
41
296
255
7
5
161
12
151
104
244
259
1
94
58
17
13
114
14
264
263
220
69
97
54
120
78
24
18
9
108
300
284
278
32
323
246
45
122
146
77
15
257
66
