170
246
249
26
274
95
194
6
78
271
170
271
170
160
105
160
135
249
182
271
183
308
280
300
6
158
71
218
245
158
275
244
119
160
96
269
122
6
122
137
274
190
139
298
150
17
318
170
170
218
150
267
108
150
320
300
302
95
73
160
6
71
302
205
256
275
61
27
38
231
185
78
302
108
138
41
6
122
132
271
17
26
245
246
170
170
298
159
250
271
174
170
211
185
150
71
245
41
271
284
165
159
244
77
59
98
174
216
113
38
259
41
206
228
122
286
302
250
272
302
212
2
6
176
280
196
177
150
113
41
17
155
122
269
302
250
13
158
317
136
150
296
217
108
200
203
96
122
140
280
227
200
170
100
302
298
118
8
246
176
302
170
227
