0 181
181 176
181 31
181 34
181 35
181 40
181 105
181 149
181 175
181 224
181 347
176 1
176 3
176 31
176 68
176 85
176 109
176 120
176 121
176 146
176 156
176 179
176 246
176 249
176 292
176 297
176 355
1 94
1 120
1 164
1 216
1 234
3 260
3 85
3 102
3 103
3 142
3 290
3 294
3 297
3 352
31 260
31 68
31 102
31 128
31 224
31 246
31 355
68 234
68 355
68 21
68 133
68 158
68 179
68 183
68 238
68 246
85 25
85 146
85 193
85 220
85 246
85 291
85 297
109 121
109 90
109 255
109 320
109 301
109 350
120 37
120 67
120 80
120 106
120 131
120 164
120 221
120 227
120 234
120 262
121 309
121 12
121 347
121 35
121 88
121 105
121 125
121 149
121 162
121 175
121 255
121 256
121 348
146 4
146 142
146 25
146 220
146 246
146 278
146 352
156 4
156 65
156 102
156 294
156 159
179 234
179 21
179 158
179 183
179 218
179 280
246 355
246 25
246 88
246 105
246 193
249 355
249 58
249 193
249 78
249 292
249 299
249 342
292 355
292 342
297 4
297 103
297 278
297 294
297 32
297 159
297 193
297 327
355 7
355 49
355 136
34 352
34 15
34 347
34 167
34 173
34 224
34 231
35 309
35 347
35 48
35 90
35 105
35 175
40 309
40 90
40 105
40 162
40 175
105 260
105 309
105 128
105 347
105 348
105 48
105 90
105 88
149 94
149 136
149 293
149 100
149 244
149 322
149 201
149 252
149 213
149 230
149 51
149 193
149 200
175 309
175 347
175 48
224 142
224 129
224 263
224 62
224 76
224 88
224 173
224 219
347 144
347 9
347 48
347 60
347 63
347 219
347 255
347 348
94 37
94 41
94 46
94 67
94 88
94 131
94 144
94 145
94 158
94 201
94 216
94 234
94 238
94 260
94 298
94 304
94 317
164 37
164 67
164 131
164 227
164 234
164 262
164 318
164 327
234 37
234 298
234 338
37 41
37 227
37 67
37 87
37 106
37 80
37 92
37 131
37 145
37 221
37 262
37 318
37 338
41 2
41 10
41 80
41 106
41 126
41 145
46 144
46 206
46 275
46 304
67 65
67 9
67 15
67 106
67 131
67 190
67 221
67 293
67 317
67 318
88 260
88 128
88 244
88 106
88 158
88 183
131 227
131 80
144 5
144 233
145 87
145 106
145 80
145 92
158 126
158 87
158 177
158 21
158 106
158 183
158 237
158 280
158 283
201 244
201 183
201 22
201 66
201 28
201 151
201 230
201 273
238 65
238 51
238 108
238 133
238 157
238 335
238 343
260 18
260 69
260 102
260 159
260 290
298 49
298 92
298 184
298 223
298 226
298 242
304 5
304 117
304 184
304 229
304 45
304 82
304 89
304 178
304 197
304 233
304 257
304 275
304 312
317 9
317 15
317 293
317 275
80 87
80 53
80 106
80 237
80 313
80 318
80 338
80 343
106 227
106 87
106 53
106 21
106 183
106 237
106 262
106 338
227 8
227 123
227 262
227 265
227 313
227 338
262 338
327 103
327 123
327 154
327 193
18 315
18 30
18 95
18 116
18 138
18 235
18 244
18 270
18 284
18 340
18 351
69 38
69 54
69 95
69 116
69 235
69 244
69 270
69 284
69 322
69 340
69 344
102 4
102 128
159 65
159 294
159 32
290 230
290 272
290 296
49 7
49 36
49 66
49 217
49 223
49 311
49 319
49 323
92 184
92 275
92 226
184 5
184 228
184 343
223 7
223 36
223 217
223 113
223 212
223 287
223 311
223 319
226 319
226 83
226 191
242 323
242 61
242 180
242 212
2 56
2 126
2 160
56 53
56 90
56 125
56 160
56 186
126 17
126 87
160 59
160 309
10 129
10 75
10 89
53 17
53 73
53 134
53 225
53 324
53 332
90 309
90 125
90 132
90 254
90 255
90 301
90 341
90 350
125 291
125 134
125 72
186 274
186 17
186 192
59 17
59 52
59 123
59 134
59 281
59 309
59 320
59 331
17 274
17 177
17 225
17 324
17 332
52 123
52 134
52 320
52 331
123 134
123 154
123 265
123 320
123 331
134 281
309 348
320 73
320 57
87 12
87 21
87 183
87 259
87 275
274 192
348 228
348 15
348 275
348 107
348 202
348 256
348 267
103 58
103 78
103 127
103 165
103 193
142 76
142 219
142 263
142 337
142 352
294 65
294 352
352 76
352 104
352 170
352 173
352 195
352 219
352 263
352 313
65 32
65 133
25 220
25 313
193 58
193 78
193 200
193 272
193 342
220 291
291 231
58 230
58 165
58 342
78 351
78 342
78 200
127 282
127 163
165 99
165 100
165 188
165 86
165 143
165 295
76 314
76 263
76 135
76 173
76 195
76 208
76 219
219 314
219 155
219 263
219 82
219 173
219 337
263 177
263 170
263 173
263 208
263 332
263 337
337 135
337 195
230 213
230 196
272 95
272 342
272 333
296 342
315 235
315 270
315 340
235 50
235 240
235 244
235 270
235 322
235 340
270 196
270 322
340 205
340 30
340 122
340 138
340 240
340 244
104 314
104 135
104 195
170 173
173 135
173 195
173 208
173 353
195 314
195 167
195 74
195 345
313 248
313 314
313 326
313 171
313 346
5 13
5 115
5 117
5 152
5 228
5 229
5 268
13 84
13 115
13 330
115 152
115 289
115 330
117 33
152 64
152 308
152 330
228 9
228 15
228 23
228 39
228 232
228 275
229 108
268 61
268 180
268 212
268 269
268 323
84 113
84 119
330 245
206 286
206 253
206 325
206 169
275 12
275 89
275 45
275 81
275 148
275 202
275 256
275 279
289 339
289 308
33 14
33 28
33 82
33 118
33 130
33 188
33 189
33 205
33 276
33 322
33 329
233 89
233 172
233 202
343 212
9 12
9 15
9 129
9 155
9 190
9 232
9 293
15 167
15 293
23 129
23 232
23 197
23 316
39 129
232 203
108 307
108 178
108 257
61 180
61 212
61 269
180 323
180 212
180 269
212 136
212 269
269 119
323 7
323 136
45 91
45 112
45 203
82 101
82 151
82 236
82 273
82 276
82 307
82 335
178 312
197 185
197 316
257 307
257 312
6 248
6 314
6 326
314 74
314 167
314 208
74 167
74 27
74 345
167 135
167 209
167 231
167 300
208 353
7 19
7 36
7 217
7 319
19 136
19 319
36 217
36 319
217 311
217 319
136 93
136 198
136 252
136 336
311 198
311 113
311 239
311 287
311 336
93 198
93 336
198 28
198 150
198 239
198 305
252 24
252 266
252 277
336 150
336 288
336 305
113 150
113 288
8 147
8 154
8 265
147 265
154 20
154 265
265 215
265 243
243 302
12 55
12 264
129 107
129 112
129 116
129 141
155 42
293 51
55 172
264 79
264 285
107 256
116 50
116 54
116 141
116 271
116 284
116 333
141 271
141 300
203 91
203 185
203 256
51 335
48 255
63 124
255 132
255 162
255 301
255 350
75 71
75 177
75 241
75 310
71 241
177 218
177 280
177 332
241 310
310 332
11 16
11 70
11 99
11 100
11 114
11 161
11 222
16 38
16 99
16 110
16 222
70 29
70 100
99 38
99 98
99 110
99 114
99 266
99 277
99 282
100 14
100 28
100 86
100 130
100 188
100 199
100 205
100 288
100 295
100 307
100 322
114 38
114 98
114 110
114 22
114 161
114 199
114 213
114 222
114 251
114 266
114 277
114 282
114 295
161 98
161 110
222 38
222 110
38 98
38 110
38 174
110 24
110 174
110 266
14 130
14 205
28 205
28 188
28 213
28 247
118 44
118 189
130 205
188 322
188 86
188 199
188 213
188 295
188 329
189 44
189 47
189 325
205 244
205 351
276 101
276 151
276 236
276 335
322 240
322 244
322 86
322 196
322 199
322 213
322 295
322 329
329 213
98 24
24 266
282 143
282 163
86 213
86 199
86 295
199 295
288 305
295 213
22 168
22 258
251 258
172 81
21 183
21 218
21 237
21 280
183 237
183 280
256 91
256 185
256 202
202 148
202 279
79 285
285 43
148 279
279 185
119 97
245 111
244 30
244 96
244 50
244 196
244 247
244 342
351 96
351 333
300 62
225 73
225 324
225 332
324 73
324 332
332 73
218 211
218 237
280 237
30 96
30 122
30 138
30 240
95 54
95 333
95 344
138 122
138 240
284 344
96 240
96 333
122 240
122 271
333 346
271 168
271 194
237 211
151 335
151 101
151 236
151 273
273 335
273 236
185 91
185 354
26 210
26 303
210 137
303 137
150 239
101 335
236 335
236 157
44 139
47 325
47 182
47 207
306 77
132 301
132 350
254 57
254 72
254 341
341 57
341 72
286 169
286 253
169 153
253 43
43 153
153 140
153 166
153 187
153 207
140 187
140 250
140 328
166 349
187 328
207 139
91 354
57 72
57 204
143 214
143 261
214 261
321 334
