0 38
0 147
0 247
0 293
1 3
1 242
1 341
2 59
2 74
2 78
2 84
2 149
2 159
2 247
2 267
3 78
3 90
3 148
3 164
3 197
3 217
3 242
3 304
3 328
3 341
3 343
3 361
4 26
4 51
4 93
4 156
4 208
4 243
4 286
4 373
4 388
5 48
5 74
5 84
5 137
5 255
6 26
6 48
6 191
6 251
6 303
7 62
7 76
7 237
7 262
7 338
7 355
8 90
9 78
9 329
9 335
10 24
10 31
10 48
10 86
10 133
10 200
10 219
10 318
11 78
11 169
11 241
11 255
11 395
12 78
12 247
12 272
12 350
12 368
13 57
13 74
13 84
13 96
13 131
13 174
13 187
13 206
13 248
13 316
14 44
14 74
14 78
14 84
14 151
14 363
15 74
15 84
15 339
16 154
16 204
16 402
16 405
17 59
17 74
17 84
17 133
17 247
18 55
18 74
18 78
18 84
18 249
18 363
19 21
19 26
19 74
19 84
19 247
19 252
20 85
20 252
21 74
21 84
21 211
22 83
22 162
22 195
22 245
23 76
23 78
23 96
23 110
23 118
23 174
23 338
24 54
24 78
24 133
24 219
25 168
25 275
26 30
26 32
26 36
26 41
26 51
26 52
26 59
26 60
26 67
26 74
26 76
26 78
26 84
26 93
26 95
26 96
26 104
26 105
26 113
26 114
26 128
26 146
26 156
26 159
26 167
26 170
26 174
26 183
26 184
26 186
26 191
26 199
26 208
26 236
26 237
26 241
26 242
26 243
26 247
26 252
26 255
26 267
26 286
26 295
26 299
26 306
26 315
26 317
26 330
26 332
26 338
26 363
26 373
26 377
26 388
26 393
26 394
26 401
27 78
27 87
27 293
28 74
28 84
28 132
28 163
28 173
28 221
28 247
29 219
29 331
29 333
29 363
30 70
30 78
30 114
30 179
30 377
31 48
31 59
31 78
31 84
31 88
31 102
31 103
31 159
31 172
31 199
31 200
31 248
31 282
31 287
31 305
31 380
32 67
32 76
32 147
32 338
33 78
33 357
33 391
34 48
34 84
34 201
34 209
34 230
34 248
34 318
35 62
35 76
35 78
35 80
35 237
35 338
35 375
36 48
36 63
36 84
36 120
36 237
36 241
36 248
36 255
36 367
36 377
36 385
36 393
37 74
37 84
37 100
37 163
38 74
38 84
38 233
38 247
38 293
39 78
39 131
39 224
40 55
40 171
40 172
40 231
40 247
40 269
40 371
41 43
41 78
41 109
41 183
41 254
41 286
41 363
41 403
42 82
43 78
43 197
43 247
43 291
43 310
43 363
44 74
44 78
44 84
44 176
44 185
44 284
44 348
45 62
45 198
45 229
45 237
45 241
45 255
46 78
46 101
46 241
46 255
46 319
47 78
47 83
47 178
47 180
47 245
47 247
48 59
48 62
48 65
48 70
48 78
48 83
48 84
48 88
48 97
48 102
48 103
48 119
48 120
48 121
48 150
48 151
48 159
48 172
48 179
48 190
48 199
48 200
48 203
48 209
48 228
48 230
48 235
48 237
48 242
48 245
48 247
48 248
48 251
48 252
48 255
48 257
48 265
48 277
48 282
48 285
48 287
48 298
48 302
48 303
48 325
48 340
48 344
48 352
48 354
48 368
48 379
48 380
48 383
49 76
49 78
49 120
49 338
49 392
50 76
50 144
50 180
50 286
50 338
50 377
51 139
51 218
51 237
51 388
52 76
52 136
52 170
52 237
52 338
53 145
53 188
53 240
53 405
54 72
54 76
54 78
54 81
54 96
54 174
54 209
54 247
54 248
54 287
54 338
54 352
54 354
54 363
55 74
55 78
55 84
55 247
55 269
55 295
55 363
56 76
56 78
56 81
56 96
56 105
56 111
56 164
56 165
56 174
56 237
56 241
56 247
56 255
56 318
56 338
56 352
57 74
57 75
57 78
57 84
57 179
57 192
57 248
57 276
57 337
57 363
57 365
58 61
58 78
58 83
58 129
58 214
58 258
58 348
58 376
59 65
59 67
59 74
59 76
59 78
59 81
59 84
59 88
59 95
59 96
59 98
59 104
59 111
59 118
59 133
59 144
59 147
59 149
59 155
59 159
59 174
59 177
59 182
59 194
59 202
59 203
59 205
59 209
59 219
59 228
59 232
59 235
59 236
59 239
59 247
59 248
59 282
59 283
59 286
59 287
59 288
59 292
59 297
59 298
59 311
59 321
59 327
59 338
59 340
59 345
59 354
59 363
59 373
59 388
59 401
59 403
60 95
60 123
60 130
60 268
61 78
61 129
61 285
61 286
61 289
61 347
61 348
61 363
61 377
61 403
62 71
62 78
62 81
62 84
62 94
62 101
62 124
62 134
62 155
62 156
62 157
62 164
62 170
62 218
62 229
62 237
62 247
62 248
62 261
62 285
62 294
62 313
62 335
62 347
62 352
62 355
62 375
62 377
62 381
62 388
62 395
62 400
63 237
63 367
64 78
64 108
64 143
64 363
65 78
65 84
65 159
65 209
65 248
65 363
66 74
66 84
66 302
67 76
67 128
67 242
67 283
67 338
67 373
68 78
68 247
68 324
68 364
69 76
69 291
69 338
70 179
70 203
70 242
70 377
71 78
71 207
71 237
71 388
72 78
72 81
72 209
72 247
72 248
72 318
72 352
73 74
73 84
73 132
73 399
74 75
74 78
74 81
74 83
74 84
74 86
74 87
74 88
74 90
74 100
74 109
74 113
74 131
74 132
74 133
74 137
74 138
74 149
74 151
74 155
74 159
74 163
74 167
74 170
74 171
74 176
74 180
74 189
74 190
74 193
74 197
74 209
74 211
74 212
74 217
74 219
74 224
74 226
74 228
74 233
74 237
74 247
74 248
74 249
74 252
74 258
74 263
74 267
74 284
74 286
74 287
74 288
74 290
74 292
74 293
74 295
74 298
74 302
74 305
74 310
74 312
74 316
74 336
74 339
74 340
74 341
74 344
74 345
74 352
74 363
74 374
74 376
74 382
74 383
74 387
74 389
74 394
74 399
74 401
74 403
75 84
75 179
75 248
75 280
75 353
76 78
76 80
76 87
76 94
76 98
76 99
76 103
76 105
76 107
76 109
76 110
76 111
76 115
76 118
76 120
76 124
76 134
76 136
76 138
76 148
76 155
76 157
76 159
76 164
76 169
76 170
76 179
76 180
76 186
76 207
76 213
76 220
76 222
76 229
76 237
76 245
76 247
76 262
76 276
76 280
76 285
76 291
76 294
76 296
76 306
76 319
76 321
76 326
76 329
76 332
76 338
76 344
76 354
76 359
76 363
76 366
76 373
76 381
76 384
76 390
76 392
76 396
77 78
77 158
77 300
78 80
78 81
78 83
78 84
78 88
78 89
78 90
78 91
78 94
78 95
78 96
78 98
78 105
78 106
78 107
78 108
78 109
78 111
78 114
78 115
78 116
78 118
78 120
78 122
78 125
78 127
78 129
78 131
78 135
78 136
78 140
78 141
78 146
78 148
78 149
78 150
78 151
78 153
78 155
78 159
78 160
78 161
78 164
78 168
78 169
78 171
78 172
78 174
78 177
78 178
78 184
78 185
78 187
78 190
78 191
78 192
78 197
78 198
78 201
78 203
78 205
78 206
78 207
78 209
78 210
78 212
78 213
78 216
78 217
78 219
78 220
78 222
78 224
78 225
78 226
78 227
78 231
78 232
78 234
78 235
78 236
78 237
78 241
78 242
78 245
78 247
78 248
78 253
78 254
78 255
78 259
78 262
78 265
78 266
78 269
78 270
78 271
78 276
78 277
78 278
78 279
78 281
78 284
78 285
78 286
78 287
78 289
78 291
78 293
78 296
78 300
78 304
78 307
78 310
78 314
78 315
78 317
78 318
78 319
78 324
78 327
78 328
78 329
78 330
78 333
78 334
78 335
78 338
78 344
78 346
78 348
78 351
78 352
78 354
78 356
78 357
78 358
78 359
78 360
78 361
78 363
78 364
78 366
78 368
78 371
78 373
78 375
78 376
78 377
78 378
78 380
78 382
78 384
78 385
78 386
78 388
78 391
78 394
78 397
78 398
78 400
78 401
78 403
78 404
79 96
79 174
79 241
79 255
79 367
79 393
80 315
80 338
81 84
81 165
81 209
81 235
81 237
81 247
81 248
81 285
81 327
81 352
81 404
82 110
83 84
83 152
83 162
83 180
83 185
83 245
83 295
83 322
83 325
83 340
83 342
83 348
83 376
84 86
84 87
84 88
84 90
84 100
84 109
84 113
84 119
84 120
84 131
84 132
84 133
84 137
84 138
84 149
84 150
84 151
84 155
84 159
84 163
84 167
84 170
84 171
84 176
84 180
84 189
84 190
84 193
84 197
84 209
84 211
84 212
84 217
84 219
84 224
84 226
84 227
84 228
84 230
84 233
84 237
84 247
84 248
84 249
84 252
84 255
84 258
84 263
84 265
84 267
84 272
84 277
84 284
84 285
84 286
84 287
84 288
84 290
84 292
84 293
84 295
84 298
84 302
84 305
84 310
84 312
84 336
84 339
84 340
84 341
84 344
84 345
84 352
84 354
84 363
84 374
84 376
84 382
84 383
84 387
84 389
84 394
84 399
84 401
84 403
85 252
86 167
86 209
86 247
86 318
87 96
87 138
87 174
87 180
87 321
87 338
88 159
88 197
88 247
88 336
89 96
89 150
89 160
89 174
89 234
89 242
89 253
90 242
90 247
90 343
90 394
91 105
91 400
92 112
92 175
92 266
92 286
93 144
93 239
93 243
93 286
94 155
94 164
94 237
94 318
94 338
95 118
95 201
95 230
95 247
95 334
95 373
95 401
96 105
96 107
96 109
96 110
96 111
96 118
96 125
96 142
96 146
96 158
96 160
96 166
96 173
96 174
96 187
96 191
96 211
96 215
96 216
96 219
96 233
96 234
96 242
96 244
96 247
96 260
96 269
96 270
96 278
96 280
96 285
96 287
96 288
96 291
96 292
96 299
96 321
96 324
96 332
96 344
96 363
96 373
96 375
96 384
96 386
96 389
96 390
96 393
96 396
97 252
97 257
98 297
98 338
98 366
98 373
99 276
99 326
99 338
101 237
101 241
101 255
101 381
102 114
102 282
103 199
103 338
103 359
104 186
104 306
104 311
104 373
105 164
105 174
105 338
105 373
106 265
106 357
107 174
107 205
107 338
107 390
108 127
109 174
109 310
109 338
109 363
109 396
110 174
110 338
111 174
111 338
111 373
112 175
112 266
112 286
113 237
113 241
113 247
113 255
113 312
113 315
115 157
115 338
115 351
116 140
116 247
117 141
117 171
117 172
117 247
117 380
118 174
118 247
118 288
118 338
118 373
119 121
119 228
119 248
119 272
120 237
120 248
120 338
121 228
122 222
122 241
122 255
122 313
123 130
123 268
123 406
124 222
124 237
124 338
124 395
125 174
125 184
125 269
126 219
126 277
126 360
128 242
128 301
129 214
129 258
129 348
130 268
130 406
131 224
132 151
132 292
132 333
133 149
133 219
133 247
133 336
134 170
134 213
134 237
134 338
135 139
135 210
135 241
135 255
136 210
136 237
136 338
138 179
138 181
138 238
138 247
138 338
139 218
139 237
139 241
139 255
140 247
140 249
140 344
140 379
141 212
141 247
141 380
142 174
142 215
142 314
143 363
144 164
144 194
144 197
144 236
144 239
144 286
144 373
144 377
144 388
145 188
145 246
145 405
146 174
146 187
146 299
147 159
147 247
147 251
147 282
147 286
147 363
148 164
148 242
148 247
148 307
148 338
149 159
149 219
149 247
149 336
150 160
150 216
150 234
150 247
150 253
150 270
150 277
150 362
151 190
151 292
151 333
151 363
151 376
151 382
152 300
152 322
152 342
152 352
152 370
153 314
154 204
154 246
154 405
155 209
155 237
155 247
155 286
155 338
155 373
155 394
155 400
156 218
156 237
156 286
157 237
157 261
157 338
158 174
158 260
159 209
159 247
159 248
159 282
159 286
159 287
159 298
159 338
159 340
159 354
159 363
159 373
159 401
160 174
160 242
160 253
160 362
161 318
161 358
162 245
164 197
164 237
164 242
164 286
164 297
164 338
165 208
165 218
165 237
165 247
165 309
165 352
166 174
166 244
167 209
167 247
167 267
168 217
168 266
169 229
169 338
170 193
170 237
170 247
170 338
170 394
171 172
171 212
171 231
171 247
171 248
171 253
171 360
171 363
172 212
172 247
172 248
173 174
173 221
173 247
173 386
174 187
174 191
174 211
174 215
174 216
174 219
174 233
174 234
174 242
174 244
174 247
174 260
174 269
174 270
174 278
174 280
174 285
174 287
174 288
174 291
174 292
174 299
174 321
174 324
174 332
174 344
174 363
174 373
174 375
174 384
174 386
174 389
174 390
174 393
174 396
175 286
177 203
178 247
179 180
179 181
179 238
179 245
179 247
179 276
179 280
179 305
179 323
179 337
179 338
179 340
179 353
179 365
179 374
179 377
180 245
180 338
181 238
181 247
182 202
182 363
183 286
183 390
184 236
184 363
185 284
185 348
185 376
186 207
186 338
188 240
188 246
188 273
188 308
188 405
189 341
190 376
191 216
191 242
192 226
192 285
192 363
193 247
193 309
193 394
194 286
194 373
194 388
196 220
197 217
197 219
197 242
197 247
197 256
197 286
197 291
197 304
197 333
197 336
197 361
197 377
198 241
198 255
198 262
199 295
201 318
201 334
202 363
203 242
204 246
204 402
204 405
205 239
205 373
206 247
206 378
207 338
208 218
208 237
208 373
209 225
209 230
209 247
209 248
209 318
209 352
209 363
209 373
209 389
209 401
210 237
211 375
212 231
212 305
212 371
212 380
213 338
213 397
214 258
214 348
216 242
216 253
216 270
217 247
217 266
217 328
218 237
218 243
218 274
219 247
219 277
219 292
219 331
219 333
219 336
219 345
219 360
219 363
219 377
220 245
220 338
221 247
221 250
221 269
221 380
221 382
222 338
223 264
223 326
223 373
224 374
225 247
225 359
225 401
226 263
226 285
227 247
227 248
228 247
228 292
229 237
229 338
230 247
230 248
230 401
231 247
231 363
231 371
232 247
232 321
232 373
232 377
233 324
234 242
234 253
234 270
235 368
236 363
236 373
237 243
237 247
237 248
237 261
237 274
237 285
237 294
237 312
237 313
237 335
237 338
237 347
237 352
237 355
237 367
237 375
237 377
237 381
237 388
237 393
237 395
237 400
238 247
239 286
239 373
240 273
240 405
241 255
241 261
241 271
241 274
241 279
241 280
241 313
241 315
241 318
241 344
241 351
241 355
241 367
241 385
241 395
241 397
242 270
242 301
242 304
242 341
242 343
242 361
243 274
244 278
245 323
245 325
245 338
245 340
245 374
246 405
247 248
247 250
247 252
247 267
247 269
247 276
247 277
247 285
247 286
247 288
247 292
247 293
247 298
247 307
247 310
247 312
247 336
247 338
247 340
247 345
247 352
247 363
247 364
247 368
247 371
247 377
247 378
247 380
247 382
247 389
247 394
247 396
247 401
247 403
247 404
248 272
248 285
248 287
248 305
248 316
248 318
248 352
248 354
248 363
249 284
249 344
249 379
250 380
251 286
251 303
252 257
253 270
253 360
253 362
254 360
254 363
254 377
254 403
255 261
255 271
255 274
255 279
255 280
255 313
255 315
255 318
255 344
255 351
255 355
255 367
255 385
255 395
255 397
256 291
258 348
258 383
259 278
259 327
261 315
262 338
264 326
264 373
265 357
265 383
266 286
268 406
269 363
269 382
271 279
271 366
272 350
273 308
273 405
274 397
276 293
276 337
276 338
276 364
276 365
277 360
278 327
280 338
280 344
281 286
281 289
281 363
282 286
282 363
283 373
284 298
284 348
284 349
284 405
285 291
285 338
285 347
285 352
285 363
285 403
286 289
286 293
286 297
286 332
286 363
286 377
286 388
286 394
286 403
287 352
287 354
287 363
287 380
287 404
289 363
289 403
290 387
291 338
292 333
293 364
294 313
294 319
294 338
295 322
295 342
295 349
296 338
296 381
296 385
297 373
298 302
298 340
298 344
298 349
298 363
298 379
298 405
299 305
299 365
300 308
300 320
300 352
300 369
300 370
300 372
301 358
302 379
304 361
305 337
305 365
306 329
306 338
308 320
308 352
308 405
311 373
317 330
317 363
318 358
318 363
319 338
320 352
320 372
321 338
321 373
322 342
322 349
323 374
325 340
326 338
326 373
329 338
330 363
330 386
331 333
331 363
332 338
332 384
333 363
333 377
335 388
337 365
338 344
338 354
338 359
338 363
338 366
338 373
338 381
338 384
338 390
338 392
338 396
340 363
342 349
344 379
346 354
346 356
347 377
347 403
348 376
349 405
351 355
352 369
352 370
352 372
354 356
357 391
360 377
363 373
363 377
363 382
363 398
363 401
363 403
369 370
369 372
373 388
377 393
377 403
382 398
384 388
389 396
402 405
