77
239
100
199
52
60
234
1
148
263
165
67
169
188
63
57
0
189
171
183
81
318
262
194
168
20
282
53
161
154
259
254
91
167
271
85
42
62
186
192
233
97
215
150
3
157
146
181
38
207
173
247
218
255
117
128
221
277
178
22
325
142
228
9
211
195
273
196
13
185
153
80
245
140
104
141
65
275
18
110
229
59
240
54
69
187
253
123
75
26
25
198
226
203
163
208
184
279
15
136
106
109
164
225
45
58
175
51
147
220
131
14
95
264
135
24
28
216
222
285
129
134
16
43
66
72
307
46
89
172
76
126
49
119
149
64
217
137
278
133
90
8
286
243
202
210
112
102
214
266
191
120
213
36
71
108
118
261
23
287
39
88
283
