0 5
0 6
0 15
0 25
0 44
0 48
0 69
0 70
0 74
0 86
0 98
0 106
0 109
0 122
0 128
0 130
0 133
0 141
0 145
0 160
0 164
0 176
0 180
0 182
0 188
0 190
0 191
0 206
0 209
0 210
0 215
0 216
0 221
0 223
0 236
0 246
0 248
0 260
5 17
5 69
5 80
5 106
5 109
5 122
5 128
5 130
5 164
5 180
5 188
5 206
5 215
5 229
5 236
5 246
6 17
6 59
6 74
6 96
6 103
6 120
6 124
6 139
6 161
6 171
6 182
6 191
6 199
6 213
6 216
6 227
6 238
6 252
6 256
6 257
6 259
15 17
15 19
15 27
15 31
15 39
15 43
15 48
15 74
15 80
15 96
15 102
15 106
15 120
15 136
15 140
15 145
15 147
15 174
15 176
15 180
15 191
15 197
15 202
15 213
15 225
15 236
15 238
15 256
15 259
25 14
25 28
25 32
25 34
25 37
25 54
25 57
25 77
25 87
25 109
25 116
25 135
25 136
25 140
25 145
25 165
25 179
25 181
25 194
25 201
25 204
25 205
25 224
25 231
25 234
25 237
25 247
44 17
44 19
44 27
44 39
44 48
44 59
44 74
44 102
44 103
44 107
44 139
44 163
44 174
44 187
44 191
44 213
44 238
44 241
44 256
44 257
44 259
48 17
48 18
48 19
48 27
48 30
48 34
48 40
48 43
48 57
48 96
48 102
48 108
48 109
48 116
48 120
48 123
48 124
48 145
48 147
48 165
48 183
48 187
48 191
48 197
48 199
48 213
48 216
48 224
48 231
48 237
48 238
48 241
48 249
48 252
48 257
48 259
69 80
69 128
69 133
69 188
69 221
69 223
69 236
69 246
69 260
70 3
70 8
70 10
70 19
70 31
70 41
70 52
70 56
70 60
70 61
70 66
70 83
70 84
70 92
70 112
70 115
70 134
70 138
70 148
70 149
70 151
70 159
70 162
70 166
70 167
70 171
70 173
70 184
70 198
70 200
70 202
70 203
70 213
70 217
70 233
70 234
70 242
70 251
70 252
70 259
74 17
74 27
74 42
74 43
74 103
74 107
74 108
74 114
74 120
74 123
74 124
74 139
74 147
74 161
74 165
74 174
74 182
74 183
74 191
74 193
74 197
74 199
74 202
74 213
74 216
74 238
74 241
74 256
74 257
74 259
86 77
86 80
86 33
86 50
86 87
86 106
86 122
86 128
86 141
86 148
86 161
86 164
86 180
86 188
86 190
86 195
86 206
86 228
86 236
86 246
86 247
86 248
86 260
98 3
98 30
98 41
98 49
98 52
98 56
98 61
98 65
98 66
98 73
98 91
98 104
98 105
98 118
98 140
98 148
98 149
98 151
98 162
98 178
98 186
98 194
98 198
98 208
98 209
98 212
98 214
98 218
98 221
98 222
98 231
98 235
98 236
98 249
98 250
98 254
98 258
106 77
106 80
106 18
106 33
106 42
106 68
106 78
106 92
106 101
106 122
106 133
106 145
106 146
106 176
106 188
106 195
106 206
106 210
106 215
106 217
106 223
106 229
106 236
106 246
106 247
106 248
106 260
109 77
109 4
109 19
109 23
109 30
109 32
109 34
109 42
109 47
109 54
109 57
109 87
109 96
109 102
109 116
109 124
109 130
109 133
109 135
109 136
109 140
109 161
109 165
109 174
109 177
109 179
109 181
109 188
109 190
109 191
109 194
109 195
109 197
109 201
109 202
109 204
109 205
109 213
109 214
109 216
109 224
109 227
109 231
109 237
122 51
122 77
122 80
122 1
122 2
122 19
122 23
122 43
122 128
122 130
122 141
122 164
122 180
122 188
122 190
122 195
122 196
122 202
122 206
122 215
122 221
122 223
122 227
122 228
122 236
122 246
122 247
122 260
128 77
128 80
128 111
128 133
128 141
128 147
128 157
128 164
128 189
128 190
128 206
128 210
128 215
128 223
128 228
128 229
128 236
128 246
128 247
128 248
128 260
130 135
130 140
130 164
130 180
130 188
130 206
130 223
130 229
130 246
133 77
133 80
133 23
133 35
133 60
133 76
133 81
133 102
133 132
133 141
133 157
133 178
133 180
133 185
133 187
133 190
133 195
133 204
133 206
133 210
133 223
133 236
133 246
133 248
133 260
141 80
141 9
141 164
141 176
141 180
141 195
141 215
141 221
141 227
141 228
141 229
141 260
145 77
145 4
145 14
145 16
145 17
145 19
145 28
145 32
145 33
145 34
145 37
145 47
145 135
145 136
145 140
145 153
145 165
145 174
145 176
145 179
145 181
145 182
145 194
145 201
145 204
145 205
145 216
145 224
145 227
145 231
145 239
145 247
160 51
160 9
160 21
160 29
160 46
160 63
160 67
160 73
160 92
160 95
160 100
160 119
160 143
160 146
160 148
160 150
160 155
160 164
160 165
160 167
160 169
160 175
160 195
160 206
160 211
160 226
160 230
160 240
160 253
164 51
164 80
164 26
164 31
164 45
164 112
164 157
164 180
164 193
164 199
164 211
164 215
164 221
164 228
164 229
164 236
164 248
164 259
164 260
176 77
176 80
176 60
176 78
176 180
176 190
176 206
176 223
176 232
176 247
176 248
176 259
180 77
180 80
180 33
180 150
180 163
180 186
180 190
180 206
180 210
180 215
180 223
180 231
180 236
180 246
180 247
180 248
182 14
182 17
182 19
182 27
182 30
182 47
182 54
182 57
182 96
182 103
182 108
182 116
182 120
182 124
182 136
182 140
182 165
182 174
182 187
182 194
182 197
182 201
182 204
182 205
182 216
182 224
182 225
182 227
182 231
182 237
182 239
182 243
182 259
188 80
188 215
188 223
188 227
188 228
188 246
190 77
190 204
190 206
190 215
190 223
190 236
190 246
190 247
190 248
191 77
191 80
191 14
191 17
191 19
191 27
191 30
191 43
191 47
191 96
191 102
191 108
191 123
191 124
191 139
191 147
191 161
191 165
191 174
191 183
191 185
191 187
191 193
191 199
191 202
191 206
191 216
191 223
191 231
191 238
191 241
191 256
191 257
191 259
206 51
206 80
206 143
206 144
206 157
206 159
206 193
206 204
206 215
206 221
206 223
206 228
206 246
206 247
206 248
206 260
209 3
209 8
209 23
209 39
209 50
209 52
209 56
209 61
209 65
209 66
209 88
209 91
209 92
209 97
209 118
209 139
209 162
209 166
209 179
209 195
209 208
209 212
209 222
209 235
209 249
209 250
209 254
209 255
210 51
210 12
210 22
210 26
210 31
210 33
210 42
210 45
210 46
210 52
210 53
210 55
210 62
210 71
210 73
210 78
210 79
210 95
210 110
210 111
210 119
210 126
210 127
210 129
210 135
210 137
210 144
210 155
210 158
210 159
210 163
210 167
210 169
210 178
210 195
210 196
210 201
210 205
210 211
210 223
210 230
210 236
210 252
215 33
215 75
215 90
215 92
215 135
215 147
215 149
215 189
215 196
215 204
215 217
215 223
215 232
215 243
215 246
215 247
215 248
215 260
216 4
216 17
216 19
216 32
216 34
216 37
216 42
216 47
216 54
216 57
216 67
216 87
216 96
216 102
216 103
216 124
216 135
216 140
216 144
216 172
216 174
216 179
216 194
216 197
216 199
216 201
216 202
216 204
216 213
216 224
216 225
216 227
216 231
216 237
216 239
216 259
221 80
221 232
221 236
221 246
221 248
221 260
223 81
223 168
223 195
223 207
223 228
223 236
236 51
236 80
236 228
236 3
236 32
236 33
236 62
236 196
236 229
236 234
236 239
236 242
236 246
236 247
236 248
236 260
246 80
246 228
246 30
246 33
246 65
246 76
246 79
246 248
246 253
246 260
248 77
248 204
248 260
260 51
260 228
260 229
260 231
17 49
17 19
17 32
17 96
17 161
17 227
17 9
17 27
17 30
17 39
17 43
17 59
17 102
17 103
17 108
17 112
17 123
17 124
17 147
17 174
17 187
17 193
17 197
17 213
17 241
17 257
17 259
80 99
80 123
80 193
80 213
80 227
80 229
80 247
80 259
229 118
59 19
59 96
59 161
59 27
59 39
59 107
59 120
59 123
59 193
59 197
59 199
59 213
59 259
96 51
96 247
96 42
96 142
96 117
96 154
96 4
96 18
96 27
96 30
96 39
96 102
96 104
96 107
96 108
96 120
96 123
96 135
96 139
96 146
96 147
96 151
96 152
96 161
96 174
96 179
96 193
96 202
96 213
96 238
96 241
96 242
96 256
96 257
96 259
103 77
103 250
103 19
103 54
103 135
103 227
103 30
103 39
103 43
103 76
103 102
103 108
103 120
103 123
103 124
103 147
103 187
103 193
103 197
103 199
103 202
103 213
103 238
103 256
103 259
120 158
120 175
120 232
120 148
120 161
120 27
120 39
120 43
120 102
120 108
120 123
120 147
120 183
120 187
120 193
120 197
120 202
120 213
120 238
120 241
120 256
120 257
120 259
124 77
124 79
124 52
124 34
124 177
124 201
124 224
124 225
124 227
124 27
124 30
124 43
124 47
124 100
124 102
124 108
124 123
124 147
124 159
124 174
124 187
124 197
124 199
124 202
124 213
124 238
124 241
124 259
139 77
139 19
139 161
139 18
139 30
139 107
139 150
139 174
139 193
139 199
139 213
161 42
161 19
161 18
161 27
161 30
161 39
161 43
161 58
161 84
161 123
161 165
161 193
161 213
161 237
161 259
171 75
171 105
171 148
171 149
171 208
171 249
171 258
171 146
171 177
171 10
171 18
171 61
171 83
171 84
171 112
171 114
171 138
171 159
171 166
171 173
171 174
171 184
171 203
171 217
171 252
199 231
199 60
199 19
199 165
199 194
199 174
199 197
199 31
199 39
199 43
199 102
199 123
199 183
199 193
199 202
199 213
199 238
199 256
199 259
213 14
213 174
213 197
213 18
213 27
213 30
213 39
213 43
213 102
213 107
213 147
213 153
213 183
213 187
213 193
213 238
213 241
213 252
213 256
213 259
227 77
227 23
227 231
227 56
227 4
227 14
227 19
227 28
227 34
227 37
227 54
227 57
227 135
227 136
227 140
227 165
227 179
227 181
227 194
227 204
227 205
227 224
227 27
227 43
227 47
227 153
227 237
227 257
227 259
238 42
238 231
238 14
238 165
238 205
238 197
238 27
238 30
238 39
238 81
238 102
238 107
238 108
238 123
238 183
238 187
238 202
238 257
238 259
252 41
252 49
252 66
252 105
252 148
252 149
252 254
252 258
252 135
252 177
252 8
252 10
252 76
252 83
252 84
252 88
252 112
252 115
252 134
252 138
252 159
252 166
252 173
252 184
252 185
252 198
252 200
252 203
252 233
252 242
256 232
256 136
256 140
256 18
256 27
256 30
256 43
256 92
256 107
256 123
256 151
256 167
256 187
256 193
256 202
256 259
257 19
257 27
257 102
257 108
257 183
257 193
257 202
257 259
259 77
259 247
259 42
259 126
259 258
259 19
259 140
259 165
259 204
259 225
259 197
259 27
259 30
259 39
259 43
259 88
259 102
259 108
259 123
259 183
259 193
259 202
259 230
259 241
19 18
19 30
19 39
19 43
19 71
19 102
19 107
19 123
19 135
19 140
19 174
19 183
19 193
19 194
19 197
19 201
19 202
19 237
19 241
27 90
27 87
27 135
27 204
27 197
27 30
27 108
27 183
27 193
27 18
27 107
27 123
27 187
31 51
31 12
31 23
31 40
31 155
31 158
31 232
31 65
31 78
31 148
31 253
31 57
31 165
31 177
31 204
31 89
31 234
31 73
31 192
31 240
31 110
31 33
31 46
31 71
31 111
31 119
31 127
31 144
31 172
31 189
31 196
31 220
39 194
39 225
39 174
39 197
39 184
39 241
39 30
39 43
39 102
39 107
39 123
39 147
39 202
43 253
43 197
43 241
43 73
43 30
43 108
43 183
43 193
43 18
43 102
43 123
43 147
43 187
43 189
43 202
102 42
102 57
102 165
102 174
102 241
102 73
102 100
102 30
102 183
102 193
102 18
102 123
102 187
102 202
136 77
136 247
136 231
136 249
136 4
136 28
136 32
136 34
136 37
136 54
136 87
136 135
136 116
136 140
136 153
136 165
136 179
136 181
136 186
136 194
136 204
136 205
136 224
136 225
140 77
140 247
140 231
140 78
140 4
140 28
140 32
140 34
140 37
140 54
140 87
140 135
140 35
140 47
140 116
140 153
140 172
140 179
140 181
140 194
140 201
140 204
140 205
140 224
140 225
140 239
147 177
147 197
147 241
147 243
147 151
147 217
147 196
147 30
147 183
147 193
147 18
147 123
147 187
174 195
174 244
174 165
174 201
174 30
174 108
174 123
174 159
174 193
174 197
174 202
197 60
197 78
197 194
197 224
197 237
197 35
197 92
197 107
197 108
197 123
197 193
197 202
202 23
202 232
202 56
202 194
202 159
202 217
202 30
202 193
202 123
202 187
225 77
225 4
225 28
225 32
225 34
225 179
225 204
225 205
225 224
14 77
14 211
14 231
14 4
14 30
14 32
14 37
14 47
14 54
14 87
14 108
14 135
14 165
14 181
14 183
14 193
14 201
14 204
14 237
28 77
28 155
28 231
28 13
28 253
28 4
28 32
28 34
28 37
28 54
28 57
28 87
28 110
28 116
28 135
28 146
28 153
28 165
28 179
28 181
28 201
28 204
28 205
28 224
28 237
28 242
32 231
32 4
32 34
32 37
32 47
32 54
32 87
32 116
32 153
32 165
32 179
32 194
32 201
32 204
32 239
34 77
34 60
34 154
34 4
34 16
34 37
34 54
34 87
34 135
34 153
34 165
34 179
34 204
34 224
34 239
37 77
37 231
37 4
37 47
37 54
37 57
37 87
37 111
37 116
37 135
37 153
37 165
37 179
37 181
37 201
37 204
37 205
37 224
37 237
37 239
54 4
54 47
54 116
54 135
54 153
54 165
54 179
54 181
54 194
54 201
54 204
54 205
54 224
54 237
57 77
57 231
57 66
57 4
57 47
57 87
57 135
57 165
57 172
57 181
57 201
57 204
57 214
57 234
57 237
57 239
77 3
77 4
77 8
77 16
77 18
77 30
77 75
77 87
77 116
77 135
77 149
77 153
77 177
77 179
77 181
77 183
77 193
77 201
77 204
77 205
77 224
77 231
77 237
77 247
87 247
87 23
87 231
87 13
87 4
87 16
87 47
87 116
87 135
87 153
87 204
87 205
87 224
87 237
87 239
116 165
116 204
116 224
116 239
116 153
135 68
135 155
135 232
135 231
135 13
135 56
135 4
135 33
135 35
135 47
135 110
135 131
135 146
135 153
135 165
135 192
135 194
135 201
135 204
135 205
135 224
135 237
135 239
165 51
165 40
165 42
165 195
165 231
165 4
165 16
165 45
165 47
165 83
165 89
165 108
165 114
165 166
165 169
165 179
165 181
165 185
165 201
165 204
165 205
165 224
165 233
165 237
165 239
165 242
165 243
179 232
179 231
179 146
179 63
179 172
179 201
179 205
179 220
179 224
179 239
181 231
181 4
181 16
181 204
181 205
181 224
181 239
194 153
194 201
194 204
194 205
201 231
201 56
201 60
201 4
201 47
201 84
201 204
201 224
201 237
201 239
204 231
204 4
204 73
204 111
204 169
204 224
204 237
204 239
204 243
205 195
205 232
205 117
205 231
205 4
205 33
205 63
205 73
205 127
205 224
205 234
205 237
205 239
224 42
224 55
224 231
224 16
224 47
224 153
224 167
224 237
224 239
231 2
231 23
231 40
231 42
231 79
231 219
231 3
231 4
231 18
231 47
231 56
231 60
231 114
231 177
231 237
231 239
231 243
231 250
234 51
234 12
234 23
234 42
234 79
234 155
234 178
234 78
234 148
234 249
234 253
234 89
234 33
234 45
234 46
234 71
234 73
234 110
234 111
234 119
234 129
234 144
234 167
234 172
234 189
234 192
234 196
234 220
234 230
237 40
237 60
237 4
237 177
237 62
237 93
247 228
247 23
247 33
247 81
247 101
247 157
107 193
163 7
163 22
163 23
163 42
163 53
163 55
163 142
163 45
163 92
163 156
163 195
163 207
163 211
163 232
187 249
187 84
187 29
187 121
187 151
187 217
187 30
187 108
187 123
187 18
241 78
241 8
241 30
241 123
241 183
18 148
18 108
30 73
30 151
30 242
30 196
30 108
30 123
30 183
30 193
40 1
40 7
40 23
40 42
40 90
40 99
40 117
40 126
40 132
40 142
40 148
40 168
40 178
108 123
108 183
108 193
123 65
123 148
123 208
123 222
123 258
123 146
123 91
123 183
123 104
123 189
183 193
249 178
249 3
249 41
249 49
249 50
249 52
249 56
249 60
249 66
249 82
249 97
249 148
249 149
249 154
249 162
249 212
249 235
249 244
249 4
249 20
249 33
249 72
249 76
249 84
249 91
249 104
249 118
249 121
249 138
249 151
249 177
249 186
249 214
249 217
249 242
249 250
249 251
249 254
51 3
51 9
51 23
51 26
51 33
51 42
51 46
51 53
51 55
51 71
51 78
51 79
51 89
51 94
51 95
51 99
51 100
51 104
51 111
51 119
51 126
51 142
51 143
51 144
51 146
51 150
51 155
51 169
51 172
51 175
51 189
51 193
51 195
51 207
51 211
51 217
51 219
51 226
51 230
51 253
3 13
3 41
3 49
3 50
3 52
3 56
3 60
3 65
3 66
3 75
3 78
3 82
3 97
3 105
3 148
3 149
3 154
3 162
3 212
3 222
3 244
3 250
3 253
3 254
3 258
9 42
9 55
9 126
9 143
9 178
9 195
9 211
9 219
9 117
9 148
9 146
9 89
9 166
9 29
9 45
9 63
9 73
9 92
9 95
9 100
9 167
9 192
9 226
9 230
9 243
23 1
23 2
23 7
23 36
23 38
23 45
23 68
23 71
23 90
23 94
23 95
23 99
23 101
23 117
23 126
23 127
23 134
23 144
23 146
23 156
23 172
23 178
23 195
23 196
23 211
26 42
26 79
26 155
26 178
26 45
26 167
26 230
26 110
26 33
26 111
26 127
26 144
33 12
33 42
33 79
33 155
33 178
33 60
33 78
33 82
33 253
33 192
33 217
33 46
33 71
33 111
33 119
33 127
33 172
33 220
42 1
42 2
42 12
42 38
42 45
42 46
42 56
42 68
42 71
42 75
42 78
42 79
42 89
42 90
42 94
42 100
42 101
42 104
42 110
42 111
42 119
42 126
42 127
42 129
42 132
42 142
42 144
42 146
42 149
42 155
42 158
42 159
42 168
42 169
42 172
42 189
42 192
42 220
46 22
46 38
46 68
46 79
46 253
46 254
46 35
46 112
46 95
46 110
46 111
46 196
46 220
46 71
46 169
46 144
46 172
46 189
53 22
53 55
53 90
53 156
53 207
53 211
53 230
55 1
55 22
55 38
55 45
55 92
55 94
55 95
55 99
55 101
55 119
55 126
55 211
55 230
71 79
71 155
71 78
71 148
71 89
71 192
71 110
71 93
71 114
71 111
71 196
71 220
71 62
71 127
71 129
71 144
71 172
71 189
78 12
78 68
78 79
78 155
78 158
78 195
78 52
78 45
78 67
78 89
78 110
78 111
78 119
78 127
78 129
78 144
78 148
78 156
78 172
78 189
78 192
78 220
78 253
79 1
79 7
79 45
79 111
79 127
79 144
79 155
79 172
79 178
79 189
79 192
79 196
79 220
79 242
79 253
89 7
89 12
89 155
89 61
89 95
89 110
89 111
89 119
89 127
89 144
89 189
89 192
89 196
94 1
94 2
94 7
94 38
94 90
94 45
94 92
94 101
94 119
94 126
94 132
94 142
94 146
94 155
94 156
94 232
95 22
95 126
95 143
95 155
95 175
95 195
95 211
95 219
95 60
95 253
95 146
95 35
95 21
95 29
95 45
95 63
95 73
95 92
95 67
95 100
95 111
95 119
95 150
95 156
95 167
95 169
95 226
95 230
95 243
99 2
99 7
99 90
99 105
99 119
99 132
99 142
99 144
99 207
99 211
99 232
99 250
100 143
100 175
100 195
100 219
100 148
100 146
100 35
100 21
100 29
100 63
100 73
100 92
100 67
100 167
100 169
100 226
100 230
100 240
100 243
104 65
104 148
104 258
104 134
104 72
104 91
104 184
104 76
104 110
104 121
104 185
104 233
104 20
104 24
104 85
104 88
104 93
104 113
104 114
104 251
104 255
104 36
104 62
104 152
111 12
111 90
111 158
111 178
111 195
111 219
111 253
111 45
111 192
111 110
111 255
111 127
111 129
111 137
111 144
111 196
111 220
119 12
119 132
119 142
119 155
119 178
119 211
119 232
119 65
119 253
119 45
119 192
119 110
119 127
119 129
119 144
119 172
119 189
126 1
126 2
126 22
126 90
126 101
126 45
126 132
126 156
126 168
126 175
126 207
126 211
126 232
142 1
142 2
142 7
142 132
142 117
142 143
142 207
142 211
143 1
143 2
143 21
143 29
143 35
143 63
143 67
143 73
143 81
143 92
143 93
143 146
143 150
143 167
143 195
143 219
143 226
143 230
143 240
143 243
144 68
144 155
144 178
144 219
144 148
144 253
144 258
144 146
144 45
144 192
144 127
146 101
146 155
146 175
146 178
146 195
146 219
146 148
146 4
146 8
146 29
146 35
146 63
146 73
146 81
146 129
146 156
146 167
146 177
146 192
146 230
146 240
146 243
146 255
150 175
150 195
150 75
150 239
150 21
150 73
150 92
150 167
150 226
150 230
150 243
150 169
155 90
155 101
155 45
155 127
155 156
155 168
155 172
155 177
155 189
155 192
155 220
155 253
169 22
169 175
169 195
169 219
169 35
169 21
169 29
169 63
169 73
169 167
169 226
169 230
169 240
169 67
172 68
172 90
172 52
172 148
172 45
172 192
172 185
172 196
172 127
172 129
172 189
175 1
175 12
175 68
175 90
175 158
175 21
175 29
175 35
175 67
175 73
175 157
175 167
175 178
175 192
175 195
175 196
175 207
175 219
175 230
175 243
189 211
189 45
189 192
189 242
189 196
189 127
189 129
195 1
195 12
195 68
195 158
195 178
195 21
195 29
195 35
195 45
195 60
195 63
195 67
195 73
195 92
195 118
195 129
195 148
195 157
195 167
195 196
195 211
195 219
195 222
195 226
195 230
195 240
195 243
207 22
207 38
207 90
207 168
207 178
207 211
207 117
207 253
207 226
207 157
211 7
211 22
211 38
211 90
211 101
211 168
211 21
211 35
211 73
211 117
211 156
211 219
211 230
211 232
211 240
211 250
211 251
217 60
217 66
217 75
217 105
217 148
217 149
217 258
217 10
217 115
217 159
217 184
217 243
217 76
217 138
217 151
217 173
217 198
217 200
217 242
219 1
219 158
219 4
219 21
219 63
219 67
219 73
219 92
219 167
219 226
219 240
219 253
226 168
226 244
226 35
226 21
226 63
226 73
226 92
226 67
226 243
230 35
230 21
230 29
230 45
230 63
230 92
230 167
230 240
253 12
253 68
253 178
253 250
253 29
253 36
253 45
253 67
253 73
253 110
253 127
253 157
253 192
253 198
253 220
253 243
8 105
8 148
8 149
8 250
8 258
8 177
8 35
8 61
8 83
8 84
8 91
8 112
8 115
8 159
8 166
8 184
10 41
10 105
10 149
10 258
10 61
10 76
10 83
10 84
10 110
10 112
10 115
10 121
10 138
10 166
10 185
10 198
10 200
10 203
10 233
10 242
41 13
41 49
41 50
41 52
41 56
41 65
41 66
41 73
41 76
41 82
41 84
41 88
41 91
41 97
41 112
41 115
41 134
41 148
41 159
41 166
41 185
41 186
41 212
41 214
41 218
41 233
41 235
41 240
41 244
41 250
52 68
52 13
52 50
52 56
52 62
52 65
52 66
52 82
52 118
52 131
52 162
52 186
52 203
52 214
52 235
52 244
52 255
56 13
56 49
56 84
56 88
56 112
56 148
56 162
56 166
56 185
56 186
56 214
56 235
56 244
56 250
60 20
60 24
60 36
60 62
60 72
60 88
60 112
60 113
60 114
60 121
60 131
60 134
60 138
60 149
60 170
60 173
60 184
60 185
60 192
60 233
60 242
60 244
61 232
61 75
61 148
61 258
61 177
61 84
61 112
61 113
61 115
61 151
61 159
61 166
61 173
61 198
61 203
66 13
66 50
66 20
66 75
66 82
66 91
66 97
66 105
66 112
66 118
66 138
66 148
66 162
66 173
66 198
66 208
66 212
66 214
66 218
66 222
66 235
66 244
66 254
66 258
83 50
83 75
83 105
83 148
83 149
83 208
83 258
83 177
83 84
83 114
83 115
83 159
83 198
83 203
83 242
84 105
84 149
84 258
84 177
84 62
84 64
84 93
84 112
84 115
84 138
84 159
84 185
84 200
92 101
92 148
92 208
92 250
92 35
92 21
92 73
92 167
92 240
92 242
92 243
112 75
112 105
112 177
112 134
112 20
112 62
112 64
112 76
112 88
112 115
112 137
112 138
112 159
112 166
112 173
112 184
112 185
112 203
112 233
112 242
115 105
115 149
115 258
115 177
115 64
115 88
115 138
115 151
115 159
115 166
115 198
134 7
134 232
134 154
134 208
134 11
134 20
134 24
134 36
134 62
134 64
134 76
134 88
134 93
134 113
134 114
134 121
134 131
134 152
134 166
134 185
134 233
134 251
134 255
138 105
138 250
138 177
138 159
138 166
138 173
138 198
138 242
148 13
148 49
148 50
148 65
148 82
148 97
148 105
148 72
148 88
148 91
148 113
148 118
148 125
148 129
148 154
148 159
148 162
148 173
148 177
148 218
148 222
148 235
148 244
148 250
148 251
148 255
148 258
149 75
149 105
149 64
149 151
149 159
149 166
149 173
149 184
149 198
149 200
149 203
149 214
149 258
151 232
151 105
151 177
151 166
151 243
151 85
151 173
151 198
151 200
151 242
159 82
159 162
159 208
159 218
159 258
159 177
159 76
159 93
159 114
159 166
159 184
159 185
159 198
159 203
162 49
162 50
162 65
162 91
162 118
162 131
162 177
162 208
162 222
162 235
162 242
162 244
162 250
166 105
166 212
166 258
166 91
166 58
166 76
166 110
166 173
166 185
166 198
166 200
166 233
167 178
167 232
167 258
167 35
167 21
167 29
167 45
167 63
167 73
167 67
167 156
167 240
173 218
173 254
173 258
173 72
173 198
173 200
173 242
184 105
184 254
184 258
184 177
184 72
184 20
184 24
184 36
184 58
184 62
184 64
184 85
184 88
184 93
184 113
184 114
184 131
184 152
184 185
184 203
184 233
184 242
184 255
198 75
198 105
198 258
198 177
198 72
198 62
198 242
198 251
200 250
200 88
203 75
203 105
203 177
203 73
203 131
233 250
233 73
233 76
233 121
233 185
233 20
233 36
233 62
233 64
233 85
233 88
233 93
233 113
233 114
233 131
233 137
233 170
233 251
233 255
242 208
242 258
242 177
242 137
251 154
251 218
251 235
251 76
251 11
251 20
251 88
251 113
251 114
251 131
251 170
114 177
114 76
114 11
114 24
114 88
114 93
114 36
114 58
114 170
114 255
4 16
75 232
75 105
75 220
177 65
177 154
177 208
177 222
177 35
177 73
177 113
177 131
177 170
50 13
50 49
50 65
50 82
50 91
50 97
50 118
50 186
50 208
50 212
50 218
50 222
50 235
49 13
49 65
49 91
49 97
49 118
49 214
49 218
49 222
49 244
49 250
49 254
65 82
65 118
65 186
65 196
65 214
65 218
65 222
65 244
65 250
73 232
73 35
73 21
73 29
73 63
73 67
73 243
91 13
91 82
91 97
91 105
91 212
91 218
91 222
91 235
91 250
91 254
91 76
91 118
91 214
105 97
105 93
105 170
105 214
105 222
105 235
105 258
118 97
118 212
118 218
118 235
118 254
118 72
118 64
118 125
118 186
118 214
178 1
178 12
178 90
178 158
178 21
178 45
178 129
178 156
178 157
178 196
178 220
186 208
186 212
186 235
186 244
186 250
186 255
186 170
208 13
208 152
208 185
208 212
208 214
208 218
208 222
208 235
208 244
208 250
208 255
212 97
212 62
212 93
212 214
212 218
212 222
212 235
212 244
212 254
214 13
214 82
214 97
214 218
214 222
214 235
214 250
218 13
218 97
218 72
218 125
218 222
218 235
218 254
222 13
222 82
222 97
222 250
222 254
235 82
235 97
235 72
235 185
235 244
235 250
235 254
250 13
250 82
250 244
250 62
250 72
250 88
250 125
250 131
250 185
250 254
250 255
250 258
254 13
254 82
254 97
254 244
254 125
258 58
258 131
258 255
68 1
68 12
68 21
68 45
68 127
68 129
68 157
68 158
68 192
68 196
68 220
101 2
101 22
101 38
101 132
101 156
101 168
101 232
1 2
1 7
1 12
1 22
1 38
1 132
1 158
1 168
1 232
2 7
2 90
2 117
2 132
196 158
196 45
196 192
196 255
196 127
196 129
196 157
157 90
157 21
35 21
35 63
35 240
76 72
76 11
76 20
76 36
76 62
76 85
76 88
76 93
76 113
76 131
76 137
76 152
76 170
76 185
76 255
81 117
81 29
81 243
81 67
81 125
132 22
132 38
132 117
132 129
132 156
132 232
185 154
185 121
185 24
185 36
185 58
185 62
185 64
185 88
185 131
185 137
239 90
21 12
21 90
21 158
21 29
21 63
29 67
29 240
29 243
63 240
67 240
67 243
240 232
240 243
45 12
45 90
45 158
45 110
45 192
45 220
232 38
232 90
232 168
232 110
232 117
232 156
232 243
88 154
88 121
88 11
88 20
88 58
88 64
88 93
88 113
88 131
88 137
97 13
97 82
97 170
255 154
255 244
255 121
255 11
255 85
255 93
255 113
255 131
255 36
255 58
255 62
255 64
255 170
255 245
12 90
12 110
22 7
22 38
62 121
62 85
62 93
62 113
62 131
62 36
62 64
62 58
62 137
110 192
110 127
110 129
127 72
127 192
129 90
129 158
129 192
129 156
137 72
137 24
137 93
137 113
137 131
137 36
137 64
137 58
158 90
158 220
90 117
90 156
90 168
168 117
168 156
7 117
117 156
36 154
36 72
36 20
36 93
36 113
36 64
36 152
192 220
93 154
93 72
93 121
93 11
93 85
93 58
93 113
93 131
93 170
13 82
82 20
82 125
154 11
154 20
154 58
154 72
154 85
154 121
154 131
154 152
154 170
131 72
131 121
131 11
131 24
131 85
131 58
131 64
131 170
20 72
20 11
20 24
20 64
20 85
20 113
20 152
24 121
24 11
24 58
24 64
24 170
72 11
72 58
72 85
72 113
72 121
72 170
113 121
113 11
113 85
113 152
113 170
121 85
121 152
170 64
170 152
170 58
64 58
64 245
11 85
85 152
