0 10
0 83
0 88
0 117
10 7
10 4
10 22
10 24
10 29
10 78
10 83
10 88
10 117
10 119
10 139
83 7
83 41
83 52
83 54
83 58
83 88
83 100
83 113
83 117
83 118
83 130
83 141
88 7
88 24
88 78
88 100
88 102
88 117
117 100
117 102
7 102
102 11
102 118
4 29
4 57
4 119
4 139
22 100
22 61
22 78
24 78
24 130
29 85
29 138
78 42
78 116
78 30
119 57
119 68
119 91
139 57
139 68
139 18
139 58
139 101
41 130
41 52
41 58
41 118
52 130
52 87
52 141
52 47
52 45
52 58
52 118
54 100
54 113
58 130
58 45
58 118
100 109
100 126
118 130
118 106
118 45
118 79
130 45
141 26
141 79
109 137
109 126
109 121
109 112
109 26
109 33
109 123
126 65
126 26
126 121
11 98
1 2
1 16
1 42
1 96
1 128
2 6
16 37
16 42
16 82
16 114
42 28
42 32
42 36
42 60
42 84
42 89
42 95
96 73
96 81
96 128
128 73
128 81
128 105
6 62
6 71
6 135
37 82
82 114
28 95
28 70
28 84
32 70
32 97
32 104
32 36
36 121
36 60
84 89
84 120
89 120
95 135
95 20
95 48
73 62
73 15
73 81
73 121
81 121
81 112
81 133
105 112
62 55
62 71
62 123
62 135
135 55
135 137
3 77
77 103
98 9
98 38
98 76
98 99
57 18
57 131
57 140
85 140
85 17
85 138
138 17
138 39
18 101
131 75
131 20
131 27
131 48
140 14
140 49
140 74
140 91
68 93
93 134
93 136
91 74
91 101
5 53
5 56
5 69
5 75
5 132
53 20
53 56
53 69
53 75
53 86
53 132
56 75
69 65
69 20
69 51
69 63
69 75
69 132
75 132
20 27
20 108
86 134
65 63
65 66
65 80
65 92
65 124
63 25
63 51
63 66
63 76
66 25
66 76
66 124
66 134
80 92
80 48
80 127
92 8
92 12
92 110
124 94
124 46
124 107
51 25
51 67
51 76
55 137
137 121
8 19
8 34
8 40
8 64
8 72
8 116
19 34
19 40
19 64
19 72
34 40
34 64
34 72
34 116
40 72
64 72
64 116
72 116
116 48
48 127
9 99
99 136
38 21
38 111
76 25
76 31
61 74
30 35
30 47
30 122
26 87
26 106
13 59
59 67
21 43
21 111
43 111
67 50
49 39
17 39
27 23
112 133
133 90
25 94
94 46
94 134
46 107
87 106
106 79
70 104
35 44
35 47
35 122
47 122
125 129
129 115
