1
53
109
96
118
120
65
178
339
180
231
146
234
297
22
267
108
359
238
16
87
37
32
76
282
347
58
256
81
45
121
117
377
281
136
52
128
8
113
204
49
160
46
293
141
47
10
351
39
274
307
33
125
51
71
352
15
245
321
265
92
21
236
317
221
115
171
353
159
41
66
119
188
24
239
269
225
378
31
30
74
368
35
348
103
162
142
57
322
232
36
302
275
54
78
2
175
226
303
356
179
240
68
83
140
214
193
357
28
327
134
122
181
143
336
93
241
219
276
102
222
223
261
306
323
288
84
11
244
148
289
211
363
14
260
79
12
50
337
279
94
280
116
341
209
182
55
349
215
311
26
144
17
271
362
247
338
358
69
75
48
127
207
73
167
95
114
340
101
176
18
70
230
218
150
112
166
172
200
97
149
210
283
170
4
216
158
111
235
227
98
354
126
328
0
145
369
56
161
212
59
310
9
242
43
213
42
325
270
290
100
77
80
173
20
224
29
25
360
217
361
266
292
284
243
3
7
177
67
23
208
72
291
318
34
220
88
82
194
364
174
342
99
329
319
110
304
44
106
346
355
268
13
195
168
273
147
320
237
19
130
350
169
40
326
