241
224
31
281
78
142
126
191
203
17
100
76
246
196
139
188
214
240
187
132
316
33
165
110
216
0
108
39
144
116
178
150
35
290
315
322
244
299
8
28
292
195
125
317
211
29
172
306
83
120
167
154
238
72
136
86
47
87
71
133
153
79
320
69
255
114
189
24
265
54
70
260
13
171
304
121
26
258
249
131
257
303
105
305
236
274
104
311
272
201
67
321
118
251
278
75
182
19
140
279
254
208
60
248
266
92
280
2
302
30
175
103
45
163
259
27
52
42
295
84
217
156
199
106
22
81
232
309
46
293
256
269
221
200
268
267
141
109
190
111
23
12
4
247
57
207
94
159
151
179
9
74
262
6
285
155
206
128
227
197
135
64
99
