288
710
1123
803
760
1103
716
828
733
745
569
1102
200
819
562
1129
1061
152
1082
622
668
837
855
70
25
92
734
702
1007
42
725
399
785
744
1080
741
617
388
328
740
777
145
244
234
203
206
707
614
895
770
332
320
1072
666
914
1006
902
1092
156
879
212
461
1121
732
692
108
975
165
214
295
833
986
864
945
842
441
58
13
464
304
607
494
242
71
1017
967
608
801
106
667
125
649
619
728
347
296
409
118
1063
310
209
640
440
290
578
508
852
208
491
133
442
988
227
951
120
509
110
636
753
251
651
142
990
195
886
15
373
514
415
958
19
844
342
258
656
965
83
382
574
1074
653
762
774
808
283
953
128
931
921
313
91
86
121
997
820
805
381
274
893
483
743
595
94
193
238
111
862
880
705
76
207
432
558
724
471
26
271
326
950
356
213
1128
40
1066
488
1
818
45
459
102
369
162
676
513
1051
5
644
503
1086
221
169
270
545
318
899
81
531
20
154
237
1120
650
329
758
127
1098
520
942
1119
791
34
1002
62
659
294
29
610
889
680
515
370
719
1025
1047
333
850
840
533
273
1110
848
437
352
495
453
412
804
1014
393
228
612
139
490
144
302
523
24
924
1018
113
778
299
263
885
1091
964
204
1028
528
602
892
647
566
394
3
158
1021
549
411
629
236
443
813
843
284
433
467
286
267
148
481
519
395
613
348
439
654
287
403
772
851
983
444
506
383
99
980
407
377
420
751
386
96
0
1071
911
196
582
151
756
556
428
217
824
245
731
380
1101
46
735
639
161
36
873
695
51
836
1043
400
275
188
9
496
922
834
670
555
1079
1005
73
1035
176
500
474
1064
981
597
460
261
711
604
38
832
871
498
543
357
769
307
257
178
547
567
671
472
427
14
362
1088
493
189
157
642
660
426
979
306
755
55
225
1011
85
63
179
1049
1065
300
186
835
759
646
1022
80
448
806
1031
663
119
355
331
266
796
768
863
713
298
77
542
677
606
788
131
580
858
292
10
291
775
392
874
601
1069
849
736
1050
1019
449
123
687
434
314
841
933
615
935
303
1124
248
293
766
961
389
53
56
305
104
1104
181
262
583
230
366
749
560
776
561
216
501
87
143
948
669
575
129
249
920
32
1056
1016
336
884
340
943
95
8
609
1010
996
587
1000
853
84
812
859
586
730
192
69
435
37
482
246
1034
918
219
447
140
277
240
786
655
141
742
1045
557
698
972
402
64
177
512
908
252
65
959
1026
823
1020
631
224
359
576
1023
167
22
815
881
1132
97
544
67
1058
792
536
994
226
854
171
697
782
626
321
259
529
633
962
675
201
757
235
48
371
243
232
726
350
197
484
458
599
661
628
937
268
504
1033
621
137
674
1115
335
134
334
1083
210
100
765
191
297
218
16
28
611
1085
74
231
175
570
814
797
794
112
278
365
199
61
802
956
417
272
822
475
17
1105
480
839
591
255
1106
691
23
946
116
641
1075
138
466
376
115
717
970
166
876
518
1041
1036
419
524
635
264
446
923
215
955
160
114
182
101
971
52
907
66
620
1052
341
430
984
103
147
422
838
378
807
338
1114
712
462
301
1093
150
31
124
627
510
579
658
72
703
563
689
330
153
925
865
685
637
281
817
12
1116
534
507
537
985
909
821
517
767
1029
239
149
410
826
198
721
780
289
311
598
385
993
686
699
1113
1003
872
387
39
1099
1087
672
269
279
573
27
867
499
107
662
779
1118
553
878
452
185
939
541
1027
564
1055
492
915
605
429
344
44
418
146
690
487
585
57
845
164
949
247
60
79
223
78
648
593
1095
960
187
992
999
1039
155
30
746
800
700
1009
738
827
540
761
406
1090
947
367
308
516
1032
398
374
522
41
457
989
337
748
875
526
936
684
265
977
926
421
906
4
211
1004
105
93
168
50
632
229
194
551
390
479
624
117
1013
132
974
673
49
825
159
497
798
68
930
521
793
21
75
723
572
280
363
831
220
315
618
170
1126
90
527
787
991
694
190
678
309
1078
1130
913
888
205
322
253
423
109
630
1076
898
469
830
600
233
319
98
1048
1008
581
89
1096
82
1122
616
682
222
463
722
59
33
468
324
688
325
987
784
282
589
708
317
546
173
130
681
122
954
652
973
790
260
1030
1089
1042
729
866
391
502
550
202
1073
364
172
476
285
882
693
126
35
525
789
696
346
1059
890
416
938
136
1062
781
846
704
241
715
408
747
256
486
1131
183
1117
465
1015
343
857
454
584
276
634
571
327
894
436
250
353
623
941
431
323
254
764
11
799
6
7
904
180
1040
1084
372
771
505
135
539
856
184
901
903
339
174
316
18
397
896
643
425
163
404
43
54
2
596
312
683
860
530
754
88
645
451
456
940
957
345
1067
714
910
565
47
720
887
554
891
424
883
548
1012
577
