177
298
501
911
76
421
884
696
358
463
896
372
234
423
836
727
797
606
892
106
801
270
957
289
639
622
895
891
257
990
494
324
335
686
579
452
1001
903
655
111
783
462
1029
544
236
970
677
408
4
608
429
109
553
125
155
905
730
968
580
564
435
768
710
846
1069
181
197
460
505
3
1033
848
300
414
756
899
459
415
122
994
23
745
912
72
149
499
1021
556
264
621
233
228
610
1077
725
242
1131
867
669
598
412
702
648
540
945
661
936
282
255
980
274
904
1091
388
246
339
294
822
636
557
453
357
87
119
75
310
401
431
814
271
919
424
378
930
403
1086
376
746
352
185
302
950
662
644
538
328
663
152
1106
574
86
422
1010
187
323
13
658
309
524
561
96
1123
292
150
794
927
0
196
1121
975
213
1013
786
325
367
46
314
938
864
535
926
319
138
85
700
25
183
1039
1078
148
118
387
483
351
536
821
573
409
156
1107
249
750
178
353
813
51
632
44
473
570
1102
656
1079
712
171
379
1030
374
451
824
850
1100
31
876
587
788
