530
473
763
448
264
951
652
216
766
515
468
648
847
49
270
60
629
495
812
316
241
247
694
516
626
141
669
308
867
535
800
422
575
271
740
811
20
381
293
361
460
67
878
717
169
90
322
647
751
528
61
596
619
300
957
183
115
178
927
788
849
426
444
517
98
352
839
900
678
912
384
429
155
477
5
343
335
162
863
833
50
248
81
11
184
544
537
560
99
554
491
825
772
46
353
146
526
607
475
358
277
368
125
85
872
972
817
950
199
633
936
202
16
362
399
17
716
108
710
882
226
140
59
597
490
686
907
182
239
937
431
231
735
269
272
424
562
767
453
25
19
664
568
731
425
219
246
195
722
420
267
72
220
32
339
533
590
128
840
430
506
391
263
507
24
481
523
803
618
8
592
868
821
608
304
75
404
943
500
773
43
631
366
565
407
577
749
439
493
472
758
92
419
40
398
158
244
917
623
255
