297
316
291
38
2
32
144
293
305
123
201
22
69
264
294
7
121
139
0
140
143
127
105
309
187
249
172
219
99
248
142
40
1
111
118
148
6
116
315
314
154
296
135
8
241
255
13
196
3
55
324
75
124
292
170
19
319
235
60
242
79
90
162
214
57
303
49
27
289
156
279
42
4
284
244
174
153
86
14
267
5
218
161
195
285
63
308
29
71
202
18
320
321
176
59
238
256
100
146
301
278
62
108
325
25
91
45
200
227
24
231
82
232
37
9
43
145
34
302
11
21
23
15
96
271
217
112
52
129
263
54
104
74
318
65
72
78
51
87
179
103
276
166
20
265
204
280
98
56
88
240
225
95
258
70
28
222
306
167
220
273
46
58
245
31
168
94
190
66
125
157
26
76
115
178
194
92
257
239
206
252
147
114
30
44
73
68
212
197
50
33
17
48
203
237
223
304
215
39
150
134
77
180
97
155
165
36
84
317
229
186
184
137
85
209
16
67
41
171
64
163
233
326
160
250
322
246
199
185
288
53
12
61
182
122
35
101
47
133
10
270
251
89
119
107
81
169
243
152
83
177
275
109
283
80
132
298
110
93
213
102
