8
295
626
340
499
475
932
664
318
803
66
59
215
329
9
539
81
320
701
209
828
98
277
679
658
218
5
920
25
911
104
14
395
60
216
544
737
575
657
175
413
500
691
927
771
816
336
493
825
367
461
584
85
733
80
77
811
397
995
150
163
436
510
832
89
129
601
717
202
121
274
830
48
288
794
122
379
595
389
675
871
306
271
827
959
97
120
948
752
289
291
285
422
736
478
173
31
155
686
597
692
190
768
446
339
451
662
956
158
166
416
709
801
885
792
79
503
471
958
835
350
822
258
226
623
814
438
398
360
290
136
352
540
666
611
635
21
786
100
765
470
182
3
823
36
507
16
139
310
427
42
481
156
819
43
888
346
821
732
759
180
453
813
628
187
648
125
947
407
267
992
28
2
170
579
693
245
312
624
532
667
444
972
253
12
861
787
535
362
596
259
748
426
321
224
380
17
655
232
615
238
741
265
127
728
263
67
256
214
570
210
178
605
594
694
515
943
978
530
704
966
492
817
264
251
699
171
463
997
776
875
600
467
194
198
193
41
206
504
275
842
268
576
351
680
172
88
141
856
118
220
189
90
109
879
858
396
29
240
24
734
863
231
633
719
430
546
169
838
849
326
366
751
292
261
348
571
652
800
316
135
862
707
53
146
423
248
505
247
128
72
549
984
254
900
807
51
7
772
255
84
806
1003
588
165
665
656
38
372
637
241
420
661
262
412
547
484
799
663
892
783
818
138
647
303
480
431
703
0
653
302
52
459
634
477
101
23
91
683
460
19
213
191
20
456
564
185
445
455
869
411
34
558
915
207
916
371
531
854
631
391
55
266
419
237
354
541
401
167
848
103
69
22
87
864
311
646
785
610
337
670
133
148
712
553
464
688
921
528
64
710
465
554
319
833
409
840
62
33
708
15
545
280
872
151
567
674
315
152
111
161
308
967
790
46
973
119
168
375
685
76
476
334
286
985
678
681
502
382
282
107
134
236
996
534
405
183
874
386
711
486
573
852
609
390
356
369
293
805
37
583
642
525
954
506
70
977
860
63
437
808
730
722
782
589
130
324
677
669
599
757
469
57
102
740
137
18
50
577
200
252
394
527
234
538
65
587
39
820
114
533
105
743
760
798
513
269
789
281
574
233
408
115
918
385
866
387
565
598
779
399
556
201
896
279
272
260
332
296
713
78
99
804
131
501
404
750
876
843
745
561
94
73
373
868
149
763
30
153
208
383
462
227
40
204
162
682
113
250
897
222
443
718
132
940
537
322
370
839
205
68
903
154
715
931
638
784
511
357
108
853
147
485
1001
474
479
591
35
582
607
612
687
442
837
71
668
650
700
762
92
96
458
468
466
912
49
184
353
349
83
219
727
338
179
855
368
508
341
406
702
672
126
841
949
400
630
333
495
880
936
359
418
93
381
590
74
417
778
415
429
581
435
300
197
836
44
735
4
482
509
990
873
403
239
706
563
725
905
230
242
498
181
223
676
195
270
518
56
517
526
374
106
886
454
27
746
551
11
174
618
299
32
749
810
457
950
490
578
881
773
756
6
552
217
82
307
555
75
645
891
257
249
342
494
649
159
824
345
521
671
557
651
343
384
788
627
636
899
524
112
140
448
878
906
434
424
870
548
10
221
447
58
930
802
731
225
309
246
926
392
877
393
325
192
425
45
497
629
276
317
335
608
164
1
388
592
54
186
812
496
95
278
491
846
244
754
660
452
305
361
142
358
26
110
850
330
580
199
606
287
86
196
61
695
845
347
323
514
273
791
831
815
145
402
13
945
889
562
617
47
951
439
522
793
143
987
516
523
644
963
923
243
777
