122
336
253
415
55
413
22
421
78
119
263
74
124
38
258
279
442
388
163
20
152
11
298
144
412
59
224
371
46
107
75
68
211
66
246
218
91
250
284
254
198
199
230
233
375
445
229
63
264
161
186
31
77
260
123
106
305
142
10
113
174
348
222
269
114
384
79
194
160
427
172
420
168
41
132
185
414
242
272
256
44
102
200
440
136
40
344
410
90
37
299
300
131
138
195
291
100
171
280
8
201
409
425
76
392
213
207
167
294
82
399
206
69
441
366
7
237
292
265
215
118
89
356
45
34
157
406
328
99
24
197
148
259
32
88
141
84
162
275
86
408
355
98
210
170
101
4
434
15
255
278
61
64
92
193
306
310
202
125
105
126
247
42
303
426
364
313
270
331
323
424
109
324
156
190
317
302
318
85
219
129
296
251
352
121
367
212
36
54
146
196
239
354
175
379
14
335
389
147
81
372
276
2
339
28
290
27
378
104
181
94
116
236
444
268
115
301
47
277
159
240
139
19
140
407
130
243
393
103
266
267
169
252
394
438
30
381
111
311
135
166
228
73
191
390
35
443
5
173
435
29
180
304
437
447
428
345
52
164
411
220
449
288
436
151
401
400
232
235
150
380
281
450
43
177
87
48
257
333
234
315
223
342
439
17
346
9
312
204
80
155
416
403
67
322
26
297
133
307
60
430
351
343
51
6
432
158
23
274
295
368
285
120
0
72
178
83
395
134
286
391
332
369
423
334
397
33
248
65
387
117
127
192
203
422
238
431
341
216
96
137
353
271
217
58
382
398
402
289
182
3
221
184
249
70
417
373
245
359
244
110
448
227
39
362
95
16
189
309
226
316
287
12
370
273
405
205
153
433
231
13
187
57
143
97
25
225
209
214
376
108
374
56
183
145
308
149
21
128
93
429
154
18
49
241
314
347
