0 105
0 132
0 155
0 247
0 256
0 260
1 35
1 67
1 86
1 98
1 143
1 153
1 272
1 334
2 34
2 38
2 43
2 50
2 65
2 117
2 142
2 175
2 179
2 219
2 223
2 295
2 302
2 310
2 314
2 333
3 46
3 69
3 81
3 98
3 100
3 117
3 141
3 173
3 177
3 179
3 225
3 228
3 236
3 318
3 320
4 17
4 18
4 21
4 29
4 34
4 47
4 81
4 121
4 147
4 148
4 154
4 203
4 213
4 216
4 218
4 223
4 241
4 248
4 251
4 276
4 277
4 286
4 337
5 12
5 13
5 84
5 109
5 152
5 203
5 236
5 268
5 321
6 99
6 102
6 123
6 137
6 142
6 199
6 220
6 222
6 286
6 311
6 316
6 325
6 328
6 337
7 8
7 20
7 53
7 103
7 139
7 156
7 158
7 172
7 210
7 229
7 238
7 248
7 287
7 297
7 314
7 318
7 320
7 333
8 45
8 49
8 98
8 121
8 125
8 143
8 160
8 168
8 208
8 272
8 287
8 320
8 332
8 334
9 77
9 81
9 119
9 163
9 207
9 239
9 274
9 296
9 321
10 109
10 136
10 159
11 29
11 50
11 104
11 137
11 177
11 178
11 210
11 274
11 318
12 13
12 141
12 151
12 152
12 174
12 201
12 203
12 206
12 236
12 327
12 338
13 81
13 151
13 172
13 203
13 236
13 321
14 107
14 176
14 177
14 336
15 44
15 187
16 72
16 79
16 180
16 212
16 241
16 250
16 274
16 285
17 30
17 109
17 112
17 179
17 232
17 273
17 284
18 35
18 67
18 86
18 101
18 113
18 211
18 220
18 319
19 43
19 48
19 50
19 65
19 104
19 112
19 166
19 177
19 219
19 225
19 245
19 248
19 281
19 292
19 295
19 302
19 310
19 312
20 36
20 151
20 156
20 186
20 199
20 215
20 229
20 248
20 270
20 301
20 335
21 32
21 249
21 268
21 322
22 110
22 134
22 149
22 308
23 26
23 56
23 149
23 308
24 156
24 158
24 200
24 238
24 331
25 44
25 124
25 145
25 157
25 193
25 201
25 259
25 274
25 306
26 34
26 43
26 46
26 57
26 58
26 65
26 81
26 110
26 119
26 177
26 216
26 218
26 220
26 242
26 246
26 253
26 254
26 268
26 325
26 330
27 62
27 93
27 100
27 127
27 220
27 221
27 228
27 233
27 248
27 257
27 274
27 299
27 318
27 324
28 71
28 111
28 128
28 277
29 34
29 77
29 91
29 100
29 109
29 123
29 161
29 164
29 181
29 213
29 218
29 230
29 248
29 298
29 310
29 321
29 323
30 50
30 89
30 104
30 177
30 225
30 290
31 81
31 82
31 107
31 127
31 131
31 196
31 204
31 228
31 248
31 274
31 315
32 87
32 127
33 168
33 320
34 46
34 58
34 75
34 98
34 131
34 148
34 169
34 170
34 183
34 186
34 191
34 192
34 208
34 219
34 228
34 236
34 275
34 286
34 318
34 320
34 321
34 337
35 211
35 319
35 334
36 53
36 156
36 158
36 172
36 200
36 238
36 270
36 287
36 314
36 320
36 333
37 46
37 145
37 203
37 210
37 228
37 244
37 258
37 274
37 280
37 317
37 321
38 65
38 112
38 141
38 158
38 174
38 245
38 248
38 278
38 310
39 74
39 95
39 105
39 136
39 213
40 62
40 100
40 221
40 227
40 298
40 299
41 77
41 173
42 62
42 228
42 263
42 278
42 282
42 299
42 304
43 65
43 72
43 78
43 79
43 81
43 89
43 112
43 166
43 177
43 179
43 182
43 195
43 225
43 274
43 295
43 310
44 157
45 98
45 121
45 125
45 168
45 208
45 268
45 286
45 332
45 334
46 69
46 148
46 151
46 186
46 210
46 215
46 225
46 236
46 248
46 268
46 273
46 274
46 301
46 318
46 320
46 330
46 331
47 65
47 87
47 98
47 109
47 131
47 172
47 191
47 198
47 216
47 274
47 325
47 330
48 291
48 292
48 295
48 305
49 67
49 98
49 143
49 168
49 208
49 211
49 272
49 332
49 334
50 104
50 109
50 117
50 159
50 177
50 179
50 182
50 200
50 223
50 225
50 278
50 293
50 295
50 296
50 305
50 310
51 96
51 144
51 151
51 180
51 200
51 250
51 335
52 158
52 227
52 257
52 282
53 103
53 171
53 172
53 200
53 220
53 229
53 320
54 104
54 165
54 179
54 232
55 162
55 163
55 203
55 204
55 214
55 246
55 267
55 268
55 269
55 274
55 297
55 321
56 149
57 237
57 239
57 244
57 248
57 322
58 73
58 75
58 116
58 159
58 164
58 191
58 230
58 309
58 329
58 330
59 187
59 193
59 259
59 306
59 315
60 183
60 258
60 278
60 293
60 317
60 318
60 323
61 99
61 118
61 146
61 169
61 234
61 261
61 271
61 284
62 93
62 221
62 228
62 282
62 304
63 90
63 138
64 97
64 153
64 322
65 78
65 79
65 117
65 166
65 174
65 177
65 182
65 219
65 220
65 232
65 245
65 255
65 264
65 280
65 295
65 310
65 333
66 71
66 99
66 135
66 146
66 184
66 198
66 211
66 256
66 261
66 271
67 73
67 101
67 129
67 143
67 229
67 230
67 260
67 272
67 332
68 70
68 107
69 87
69 123
69 134
69 168
69 236
69 244
69 248
69 268
69 286
69 308
69 337
70 107
70 114
70 177
70 264
71 106
71 128
71 211
71 277
72 79
72 156
72 158
72 195
72 200
72 212
72 239
72 240
72 241
72 250
72 264
72 285
72 302
72 310
72 331
73 309
74 95
74 105
74 220
74 229
74 288
74 318
75 155
75 164
75 210
75 236
75 286
76 89
76 112
76 205
77 81
77 163
77 207
77 296
78 108
78 115
78 138
78 166
78 177
78 182
78 333
79 195
79 212
79 285
79 310
79 333
80 83
80 184
80 198
80 300
81 91
81 110
81 131
81 163
81 170
81 177
81 207
81 228
81 236
81 243
81 246
81 248
81 273
81 274
81 279
81 280
81 296
81 308
81 320
81 321
82 96
82 156
82 158
82 228
82 235
82 238
82 250
82 274
82 285
82 303
82 335
83 99
83 111
83 128
83 133
83 184
83 198
84 96
84 159
84 204
84 220
84 249
84 253
84 318
85 86
85 168
86 101
86 113
86 129
86 168
86 272
86 281
86 316
86 332
87 109
87 134
87 159
87 192
87 217
87 222
87 231
87 242
87 244
87 325
87 337
88 101
88 113
88 129
88 160
88 202
88 283
88 332
89 112
89 123
89 196
89 219
89 225
89 235
89 293
89 296
89 314
89 335
90 138
90 166
90 175
90 182
90 185
90 219
90 264
91 109
91 119
91 163
91 248
91 267
91 320
91 321
91 338
92 100
92 175
92 219
92 241
93 200
93 239
93 248
93 265
94 103
94 189
95 105
95 153
95 318
95 328
95 334
96 144
96 156
96 180
96 196
96 224
96 250
96 335
97 153
98 109
98 121
98 125
98 129
98 154
98 168
98 170
98 208
98 236
98 243
98 248
98 272
98 275
98 318
98 320
98 332
98 334
99 106
99 111
99 118
99 132
99 135
99 146
99 151
99 169
99 198
99 211
99 234
99 247
99 262
99 266
99 274
99 276
99 326
100 109
100 131
100 183
100 201
100 228
100 233
100 257
100 281
100 282
100 299
101 129
101 160
101 168
101 244
101 316
102 151
102 217
102 222
102 316
102 325
102 328
103 172
103 287
103 320
104 117
104 165
104 177
104 179
104 220
104 225
104 239
104 280
104 295
104 310
104 314
104 333
105 109
105 151
105 159
105 225
105 239
105 248
105 295
105 302
105 310
105 323
105 325
106 128
106 261
106 276
106 284
106 326
107 115
107 138
107 166
107 176
107 177
107 226
107 274
107 278
107 314
107 333
107 336
108 138
108 292
109 119
109 131
109 154
109 164
109 170
109 198
109 200
109 231
109 257
109 268
109 274
109 280
109 320
109 322
109 330
110 134
110 149
110 194
110 322
110 337
111 132
111 234
111 247
111 248
112 166
112 176
112 177
112 201
112 219
112 292
112 295
112 310
113 121
113 129
113 140
113 160
114 117
114 142
114 166
114 264
115 176
115 177
115 219
115 264
115 295
115 336
116 230
116 329
117 158
117 179
117 225
117 245
118 135
118 146
118 234
118 273
119 159
119 171
119 246
119 267
119 338
120 148
120 151
120 215
120 307
121 129
121 140
121 160
121 208
121 220
121 334
122 221
122 279
122 303
123 151
123 181
123 191
123 192
123 217
123 244
123 311
123 316
124 157
124 193
124 259
124 332
125 143
125 168
125 184
125 208
125 211
125 261
125 262
125 271
125 284
125 298
125 326
125 332
125 334
126 290
127 201
127 281
127 303
128 256
128 276
128 277
129 160
129 237
129 247
130 209
131 170
131 186
131 236
131 248
131 273
131 274
131 286
131 288
131 318
131 320
132 211
132 247
132 256
133 145
134 249
134 337
135 146
135 228
135 298
135 326
136 213
136 216
137 228
137 281
137 336
138 166
138 264
138 305
138 332
138 333
139 170
139 172
139 218
139 248
139 287
139 297
139 318
139 320
140 143
140 168
140 272
141 174
141 177
141 208
141 248
141 265
141 321
141 333
142 149
142 177
142 201
142 203
143 185
143 211
143 271
143 272
143 284
144 156
144 180
144 224
144 250
145 258
145 267
145 274
145 276
145 280
145 317
145 321
146 271
146 298
147 181
147 330
148 172
149 308
150 194
150 334
151 177
151 215
151 220
151 225
151 229
151 268
151 301
151 302
151 307
151 316
151 327
151 331
151 338
152 174
152 203
152 208
152 223
152 236
153 211
153 334
154 191
154 235
154 286
155 164
155 289
156 158
156 196
156 200
156 212
156 235
156 270
156 278
156 285
156 290
156 302
156 331
156 333
156 335
157 202
157 332
158 180
158 188
158 200
158 224
158 250
158 257
158 270
158 287
158 295
158 299
158 304
158 314
158 331
158 333
158 335
159 169
159 191
159 200
159 213
159 216
159 220
159 242
159 245
159 293
159 321
159 325
159 330
159 337
160 208
161 191
161 229
161 301
162 204
162 214
162 246
162 269
163 207
163 296
163 321
164 191
164 201
164 274
164 329
165 177
165 179
165 210
165 225
165 243
165 245
165 255
165 280
166 175
166 177
166 182
166 219
166 264
166 295
166 305
166 333
167 186
167 301
167 330
168 189
168 203
168 208
168 332
168 334
169 198
169 220
169 234
169 276
169 297
170 177
170 183
170 218
170 228
170 236
170 248
170 273
170 275
170 278
170 297
170 318
170 320
170 321
171 326
172 229
172 239
172 287
172 302
172 305
172 320
172 333
173 179
173 182
173 232
173 274
173 310
173 338
174 177
174 208
174 245
174 279
174 327
175 201
175 238
175 305
175 312
176 177
176 226
176 274
176 336
177 179
177 201
177 218
177 219
177 225
177 226
177 232
177 245
177 255
177 264
177 266
177 274
177 280
177 293
177 302
177 310
177 312
177 318
177 333
177 336
178 265
179 182
179 219
179 225
179 232
179 245
179 255
179 280
179 281
179 310
179 312
179 320
179 321
179 333
180 235
180 238
180 335
181 191
181 222
181 260
181 330
182 232
182 264
182 310
182 333
183 275
183 318
184 198
184 211
184 271
184 289
184 300
185 264
185 338
186 268
186 273
186 301
186 330
187 259
188 238
189 210
189 236
189 240
189 268
189 286
189 337
190 215
190 239
190 242
191 213
191 220
191 229
191 230
191 239
192 220
192 231
192 242
192 244
192 311
192 322
193 259
195 310
195 333
196 335
197 267
197 338
198 213
198 239
198 271
198 289
199 222
199 266
199 316
199 325
199 328
200 239
200 248
200 250
200 257
200 278
201 204
201 228
201 259
201 279
201 295
201 296
201 306
202 266
202 281
202 323
202 332
203 206
203 208
203 236
203 274
203 321
203 327
204 214
204 246
204 252
204 267
204 269
204 274
204 321
205 314
206 297
206 327
207 296
207 338
208 297
208 327
208 334
208 338
209 282
209 294
209 318
210 253
210 255
210 273
210 274
210 279
210 280
210 321
211 271
211 276
211 284
211 298
211 319
212 224
212 241
212 264
212 310
213 216
213 224
213 253
214 246
214 269
216 220
216 251
216 253
216 275
216 277
217 222
217 266
217 325
217 328
217 337
218 248
218 266
218 267
218 273
218 286
218 297
219 220
219 245
219 295
219 310
219 318
219 333
220 223
220 239
220 250
220 288
220 323
221 303
221 333
222 316
222 325
222 328
222 337
223 257
223 310
224 250
225 232
225 293
225 295
225 296
225 312
225 314
225 320
226 238
226 333
226 336
227 257
227 282
227 298
228 233
228 251
228 258
228 273
228 282
228 303
228 304
228 313
229 238
229 287
229 320
229 333
231 240
232 290
232 295
232 312
232 333
233 304
233 324
234 247
235 241
235 250
236 243
236 244
236 268
236 286
236 306
236 311
237 286
238 241
238 250
238 258
238 287
238 295
238 299
238 314
238 331
238 333
239 241
239 325
241 250
241 285
241 331
241 335
242 244
242 268
242 337
243 275
244 268
244 273
244 286
244 337
245 295
245 310
245 318
245 333
246 267
246 269
246 321
246 338
247 256
247 261
248 273
248 275
248 297
248 302
248 310
248 318
248 320
248 327
250 270
250 285
250 302
250 321
250 335
251 254
251 277
251 310
251 331
251 335
252 291
253 323
255 273
255 274
255 280
255 312
255 318
257 258
257 297
257 299
257 313
258 304
260 266
260 322
260 330
263 304
263 324
264 292
264 295
264 305
264 333
265 293
265 314
266 302
266 303
266 330
266 338
267 274
268 282
268 286
268 311
268 316
270 287
270 333
271 300
272 281
272 332
273 274
273 320
273 329
274 279
274 280
274 281
274 310
275 318
276 284
278 310
278 318
279 317
281 295
282 304
282 313
283 323
284 300
287 320
287 333
288 332
292 310
293 314
294 295
294 310
295 302
296 297
296 338
297 318
298 326
299 330
301 330
302 305
303 304
304 324
306 327
310 314
310 333
311 318
311 322
314 333
316 325
316 328
318 320
318 334
320 333
322 337
325 328
325 337
327 338
332 334
