0 2
0 3
0 9
0 11
0 21
0 22
0 25
0 28
0 34
0 38
0 39
0 41
0 46
0 51
0 54
0 58
0 60
0 74
0 84
0 85
0 86
0 98
0 102
0 104
0 108
0 125
2 9
2 11
2 22
2 28
2 32
2 33
2 39
2 41
2 42
2 46
2 49
2 51
2 55
2 60
2 71
2 74
2 84
2 85
2 91
2 104
2 114
2 120
3 22
3 23
3 33
3 48
3 63
3 64
3 76
9 11
9 22
9 28
9 31
9 32
9 34
9 38
9 39
9 42
9 46
9 58
9 60
9 65
9 84
9 85
9 86
9 91
9 105
9 120
11 10
11 13
11 22
11 28
11 32
11 35
11 36
11 39
11 46
11 51
11 52
11 58
11 60
11 74
11 84
11 86
11 88
11 103
11 104
11 105
11 109
11 112
11 117
11 120
11 125
11 127
21 28
21 35
21 36
21 53
21 81
21 103
22 28
22 32
22 39
22 42
22 46
22 54
22 62
22 84
22 85
22 86
22 95
22 109
22 114
22 119
22 120
22 125
25 15
25 23
25 40
25 44
25 45
25 48
25 50
25 54
25 92
25 102
25 118
25 126
28 34
28 39
28 42
28 51
28 52
28 58
28 60
28 76
28 83
28 85
28 91
28 93
28 123
28 125
34 32
34 39
34 41
34 42
34 46
34 51
34 52
34 60
34 74
34 84
34 85
34 86
34 89
34 91
34 104
34 109
34 120
34 125
38 1
38 6
38 48
38 49
38 65
38 67
38 87
38 96
38 101
38 115
38 119
38 127
39 32
39 33
39 41
39 42
39 46
39 49
39 58
39 60
39 65
39 74
39 85
39 91
41 32
41 42
41 46
41 51
41 60
41 74
41 84
41 85
41 86
41 88
41 91
41 104
41 105
41 114
41 120
46 4
46 13
46 42
46 52
46 60
46 62
46 85
46 86
46 91
46 94
46 104
46 108
46 114
46 120
51 52
51 57
51 74
51 84
51 85
51 114
51 120
51 125
54 1
54 5
54 16
54 24
54 37
54 40
54 48
54 50
54 55
54 63
54 64
54 79
54 80
54 83
54 87
54 92
54 101
54 107
54 110
54 113
54 117
54 118
54 119
54 121
54 122
54 126
58 32
58 42
58 49
58 69
58 86
58 91
58 100
58 108
58 120
60 32
60 42
60 49
60 52
60 61
60 65
60 86
60 91
60 105
60 120
60 125
74 42
74 52
74 84
74 86
74 104
74 114
74 125
84 32
84 69
84 4
84 13
84 19
84 35
84 40
84 42
84 49
84 52
84 62
84 76
84 82
84 91
84 94
84 104
84 120
84 123
84 125
85 32
85 55
85 104
85 123
86 52
98 69
98 10
98 56
98 62
98 76
98 108
102 4
102 14
102 16
102 53
102 57
102 89
102 90
102 116
102 117
102 123
102 128
104 47
104 52
104 114
104 120
108 69
108 13
108 62
108 65
108 88
108 105
108 109
125 91
125 120
125 10
125 35
125 87
125 94
32 13
32 33
32 52
32 71
32 91
32 118
32 128
33 91
33 55
33 64
33 12
33 18
33 23
33 50
33 77
33 92
33 124
33 127
42 91
42 120
42 49
42 10
49 69
49 91
49 1
49 4
49 10
49 40
49 112
55 7
55 26
55 35
55 40
55 56
55 61
55 64
55 77
55 82
55 83
55 87
55 89
55 122
55 124
71 31
71 40
71 43
71 62
71 65
71 88
71 94
71 95
91 52
91 62
91 75
91 88
91 119
114 52
114 113
114 120
120 52
120 88
120 105
23 69
23 45
23 61
23 64
23 96
23 40
23 48
23 50
23 92
23 126
48 45
48 63
48 64
48 67
48 115
48 19
48 40
48 44
48 50
48 70
48 92
63 1
63 40
63 44
63 64
63 70
63 92
63 103
63 115
63 118
63 126
64 1
64 45
64 24
64 40
64 44
64 50
64 79
64 83
64 107
64 126
76 20
76 56
76 90
76 93
76 100
76 106
76 123
76 124
31 69
31 109
31 43
31 62
31 65
65 69
65 109
65 18
65 37
65 13
65 43
65 52
105 45
105 10
105 62
10 109
10 67
10 88
10 94
10 56
10 17
10 72
10 97
10 112
10 121
13 69
13 94
13 118
35 101
35 62
35 19
35 53
35 90
35 116
35 117
35 123
35 129
36 15
36 95
36 17
36 72
36 89
36 99
36 103
36 129
88 7
88 4
88 112
103 40
103 95
103 17
103 72
103 27
103 53
103 99
103 117
109 69
109 94
109 95
117 87
117 40
117 97
117 27
117 19
117 53
117 57
117 78
117 89
117 90
117 111
117 116
117 123
127 61
127 113
127 18
127 20
127 37
127 66
127 75
127 93
127 100
53 121
53 16
53 19
53 78
53 81
53 89
53 111
53 116
53 123
53 129
81 15
81 18
81 37
81 75
81 95
81 17
81 72
81 97
81 27
81 129
81 47
81 57
62 69
62 94
62 43
95 15
95 122
95 18
95 20
95 56
95 75
95 16
95 17
95 27
95 72
95 99
95 100
95 106
95 121
95 128
119 1
119 59
119 67
119 79
119 82
119 87
119 96
119 115
119 18
119 113
119 124
15 1
15 17
15 20
15 27
15 37
15 56
15 72
15 89
15 99
40 45
40 67
40 82
40 87
40 122
40 92
40 12
40 18
40 19
40 50
40 123
40 126
44 45
44 92
44 70
44 118
44 126
44 50
45 1
45 12
45 50
45 79
45 87
45 92
45 126
50 79
50 122
50 92
50 80
50 118
50 37
50 56
50 72
50 126
92 70
92 126
118 61
118 73
118 83
118 80
118 5
118 24
118 77
118 12
118 26
118 68
118 113
118 124
118 126
126 17
83 1
83 6
83 67
83 82
83 77
83 87
83 96
83 107
83 113
83 122
93 8
93 20
93 30
93 37
93 66
93 100
93 101
93 106
93 110
123 69
123 113
123 100
123 14
123 19
123 90
123 57
123 111
123 128
128 14
128 90
128 116
128 47
128 57
128 78
89 87
89 29
89 20
89 56
89 17
89 72
89 121
89 99
1 6
1 7
1 8
1 61
1 67
1 73
1 79
1 87
1 107
1 115
1 122
6 61
6 67
6 87
6 113
6 115
67 7
67 59
67 82
67 87
67 96
67 113
67 122
87 59
87 73
87 79
87 82
87 18
87 68
87 70
87 72
87 90
87 96
87 100
87 107
87 113
87 115
87 116
96 59
96 61
96 107
96 113
96 115
96 122
101 29
101 80
101 70
101 18
101 20
101 30
101 66
101 75
101 106
115 59
115 61
115 19
115 70
4 69
4 29
4 80
4 94
94 69
94 43
94 57
57 16
57 129
57 111
5 24
5 70
5 77
16 80
16 37
16 14
16 19
16 78
16 90
16 111
16 116
24 12
24 68
24 70
24 77
24 124
37 8
37 29
37 80
37 18
37 20
37 30
37 47
37 56
37 75
37 97
79 59
79 82
79 107
79 113
79 122
80 20
80 30
80 66
80 100
107 59
107 122
110 8
110 18
110 75
113 8
121 122
121 99
122 73
122 82
122 12
122 70
122 99
69 82
69 116
100 8
100 29
100 20
100 30
100 56
100 66
100 75
100 106
100 129
61 26
61 70
61 124
82 7
82 59
82 73
116 72
116 14
116 90
19 14
19 90
19 111
19 129
75 8
75 18
75 20
75 30
75 56
75 12
75 47
75 97
75 106
75 129
56 8
56 18
56 20
56 47
56 66
14 90
14 129
90 72
90 129
47 20
47 30
47 106
47 129
8 18
8 20
8 29
8 30
8 106
73 26
18 12
18 30
18 66
18 97
20 97
20 106
29 30
30 97
30 106
30 129
17 72
17 99
27 72
27 99
72 99
12 70
12 68
77 70
77 124
70 68
66 97
129 78
