41
240
213
84
219
258
201
307
214
182
138
138
281
52
77
26
260
298
324
135
260
302
213
323
74
138
178
71
291
171
256
143
41
308
83
72
326
256
135
17
165
69
213
2
5
160
165
69
274
162
235
69
45
257
73
80
165
214
4
211
74
118
6
227
2
170
140
298
135
310
2
98
19
47
56
74
213
217
67
38
253
267
235
284
96
217
74
140
104
135
15
2
321
74
68
213
270
74
162
48
50
67
291
213
248
74
41
113
122
301
205
307
135
135
74
140
109
107
71
252
179
124
2
52
291
110
307
291
206
74
36
140
248
214
298
214
298
260
260
284
204
293
182
271
30
4
298
211
312
200
260
165
69
179
298
103
48
246
206
54
262
135
267
