320
354
594
511
661
182
537
506
430
273
463
327
415
508
400
656
492
532
406
187
211
340
497
612
253
338
382
551
300
570
640
509
622
321
657
405
558
358
475
481
630
519
387
277
336
572
371
504
538
424
256
376
398
391
628
564
307
440
404
412
399
664
372
512
392
220
500
502
514
423
449
528
609
518
573
541
426
189
186
244
367
626
624
560
644
495
339
470
649
510
645
595
565
435
574
202
534
254
479
535
465
323
417
482
561
648
325
568
464
312
357
389
384
686
443
283
438
444
353
198
473
522
593
485
360
351
493
642
414
343
378
647
639
472
356
567
204
484
496
476
507
501
611
154
577
453
536
347
390
467
364
469
544
434
524
410
380
421
413
248
173
486
401
167
597
613
174
257
487
262
566
650
523
407
352
515
287
301
155
643
505
483
542
161
403
322
601
646
255
576
368
666
605
185
402
366
533
627
337
614
516
446
513
606
651
219
581
168
499
660
425
299
295
