115
25
307
43
230
182
330
65
363
122
104
17
82
40
35
87
57
377
103
117
317
225
31
160
84
42
94
286
81
303
274
132
3
290
1
12
96
254
2
265
368
14
378
233
245
133
102
331
312
332
51
33
366
347
236
170
148
304
293
279
90
287
275
85
4
174
48
288
240
269
257
212
113
70
260
15
270
208
267
116
169
188
369
111
141
74
100
277
306
131
302
45
364
32
72
53
322
134
291
75
237
69
101
198
44
313
172
159
214
180
327
23
367
36
261
13
181
161
348
22
29
235
213
152
46
114
16
247
346
41
119
59
318
8
218
231
106
73
370
324
167
54
89
88
220
248
177
129
168
68
19
278
349
109
232
219
107
91
79
244
196
155
0
328
271
135
238
20
21
321
319
187
120
333
10
142
266
153
361
226
227
37
9
362
258
130
11
66
207
209
52
34
280
203
241
373
47
350
39
276
49
38
268
210
108
173
365
50
246
284
314
273
204
71
118
242
234
201
162
166
211
86
281
239
315
83
105
149
372
249
18
99
150
255
80
289
292
262
157
30
124
193
58
371
151
194
143
200
323
67
175
243
112
325
121
144
297
176
256
154
334
320
199
336
171
