1085
785
964
837
766
292
883
920
968
697
1120
873
1118
1003
859
990
762
860
1095
816
1000
870
1016
970
653
90
882
833
840
770
1064
1061
872
796
907
678
895
942
773
950
687
1076
1131
1124
790
1073
744
1
661
1111
1109
1026
806
1020
994
1129
1100
1105
1036
949
1052
943
447
951
1119
961
1086
993
66
923
1101
758
1002
702
392
877
899
556
992
745
1094
1056
977
757
1025
440
924
1110
1098
936
841
797
723
1132
110
769
1012
465
611
839
871
743
73
662
748
919
606
947
1121
40
1096
958
540
688
1004
904
671
547
898
682
1122
1099
639
851
1050
986
1055
621
983
776
454
1023
1010
544
948
1108
767
694
2
1033
1071
1035
1019
933
1039
891
827
995
1042
781
486
1072
875
640
955
704
849
852
683
821
803
962
609
909
1088
742
361
800
1037
931
786
435
807
666
1090
906
774
1021
971
747
519
1014
893
578
945
782
618
792
1067
939
912
472
189
509
1081
760
926
1015
976
967
511
1006
1103
901
464
879
1045
476
1049
941
1080
814
765
820
953
896
1123
862
1024
975
664
974
885
938
1130
1068
836
1063
959
1078
616
822
1018
31
1128
1084
3
