328
394
370
509
296
299
228
398
569
330
78
684
633
454
284
150
338
634
439
631
624
152
515
656
594
358
632
283
447
680
170
145
416
600
700
469
533
67
282
409
535
363
374
114
444
662
125
354
1
82
317
647
426
534
395
297
295
51
54
213
635
536
397
314
66
306
70
391
402
325
334
519
587
604
12
158
521
183
270
425
256
337
101
265
176
396
493
103
654
474
207
429
57
623
450
672
483
543
75
237
318
321
177
472
104
621
389
619
613
601
56
113
315
323
133
500
645
540
590
523
83
505
676
0
655
254
316
584
477
353
403
187
476
420
97
522
50
157
467
222
404
459
