694
719
62
652
645
362
750
444
553
883
816
315
159
502
529
150
684
985
493
912
808
803
584
139
591
792
111
490
263
432
48
630
818
525
624
467
739
115
514
78
787
878
509
635
118
435
596
481
470
4
531
284
81
70
424
614
391
37
710
762
326
196
2
156
270
330
728
57
309
6
752
292
670
552
861
86
415
56
412
800
784
28
533
407
54
712
60
523
608
693
195
386
554
16
240
175
528
375
24
265
642
547
504
835
590
561
199
172
343
329
518
101
892
654
537
394
718
916
189
492
899
114
768
25
631
434
607
508
260
75
575
241
767
128
297
426
494
393
930
447
243
278
594
50
894
963
602
943
171
361
980
817
66
747
381
570
15
425
836
637
110
163
107
367
248
437
41
421
131
507
191
246
316
12
136
583
244
22
679
592
789
387
799
414
249
374
660
576
304
19
283
661
579
262
634
562
127
332
577
603
392
94
198
145
638
413
285
36
257
205
516
61
499
179
83
629
1
137
353
97
548
1002
239
483
806
582
14
535
23
830
89
331
460
176
627
452
900
121
65
230
659
616
469
776
339
226
746
580
273
556
298
174
687
749
621
503
133
740
79
96
214
510
5
925
947
484
207
122
877
674
95
786
321
90
264
643
722
564
341
977
968
526
88
269
173
87
622
113
538
600
47
774
308
31
578
476
511
383
295
780
168
501
781
92
333
517
154
102
384
63
11
210
305
68
599
18
234
647
716
202
184
655
38
279
922
626
342
276
636
151
401
272
757
35
91
465
530
498
85
20
545
373
167
549
474
300
770
827
64
3
587
55
843
268
233
471
905
250
363
489
190
251
420
453
169
356
177
106
317
29
680
334
841
623
907
325
46
485
345
459
593
431
606
478
30
917
669
359
99
690
867
120
573
44
563
254
813
320
682
821
961
