100
342
204
442
287
425
408
151
69
35
199
370
389
57
116
216
133
48
76
167
85
331
263
201
363
371
184
338
411
382
132
285
267
359
18
75
292
276
63
437
124
172
38
417
259
419
378
44
444
17
423
88
26
246
3
34
351
302
68
322
153
355
20
168
436
21
181
449
16
6
77
106
33
394
198
395
381
422
415
141
195
93
47
286
299
214
111
412
219
200
179
130
271
314
145
119
388
79
152
320
386
333
266
225
40
215
142
113
222
403
241
56
390
452
329
217
353
192
29
213
321
255
362
368
391
269
323
319
80
108
45
220
317
248
89
36
11
137
284
257
157
83
416
14
385
202
270
180
295
8
448
301
122
224
5
209
296
341
387
275
154
19
247
62
354
101
235
162
372
238
376
41
177
272
234
297
424
160
186
290
401
236
305
189
228
150
30
49
22
39
170
405
230
243
183
227
60
277
440
27
245
188
173
316
397
239
37
206
347
210
31
410
310
109
406
134
349
334
345
308
434
163
433
176
223
244
128
273
367
384
364
400
404
148
67
205
298
139
120
313
233
165
159
178
7
51
104
115
229
194
161
439
279
332
10
392
70
74
196
432
43
361
369
303
360
73
409
318
103
344
98
274
407
46
203
242
380
426
118
54
280
129
393
289
97
9
158
135
190
218
221
348
311
377
187
373
438
309
15
249
84
102
146
240
315
328
260
431
447
66
87
144
288
281
55
428
258
336
72
212
445
155
435
32
366
127
24
207
96
413
138
82
126
231
443
237
65
256
430
59
140
421
312
197
268
427
211
136
90
25
352
291
92
110
383
114
117
379
441
125
166
182
324
164
13
23
169
339
78
300
143
265
398
149
81
156
335
58
346
226
232
0
175
12
330
28
94
278
107
450
402
185
171
193
95
52
294
64
53
343
123
42
131
375
61
121
306
