0 12
0 20
0 23
0 28
0 29
0 34
0 39
0 42
0 60
0 90
0 92
1 2
1 22
1 47
1 62
1 66
1 81
1 82
2 26
2 62
2 66
2 81
2 89
3 4
3 8
3 9
3 12
3 22
3 36
3 39
3 40
3 48
3 49
3 52
3 54
3 55
3 57
3 60
3 61
3 71
3 72
3 75
3 77
3 87
4 8
4 9
4 12
4 22
4 40
4 49
4 52
4 54
4 55
4 58
4 59
4 61
4 71
4 72
4 77
4 87
5 6
5 16
5 21
5 24
5 33
5 37
5 38
5 41
5 44
5 45
5 46
5 53
5 57
5 68
5 69
5 84
5 97
6 16
6 20
6 21
6 31
6 33
6 38
6 44
6 46
6 51
6 53
6 57
6 67
6 68
6 69
6 84
6 95
6 97
7 15
7 41
7 68
7 94
8 12
8 17
8 22
8 34
8 49
8 52
8 54
8 58
8 61
8 71
8 72
8 75
8 77
8 87
9 12
9 40
9 49
9 52
9 54
9 55
9 61
9 71
9 72
9 77
9 87
9 88
10 12
10 15
10 38
10 41
10 57
10 61
10 62
10 65
10 66
10 70
10 83
10 89
10 94
11 19
11 25
11 27
11 37
11 41
11 43
11 46
11 50
11 57
11 63
11 66
11 69
11 73
11 74
11 79
11 84
11 86
12 13
12 15
12 17
12 20
12 22
12 23
12 25
12 34
12 35
12 39
12 40
12 49
12 52
12 54
12 55
12 58
12 59
12 61
12 71
12 72
12 75
12 77
12 83
12 87
12 88
13 17
13 22
13 35
13 36
13 39
13 48
13 58
13 60
13 85
13 91
14 16
14 18
14 26
14 27
14 59
14 64
14 68
14 78
14 80
14 93
14 97
15 41
15 61
15 65
15 66
15 83
15 94
16 24
16 33
16 37
16 38
16 44
16 46
16 51
16 53
16 68
16 97
17 35
17 36
17 39
17 40
17 41
17 42
17 58
17 60
17 61
17 69
17 71
17 72
17 74
17 75
17 85
17 91
18 27
18 31
18 32
18 54
18 59
18 67
18 80
18 82
18 95
18 96
19 25
19 37
19 39
19 43
19 45
19 63
19 69
19 73
19 79
19 84
19 86
20 22
20 28
20 33
20 39
20 41
20 46
20 52
20 60
20 61
20 72
20 74
20 75
20 77
20 91
21 24
21 28
21 33
21 37
21 38
21 44
21 45
21 46
21 52
21 57
21 84
21 94
21 97
22 25
22 28
22 39
22 40
22 49
22 55
22 60
22 61
22 71
22 72
22 75
22 77
22 85
22 87
23 34
23 49
23 50
23 52
23 53
23 61
23 88
23 92
24 38
24 44
24 46
24 53
24 57
24 68
24 69
24 84
24 97
25 37
25 43
25 45
25 54
25 61
25 63
25 69
25 72
25 73
25 74
25 79
25 86
26 27
26 70
26 76
26 78
26 80
26 89
26 93
26 94
27 28
27 32
27 38
27 45
27 48
27 56
27 67
27 76
27 80
27 84
27 93
27 95
27 96
27 97
28 34
28 39
28 42
28 45
28 46
28 48
28 50
28 52
28 53
28 60
28 61
28 85
28 88
28 94
29 42
29 44
29 60
29 90
29 91
29 92
30 67
30 70
30 80
30 87
30 95
30 96
31 32
31 59
31 64
31 67
31 76
31 80
31 84
32 35
32 47
32 59
32 64
32 67
32 70
32 76
32 78
32 79
32 80
32 93
32 95
33 46
33 57
33 68
33 69
33 79
33 84
34 36
34 42
34 50
34 52
34 71
34 72
34 75
34 88
34 92
35 36
35 48
35 56
35 58
35 60
35 61
35 65
35 85
35 91
36 39
36 48
36 52
36 56
36 58
36 85
36 94
37 39
37 43
37 45
37 46
37 52
37 53
37 57
37 63
37 69
37 73
37 74
37 79
37 84
37 86
38 44
38 46
38 51
38 53
38 57
38 66
38 68
38 84
38 93
38 97
39 42
39 48
39 49
39 58
39 60
39 61
39 85
39 91
40 49
40 52
40 54
40 55
40 61
40 72
40 75
40 77
40 87
41 46
41 65
41 75
41 82
41 83
41 84
41 86
41 89
41 94
42 50
42 60
42 66
42 88
42 90
42 92
43 50
43 56
43 63
43 66
43 67
43 69
43 73
43 74
43 79
43 84
43 85
43 86
43 97
44 46
44 53
44 57
44 68
44 77
44 84
44 85
44 94
44 97
45 46
45 51
45 63
45 68
45 69
45 74
45 79
45 84
45 86
46 57
46 68
46 79
46 81
46 84
46 86
46 96
46 97
47 62
47 81
47 94
48 49
48 54
48 71
48 77
48 85
48 91
49 52
49 54
49 55
49 61
49 71
49 72
49 77
49 87
50 54
50 66
50 88
50 90
50 92
51 53
51 68
51 69
51 74
51 84
52 54
52 56
52 58
52 61
52 72
52 74
52 75
52 85
52 87
52 91
53 68
53 69
53 84
53 97
54 71
54 72
54 77
54 87
55 71
55 72
55 77
55 87
56 85
56 92
57 83
57 84
57 97
58 60
58 61
58 75
58 85
58 91
59 64
59 67
59 70
59 78
59 80
59 93
59 95
59 96
59 97
60 61
60 70
60 85
60 90
60 91
61 70
61 71
61 72
61 74
61 75
61 77
61 83
61 85
61 87
61 91
62 66
62 81
62 82
63 69
63 73
63 79
63 86
64 67
64 70
64 78
64 80
64 95
64 96
65 83
66 72
66 74
66 81
66 82
66 94
67 76
67 78
67 80
67 82
67 93
67 94
67 95
67 96
68 83
68 84
68 97
69 73
69 74
69 79
69 84
69 86
69 97
70 80
70 93
70 95
70 96
71 72
71 75
71 77
71 87
72 75
72 77
72 87
72 88
73 74
73 79
73 86
74 79
74 84
74 86
76 78
76 80
76 96
77 87
78 79
78 80
78 93
78 95
79 84
79 86
79 97
80 93
80 95
80 96
80 97
81 94
83 89
84 89
84 93
84 97
85 90
85 91
88 90
89 94
93 97
95 96
