276
273
32
388
396
352
258
669
319
231
1
224
670
354
295
216
639
375
204
659
548
549
637
196
672
607
180
391
205
214
240
198
277
389
3
648
534
264
687
443
335
252
649
10
654
706
380
485
414
678
9
479
282
555
516
620
594
195
151
279
162
464
194
245
381
287
33
420
547
478
583
552
509
632
350
627
281
458
369
625
159
665
11
2
266
692
340
598
707
483
337
680
208
152
693
562
325
466
338
4
270
238
553
326
146
512
182
145
345
154
586
17
324
527
14
621
521
423
344
571
691
676
302
289
629
644
503
201
390
321
541
407
247
260
652
212
622
227
179
638
410
361
222
323
241
587
192
5
353
398
661
481
551
662
341
16
511
456
523
643
336
459
404
6
188
193
538
624
219
641
315
7
394
490
613
504
356
576
137
268
167
253
660
296
505
303
400
437
250
364
554
689
465
8
346
387
462
424
317
368
329
383
218
160
197
667
606
677
430
385
522
647
611
565
328
379
297
653
0
683
12
206
199
559
619
13
284
155
489
225
492
449
382
200
244
259
604
446
434
412
448
540
686
15
209
457
280
671
211
668
311
203
703
166
592
431
442
386
171
18
372
663
248
520
19
631
450
413
609
251
186
262
498
234
507
535
355
376
256
221
418
602
570
454
254
