419
475
623
453
554
351
632
271
458
286
593
417
220
344
132
7
614
703
372
589
646
361
96
675
627
604
643
257
463
689
555
667
115
482
451
489
162
188
2
668
346
190
43
622
307
617
534
530
289
340
12
402
172
129
657
608
318
434
533
397
40
324
518
645
521
35
366
556
224
345
598
9
84
559
529
363
186
377
537
302
698
524
371
560
99
438
189
389
444
423
395
287
315
386
306
387
107
693
409
452
468
624
493
544
314
499
471
181
321
193
399
273
166
38
611
44
78
688
508
548
305
594
441
651
460
474
317
390
602
626
312
184
500
552
650
542
582
695
61
148
354
246
418
612
588
606
691
494
63
235
528
388
238
170
512
21
595
108
207
561
242
503
583
3
541
347
649
196
403
378
683
24
492
705
692
398
161
206
661
465
495
532
580
486
422
477
326
73
523
374
357
208
192
592
205
466
290
639
277
329
421
640
392
425
30
586
293
584
333
217
519
401
558
