5
273
44
189
299
83
0
343
66
10
85
67
220
312
12
46
377
30
107
17
211
106
168
60
234
339
351
340
13
261
15
42
349
88
127
355
91
216
90
128
73
323
146
365
166
235
87
297
190
64
228
230
71
137
134
366
45
82
68
322
79
224
313
167
301
33
205
3
31
34
152
4
63
191
333
222
35
164
145
326
306
348
249
265
138
260
198
70
8
29
262
305
20
9
364
121
300
80
170
296
247
258
372
112
129
233
39
132
103
24
267
131
218
373
1
99
48
51
2
370
213
341
11
74
84
40
135
240
7
153
49
236
165
52
232
196
237
290
248
253
163
25
245
157
347
130
298
133
102
291
307
151
192
6
122
199
32
272
342
75
367
175
176
329
266
100
363
86
238
43
169
353
252
81
362
50
125
69
215
14
256
350
188
61
136
229
352
284
221
