128
175
10
342
259
709
406
304
703
498
866
590
644
708
660
343
277
884
713
431
900
503
912
345
787
889
400
958
476
670
885
808
602
681
492
674
474
513
458
18
239
589
591
594
395
421
394
291
844
88
460
710
567
108
609
546
705
646
448
694
250
320
601
425
553
510
734
584
666
282
453
863
152
77
462
776
595
740
596
736
248
244
191
367
312
347
624
464
911
532
855
840
140
82
555
97
386
491
80
493
127
353
28
662
308
321
599
748
489
862
316
264
806
994
7
172
977
331
19
733
499
94
693
519
581
997
530
232
992
444
821
459
274
262
545
571
326
831
445
916
551
25
275
356
41
967
215
157
563
84
360
680
145
861
436
242
434
782
81
716
486
276
6
494
833
13
927
483
880
610
461
737
350
517
338
502
531
505
628
677
317
490
92
413
867
729
966
0
663
470
417
978
802
391
351
828
143
642
83
141
606
50
629
153
803
520
949
547
750
592
359
779
407
372
75
963
463
34
607
712
832
506
923
283
587
488
565
652
921
469
577
745
369
552
719
763
121
682
169
623
247
403
857
871
683
383
324
218
526
533
747
562
373
329
468
243
704
173
827
115
334
504
896
234
174
582
204
221
251
103
768
319
384
784
401
93
815
528
783
548
654
825
618
622
746
647
109
790
1002
631
430
478
303
675
972
481
579
363
23
876
588
471
975
485
132
465
51
507
678
838
111
89
915
735
263
874
500
393
580
420
374
873
600
576
231
658
720
98
296
516
99
522
899
549
47
24
1
257
333
325
616
752
501
102
659
786
617
205
405
170
480
635
556
508
728
371
575
731
509
48
645
20
226
110
820
554
443
823
650
279
290
416
846
583
495
246
954
974
611
278
404
339
875
892
72
886
669
514
732
956
233
165
285
813
561
888
612
877
437
315
318
