278
607
735
650
321
288
82
248
531
617
136
568
444
434
244
540
900
497
38
909
403
291
45
527
76
580
850
706
122
754
913
874
173
65
546
299
28
202
733
97
841
335
192
702
72
44
156
375
822
240
413
4
224
180
890
163
504
701
250
87
174
399
551
477
157
866
724
570
475
740
503
571
825
567
883
130
722
181
144
359
618
400
227
584
422
280
382
545
460
680
583
290
945
956
185
86
748
52
542
370
128
636
646
453
469
188
349
815
353
71
229
528
98
615
637
635
212
759
34
404
675
102
697
862
312
860
143
501
645
495
476
420
704
559
634
77
821
721
125
415
488
243
648
978
416
658
80
55
499
199
517
710
790
685
652
103
845
876
175
391
784
827
694
742
585
611
561
235
687
256
395
831
920
301
817
381
854
246
401
599
663
281
127
26
662
313
141
320
94
379
699
954
417
666
667
703
209
467
698
9
56
68
596
730
595
170
93
777
678
800
247
433
620
468
592
717
47
447
134
206
89
665
74
950
100
573
708
306
875
587
184
814
316
69
997
897
169
40
728
131
677
14
200
16
237
449
371
383
50
193
366
343
219
957
292
342
441
397
771
448
341
364
339
172
833
555
106
576
451
998
179
880
133
455
688
116
168
427
325
579
558
798
737
509
367
70
524
25
108
64
565
864
58
360
407
839
431
252
631
402
344
853
234
425
210
178
430
889
29
107
912
167
581
500
231
255
203
272
496
409
974
811
90
458
30
785
365
548
113
760
676
351
262
787
522
239
813
53
823
197
354
213
232
647
275
57
745
879
713
215
190
516
120
623
600
457
207
855
99
766
105
574
846
436
152
881
521
176
820
910
249
532
96
492
575
145
123
221
296
6
776
362
24
994
405
683
352
315
840
35
962
117
606
861
138
852
388
303
369
674
454
270
629
350
450
523
543
958
594
679
140
526
266
640
101
470
838
205
556
137
514
5
478
115
19
393
916
37
870
293
481
905
508
79
768
732
317
731
966
553
160
590
276
686
802
530
368
878
466
154
752
432
932
445
159
7
952
485
560
112
126
326
628
279
719
582
947
81
110
547
918
387
915
709
161
428
111
153
803
884
598
264
493
348
464
440
557
423
330
149
835
486
308
155
563
479
681
736
791
253
782
609
977
474
770
552
198
259
984
380
412
300
289
462
660
121
273
502
340
183
346
751
963
104
277
372
214
941
610
808
832
148
191
228
981
578
319
670
333
591
358
746
780
490
682
269
114
873
398
781
17
720
705
386
642
225
863
577
345
718
612
498
355
78
347
295
88
182
222
158
661
92
463
789
887
166
189
510
711
549
696
139
562
927
892
914
712
217
627
311
226
119
83
491
877
260
459
624
230
700
765
263
537
515
171
668
285
91
324
15
533
51
245
238
394
318
66
779
756
274
267
505
241
769
2
129
806
729
734
461
356
251
656
390
218
60
797
43
310
23
437
373
254
465
75
282
848
630
196
471
33
223
286
309
135
786
271
327
408
177
48
261
601
899
164
329
826
233
644
837
132
633
507
41
20
695
554
487
396
334
54
597
338
22
588
95
518
204
693
389
608
443
201
886
27
857
494
541
392
208
73
788
