0 116
0 144
0 158
0 161
0 171
0 180
0 331
116 66
116 158
116 180
116 185
116 199
116 224
116 232
116 253
116 299
116 312
116 331
116 387
116 408
116 420
144 5
144 15
144 132
144 171
144 185
144 304
144 315
144 321
144 399
158 66
158 161
158 180
158 273
158 333
158 364
161 66
161 193
161 218
161 289
161 311
161 331
161 364
161 391
171 24
171 51
171 94
171 97
171 128
171 152
171 229
171 299
171 304
171 308
180 253
180 408
180 420
331 66
331 106
331 118
331 218
331 232
331 311
331 312
331 333
331 364
331 420
66 332
66 193
66 289
66 52
66 155
66 227
66 253
66 273
66 333
66 343
66 344
66 408
66 420
185 314
185 319
185 387
185 183
185 399
199 333
224 11
224 36
224 316
224 424
232 299
232 95
232 419
232 312
253 263
253 197
253 408
299 225
299 4
299 45
299 92
299 94
299 128
299 132
299 150
299 155
299 191
299 208
299 239
299 304
299 312
299 315
312 333
387 198
387 316
387 390
387 15
387 33
387 73
387 79
387 86
387 88
387 96
387 165
387 61
387 77
387 164
387 221
387 357
387 371
387 416
387 420
387 424
408 420
420 332
420 15
420 33
420 73
420 86
420 88
420 96
420 165
420 197
420 227
420 371
5 332
5 7
5 63
5 95
5 193
5 289
5 315
5 327
5 410
15 314
15 73
15 79
15 86
15 88
15 96
15 165
15 319
132 7
132 327
132 208
304 315
304 208
304 150
304 229
304 308
304 321
304 65
304 97
304 401
304 78
304 152
315 332
315 7
315 65
315 150
315 208
315 219
315 229
315 321
315 338
315 410
321 356
321 18
321 219
321 280
321 402
399 245
273 333
333 105
333 228
333 218
333 106
333 141
333 157
333 397
364 193
364 218
364 311
193 95
193 118
193 289
193 311
218 289
218 311
289 95
289 391
391 263
391 332
391 96
391 227
391 164
24 150
24 155
24 94
24 128
24 191
51 101
51 308
51 277
51 44
51 89
51 97
51 239
51 271
94 373
94 78
94 128
94 341
94 366
94 413
97 277
128 152
128 212
152 401
229 14
229 150
229 151
229 206
229 78
229 308
308 14
308 150
308 206
308 78
308 277
308 401
118 129
1 47
1 60
1 133
1 170
1 178
1 186
1 220
1 225
1 349
1 363
1 395
1 406
1 407
47 65
47 133
47 156
47 225
47 366
47 377
47 395
60 20
60 142
60 147
60 237
60 295
60 305
60 380
133 91
133 348
133 395
133 407
170 237
170 241
178 237
186 37
186 75
186 109
186 162
186 166
186 296
186 349
186 363
186 395
220 49
220 284
220 336
220 406
225 12
225 18
225 52
225 65
225 70
225 75
225 112
225 122
225 155
225 162
225 226
225 240
225 252
225 254
225 270
225 301
225 332
225 334
225 340
225 343
349 91
349 12
349 166
349 215
349 294
349 296
349 407
363 27
363 46
363 139
363 167
363 236
363 270
363 305
363 395
395 348
395 46
395 139
395 270
406 336
406 20
406 49
406 241
406 284
407 91
407 18
407 20
407 125
407 241
65 270
65 295
65 305
65 366
65 46
65 114
65 124
65 359
65 386
156 377
156 251
156 130
366 237
366 111
366 327
366 150
366 125
366 29
366 295
366 341
377 188
377 18
377 75
377 85
377 131
377 135
377 219
377 317
377 381
20 49
20 125
20 251
20 278
142 237
142 22
142 138
142 82
142 196
142 259
142 380
147 22
147 138
237 182
237 52
237 125
237 130
237 241
237 305
237 332
237 380
295 182
295 241
295 29
295 114
295 305
295 380
295 384
305 404
305 29
305 313
305 380
305 386
380 182
380 410
91 12
12 2
12 19
12 71
12 87
12 102
12 109
12 112
12 146
12 148
12 154
12 203
12 215
12 228
12 255
12 325
241 336
241 125
241 284
37 75
37 301
75 226
75 188
75 70
75 108
75 135
75 162
75 168
75 219
75 301
75 317
75 368
75 381
109 184
109 19
109 146
109 272
109 71
109 87
109 32
109 41
109 52
109 113
109 195
109 203
109 267
109 294
109 330
109 412
109 425
162 188
162 18
162 122
162 50
162 140
162 149
162 301
166 296
49 215
49 284
284 177
18 81
18 70
18 85
18 108
18 122
18 131
18 135
18 155
18 168
18 183
18 219
18 234
18 240
18 261
18 262
18 270
18 368
52 418
52 71
52 215
52 55
70 226
70 340
70 81
70 67
70 78
70 108
70 135
70 155
70 168
70 252
70 301
70 341
70 368
70 381
112 310
112 107
112 154
112 293
112 341
122 81
122 67
122 100
122 149
122 155
122 210
122 235
122 252
122 262
122 265
122 269
122 301
155 81
155 373
155 150
155 78
155 100
155 191
155 252
155 301
155 412
155 413
226 108
226 168
226 188
226 219
226 341
226 381
240 149
240 213
240 247
240 301
240 400
252 81
252 149
254 188
254 334
270 85
270 131
270 46
270 114
270 139
270 359
270 368
270 384
301 188
301 108
301 135
301 168
301 234
301 262
301 100
301 140
301 341
301 368
332 3
332 29
332 63
332 96
332 197
332 318
332 343
332 346
332 413
332 426
334 188
340 4
340 78
340 168
340 219
340 381
343 121
343 298
343 310
343 227
343 103
343 351
343 322
343 416
108 188
108 135
108 168
108 368
168 188
168 85
168 135
168 78
168 219
168 341
168 368
168 381
188 3
188 184
188 85
188 135
188 207
188 219
188 234
188 276
188 294
188 317
188 341
188 381
188 418
219 85
219 135
219 368
219 381
341 67
341 78
341 140
341 293
125 96
125 22
125 196
125 251
125 313
125 346
130 251
130 57
78 111
78 327
78 410
78 412
78 413
78 92
78 212
78 367
78 414
215 71
215 205
215 57
215 134
215 294
215 378
294 207
294 418
294 228
294 268
294 195
294 59
294 169
294 354
294 362
27 167
46 114
46 139
139 236
2 68
2 101
2 121
2 127
2 173
2 263
2 298
2 310
68 121
68 127
68 173
68 298
68 310
101 44
101 55
101 69
101 89
101 239
101 277
101 329
101 362
101 373
121 127
121 173
121 298
121 310
127 173
127 298
127 310
173 298
173 310
263 26
263 57
263 73
263 77
263 96
263 110
263 164
263 192
263 197
263 227
263 297
263 316
263 371
298 310
310 426
19 76
19 98
19 146
19 223
19 272
19 330
71 251
71 257
71 411
87 13
87 32
87 41
87 62
87 99
87 113
87 137
87 203
87 267
87 425
102 154
102 325
102 415
146 10
146 228
146 272
146 354
148 41
148 74
148 113
148 195
148 267
148 300
148 330
148 375
148 392
148 412
154 205
154 325
154 415
228 418
228 105
228 373
228 141
228 157
228 169
228 242
228 255
228 279
228 306
228 329
228 354
255 242
255 300
325 415
44 69
44 277
44 89
44 239
44 271
55 418
55 115
55 191
55 256
55 195
55 104
55 231
55 396
69 16
69 45
69 89
69 183
69 239
69 271
69 277
89 373
89 115
89 277
89 239
89 271
239 373
239 115
239 277
239 45
239 145
239 271
277 373
277 16
277 115
277 45
277 145
277 183
277 271
277 401
329 181
362 207
362 418
362 355
373 9
373 115
373 150
373 376
373 413
26 11
26 36
26 198
26 227
26 314
26 316
26 390
57 134
57 337
57 34
57 217
57 302
57 378
73 33
73 86
73 96
73 165
73 197
73 227
73 371
77 322
96 33
96 79
96 86
96 88
96 117
96 164
96 165
96 192
96 227
110 31
110 214
110 309
110 423
164 192
197 410
197 208
227 165
227 196
227 103
227 371
297 117
297 370
316 11
316 198
316 314
316 117
316 233
316 390
371 165
426 3
3 43
3 184
3 207
3 418
43 184
43 207
43 418
184 207
184 418
207 23
207 115
207 151
207 195
207 209
207 287
207 418
418 425
85 135
85 261
135 356
135 84
135 261
135 317
135 350
135 368
135 402
234 262
276 401
276 92
276 293
276 367
317 53
317 266
317 280
317 353
23 115
23 287
115 16
115 175
115 287
115 413
151 249
151 183
151 403
195 267
195 191
195 256
195 104
195 209
195 388
287 16
29 313
29 318
63 410
318 346
346 172
346 221
346 351
413 191
413 396
413 412
413 175
425 160
425 64
425 62
425 335
45 271
45 145
92 401
92 212
92 367
150 14
191 104
191 231
191 385
191 396
191 412
208 7
208 338
208 419
7 111
7 327
7 419
95 141
95 157
95 174
95 419
327 111
327 384
327 386
327 404
419 338
419 342
141 105
141 320
157 320
157 379
157 397
174 183
174 393
384 114
384 124
384 359
386 404
404 25
404 313
404 323
6 120
120 189
120 347
120 382
189 248
189 17
189 194
189 389
347 382
382 392
382 283
248 42
248 80
42 80
42 222
42 324
344 196
342 249
342 53
342 275
342 246
8 81
8 176
8 249
8 264
8 356
81 53
81 264
81 360
176 53
176 246
176 264
176 275
176 374
176 414
249 201
249 385
249 403
249 412
264 53
264 143
264 414
356 84
356 202
356 280
356 350
356 402
53 360
53 275
53 280
53 353
53 385
360 30
360 40
360 179
360 235
360 266
360 271
246 275
275 374
374 183
414 385
414 104
414 412
414 398
385 369
385 231
385 396
385 398
385 412
412 256
412 231
412 396
84 243
84 258
84 307
84 350
84 358
84 402
202 402
280 266
280 353
350 358
350 402
369 30
30 40
30 256
30 400
9 105
9 320
105 320
105 397
397 129
397 274
10 272
272 76
272 330
98 56
98 64
98 74
98 153
98 268
98 421
223 38
223 48
223 352
330 300
330 354
354 375
354 242
354 279
354 306
11 198
11 314
198 36
198 172
198 221
198 285
198 314
198 370
198 390
198 424
314 35
314 172
314 221
314 233
314 357
314 424
36 424
390 424
172 221
172 357
221 35
221 357
370 72
370 117
35 357
117 72
117 292
411 31
411 159
13 32
13 41
13 267
32 41
32 267
41 74
41 113
41 250
41 267
62 335
62 394
113 267
113 375
113 300
137 64
74 375
74 300
74 421
300 375
392 134
392 217
134 28
134 34
134 217
134 302
134 405
378 303
378 177
242 279
250 90
250 230
250 244
160 291
291 200
14 206
206 183
206 379
183 319
183 131
183 379
401 212
401 367
79 33
79 86
86 33
86 165
88 33
88 165
165 33
319 25
416 322
416 274
271 235
271 145
271 179
271 353
17 194
17 238
17 288
194 324
238 288
288 54
389 204
324 222
131 261
131 368
262 100
262 140
262 265
262 417
67 100
67 140
67 265
67 269
67 417
100 140
100 265
100 269
149 400
149 235
149 266
149 265
210 50
235 40
235 179
235 265
235 266
235 326
235 345
235 353
265 256
265 140
265 269
265 417
269 140
213 326
213 345
247 326
400 256
114 359
359 124
266 353
353 179
56 153
56 268
56 58
56 383
64 38
64 93
64 216
268 58
268 421
38 48
48 352
58 383
22 138
22 196
22 259
196 138
196 82
21 31
21 83
21 136
31 405
83 136
83 423
136 214
423 260
214 309
214 339
138 82
212 367
104 231
104 396
231 256
231 396
323 372
103 39
103 274
103 351
28 190
28 337
190 34
190 337
337 159
34 217
34 302
351 39
351 126
351 422
40 326
326 345
309 339
260 211
93 211
126 422
126 163
90 244
222 282
222 409
409 281
409 286
409 328
383 119
119 365
59 211
335 394
243 358
258 307
181 290
365 187
187 123
123 281
123 286
123 328
281 286
281 328
245 361
