255
324
32
89
141
298
98
169
260
228
0
170
61
146
7
157
318
230
315
151
201
95
276
305
119
173
109
163
36
200
10
75
50
316
291
164
317
83
150
78
199
307
326
250
159
289
102
85
211
313
90
12
86
273
80
69
300
133
314
321
281
144
117
258
48
304
96
91
196
126
311
74
266
100
66
114
301
1
94
279
239
161
295
215
57
87
54
209
113
207
268
124
17
177
18
302
153
206
224
171
49
229
108
110
198
22
234
244
29
245
221
256
299
238
112
3
241
192
137
14
191
55
322
290
265
9
24
30
123
243
272
35
31
148
8
323
306
19
182
310
158
292
293
319
274
116
242
45
128
252
120
294
213
60
104
56
264
186
107
134
33
284
227
288
166
64
6
139
28
312
270
67
53
285
115
308
16
38
103
129
122
320
217
219
71
26
303
232
280
82
15
160
246
296
297
65
