0 13
0 18
0 68
0 86
0 92
0 94
0 119
0 158
0 164
0 165
13 26
13 34
13 37
13 45
13 49
13 51
13 52
13 56
13 57
13 62
13 68
13 76
13 78
13 84
13 85
13 86
13 94
13 98
13 102
13 103
13 105
13 108
13 128
13 141
13 142
13 155
13 159
13 162
13 173
13 174
18 15
18 35
18 36
18 42
18 43
18 47
18 50
18 75
18 86
18 88
18 92
18 95
18 104
18 114
18 119
18 127
18 133
18 153
18 161
68 86
68 94
68 95
86 4
86 6
86 7
86 9
86 10
86 11
86 15
86 16
86 21
86 22
86 23
86 29
86 33
86 38
86 39
86 42
86 45
86 47
86 48
86 49
86 50
86 52
86 55
86 56
86 62
86 64
86 66
86 69
86 73
86 74
86 78
86 79
86 84
86 88
86 92
86 93
86 95
86 96
86 99
86 102
86 103
86 106
86 107
86 109
86 111
86 113
86 119
86 120
86 121
86 123
86 127
86 128
86 131
86 132
86 133
86 135
86 141
86 143
86 148
86 149
86 150
86 151
86 153
86 154
86 156
86 157
86 163
86 164
86 165
86 166
86 168
86 172
86 173
86 175
86 176
86 177
86 178
86 179
86 180
92 35
92 36
92 42
92 47
92 50
92 69
92 75
92 88
92 95
92 104
92 114
92 119
92 127
92 133
92 141
92 152
92 164
92 167
92 176
94 76
94 99
94 121
119 164
158 45
158 73
158 109
158 121
158 124
158 135
158 139
158 161
158 165
158 173
158 176
164 5
164 27
164 29
164 30
164 31
164 33
164 45
164 55
164 58
164 61
164 63
164 66
164 73
164 78
164 95
164 99
164 101
164 105
164 107
164 109
164 120
164 121
164 126
164 127
164 133
164 142
164 161
165 38
165 41
165 66
165 102
165 120
165 128
165 139
26 45
26 95
26 109
26 161
26 84
26 62
26 76
26 105
26 155
34 56
37 45
37 109
37 161
37 98
37 162
45 102
45 128
45 2
45 15
45 22
45 27
45 32
45 42
45 49
45 50
45 51
45 56
45 58
45 59
45 61
45 73
45 77
45 78
45 79
45 80
45 83
45 84
45 87
45 95
45 96
45 98
45 103
45 105
45 113
45 115
45 116
45 133
45 141
45 144
45 145
45 154
45 159
45 161
45 171
45 172
45 173
45 177
49 102
49 128
49 109
49 161
49 15
49 175
49 51
49 134
49 141
49 147
49 153
49 177
51 95
51 109
51 161
51 127
51 133
51 60
51 137
51 150
51 153
51 157
51 159
51 177
52 161
52 56
52 65
52 141
56 174
56 57
56 85
56 141
56 142
56 173
57 133
57 73
57 105
57 108
62 120
62 106
62 145
62 169
76 120
76 161
76 121
76 99
76 145
76 169
78 19
78 3
78 23
78 29
78 7
78 46
78 47
78 93
78 129
78 131
78 138
78 150
84 109
84 6
84 9
84 155
84 169
85 120
85 142
98 162
102 1
102 19
102 66
102 3
102 12
102 15
102 16
102 31
102 33
102 46
102 47
102 58
102 72
102 90
102 109
102 120
102 121
102 125
102 128
102 129
102 157
102 161
102 163
102 177
103 109
103 133
103 96
103 124
103 144
103 152
105 66
105 120
105 95
105 109
105 156
105 161
105 133
105 28
105 173
108 63
128 1
128 19
128 12
128 15
128 58
128 72
128 121
128 138
128 157
128 161
128 177
141 95
141 109
141 133
159 161
159 55
173 95
173 161
173 171
174 50
174 166
174 60
15 66
15 120
15 161
15 21
15 8
15 113
15 154
15 177
35 114
36 66
36 120
36 43
36 101
42 66
42 120
42 109
42 133
42 107
43 120
43 168
47 66
47 120
47 29
47 177
47 150
50 2
50 39
50 89
50 95
50 109
50 112
50 121
50 124
50 133
50 156
50 166
50 171
75 104
88 104
88 180
95 66
95 120
95 2
95 4
95 10
95 33
95 41
95 55
95 67
95 69
95 109
95 122
95 127
95 139
95 143
95 152
95 154
95 156
95 157
95 177
95 180
114 11
127 66
127 120
127 41
127 10
127 30
127 67
127 69
127 122
127 133
127 139
127 157
127 168
133 66
133 109
133 161
133 21
133 8
133 28
133 73
133 96
133 107
133 112
133 117
133 121
133 135
133 153
133 154
153 120
153 166
153 177
161 66
161 120
161 2
161 109
161 156
161 10
161 27
161 28
161 58
161 60
161 61
161 73
161 79
161 115
161 116
161 135
161 137
161 152
161 154
161 157
161 171
161 177
4 66
4 41
6 9
6 21
6 40
6 77
6 170
7 29
7 93
9 40
9 179
10 121
11 175
16 163
21 73
21 121
21 154
22 109
23 3
23 148
29 19
29 3
29 46
29 64
29 93
29 129
29 131
29 138
29 150
33 73
33 30
33 111
33 122
33 125
33 139
38 66
38 150
39 121
39 79
39 117
48 87
48 172
55 126
55 74
55 123
64 46
66 1
66 5
66 12
66 69
66 72
66 82
66 106
66 120
66 140
66 148
66 149
66 163
66 167
66 169
66 176
69 120
69 67
73 109
73 41
73 121
73 154
73 27
73 30
73 82
73 107
73 122
73 157
73 178
74 123
79 109
79 65
96 109
96 170
99 63
106 120
106 160
107 135
107 101
107 117
109 2
109 24
109 27
109 28
109 32
109 59
109 61
109 77
109 80
109 83
109 87
109 115
109 116
109 137
109 144
109 145
109 152
109 154
109 157
109 169
109 170
109 171
109 172
109 177
111 151
113 8
113 32
120 1
120 5
120 12
120 31
120 58
120 72
120 82
120 140
120 148
120 149
120 157
120 163
120 167
120 169
121 82
121 117
121 124
121 139
121 154
123 150
131 140
131 129
135 176
149 5
149 151
150 60
154 117
156 2
163 31
166 2
172 87
175 134
175 147
177 180
179 40
179 77
167 25
124 144
124 89
124 112
139 122
139 82
27 58
27 115
30 100
58 12
58 115
61 137
126 53
126 70
1 19
72 138
82 169
46 125
90 125
129 100
2 171
59 28
59 83
77 40
80 24
87 145
116 130
116 144
89 112
24 130
28 91
28 146
137 60
134 146
134 110
134 44
91 146
146 17
146 20
146 71
146 136
146 44
146 81
146 110
14 53
14 54
14 70
53 54
53 70
54 70
17 20
17 71
17 136
71 136
110 118
25 97
