141
306
52
346
42
12
310
251
172
207
71
45
0
19
160
46
282
49
127
209
238
356
169
253
240
265
339
203
125
175
195
274
230
273
30
173
281
56
174
187
28
351
321
256
44
241
142
287
311
359
170
289
220
297
242
90
171
299
91
303
352
264
353
15
36
200
40
129
41
354
372
259
236
33
105
29
131
37
35
257
32
280
301
58
302
275
246
111
204
271
113
132
119
258
101
6
65
57
260
134
218
162
51
363
266
188
276
198
144
168
176
286
89
235
245
252
118
16
244
361
22
64
112
201
345
304
283
21
74
59
364
20
239
298
243
193
8
139
199
123
53
290
14
102
234
279
357
360
358
194
133
146
55
135
202
99
147
324
18
108
100
50
38
72
159
208
115
330
110
344
155
34
114
237
82
288
130
355
300
1
210
17
62
166
109
70
373
325
143
