0 1
0 69
0 113
0 131
0 159
0 173
0 205
0 209
0 215
0 263
1 37
1 69
1 131
1 205
1 209
1 220
1 263
2 30
2 56
2 97
2 114
2 120
2 143
2 171
2 181
2 255
2 281
3 58
3 68
3 76
3 112
3 116
3 189
3 233
4 45
4 76
5 58
5 64
5 113
5 116
5 125
5 249
6 29
6 56
6 59
6 77
6 154
6 163
6 181
6 182
6 270
6 280
7 41
7 50
7 57
7 162
7 163
7 217
7 225
7 237
8 50
8 190
8 204
9 28
9 58
9 249
10 56
10 61
10 81
10 91
10 96
10 120
10 142
10 145
10 177
10 242
10 255
10 256
10 281
11 72
11 74
11 119
11 187
11 219
11 229
12 13
12 39
12 109
12 117
12 190
12 192
12 202
12 241
12 273
13 27
13 29
13 35
13 44
13 57
13 65
13 74
13 77
13 81
13 102
13 105
13 117
13 128
13 140
13 154
13 182
13 190
13 192
13 204
13 213
13 228
13 241
13 247
13 262
13 270
14 20
14 32
14 34
14 49
15 48
15 52
15 64
15 99
15 185
15 188
15 208
15 269
16 26
16 50
16 95
16 102
16 118
16 130
16 159
16 176
16 200
16 234
16 239
16 240
16 248
16 256
17 108
17 137
17 191
17 260
17 273
18 31
18 33
18 39
18 74
18 153
18 174
18 201
18 202
18 219
18 224
18 273
19 106
19 230
20 32
20 49
20 55
21 24
21 40
21 85
21 139
21 224
21 258
22 52
22 276
23 49
23 113
23 144
24 40
24 46
24 78
24 83
24 85
24 128
24 139
24 168
24 193
24 207
24 215
24 216
24 224
24 258
24 260
24 261
25 83
25 85
25 92
25 139
25 168
25 193
25 207
25 238
25 261
25 271
26 95
26 98
26 118
26 130
26 158
26 200
26 234
27 82
27 88
27 136
27 163
27 165
27 197
27 254
27 278
28 47
28 53
28 133
28 157
28 170
28 198
28 236
28 249
28 278
29 35
29 37
29 56
29 57
29 59
29 60
29 64
29 65
29 74
29 81
29 100
29 102
29 129
29 136
29 140
29 159
29 160
29 163
29 176
29 182
29 190
29 204
29 213
29 228
29 239
29 241
29 247
29 248
29 280
30 56
30 71
30 97
30 272
30 281
31 35
31 199
31 246
32 49
33 39
33 65
33 155
33 167
33 199
33 201
33 202
33 210
33 219
33 224
33 235
33 246
33 259
34 38
34 64
34 66
34 82
34 114
34 138
34 141
34 163
34 176
34 195
34 217
34 236
34 265
34 278
35 79
35 134
35 167
35 190
35 204
35 213
35 247
36 37
36 107
36 125
36 178
36 206
36 214
37 58
37 64
37 69
37 126
37 129
37 150
37 205
37 249
37 263
37 269
38 60
38 66
38 82
38 114
38 138
38 141
38 179
38 217
38 278
38 284
39 109
39 167
39 201
39 202
39 219
39 224
39 273
40 56
40 85
40 132
40 139
40 224
40 258
41 57
41 162
41 225
41 237
42 114
42 135
43 67
43 75
43 243
43 251
43 282
44 48
44 52
44 93
44 109
44 120
44 154
44 186
44 221
44 283
45 58
45 76
45 112
45 166
45 169
45 233
45 275
46 83
46 85
46 87
46 97
46 127
46 139
46 143
46 172
46 215
46 218
46 224
46 258
47 53
47 236
48 52
48 56
48 60
48 64
48 99
48 120
48 154
48 186
48 188
48 208
48 221
48 257
48 269
50 102
50 115
50 163
50 190
50 197
50 204
50 213
50 237
51 148
51 223
51 251
51 252
51 261
52 97
52 186
52 189
52 208
52 221
52 276
53 133
53 236
53 266
54 64
54 136
54 164
54 205
55 82
55 123
55 149
55 231
55 254
56 76
56 81
56 97
56 112
56 120
56 132
56 139
56 186
56 203
56 221
56 280
56 281
57 60
57 90
57 105
57 121
57 122
57 140
57 160
57 162
57 179
57 192
57 225
57 237
57 284
58 64
58 68
58 76
58 81
58 99
58 112
58 116
58 176
58 233
58 249
58 275
59 77
59 154
59 163
59 171
59 181
59 182
59 184
59 190
59 241
59 244
59 262
59 270
60 90
60 114
60 122
60 140
60 160
60 162
60 179
60 186
60 217
60 253
60 257
60 284
61 79
61 96
61 142
61 145
61 177
61 196
61 235
61 242
61 245
61 256
62 166
63 74
63 232
63 273
64 66
64 68
64 125
64 126
64 164
64 180
64 208
64 255
64 256
64 269
64 278
65 74
65 81
65 86
65 102
65 129
65 167
65 171
65 182
65 204
65 210
65 228
65 235
65 244
66 82
66 138
66 141
66 208
66 217
66 236
66 269
67 75
67 243
68 76
68 112
68 113
68 125
68 126
68 161
68 178
68 180
68 233
68 249
69 131
69 205
69 209
69 263
70 145
70 164
70 166
70 176
70 211
70 239
70 241
70 251
71 87
71 156
71 181
71 203
71 272
72 187
72 219
73 120
73 127
73 128
73 146
73 183
73 257
74 81
74 119
74 153
74 174
74 182
74 204
74 219
74 228
74 229
74 232
74 273
75 143
75 148
75 172
75 243
75 282
76 112
76 116
76 189
76 233
77 105
77 117
77 140
77 154
77 171
77 181
77 182
77 184
77 190
77 204
77 241
77 244
77 262
77 270
78 216
79 119
79 167
79 187
79 196
79 245
79 247
80 96
80 103
80 111
80 151
80 191
80 194
81 101
81 120
81 129
81 143
81 181
81 182
81 204
81 228
81 255
81 256
81 281
82 123
82 149
82 231
82 254
82 278
83 85
83 139
83 168
83 215
83 224
83 258
84 95
84 106
84 130
84 200
84 234
85 139
85 143
85 148
85 168
85 215
85 224
85 227
85 258
86 102
86 129
86 171
86 204
86 210
86 235
86 244
87 97
87 127
87 156
87 181
87 186
87 203
87 218
87 258
87 272
88 160
88 163
88 165
88 197
88 237
88 277
89 234
90 121
90 122
90 179
90 284
92 168
92 193
93 120
93 186
94 96
94 110
94 167
94 279
95 118
95 130
95 200
95 234
96 103
96 110
96 119
96 142
96 151
96 177
96 242
96 256
96 273
96 274
96 279
97 127
97 156
97 181
97 186
97 189
97 218
97 257
97 258
97 269
97 272
97 281
98 118
98 158
98 175
98 240
99 185
99 188
99 221
100 136
100 147
100 152
100 159
100 173
100 267
101 129
102 129
102 167
102 190
102 200
102 204
102 213
102 241
103 111
103 151
103 191
103 194
103 274
104 128
104 216
104 264
105 117
105 154
105 182
105 190
105 192
105 204
105 262
106 130
107 113
107 178
107 214
108 110
108 191
108 229
108 232
108 245
108 260
108 273
108 283
109 202
109 273
109 283
110 181
110 232
110 256
110 279
111 151
111 191
111 194
112 116
112 178
112 189
112 233
112 276
113 125
113 126
113 131
113 180
113 249
114 120
114 135
114 160
114 171
114 181
114 185
114 188
114 278
115 213
116 189
116 233
117 128
117 140
117 154
117 182
117 190
117 192
117 204
117 241
117 262
117 270
117 283
118 130
118 158
118 159
118 175
118 240
118 256
119 196
119 229
119 274
120 127
120 143
120 171
120 181
120 183
120 186
120 257
120 281
121 160
121 179
121 237
121 284
122 179
122 284
123 149
123 163
123 231
123 254
124 138
124 195
125 126
125 161
125 170
125 173
125 178
125 180
125 249
125 278
126 180
126 221
126 269
127 181
127 183
127 186
127 218
127 257
127 258
127 272
128 146
128 223
128 258
128 260
128 276
129 171
129 204
129 210
129 235
129 244
130 175
130 200
130 234
131 205
131 209
131 263
132 139
133 157
133 170
133 198
133 212
133 236
133 266
133 278
134 159
134 166
134 246
135 181
135 185
135 188
136 156
136 159
136 171
136 205
136 220
136 222
137 191
137 223
137 273
137 274
138 141
138 163
138 195
138 217
138 236
138 254
138 265
138 266
139 143
139 148
139 168
139 215
139 224
139 227
139 258
140 154
140 190
140 192
140 241
140 270
141 163
141 217
141 265
142 177
142 242
142 255
142 256
143 146
143 148
143 166
143 172
143 215
143 224
143 227
143 255
143 258
144 149
144 159
144 176
144 197
144 248
145 148
145 176
145 177
145 215
145 242
145 255
145 256
145 271
146 268
147 152
147 159
147 267
148 227
148 251
148 252
148 255
148 258
148 261
148 271
148 282
149 231
149 254
150 206
150 249
151 191
151 194
152 159
152 267
153 174
153 219
153 273
154 182
154 190
154 192
154 241
154 270
155 167
156 171
156 181
156 203
156 222
156 241
157 170
157 266
158 175
158 240
159 165
159 166
159 173
159 197
159 234
159 248
159 267
160 163
160 192
160 237
161 178
161 180
162 225
162 237
162 284
163 165
163 197
163 231
163 237
163 265
163 277
164 211
164 239
164 241
164 251
165 197
166 169
167 219
167 228
167 235
168 193
168 207
168 258
168 261
169 206
170 266
171 181
171 182
171 204
171 222
171 241
171 244
172 215
173 267
174 219
174 273
176 234
176 248
177 242
177 255
177 256
178 180
178 214
178 276
179 188
179 221
179 253
179 284
180 249
181 182
181 185
181 186
181 188
181 203
181 244
181 255
181 256
181 257
181 269
182 190
182 204
182 228
182 244
182 262
182 270
183 223
183 257
184 190
184 241
184 262
185 188
186 203
186 218
186 257
186 272
187 219
188 221
188 253
189 233
190 192
190 204
190 213
190 241
190 247
190 262
190 270
191 194
192 241
192 270
193 207
193 238
193 261
194 223
194 274
196 219
196 245
196 259
198 278
199 246
199 259
200 234
201 202
201 219
201 224
202 219
202 224
202 273
204 213
204 228
204 241
204 247
204 262
205 209
205 263
207 238
207 258
207 261
208 269
209 263
210 235
210 244
211 239
211 241
211 251
212 236
213 247
215 224
215 258
217 253
218 258
218 272
219 224
219 245
219 259
219 273
221 253
223 251
223 257
223 271
223 274
224 258
225 237
226 248
227 258
229 232
229 245
229 274
229 283
230 234
231 254
232 273
233 275
235 244
236 266
237 277
238 261
239 241
239 251
241 251
241 262
241 270
242 255
242 256
245 259
245 283
246 259
250 264
251 252
251 261
252 261
254 278
255 256
255 282
256 274
258 261
261 268
261 271
271 274
