383
166
945
87
614
546
743
301
923
566
306
1083
314
32
107
700
305
595
406
138
132
1104
24
608
643
570
14
144
45
1035
1131
828
627
666
932
575
173
397
555
169
81
172
1077
1103
937
795
73
864
1022
44
1020
1116
956
764
124
968
870
159
992
689
736
189
982
768
296
446
637
734
652
219
457
414
19
423
334
178
678
291
969
396
771
442
200
850
713
563
505
525
924
1017
1106
2
413
30
344
817
307
378
339
941
318
261
772
821
341
1114
918
209
560
1074
153
930
649
302
509
849
615
456
287
691
528
861
1080
1032
247
1129
513
424
623
954
229
359
871
757
250
526
961
979
238
253
106
890
452
280
259
94
934
243
760
716
260
313
1130
262
830
510
31
92
611
1097
971
693
576
134
1132
372
747
39
398
27
482
480
838
367
955
872
439
797
175
208
515
22
281
885
422
512
808
403
111
292
694
1098
867
1084
536
1120
888
853
582
165
939
803
454
298
958
453
180
925
556
61
104
913
421
215
819
602
472
465
564
204
799
1091
356
186
874
944
742
761
332
712
1050
789
233
695
658
831
538
498
155
25
1066
83
759
551
905
171
638
725
463
699
72
887
928
1064
544
976
682
852
504
503
57
325
1004
899
730
610
636
185
983
426
170
915
245
957
1048
624
184
622
1036
740
618
28
933
721
848
357
376
251
908
935
754
787
813
297
411
894
74
374
466
48
553
266
893
147
792
626
402
633
698
680
995
303
179
1014
46
621
868
630
338
822
3
290
64
882
1099
448
37
471
1045
143
881
889
904
1068
587
321
686
154
263
1092
791
1090
940
440
407
63
692
731
662
1063
304
68
51
207
1100
62
20
876
345
432
724
133
727
609
255
231
300
842
635
197
580
242
1109
863
499
455
656
38
931
1043
1038
1016
139
149
726
487
975
350
127
183
294
655
364
162
491
275
84
593
859
1047
23
195
684
589
428
579
323
328
714
696
464
895
781
1082
1123
807
459
782
728
854
994
210
326
1015
360
906
264
847
529
410
4
598
353
841
366
632
645
769
53
435
346
214
950
1119
257
1115
1006
746
1067
232
1023
540
878
390
212
936
1111
319
1122
254
213
1033
29
948
672
989
952
125
77
1110
647
947
507
1042
206
216
938
1030
1065
776
80
98
520
256
902
400
967
79
980
7
677
640
586
473
114
1019
258
671
196
486
271
574
909
778
102
273
146
476
90
844
999
984
707
873
879
920
506
126
188
569
732
796
826
88
755
227
384
278
285
168
425
648
683
578
119
584
916
322
690
230
1026
681
929
420
668
337
765
148
469
145
135
558
949
1108
26
158
122
150
735
1121
756
109
354
1128
774
467
