34
606
587
459
752
548
607
782
133
463
866
618
485
660
51
437
565
666
47
65
400
97
7
443
562
494
737
205
473
731
617
248
675
827
501
453
50
503
670
563
158
470
333
582
434
30
391
768
35
143
102
728
141
247
115
552
806
277
595
218
478
82
110
275
372
20
821
356
740
231
360
371
174
140
612
48
100
492
403
88
647
234
395
444
583
776
469
28
576
823
315
735
588
516
652
436
99
92
471
551
430
66
316
577
517
233
373
472
682
631
169
393
54
868
132
499
462
680
407
476
308
590
490
554
468
461
80
710
420
417
89
401
83
623
246
786
74
674
359
509
635
303
507
900
504
121
748
68
862
505
77
553
508
528
663
977
790
383
175
127
662
837
561
244
338
172
81
264
460
353
600
493
491
263
170
754
584
75
243
498
555
808
226
914
733
25
215
502
876
556
214
19
500
458
431
745
940
465
6
510
