256
234
292
6
9
99
159
236
42
166
251
16
134
225
57
114
48
261
346
273
200
269
238
330
15
331
96
252
246
240
312
182
161
17
220
169
215
46
286
322
193
308
118
38
30
128
357
339
363
245
368
65
280
325
309
76
138
311
121
36
360
64
113
263
264
282
75
281
33
58
186
139
120
242
105
150
298
106
372
122
101
53
243
69
180
299
244
104
297
187
185
237
107
267
168
374
226
190
206
35
20
229
171
199
241
77
228
45
157
303
130
167
301
265
317
54
127
73
369
290
55
318
70
259
146
307
39
205
268
365
119
72
254
145
44
22
248
135
155
344
332
7
56
300
217
356
110
61
148
235
19
336
207
216
191
181
18
108
175
313
287
28
319
203
359
334
335
74
4
279
37
49
189
13
358
266
320
100
183
293
40
326
78
306
160
0
340
255
1
