555
628
139
325
324
632
519
465
473
570
338
370
408
418
399
302
28
577
366
342
300
572
588
266
12
219
257
240
9
580
582
481
117
461
522
276
500
452
410
442
291
409
147
566
562
703
591
243
499
356
333
109
18
507
119
298
212
477
303
220
58
464
205
340
123
541
637
425
447
657
121
401
649
372
136
659
514
358
583
339
278
515
131
422
575
19
613
163
140
424
529
261
589
505
389
297
611
193
548
498
260
574
64
314
578
415
352
581
414
322
430
594
600
549
84
475
156
350
102
320
153
553
510
245
411
62
454
609
53
631
385
10
229
704
472
26
371
312
633
107
295
267
706
114
56
483
39
351
636
327
335
334
82
226
579
344
157
265
535
420
695
584
143
404
345
61
468
398
241
469
50
400
122
638
392
547
390
222
511
601
450
283
544
513
586
387
91
76
651
386
104
625
237
459
79
299
187
0
440
374
543
207
403
402
557
669
596
57
258
228
564
486
705
235
282
523
49
34
623
134
388
556
682
559
552
180
94
296
466
128
250
540
231
208
573
51
491
286
59
213
537
185
680
458
167
527
363
67
554
463
561
476
60
405
202
70
248
110
118
455
462
35
362
603
329
105
569
137
196
309
326
617
364
585
232
54
138
457
158
357
634
599
242
684
619
52
365
353
565
273
336
77
2
391
567
576
618
224
144
349
419
563
354
292
246
550
203
311
319
40
317
624
558
46
152
83
615
95
683
32
89
112
530
30
315
155
660
306
460
66
264
78
332
214
482
512
211
606
284
22
644
65
501
485
614
675
189
310
441
337
168
604
417
471
378
456
