709
58
571
332
678
728
373
357
742
623
904
698
242
1030
215
908
170
274
279
240
603
868
581
611
343
374
1024
192
407
375
463
968
585
353
1081
206
144
1047
1031
91
392
104
38
157
464
505
668
362
317
451
5
53
125
107
87
804
946
199
90
1069
41
819
1019
96
459
891
919
473
26
762
644
368
348
85
564
387
682
1055
42
47
179
1063
261
186
336
1085
248
504
941
440
729
1096
7
620
143
939
176
70
95
677
572
10
165
800
441
324
469
398
188
436
361
702
670
1128
1027
671
688
405
1088
1111
759
474
1007
970
558
4
294
1039
311
132
517
786
395
622
667
416
1109
152
797
569
466
1102
635
289
293
912
340
544
257
666
922
131
1049
911
198
769
446
1022
641
460
1113
178
996
406
1020
707
883
790
142
136
737
859
761
462
838
60
758
865
961
754
887
101
541
24
280
926
146
342
525
895
232
399
249
907
382
1012
419
964
508
933
359
246
546
734
731
903
809
1033
1075
491
110
997
556
489
902
938
727
616
263
962
72
767
283
810
285
264
