0 2
0 7
0 10
0 12
0 14
0 18
0 24
0 28
0 31
0 32
0 41
0 42
0 44
0 46
0 48
0 49
0 75
0 77
0 79
0 85
0 91
0 98
0 103
0 109
0 111
0 126
0 128
1 5
1 13
1 22
1 27
1 34
1 42
1 45
1 50
1 52
1 63
1 65
1 66
1 70
1 80
1 82
1 86
1 89
1 101
1 107
1 108
1 116
1 117
1 121
1 122
1 123
1 127
2 3
2 7
2 12
2 16
2 18
2 24
2 26
2 31
2 32
2 41
2 42
2 44
2 46
2 48
2 49
2 68
2 75
2 77
2 79
2 84
2 85
2 91
2 97
2 98
2 103
2 105
2 109
2 111
2 113
2 125
2 126
2 128
3 7
3 10
3 12
3 16
3 18
3 24
3 26
3 28
3 31
3 32
3 42
3 44
3 48
3 49
3 55
3 59
3 68
3 72
3 73
3 75
3 77
3 78
3 79
3 84
3 85
3 91
3 97
3 103
3 105
3 109
3 111
3 113
3 125
3 126
3 128
4 5
4 19
4 27
4 57
4 63
4 65
4 72
4 80
4 89
4 95
4 99
4 101
4 108
4 110
4 112
4 116
4 117
4 122
4 126
5 12
5 15
5 22
5 26
5 27
5 34
5 38
5 50
5 52
5 63
5 65
5 72
5 74
5 80
5 82
5 87
5 93
5 95
5 100
5 101
5 102
5 108
5 110
5 112
5 116
5 117
5 122
5 123
5 126
5 127
5 128
6 13
6 39
6 40
6 47
6 53
6 57
6 59
6 62
6 88
6 92
6 94
6 106
6 115
7 14
7 16
7 18
7 24
7 28
7 31
7 41
7 42
7 46
7 55
7 75
7 77
7 79
7 85
7 91
7 97
7 98
7 103
7 109
7 111
7 113
7 126
7 128
8 21
8 22
8 27
8 29
8 30
8 33
8 36
8 45
8 47
8 50
8 56
8 58
8 66
8 70
8 72
8 73
8 74
8 76
8 86
8 87
8 93
8 99
8 121
8 124
8 126
9 23
9 54
9 60
9 64
9 67
9 69
9 78
9 116
10 16
10 26
10 28
10 31
10 32
10 41
10 44
10 48
10 49
10 55
10 68
10 77
10 79
10 84
10 109
10 113
10 125
10 126
10 128
11 15
11 17
11 20
11 23
11 37
11 40
11 54
11 60
11 61
11 64
11 67
11 78
11 90
11 116
12 14
12 16
12 18
12 26
12 28
12 31
12 42
12 44
12 46
12 48
12 49
12 50
12 52
12 55
12 68
12 75
12 77
12 84
12 85
12 91
12 97
12 103
12 105
12 109
12 111
12 113
12 125
12 126
12 128
13 19
13 27
13 53
13 59
13 62
13 71
13 88
13 106
13 107
13 115
13 119
14 18
14 24
14 26
14 28
14 41
14 42
14 44
14 46
14 48
14 49
14 68
14 75
14 77
14 79
14 84
14 85
14 91
14 97
14 98
14 105
14 126
14 128
15 20
15 23
15 27
15 32
15 37
15 53
15 54
15 64
15 67
15 69
15 72
15 73
15 78
15 83
15 90
15 99
15 101
15 103
15 115
15 116
16 26
16 28
16 32
16 42
16 44
16 48
16 49
16 55
16 56
16 68
16 75
16 79
16 84
16 85
16 91
16 98
16 103
16 109
16 111
16 113
16 125
16 126
16 128
17 23
17 37
17 39
17 54
17 61
17 64
17 69
17 78
17 90
18 21
18 24
18 31
18 41
18 42
18 46
18 75
18 77
18 79
18 84
18 85
18 91
18 97
18 103
18 126
19 27
19 39
19 53
19 59
19 92
19 94
19 96
19 106
19 107
19 110
19 115
19 119
20 28
20 35
20 37
20 40
20 52
20 54
20 57
20 61
20 64
20 69
20 73
20 78
20 83
20 90
20 115
20 117
20 121
21 22
21 29
21 30
21 33
21 45
21 47
21 51
21 52
21 58
21 66
21 70
21 72
21 74
21 76
21 86
21 87
21 93
21 99
21 121
21 124
22 29
22 33
22 36
22 45
22 47
22 50
22 56
22 58
22 66
22 70
22 71
22 72
22 74
22 76
22 86
22 87
22 88
22 93
22 99
22 107
22 119
22 121
22 124
22 126
23 31
23 37
23 40
23 54
23 61
23 64
23 67
23 69
23 78
23 90
23 115
24 28
24 31
24 32
24 41
24 42
24 44
24 46
24 49
24 75
24 77
24 79
24 84
24 85
24 91
24 97
24 98
24 103
24 105
24 111
24 113
24 125
24 126
24 128
25 37
25 114
25 118
26 28
26 31
26 32
26 37
26 44
26 46
26 48
26 49
26 55
26 68
26 73
26 77
26 79
26 80
26 84
26 85
26 91
26 98
26 101
26 103
26 109
26 111
26 113
26 116
26 121
26 128
27 34
27 38
27 39
27 43
27 45
27 48
27 50
27 52
27 53
27 55
27 57
27 59
27 63
27 65
27 72
27 76
27 80
27 82
27 86
27 89
27 92
27 95
27 96
27 99
27 100
27 101
27 102
27 103
27 106
27 108
27 112
27 115
27 116
27 117
27 118
27 119
27 121
27 122
27 123
27 127
27 129
28 31
28 32
28 41
28 42
28 44
28 48
28 49
28 55
28 63
28 68
28 75
28 77
28 79
28 84
28 89
28 91
28 97
28 98
28 103
28 105
28 109
28 111
28 113
28 122
28 125
28 126
28 128
29 30
29 33
29 36
29 45
29 47
29 50
29 56
29 58
29 66
29 70
29 71
29 72
29 74
29 76
29 81
29 85
29 86
29 87
29 93
29 99
29 121
29 124
30 33
30 36
30 38
30 45
30 47
30 56
30 57
30 58
30 60
30 66
30 70
30 71
30 72
30 73
30 76
30 81
30 86
30 87
30 89
30 93
30 99
30 101
30 112
30 120
30 124
31 32
31 42
31 44
31 46
31 48
31 49
31 50
31 55
31 68
31 75
31 77
31 78
31 79
31 84
31 85
31 89
31 91
31 97
31 98
31 103
31 105
31 109
31 111
31 113
31 117
31 125
31 126
31 128
32 42
32 44
32 46
32 48
32 49
32 68
32 77
32 79
32 84
32 85
32 91
32 98
32 103
32 105
32 109
32 125
33 36
33 38
33 45
33 47
33 50
33 57
33 58
33 60
33 62
33 66
33 70
33 72
33 74
33 76
33 81
33 86
33 87
33 89
33 93
33 99
33 101
33 106
33 112
33 117
33 119
33 120
33 124
34 38
34 50
34 63
34 65
34 70
34 76
34 80
34 93
34 95
34 100
34 108
34 117
34 122
34 123
34 127
35 72
35 94
35 100
35 109
35 115
35 116
35 122
35 127
36 45
36 47
36 50
36 52
36 56
36 58
36 70
36 71
36 72
36 73
36 74
36 76
36 87
36 93
36 99
36 106
36 108
36 112
36 120
36 123
36 124
37 40
37 51
37 53
37 59
37 60
37 67
37 69
37 78
37 90
37 115
38 52
38 57
38 59
38 63
38 65
38 72
38 89
38 95
38 101
38 102
38 106
38 108
38 112
38 116
38 117
38 122
39 49
39 53
39 57
39 58
39 59
39 90
39 92
39 94
39 96
39 106
39 119
40 54
40 64
40 69
40 78
40 90
40 105
40 121
41 42
41 44
41 46
41 48
41 49
41 50
41 55
41 66
41 68
41 75
41 77
41 79
41 84
41 85
41 86
41 91
41 97
41 98
41 103
41 105
41 109
41 126
41 128
42 44
42 46
42 49
42 75
42 77
42 79
42 84
42 85
42 91
42 97
42 98
42 103
42 105
42 109
42 111
42 113
42 125
42 126
42 128
43 47
43 50
43 61
43 63
43 69
43 82
43 87
43 89
43 100
43 102
43 108
43 116
43 123
44 46
44 48
44 49
44 52
44 55
44 68
44 71
44 73
44 75
44 84
44 85
44 97
44 98
44 105
44 109
44 111
44 113
44 125
44 126
44 128
45 47
45 50
45 56
45 58
45 66
45 70
45 72
45 74
45 81
45 86
45 87
45 93
45 99
45 107
45 116
45 121
46 49
46 55
46 75
46 77
46 79
46 85
46 91
46 97
46 98
46 103
46 105
46 109
46 113
46 126
46 128
47 50
47 58
47 66
47 70
47 71
47 72
47 73
47 76
47 81
47 85
47 86
47 87
47 88
47 93
47 99
47 102
47 104
47 115
47 116
47 120
47 121
47 122
48 49
48 55
48 57
48 68
48 72
48 84
48 85
48 91
48 98
48 103
48 109
48 111
48 113
48 125
48 126
48 128
49 55
49 68
49 75
49 76
49 79
49 84
49 85
49 91
49 98
49 103
49 105
49 109
49 111
49 113
49 125
49 126
49 128
50 52
50 54
50 56
50 58
50 59
50 61
50 62
50 63
50 65
50 66
50 70
50 71
50 72
50 76
50 78
50 80
50 81
50 82
50 85
50 86
50 88
50 90
50 92
50 95
50 99
50 100
50 104
50 108
50 116
50 119
50 120
50 122
50 123
50 127
51 58
51 74
51 81
51 93
51 94
51 99
51 120
52 59
52 60
52 62
52 63
52 64
52 65
52 66
52 70
52 74
52 76
52 82
52 89
52 100
52 101
52 102
52 108
52 116
52 122
52 123
52 127
53 59
53 71
53 73
53 86
53 88
53 96
53 99
53 106
53 107
53 110
53 115
53 119
53 121
53 129
54 61
54 64
54 69
54 78
54 83
54 90
55 68
55 75
55 84
55 85
55 98
55 103
55 111
55 126
55 128
56 58
56 62
56 66
56 70
56 72
56 73
56 74
56 76
56 81
56 86
56 87
56 93
56 121
56 124
56 129
57 59
57 60
57 62
57 65
57 71
57 80
57 87
57 89
57 94
57 96
57 102
57 104
57 106
57 108
57 110
57 112
57 115
57 119
57 129
58 65
58 66
58 70
58 72
58 73
58 74
58 76
58 81
58 86
58 87
58 92
58 93
58 99
58 106
58 121
58 124
59 62
59 65
59 70
59 71
59 72
59 73
59 80
59 88
59 89
59 90
59 92
59 94
59 95
59 96
59 99
59 100
59 101
59 102
59 105
59 106
59 108
59 110
59 115
59 116
59 117
59 119
59 121
59 122
59 123
59 129
60 61
60 62
60 69
60 72
60 89
60 90
60 101
60 117
61 65
61 66
61 67
61 69
61 71
61 78
61 83
61 90
61 102
61 128
62 71
62 86
62 89
62 92
62 94
62 96
62 104
62 107
62 119
62 129
63 65
63 80
63 82
63 95
63 100
63 102
63 108
63 115
63 116
63 117
63 122
63 123
63 126
63 127
64 67
64 68
64 69
64 78
64 82
64 83
64 90
64 121
65 68
65 80
65 82
65 95
65 96
65 100
65 101
65 102
65 103
65 108
65 112
65 115
65 116
65 117
65 122
65 123
65 126
65 127
65 128
66 70
66 71
66 72
66 73
66 74
66 76
66 78
66 81
66 86
66 87
66 93
66 95
66 99
66 120
66 121
66 124
66 126
67 69
67 78
67 83
67 90
68 75
68 77
68 79
68 84
68 85
68 91
68 98
68 105
68 109
68 111
68 113
68 116
68 117
68 126
69 78
69 83
69 90
69 108
69 116
70 71
70 72
70 73
70 74
70 76
70 81
70 86
70 87
70 88
70 93
70 99
70 102
70 107
70 108
70 110
70 115
70 116
70 119
70 120
70 121
70 124
71 72
71 76
71 86
71 88
71 92
71 93
71 94
71 96
71 104
71 106
71 107
71 110
71 115
71 116
71 119
71 124
71 129
72 73
72 74
72 76
72 79
72 81
72 86
72 87
72 89
72 90
72 93
72 95
72 96
72 99
72 101
72 102
72 105
72 106
72 108
72 109
72 112
72 116
72 117
72 121
72 124
72 126
73 76
73 81
73 87
73 88
73 93
73 110
73 113
73 115
73 118
73 120
73 126
74 86
74 87
74 93
74 99
74 121
75 77
75 79
75 84
75 85
75 91
75 97
75 98
75 105
75 109
75 111
75 126
75 128
76 86
76 87
76 88
76 89
76 93
76 94
76 99
76 102
76 119
76 121
76 124
76 126
77 79
77 84
77 85
77 91
77 97
77 103
77 105
77 109
77 111
77 113
77 125
77 126
77 128
78 90
78 116
79 83
79 84
79 85
79 91
79 97
79 98
79 103
79 105
79 109
79 111
79 125
79 126
79 128
80 82
80 87
80 93
80 95
80 100
80 101
80 102
80 108
80 116
80 117
80 122
80 123
80 126
80 127
80 128
81 87
81 120
81 121
82 89
82 92
82 95
82 100
82 101
82 102
82 106
82 108
82 116
82 117
82 122
82 123
84 85
84 91
84 97
84 98
84 103
84 109
84 111
84 113
84 125
84 126
84 128
85 86
85 91
85 98
85 99
85 103
85 109
85 111
85 113
85 125
85 126
85 128
86 87
86 99
86 107
86 108
86 116
86 117
86 121
86 124
86 126
86 128
87 89
87 93
87 99
87 102
87 110
87 115
87 116
87 118
87 121
87 122
88 96
88 102
88 104
88 106
88 107
88 110
88 115
88 116
88 119
89 96
89 99
89 101
89 102
89 106
89 108
89 110
89 112
89 116
89 117
89 122
89 123
90 95
90 106
90 117
91 97
91 98
91 105
91 109
91 111
91 113
91 125
91 126
91 128
92 94
92 96
92 106
92 110
93 99
93 100
93 115
93 120
93 121
93 127
94 95
94 96
94 110
94 115
94 129
95 100
95 101
95 102
95 106
95 116
95 117
95 122
95 123
95 124
95 127
96 106
96 119
96 122
96 126
96 127
96 129
97 98
97 105
97 111
97 125
97 126
97 128
98 103
98 105
98 109
98 113
98 125
98 126
98 128
99 110
99 115
99 117
99 121
99 123
99 126
99 128
100 101
100 108
100 116
100 117
100 122
100 123
100 127
101 102
101 106
101 112
101 117
101 123
102 108
102 112
102 116
102 117
102 119
102 121
102 122
102 123
102 127
103 111
103 113
103 126
103 128
104 106
104 107
104 110
104 116
104 119
104 121
105 109
105 111
105 113
105 125
105 126
106 107
106 112
106 115
106 119
106 124
106 129
107 116
107 119
108 112
108 116
108 117
108 122
108 123
108 127
109 111
109 113
109 117
109 125
109 126
109 128
110 115
110 119
110 128
110 129
111 113
111 126
111 128
112 116
112 117
112 122
113 125
113 126
113 128
114 118
115 118
115 119
115 121
115 129
116 117
116 119
116 120
116 122
116 123
116 127
117 121
117 122
117 127
119 129
122 123
122 126
122 127
122 128
123 126
123 127
123 128
124 129
126 127
126 128
127 128
