608
567
484
645
358
441
468
322
385
408
311
569
638
460
641
479
426
651
537
267
372
421
535
347
331
513
625
541
577
693
310
442
378
379
506
593
516
692
495
391
536
380
481
407
366
390
474
581
518
454
302
501
486
470
185
565
612
425
540
491
466
487
576
387
624
532
409
447
572
398
410
597
356
392
500
628
350
526
403
414
400
667
463
538
708
556
666
312
648
273
568
308
389
344
574
615
602
371
655
305
611
511
502
601
377
642
640
595
473
514
457
613
216
660
507
211
437
376
456
596
587
364
315
292
404
455
654
189
399
240
417
361
420
499
551
497
588
351
599
293
659
360
606
217
630
517
333
430
482
309
528
492
647
382
573
423
359
580
352
590
483
418
579
661
515
422
564
656
584
413
363
582
614
539
335
554
170
440
598
557
444
433
471
496
295
424
287
402
386
524
354
550
485
472
465
401
384
307
357
374
469
646
519
555
527
458
299
664
691
709
480
188
320
