400
221
915
338
563
867
816
666
608
849
671
299
109
508
156
634
488
529
98
708
751
430
617
176
891
899
753
945
296
972
116
872
168
301
983
574
613
434
596
622
664
636
280
493
760
624
984
225
685
744
66
726
576
632
683
910
321
161
182
170
936
51
537
453
204
435
6
673
769
893
946
297
472
676
60
201
218
922
839
635
317
353
553
241
264
46
431
868
871
890
191
117
889
713
616
305
549
959
421
314
517
361
992
243
589
660
322
246
203
575
847
844
689
12
939
951
901
440
337
504
10
925
329
993
363
506
88
194
65
805
339
441
763
163
330
986
235
522
13
137
588
290
813
698
615
461
358
942
718
892
401
269
969
376
658
691
1000
584
732
562
178
153
630
166
293
484
611
397
418
310
24
399
532
694
40
211
312
811
795
451
247
52
258
136
19
716
610
388
571
457
164
645
398
69
977
514
722
171
259
570
780
928
704
135
579
651
251
215
501
665
590
381
823
184
180
896
459
374
603
725
150
662
405
283
446
342
63
810
538
80
573
311
620
414
480
37
390
846
739
601
670
44
43
341
964
345
950
15
917
719
912
423
777
851
249
2
812
393
567
578
206
56
828
607
943
842
396
130
976
20
926
781
195
505
140
128
930
955
419
531
511
827
209
784
697
183
832
469
599
796
460
327
981
594
270
417
913
179
173
410
250
764
677
729
709
149
982
324
680
121
929
266
856
659
42
706
874
210
25
520
866
328
70
368
756
47
73
8
319
898
58
902
323
425
516
364
445
825
407
742
728
759
477
921
354
904
415
1003
205
22
948
192
142
802
530
730
122
174
200
543
850
224
724
779
618
907
154
219
838
391
77
372
281
958
792
285
690
652
775
146
869
707
23
947
734
39
661
801
479
227
476
5
74
466
291
995
626
313
914
885
667
367
357
731
102
749
498
378
100
627
585
326
432
940
48
987
245
509
222
197
648
132
799
674
124
757
370
369
772
747
565
999
3
821
994
276
686
966
568
193
515
858
277
791
120
458
766
714
499
605
941
110
932
68
774
272
834
1
541
395
870
721
248
496
371
348
513
72
454
758
295
333
990
448
688
954
798
905
944
788
155
857
127
85
923
263
284
647
965
307
18
920
564
408
861
91
963
968
818
438
524
38
101
138
551
490
528
71
274
750
656
450
845
384
681
953
4
190
181
465
669
202
456
94
409
768
806
693
864
852
642
188
27
786
344
924
717
237
424
84
278
835
483
92
545
144
800
331
474
701
631
919
257
32
682
597
927
552
223
961
79
787
377
141
754
177
362
829
133
840
375
879
26
275
292
916
119
911
347
776
639
107
591
437
875
512
29
748
675
14
755
657
654
865
95
467
699
646
487
897
980
770
935
884
471
464
485
31
220
495
653
436
1001
165
240
349
256
887
592
878
843
16
836
894
500
289
75
468
580
803
108
536
125
186
273
973
859
158
934
473
888
737
0
735
373
271
546
554
232
87
34
602
785
633
139
820
67
226
7
497
526
663
238
169
988
30
650
550
705
606
489
703
771
404
175
213
244
539
967
129
908
882
443
679
809
265
807
198
352
557
385
45
427
695
336
962
268
991
938
76
143
738
619
236
583
494
560
523
745
598
470
625
379
356
332
252
649
115
148
449
106
463
217
655
612
103
975
491
974
815
403
638
824
715
260
287
49
28
315
162
989
752
239
382
637
831
687
1002
298
903
234
641
11
736
848
830
320
700
340
383
90
253
558
447
767
335
883
207
956
416
254
355
746
96
57
99
159
412
316
696
199
593
741
623
556
334
789
350
906
886
672
62
422
83
380
118
233
228
308
521
406
628
712
970
918
394
152
819
561
486
452
996
309
933
426
577
420
817
559
346
86
50
478
876
343
860
97
804
643
765
581
711
303
793
502
157
909
808
668
413
387
998
113
692
231
286
604
230
35
822
351
304
360
389
81
569
160
89
462
555
126
782
189
145
481
566
533
21
952
53
881
837
880
104
61
854
762
185
979
621
783
900
64
544
402
411
587
36
111
733
93
826
41
895
527
710
931
873
937
957
300
9
54
433
33
644
151
720
392
475
167
862
105
267
743
131
279
134
600
325
841
702
503
172
229
949
547
790
853
534
455
586
318
814
428
525
833
997
727
386
147
855
444
216
614
778
519
59
582
282
678
306
365
123
540
518
112
794
629
359
535
55
255
960
82
262
482
971
797
761
542
261
595
208
196
740
366
212
214
985
863
640
17
442
114
684
609
187
429
78
773
510
978
242
572
294
723
507
302
492
548
877
439
288
