0 12
0 17
0 25
0 48
0 146
0 249
0 278
12 25
12 49
12 71
12 93
12 109
12 144
12 215
12 229
12 249
12 291
12 299
17 146
17 278
25 144
25 249
25 298
146 278
249 291
249 299
278 302
49 93
49 215
49 229
49 256
49 299
71 68
71 40
71 52
71 69
71 109
71 283
71 284
71 312
71 336
93 215
93 299
109 68
109 16
109 23
109 47
109 52
109 69
109 116
109 149
109 178
109 312
109 333
109 336
215 245
215 299
229 22
229 86
229 323
291 299
1 7
1 57
1 80
1 91
1 127
1 233
1 248
1 254
7 5
7 26
7 57
7 70
7 76
7 80
7 88
7 112
7 121
7 127
7 135
7 137
7 157
7 158
7 160
7 165
7 168
7 177
7 200
7 226
7 232
7 233
7 248
7 254
7 265
7 277
7 306
7 315
7 322
7 328
57 80
57 91
57 127
57 233
57 248
57 254
80 91
80 127
80 233
80 248
91 127
91 248
127 98
127 107
127 137
127 143
127 177
127 210
127 233
127 238
127 248
127 251
127 254
233 5
233 26
233 121
233 135
233 137
233 158
233 160
233 165
233 168
233 177
233 248
233 306
233 322
248 158
248 168
248 254
254 5
254 121
254 122
254 135
254 145
254 150
254 165
254 167
254 187
254 226
254 227
254 243
254 264
254 276
254 294
254 295
254 306
254 315
254 322
5 15
5 147
5 170
5 194
5 315
5 322
26 76
70 42
70 112
70 277
88 200
88 209
88 262
88 265
88 328
112 42
112 277
121 322
121 135
137 177
157 177
158 168
165 226
177 115
177 129
177 193
177 305
200 209
200 262
200 265
200 328
232 50
232 218
265 21
265 95
265 209
265 262
265 328
277 42
98 238
107 143
107 161
107 171
107 183
107 210
107 211
107 251
143 210
143 251
210 251
122 10
122 30
122 55
122 118
122 154
122 155
122 167
122 276
122 282
122 294
122 318
145 94
145 166
145 181
145 187
145 243
145 295
150 187
187 94
187 96
187 115
187 140
187 166
187 181
187 193
187 286
187 295
227 294
227 276
243 94
243 166
243 181
243 295
264 96
264 295
276 294
294 155
294 318
294 96
294 266
294 282
294 154
295 96
2 54
2 63
2 191
2 252
2 288
2 289
2 331
54 63
54 252
54 288
63 51
63 252
63 288
191 252
191 289
191 331
252 3
252 6
252 14
252 51
252 68
252 78
252 126
252 148
252 176
252 288
252 313
252 331
288 51
288 78
288 148
288 164
289 331
331 6
331 68
51 59
51 190
51 204
3 164
3 310
3 313
6 68
14 164
14 173
14 313
14 319
68 23
68 61
68 69
68 85
68 92
68 105
68 223
68 312
68 316
78 148
126 176
148 164
176 339
313 164
313 310
313 4
313 102
313 120
313 173
313 185
313 201
313 214
313 236
313 319
313 332
310 97
310 213
310 216
310 222
310 225
310 327
173 4
173 102
173 24
173 156
173 201
173 236
173 319
319 4
319 102
319 201
319 236
319 120
319 214
319 320
319 332
97 222
213 9
213 216
213 222
213 225
213 257
213 327
216 225
225 257
4 102
4 185
4 201
4 236
102 185
102 201
102 217
102 221
102 236
102 241
102 273
102 285
120 332
185 201
185 236
201 236
214 320
217 273
217 221
217 241
217 285
221 273
221 241
221 285
241 273
241 285
273 33
273 36
273 38
273 207
273 285
24 156
15 35
15 46
15 72
15 73
15 110
15 134
15 138
15 170
15 184
15 194
15 308
147 219
170 194
194 35
194 45
194 46
194 84
194 89
194 142
194 153
194 184
194 228
194 317
46 45
46 84
46 142
46 153
46 184
46 228
46 259
72 73
72 110
72 134
72 138
72 308
73 110
73 134
73 138
73 308
110 134
110 138
110 308
134 138
134 308
134 314
138 234
138 308
138 314
184 287
184 317
308 234
308 314
45 142
45 153
45 228
45 259
84 263
142 153
142 228
142 259
153 228
153 259
228 259
317 287
23 105
61 316
69 312
69 284
85 105
92 312
92 316
105 223
312 16
312 116
312 149
312 311
312 316
115 281
115 329
115 193
115 166
115 301
115 330
129 203
129 305
193 281
193 329
193 99
193 166
193 301
193 330
50 218
21 95
8 113
113 53
113 62
113 174
113 255
113 272
53 62
53 255
53 174
53 272
53 324
62 28
62 101
62 104
62 174
62 186
62 195
62 198
62 255
62 272
62 324
174 255
174 272
174 324
255 28
255 198
255 272
255 324
272 324
9 257
10 27
10 30
10 123
10 321
27 30
27 123
27 321
30 123
30 321
123 65
123 141
123 152
123 274
123 307
123 321
123 336
321 114
321 124
321 141
321 220
321 250
321 307
321 336
55 186
55 208
118 186
154 155
154 318
154 282
155 90
155 75
155 282
155 318
282 318
282 96
282 266
318 90
318 75
65 152
141 336
141 114
141 220
152 81
152 206
152 212
152 230
274 18
274 297
307 336
336 20
336 244
336 52
114 40
114 67
114 124
114 199
114 220
114 242
114 268
114 284
250 151
11 108
11 162
11 263
11 279
108 263
108 279
263 74
263 117
263 186
263 237
263 267
263 279
263 296
263 325
263 334
74 117
74 325
74 334
117 325
186 32
186 56
186 77
186 90
186 106
186 163
186 172
186 182
186 208
186 239
237 205
237 267
237 290
237 303
334 128
334 180
334 202
334 235
334 253
334 258
334 261
40 44
40 67
40 199
40 242
40 268
40 283
40 284
40 292
40 293
40 309
52 311
284 199
284 242
284 268
284 309
16 116
47 29
47 149
47 175
47 197
47 337
178 333
333 19
333 37
333 43
333 64
22 86
22 323
86 323
13 131
13 192
13 224
13 231
13 281
13 340
131 189
131 192
131 231
131 326
192 224
192 231
224 231
281 340
189 111
189 326
287 329
287 260
18 297
19 37
19 43
19 64
37 43
37 64
43 64
28 101
28 104
29 175
29 337
175 197
175 337
337 197
31 81
31 125
31 280
81 125
81 230
81 280
125 280
32 208
208 60
208 130
208 163
56 182
56 82
56 136
56 172
56 239
56 247
56 269
56 338
77 139
77 163
77 179
77 240
90 39
90 75
90 83
90 133
90 270
90 304
163 182
163 172
163 179
163 240
172 239
182 34
182 119
182 159
182 239
60 130
33 36
33 38
33 207
36 38
36 207
38 207
34 119
39 304
304 83
304 133
83 133
44 292
44 293
67 268
199 268
242 309
292 293
41 82
41 132
41 188
41 275
82 132
82 188
82 271
82 275
132 188
132 271
188 271
188 275
59 190
59 204
190 204
136 66
136 79
136 100
136 169
136 246
136 247
136 269
136 300
136 335
136 338
247 66
247 79
247 100
247 169
247 246
247 269
247 300
247 335
247 338
269 66
269 79
269 100
269 169
269 246
269 300
269 335
269 338
66 246
66 335
79 335
79 100
79 169
79 300
100 335
100 169
100 300
169 335
169 300
246 335
58 205
58 290
58 303
205 290
128 196
128 235
128 253
180 235
202 261
235 196
235 253
235 258
253 196
258 196
87 329
329 103
329 260
96 266
140 286
161 171
161 183
161 211
171 183
171 211
183 211
