107
331
377
120
264
186
143
334
130
153
221
219
375
51
277
93
220
151
225
367
268
158
222
64
295
275
207
373
167
116
47
349
317
84
1
271
36
55
34
251
25
99
294
77
79
243
178
191
103
228
198
53
145
231
188
356
292
366
288
2
330
248
344
172
298
160
15
259
70
121
374
29
196
307
321
170
361
355
376
281
89
314
54
210
197
132
71
88
23
261
226
272
14
78
98
82
362
68
126
192
256
205
310
193
312
41
96
350
92
189
74
30
201
200
26
351
352
324
286
300
49
299
289
338
182
90
316
285
94
249
40
217
215
229
13
85
230
370
180
253
109
119
250
125
69
315
80
269
91
38
129
372
60
306
353
27
115
282
235
146
24
266
7
267
208
303
368
12
203
5
359
165
138
378
265
122
174
347
155
325
320
216
346
276
67
3
255
22
236
246
123
169
234
154
211
213
124
241
72
290
117
283
112
363
260
108
168
280
323
371
194
59
257
61
101
8
278
104
365
128
43
327
262
296
308
199
342
57
106
83
305
301
302
223
31
152
48
133
184
114
214
291
329
273
164
195
343
357
39
279
319
157
141
284
148
318
58
212
238
105
4
97
175
345
202
218
348
147
6
232
50
239
293
95
270
16
204
162
56
304
209
242
297
171
263
20
358
150
247
113
224
244
76
190
19
337
139
332
11
37
369
136
118
66
81
161
339
0
287
131
173
185
44
341
360
166
137
183
73
144
17
35
33
227
135
86
102
28
134
45
252
127
354
179
254
156
333
65
140
100
206
42
340
364
21
240
336
245
311
163
52
110
46
149
274
328
309
159
87
177
18
63
258
326
322
233
237
32
313
176
10
62
142
9
181
111
335
187
75
