977
22
714
388
792
1059
407
1061
329
717
419
517
289
792
410
531
743
859
9
166
704
640
166
859
437
448
399
410
977
150
256
143
492
911
149
135
388
503
798
407
388
143
707
406
166
90
600
647
437
922
166
640
503
608
888
149
144
79
642
1061
330
395
256
29
695
503
399
785
743
670
920
143
480
406
653
941
206
620
785
492
707
826
195
503
707
166
503
623
385
177
166
180
955
210
413
821
945
745
204
977
787
661
792
1059
517
226
620
711
331
545
410
920
926
146
143
859
166
785
840
785
82
947
831
406
503
745
294
1061
416
620
945
623
206
517
503
840
533
920
533
58
437
716
305
941
1011
459
330
387
804
999
503
65
166
262
503
406
792
150
253
480
707
166
859
934
533
437
503
743
908
941
1088
486
782
150
305
436
195
714
135
29
412
370
406
977
1030
782
792
785
305
193
745
150
859
585
166
16
314
407
920
1088
920
640
859
467
826
305
533
787
671
585
859
785
623
704
670
888
503
406
792
798
166
798
716
538
204
517
65
716
525
716
150
761
879
620
257
606
261
895
16
920
65
410
1061
96
651
671
331
437
103
716
305
704
867
422
1061
150
585
68
977
229
533
743
857
143
416
206
585
670
647
620
533
533
406
503
707
150
792
647
565
945
166
406
533
150
920
517
702
305
410
399
305
410
385
410
1011
204
143
150
425
150
157
697
323
533
814
980
406
859
456
489
65
826
143
671
1091
144
465
503
467
480
451
640
821
977
826
410
678
704
388
675
275
1045
1088
385
294
785
525
941
972
714
480
1061
517
840
143
406
647
798
826
399
887
697
354
166
436
1116
240
787
314
448
210
670
406
79
859
695
782
533
647
598
565
159
410
406
670
716
1045
640
842
16
533
406
1117
623
785
9
620
399
210
436
782
743
305
144
707
840
123
399
743
256
945
503
936
261
671
480
623
782
517
647
182
22
565
584
330
757
305
586
166
704
6
385
106
399
695
1088
787
585
620
695
620
1123
533
406
49
210
1123
840
274
410
503
143
920
1070
792
415
399
533
1045
792
65
908
106
887
166
125
388
704
257
804
785
585
90
410
431
143
941
647
133
716
1010
565
1061
945
410
723
503
316
814
399
533
503
832
22
695
576
399
410
892
331
790
166
150
410
702
310
787
144
826
859
826
980
222
413
707
745
30
1029
406
204
195
1045
261
90
978
826
256
90
406
785
647
920
503
585
798
887
647
620
410
1116
459
204
406
503
955
480
941
647
685
480
582
21
606
399
716
945
182
204
792
1
16
399
1061
206
144
150
977
533
503
695
920
785
704
305
945
623
