55
152
189
96
66
272
205
208
129
99
271
15
7
80
212
70
302
93
206
323
163
220
22
285
21
272
203
68
158
17
99
141
70
191
136
272
27
191
317
3
158
22
85
272
21
271
8
163
19
135
236
77
233
188
130
271
96
277
235
242
223
129
122
160
99
170
96
208
73
80
93
9
5
216
205
271
272
255
56
163
2
68
189
99
281
163
99
190
99
126
271
66
191
72
66
170
235
96
271
110
183
71
190
77
272
78
272
121
25
236
163
17
148
77
96
96
25
83
302
44
272
143
302
285
304
21
66
220
271
248
10
271
227
85
227
1
209
117
230
99
249
158
66
85
99
308
205
201
163
83
272
99
163
30
120
285
83
302
22
272
312
136
137
