304
227
285
16
126
3
179
282
172
217
153
193
97
149
128
36
319
162
115
4
98
237
276
301
277
84
299
41
167
52
315
219
6
216
309
312
186
203
256
47
196
26
33
293
206
232
284
139
302
62
1
238
116
125
189
275
44
251
286
253
192
229
13
316
202
240
27
86
67
223
131
273
85
201
21
226
305
266
261
257
207
109
144
88
318
57
157
8
108
209
55
295
133
303
10
96
245
39
28
208
158
163
12
142
263
221
146
49
161
92
197
124
204
77
80
230
278
89
45
90
322
66
287
152
102
53
173
19
210
290
239
121
15
40
151
313
99
113
75
48
214
73
314
310
320
34
79
280
120
0
259
111
188
249
23
225
169
270
300
134
93
64
18
103
143
324
7
265
171
82
185
224
321
117
32
71
25
127
118
215
255
296
292
37
220
288
106
191
182
271
154
168
20
2
38
274
30
46
81
107
123
294
76
59
9
211
50
307
51
323
114
31
141
213
317
190
69
70
54
5
147
150
43
254
297
247
311
246
110
199
78
14
187
87
195
74
248
279
308
212
100
200
177
260
129
159
272
72
101
65
183
234
236
35
235
178
228
264
29
136
17
170
252
181
137
198
205
105
138
176
258
164
24
83
174
63
119
130
140
135
42
175
104
194
262
326
148
291
22
241
60
306
122
56
