303
120
30
15
106
235
356
238
281
372
8
277
327
90
359
236
53
41
265
150
129
301
280
32
228
306
312
96
165
33
148
198
44
125
40
239
16
209
371
171
210
17
34
344
191
253
80
140
357
260
307
282
108
358
195
50
19
66
158
76
12
71
146
286
20
299
54
362
374
9
170
257
221
297
172
62
287
147
161
127
134
55
52
292
351
92
269
352
322
215
245
65
144
42
330
226
337
222
347
193
70
166
345
132
328
274
67
57
346
237
21
93
230
72
126
368
188
79
74
141
37
258
331
64
298
130
29
369
173
77
186
310
101
43
365
35
377
139
205
300
321
278
69
256
247
333
10
248
142
199
189
270
338
56
36
249
113
177
51
14
332
240
302
45
283
155
275
216
59
336
223
192
99
348
234
46
341
349
95
224
353
97
175
131
94
60
241
121
194
167
152
68
160
6
102
311
0
49
162
135
231
264
204
98
366
334
350
114
78
163
218
138
271
149
63
375
266
124
159
354
112
178
376
364
227
143
179
378
267
61
335
296
212
229
187
91
313
111
213
18
268
100
31
203
325
7
276
28
288
25
11
110
360
153
75
202
145
201
254
200
174
217
279
255
13
219
324
284
361
293
355
164
109
207
211
169
58
122
190
22
244
220
323
24
176
263
246
304
168
206
133
342
23
242
363
373
367
243
118
214
232
4
89
