0 6
0 8
0 28
0 40
0 44
0 112
0 114
0 163
0 167
0 176
0 184
0 204
0 225
0 235
0 236
0 248
0 252
6 8
6 18
6 19
6 20
6 35
6 37
6 48
6 63
6 69
6 77
6 87
6 97
6 105
6 106
6 112
6 114
6 130
6 163
6 176
6 189
6 204
6 209
6 213
6 230
6 231
6 232
6 247
6 248
8 19
8 35
8 44
8 48
8 51
8 63
8 69
8 77
8 103
8 110
8 114
8 184
8 246
8 248
8 252
28 19
28 20
28 10
28 23
28 36
28 44
28 48
28 63
28 69
28 72
28 77
28 87
28 110
28 112
28 114
28 120
28 172
28 176
28 183
28 184
28 204
28 230
28 236
28 248
28 249
28 252
40 2
40 14
40 48
40 50
40 75
40 94
40 115
40 116
40 123
40 131
40 147
40 162
40 164
40 166
40 167
40 181
40 183
40 194
40 215
40 220
40 244
40 246
40 252
40 254
44 19
44 20
44 35
44 48
44 63
44 69
44 77
44 112
44 116
44 130
44 151
44 176
44 204
44 208
44 215
44 232
44 236
112 19
112 35
112 63
112 87
112 97
112 110
112 23
112 37
112 48
112 95
112 103
112 114
112 120
112 151
112 162
112 176
112 204
112 213
112 230
112 236
112 246
112 247
112 248
112 249
112 252
114 19
114 77
114 87
114 97
114 163
114 204
114 213
114 230
114 236
114 250
114 252
163 19
163 63
163 77
163 87
163 110
163 9
163 14
163 36
163 48
163 50
163 69
163 80
163 147
163 151
163 152
163 159
163 176
163 204
163 213
163 220
163 230
163 232
163 236
163 248
163 249
163 252
163 254
167 35
167 77
167 148
167 166
167 9
167 32
167 42
167 60
167 80
167 95
167 111
167 115
167 116
167 120
167 123
167 138
167 147
167 153
167 173
167 183
167 190
167 194
167 197
167 215
167 217
167 220
167 242
167 244
167 248
167 252
167 253
167 254
176 19
176 35
176 63
176 87
176 97
176 110
176 24
176 48
176 76
176 118
176 190
176 194
176 204
176 246
176 248
176 252
176 255
184 19
184 20
184 35
184 77
184 97
184 61
184 130
184 213
184 230
184 248
184 249
204 20
204 35
204 77
204 87
204 97
204 69
204 78
204 116
204 130
204 144
204 145
204 151
204 152
204 197
204 213
204 226
204 230
204 232
204 236
204 244
204 248
204 252
225 1
225 7
225 22
225 30
225 38
225 39
225 58
225 71
225 72
225 81
225 88
225 125
225 134
225 171
225 182
225 193
225 200
225 206
225 211
225 222
225 227
225 228
235 2
235 31
235 69
235 79
235 83
235 85
235 94
235 96
235 105
235 107
235 116
235 121
235 126
235 129
235 141
235 162
235 165
235 188
235 198
235 205
235 214
235 223
235 243
235 251
235 259
236 19
236 20
236 63
236 77
236 87
236 166
236 230
236 116
236 122
236 130
236 162
236 189
236 207
236 213
236 231
236 232
236 246
248 19
248 20
248 77
248 97
248 110
248 215
248 48
248 60
248 115
248 116
248 123
248 130
248 183
248 194
248 213
248 231
248 246
248 249
248 252
248 254
252 20
252 35
252 63
252 77
252 87
252 166
252 99
252 195
252 232
252 244
252 256
18 215
18 250
18 178
18 10
18 27
18 32
18 36
18 49
18 95
18 104
18 106
18 111
18 116
18 120
18 122
18 135
18 144
18 151
18 164
18 169
18 177
18 193
18 196
18 208
18 224
18 231
18 242
19 23
19 32
19 35
19 48
19 49
19 63
19 69
19 77
19 83
19 87
19 110
19 116
19 120
19 123
19 130
19 166
19 183
19 230
19 232
20 35
20 54
20 69
20 77
20 87
20 104
20 106
20 151
20 166
20 183
20 209
20 213
20 217
20 226
20 230
20 232
20 246
20 247
20 254
35 9
35 51
35 66
35 69
35 77
35 80
35 104
35 105
35 109
35 110
35 115
35 130
35 131
35 162
35 166
35 211
35 213
35 220
35 232
35 246
35 247
35 254
35 258
37 137
37 209
37 190
37 53
37 54
37 56
37 76
37 84
37 105
37 128
37 143
37 156
37 158
37 180
37 186
37 192
37 217
37 219
37 229
37 239
37 255
37 259
48 63
48 77
48 87
48 110
48 166
48 69
48 9
48 42
48 80
48 138
48 213
48 246
63 69
63 77
63 94
63 110
63 183
63 220
63 247
63 249
69 87
69 97
69 166
69 230
69 109
69 2
69 9
69 80
69 105
69 131
69 138
69 152
69 153
69 156
69 162
69 164
69 186
69 193
69 194
69 207
69 213
69 223
69 232
69 234
69 247
69 253
69 254
77 14
77 32
77 42
77 52
77 80
77 87
77 97
77 110
77 124
77 130
77 151
77 152
77 183
77 194
77 197
77 208
77 232
77 246
87 9
87 10
87 11
87 80
87 97
87 120
87 213
87 220
87 232
87 246
87 249
87 254
97 13
97 39
97 66
97 72
97 157
97 211
97 213
97 232
105 110
105 7
105 137
105 185
105 209
105 190
105 210
105 108
105 24
105 51
105 54
105 71
105 81
105 84
105 103
105 120
105 122
105 128
105 132
105 134
105 139
105 171
105 177
105 180
105 186
105 192
105 201
105 217
105 229
105 239
105 255
105 257
105 259
106 166
106 215
106 250
106 209
106 14
106 31
106 82
106 152
106 9
106 10
106 23
106 32
106 36
106 49
106 66
106 78
106 81
106 95
106 98
106 104
106 117
106 120
106 122
106 132
106 135
106 138
106 147
106 151
106 158
106 169
106 172
106 174
106 183
106 196
106 197
106 208
106 211
106 224
106 231
106 234
106 242
106 247
130 189
130 10
130 151
130 242
189 4
189 90
189 233
189 25
189 83
189 121
189 150
189 210
189 241
189 258
189 5
189 13
189 16
189 45
189 55
189 57
189 67
189 68
189 74
189 85
189 91
189 92
189 94
189 154
189 61
189 72
189 73
189 75
189 86
189 101
189 162
189 194
189 202
189 217
189 226
189 256
209 1
209 4
209 7
209 43
209 118
209 137
209 142
209 22
209 24
209 26
209 33
209 39
209 53
209 58
209 59
209 61
209 70
209 72
209 76
209 84
209 88
209 115
209 117
209 122
209 127
209 128
209 134
209 139
209 144
209 149
209 155
209 156
209 175
209 177
209 180
209 182
209 190
209 193
209 199
209 211
209 217
209 219
209 222
209 227
209 239
209 240
209 247
209 255
209 259
213 230
213 49
213 66
213 111
213 232
230 61
230 75
230 131
230 162
231 166
231 250
231 152
231 151
231 10
231 27
231 32
231 36
231 49
231 66
231 78
231 95
231 98
231 104
231 111
231 120
231 122
231 164
231 169
231 196
231 208
231 224
231 247
231 254
232 95
232 103
232 144
232 162
247 166
247 250
247 14
247 152
247 226
247 151
247 9
247 10
247 23
247 30
247 32
247 36
247 49
247 60
247 66
247 72
247 78
247 95
247 98
247 104
247 111
247 120
247 135
247 144
247 147
247 155
247 169
247 181
247 194
247 196
247 224
247 234
247 242
247 254
51 166
51 137
51 52
51 190
51 151
51 56
51 156
51 180
51 24
51 53
51 54
51 70
51 76
51 84
51 128
51 139
51 158
51 192
51 217
103 215
103 42
103 49
103 66
103 115
103 116
103 131
103 147
103 153
103 162
103 164
103 172
103 181
103 183
103 194
103 197
103 220
103 244
103 253
103 254
110 21
110 34
110 39
110 94
110 157
110 181
110 183
110 249
246 109
246 14
246 151
246 173
246 249
246 9
246 10
246 27
246 80
246 98
246 131
246 219
246 220
246 254
23 166
23 14
23 152
23 190
23 241
23 202
23 173
23 9
23 10
23 27
23 32
23 36
23 49
23 66
23 95
23 111
23 120
23 122
23 123
23 128
23 162
23 169
23 172
23 174
23 219
23 229
23 242
32 166
32 14
32 152
32 151
32 173
32 9
32 10
32 27
32 36
32 49
32 78
32 95
32 98
32 104
32 116
32 122
32 135
32 162
32 194
32 208
32 234
32 242
49 166
49 215
49 173
49 144
49 9
49 10
49 29
49 50
49 80
49 98
49 104
49 115
49 122
49 135
49 153
49 174
49 183
49 196
49 208
49 224
49 242
49 254
83 79
83 145
83 14
83 31
83 47
83 52
83 82
83 3
83 11
83 17
83 46
83 54
83 72
83 96
83 99
83 107
83 121
83 129
83 141
83 146
83 150
83 156
83 165
83 186
83 187
83 188
83 198
83 205
83 207
83 214
83 223
83 229
83 237
83 243
83 258
83 259
116 166
116 99
116 152
116 223
116 241
116 243
116 151
116 72
116 193
116 259
116 10
116 162
116 220
116 254
116 60
116 61
116 70
116 123
116 138
116 147
116 158
116 181
116 194
116 197
116 244
120 166
120 250
120 14
120 223
120 258
120 151
120 173
120 9
120 10
120 27
120 66
120 78
120 95
120 98
120 104
120 111
120 36
120 50
120 122
120 153
120 162
120 169
120 174
120 183
120 196
120 242
123 215
123 211
123 80
123 131
123 254
123 60
123 244
123 29
123 147
123 197
123 138
166 10
166 12
166 14
166 27
166 36
166 55
166 60
166 70
166 72
166 80
166 98
166 104
166 111
166 122
166 128
166 135
166 137
166 144
166 147
166 151
166 152
166 153
166 162
166 169
166 172
166 173
166 183
166 194
166 195
166 197
166 208
166 215
166 219
166 224
166 226
166 234
166 244
166 254
166 255
183 215
183 137
183 74
183 159
183 256
183 226
183 151
183 200
183 27
183 42
183 80
183 122
183 172
183 220
183 254
183 60
183 194
183 244
183 61
183 197
183 164
183 153
183 253
54 137
54 190
54 210
54 143
54 156
54 180
54 199
54 127
54 162
54 220
54 24
54 53
54 70
54 76
54 139
54 158
54 186
54 201
54 216
54 217
54 219
54 239
54 255
104 215
104 250
104 152
104 226
104 151
104 144
104 9
104 10
104 27
104 66
104 78
104 95
104 36
104 111
104 135
104 162
104 169
104 196
104 220
104 224
104 234
151 215
151 7
151 137
151 191
151 55
151 86
151 9
151 10
151 27
151 36
151 60
151 70
151 78
151 95
151 98
151 111
151 115
151 122
151 128
151 134
151 135
151 144
151 162
151 169
151 172
151 173
151 174
151 180
151 181
151 193
151 208
151 219
151 224
151 242
151 244
151 253
151 254
217 148
217 137
217 14
217 25
217 99
217 152
217 187
217 190
217 198
217 223
217 251
217 13
217 94
217 154
217 256
217 173
217 58
217 72
217 134
217 156
217 182
217 199
217 127
217 11
217 26
217 29
217 149
217 24
217 38
217 53
217 76
217 84
217 128
217 132
217 138
217 158
217 186
217 192
217 201
217 216
217 219
217 229
217 239
217 255
217 257
226 62
226 238
226 25
226 146
226 241
226 251
226 258
226 65
226 5
226 13
226 41
226 45
226 55
226 57
226 67
226 85
226 91
226 92
226 94
226 108
226 154
226 157
226 159
226 170
226 256
226 75
226 86
226 202
226 127
226 144
226 174
226 195
254 215
254 118
254 14
254 190
254 67
254 59
254 9
254 42
254 80
254 131
254 196
254 220
254 101
254 115
254 138
254 147
254 153
254 164
254 181
254 239
254 244
254 253
10 250
10 152
10 173
10 9
10 27
10 36
10 60
10 98
10 122
10 162
10 169
10 172
10 174
10 224
10 234
10 242
10 244
36 250
36 14
36 150
36 152
36 74
36 193
36 66
36 95
36 98
36 122
36 135
36 162
36 172
36 174
36 196
36 208
36 220
36 224
36 234
36 147
36 177
36 197
36 242
72 148
72 118
72 137
72 52
72 121
72 150
72 210
72 205
72 55
72 22
72 56
72 11
72 12
72 60
72 88
72 133
72 149
72 155
72 158
72 177
72 186
72 193
72 200
72 206
72 227
72 228
72 240
172 14
172 82
172 173
172 144
172 27
172 66
172 98
172 135
172 115
172 174
172 224
172 242
249 9
9 14
9 52
9 173
9 211
9 228
9 42
9 66
9 78
9 80
9 95
9 111
9 122
9 131
9 135
9 162
9 169
9 174
9 196
9 220
9 234
66 148
66 152
66 173
66 156
66 27
66 78
66 95
66 98
66 162
66 169
66 174
66 220
66 224
66 242
80 215
80 21
80 152
80 42
80 60
80 61
80 131
80 138
80 147
80 153
80 181
80 194
80 197
80 220
80 244
80 253
109 148
109 1
109 7
109 43
109 62
109 79
109 89
109 90
109 13
109 31
109 76
109 85
109 113
109 117
109 136
109 140
109 142
109 147
109 161
109 164
109 177
109 185
109 190
109 193
109 195
109 233
109 243
109 260
115 215
115 145
115 75
115 156
115 42
115 131
115 162
115 220
115 60
115 29
115 61
115 147
115 197
115 181
115 50
115 138
115 253
131 215
131 42
131 29
131 50
131 61
131 138
131 153
131 181
131 194
131 197
131 220
131 244
131 253
162 250
162 145
162 14
162 121
162 152
162 46
162 75
162 173
162 156
162 27
162 78
162 98
162 111
162 135
162 60
162 132
162 138
162 153
162 169
162 174
162 196
162 208
162 224
162 242
211 7
211 79
211 118
211 190
211 13
211 108
211 157
211 22
211 30
211 56
211 58
211 59
211 88
211 125
211 133
211 134
211 144
211 171
211 182
211 193
211 200
211 27
211 70
211 71
211 96
211 222
211 227
211 228
211 240
211 255
220 215
220 250
220 14
220 99
220 152
220 134
220 42
220 50
220 61
220 153
220 164
220 181
220 194
220 197
220 253
258 4
258 90
258 238
258 2
258 25
258 107
258 146
258 179
258 203
258 241
258 243
258 251
258 5
258 41
258 45
258 55
258 65
258 67
258 68
258 85
258 92
258 101
258 108
258 134
258 154
258 157
258 159
258 170
258 256
2 25
2 31
2 47
2 52
2 82
2 99
2 107
2 121
2 126
2 129
2 146
2 150
2 152
2 179
2 187
2 188
2 190
2 198
2 203
2 210
2 214
2 223
2 243
2 251
14 27
14 98
14 122
14 144
14 152
14 165
14 169
14 173
14 203
14 234
50 61
50 147
50 181
50 253
75 238
75 25
75 146
75 179
75 241
75 5
75 13
75 45
75 55
75 57
75 74
75 124
75 154
75 157
75 170
75 61
75 86
75 171
94 4
94 191
94 238
94 25
94 99
94 121
94 146
94 65
94 5
94 13
94 45
94 55
94 68
94 91
94 86
94 101
94 157
94 159
94 202
94 256
147 148
147 215
147 250
147 136
147 152
147 223
147 86
147 42
147 78
147 122
147 60
147 194
147 11
147 61
147 71
147 138
147 153
147 164
147 181
147 197
147 253
164 215
164 42
164 95
164 122
164 60
164 194
164 61
164 197
164 195
164 181
164 253
181 215
181 42
181 60
181 244
181 29
181 61
181 138
181 253
194 99
194 108
194 157
194 127
194 27
194 42
194 61
194 117
194 153
194 197
194 244
194 253
215 29
215 42
215 60
215 61
215 95
215 122
215 135
215 138
215 153
215 169
215 175
215 197
215 208
244 173
244 42
244 224
244 60
244 242
244 29
244 138
244 195
244 197
244 253
208 250
208 144
208 95
208 98
208 111
208 122
208 135
208 224
208 234
42 138
42 153
42 197
52 79
52 100
52 31
52 47
52 3
52 46
52 82
52 93
52 99
52 107
52 121
52 126
52 129
52 150
52 165
52 179
52 187
52 198
52 203
52 205
52 207
52 214
52 223
52 237
52 241
52 243
52 245
52 251
52 255
124 4
124 238
124 146
124 214
124 243
124 65
124 5
124 13
124 41
124 57
124 67
124 92
124 108
124 73
124 157
124 170
124 202
152 148
152 27
152 78
152 95
152 98
152 122
152 135
152 144
152 165
152 169
152 173
152 197
152 203
152 223
152 224
152 234
197 118
197 136
197 60
197 11
197 29
197 61
197 53
197 138
11 148
11 100
11 145
11 221
11 55
11 56
11 155
11 156
11 182
11 206
11 12
11 26
11 29
11 61
11 70
11 139
11 168
11 175
11 177
11 218
11 260
13 4
13 238
13 25
13 99
13 146
13 223
13 241
13 65
13 5
13 41
13 45
13 55
13 57
13 67
13 86
13 92
13 108
13 157
13 170
13 202
13 256
39 180
39 12
39 149
39 177
39 218
39 260
39 119
39 239
157 4
157 142
157 238
157 25
157 146
157 179
157 214
157 241
157 243
157 65
157 5
157 55
157 57
157 67
157 74
157 92
157 108
157 86
157 158
157 159
157 170
157 202
157 256
21 1
21 4
21 7
21 15
21 34
21 41
21 43
21 62
21 70
21 89
21 102
21 117
21 136
21 140
21 142
21 145
21 161
21 182
21 201
21 212
21 221
34 1
34 15
34 43
34 62
34 82
34 89
34 102
34 136
34 178
34 185
34 195
34 207
95 173
95 144
95 98
95 122
95 135
95 169
95 174
95 196
95 234
95 242
95 253
250 27
250 98
250 122
250 135
250 169
250 173
250 224
250 242
148 1
148 15
148 33
148 62
148 73
148 86
148 100
148 102
148 128
148 142
148 145
148 191
148 193
148 212
148 221
148 229
148 233
148 243
1 4
1 7
1 62
1 79
1 89
1 90
1 136
1 137
1 140
1 142
1 145
1 161
1 178
1 185
1 191
1 221
1 233
15 62
15 89
15 102
15 185
15 135
15 117
33 62
33 89
33 136
33 140
33 142
33 185
33 191
33 233
33 16
33 193
33 199
33 117
33 113
62 65
62 73
62 90
62 102
62 113
62 117
62 142
62 159
62 161
62 185
62 191
62 195
62 203
62 233
62 238
73 100
73 233
73 238
73 146
73 5
73 45
73 55
73 57
73 67
73 68
73 74
73 92
73 108
73 159
73 256
73 70
73 117
86 146
86 223
86 243
86 65
86 5
86 55
86 67
86 92
86 108
86 154
86 60
100 79
100 90
100 17
100 31
100 45
100 46
100 47
100 64
100 67
100 82
100 93
100 96
100 99
100 107
100 121
100 126
100 129
100 146
100 156
100 177
100 179
100 187
100 198
100 203
100 207
100 210
100 214
100 223
100 233
100 237
100 243
100 251
102 43
102 90
102 45
102 145
102 185
128 118
128 137
128 82
128 190
128 85
128 202
128 56
128 143
128 180
128 193
128 199
128 259
128 122
128 12
128 70
128 139
128 76
128 24
128 53
128 158
128 160
128 201
128 219
128 229
128 239
128 255
128 257
142 43
142 79
142 89
142 90
142 140
142 117
142 145
142 185
142 191
142 195
142 205
142 221
142 243
145 43
145 79
145 90
145 140
145 61
145 71
145 92
145 117
145 138
145 156
145 161
145 178
145 185
145 212
145 233
191 43
191 89
191 90
191 136
191 140
191 161
191 185
191 117
191 156
191 193
191 195
191 205
191 224
191 233
191 243
193 43
193 118
193 161
193 25
193 99
193 173
193 22
193 30
193 56
193 88
193 125
193 133
193 134
193 143
193 155
193 182
193 81
193 135
193 158
193 160
193 177
193 201
193 206
193 216
193 227
193 228
193 242
221 89
221 90
221 161
221 178
221 185
221 113
221 117
221 233
229 31
229 133
229 199
229 259
229 70
229 177
229 218
229 76
229 132
229 216
229 201
229 158
229 160
229 186
229 219
229 239
229 257
233 43
233 89
233 90
233 140
233 178
233 46
233 47
233 82
233 117
233 156
233 159
233 177
233 205
233 243
243 4
243 43
243 79
243 89
243 90
243 140
243 238
243 31
243 47
243 82
243 107
243 121
243 126
243 141
243 150
243 179
243 187
243 188
243 203
243 210
243 214
243 223
243 241
243 3
243 17
243 46
243 93
243 96
243 108
243 117
243 122
243 138
243 159
243 205
243 207
243 259
159 4
159 79
159 238
159 25
159 82
159 99
159 146
159 187
159 241
159 251
159 65
159 5
159 41
159 45
159 55
159 57
159 67
159 85
159 108
159 154
159 17
159 26
159 101
159 155
159 170
159 202
159 256
12 156
12 200
12 206
12 259
12 26
12 76
12 149
12 168
12 195
12 216
12 260
27 173
27 134
27 38
27 78
27 98
27 111
27 122
27 169
27 174
27 196
55 238
55 25
55 99
55 146
55 179
55 41
55 22
55 67
55 74
55 91
55 92
55 101
55 108
55 160
55 170
55 202
55 256
60 25
60 224
60 29
60 153
60 253
70 79
70 137
70 99
70 190
70 41
70 143
70 156
70 180
70 228
70 259
70 127
70 24
70 53
70 76
70 139
70 158
70 160
70 177
70 186
70 201
70 216
70 219
70 239
70 255
70 257
98 173
98 144
98 111
98 122
98 135
98 169
98 174
98 196
111 173
111 144
111 156
111 78
111 135
111 169
111 174
111 196
111 234
122 173
122 81
122 138
122 174
122 196
122 224
122 242
135 144
135 78
135 76
135 169
135 196
135 224
135 234
135 242
137 24
137 53
137 76
137 127
137 143
137 156
137 175
137 177
137 180
137 186
137 190
137 199
137 219
137 227
137 239
137 251
137 257
137 259
144 7
144 173
144 78
144 169
144 174
144 196
144 224
144 242
169 173
169 78
169 138
169 234
169 242
173 78
173 174
195 89
195 57
195 67
195 174
195 81
195 113
195 117
219 150
219 190
219 251
219 143
219 156
219 180
219 199
219 200
219 259
219 127
219 139
219 177
219 76
219 216
219 201
219 158
219 186
219 24
219 53
219 255
224 174
224 196
224 234
224 242
234 78
234 196
234 242
255 143
255 155
255 156
255 180
255 199
255 259
255 96
255 139
255 177
255 216
255 117
255 158
255 160
255 186
255 24
255 53
255 239
255 84
255 119
138 61
138 253
190 89
190 90
190 136
190 24
190 26
190 58
190 59
190 76
190 96
190 117
190 127
190 132
190 139
190 143
190 155
190 158
190 160
190 174
190 177
190 180
190 186
190 192
190 199
190 200
190 201
190 216
190 239
190 257
242 182
242 174
242 96
242 158
253 61
24 79
24 141
24 156
24 180
24 206
24 139
24 76
24 132
24 216
24 201
24 158
24 186
24 227
24 53
24 239
76 156
76 199
76 259
76 127
76 175
76 177
76 218
76 132
76 201
118 7
118 22
118 58
118 81
118 125
118 134
118 155
118 171
118 182
118 199
118 200
118 206
118 227
118 240
61 92
61 156
78 238
78 67
78 196
29 222
29 257
175 143
175 38
175 81
175 119
175 177
175 260
7 30
7 56
7 59
7 88
7 99
7 125
7 133
7 134
7 143
7 155
7 171
7 180
7 182
7 199
7 222
7 240
7 259
22 26
22 30
22 58
22 81
22 88
22 125
22 133
22 134
22 158
22 160
22 171
22 200
22 218
22 222
22 228
22 240
30 56
30 58
30 71
30 88
30 125
30 133
30 134
30 171
30 182
30 200
30 222
30 227
38 43
38 223
38 26
38 168
38 177
38 260
58 79
58 99
58 56
58 88
58 155
58 171
58 199
58 200
58 206
58 222
58 227
58 228
58 240
71 79
71 31
71 99
71 179
71 223
71 92
71 56
71 59
71 134
71 200
71 222
71 228
71 81
71 227
81 136
81 59
81 134
81 155
81 182
81 200
81 206
81 222
81 227
88 56
88 133
88 134
88 155
88 171
88 200
88 206
88 227
88 228
88 240
125 136
125 133
125 134
125 143
125 182
125 206
125 228
134 161
134 45
134 56
134 133
134 26
134 132
134 155
134 168
134 171
134 182
134 186
134 200
134 201
134 206
134 227
134 228
134 240
171 133
171 200
171 206
171 228
171 240
182 238
182 150
182 56
182 155
182 186
182 200
182 222
182 228
182 240
200 198
200 154
200 56
200 133
200 201
200 206
200 222
200 227
200 240
206 205
206 56
206 59
206 133
206 155
206 180
206 26
206 177
206 201
206 222
206 228
206 240
222 74
222 59
222 133
227 223
227 56
227 59
227 133
227 155
227 228
227 240
227 160
228 56
228 133
228 155
228 240
31 79
31 3
31 47
31 82
31 93
31 96
31 99
31 107
31 129
31 150
31 156
31 165
31 179
31 187
31 188
31 198
31 203
31 205
31 207
31 210
31 223
31 237
31 251
79 3
79 5
79 17
79 46
79 47
79 82
79 93
79 96
79 99
79 107
79 126
79 141
79 179
79 187
79 188
79 198
79 203
79 205
79 210
79 214
79 223
79 237
79 245
85 4
85 238
85 25
85 82
85 146
85 198
85 223
85 241
85 251
85 46
85 65
85 5
85 16
85 41
85 45
85 57
85 67
85 74
85 91
85 92
85 101
85 256
96 47
96 82
96 99
96 107
96 121
96 129
96 150
96 179
96 187
96 188
96 198
96 203
96 210
96 223
96 237
96 251
96 46
96 93
96 205
96 207
96 45
96 57
96 156
96 240
96 17
107 47
107 82
107 99
107 3
107 64
107 121
107 129
107 141
107 143
107 165
107 179
107 188
107 198
107 203
107 205
107 207
107 210
107 214
107 237
107 245
107 251
121 47
121 82
121 99
121 17
121 46
121 64
121 126
121 129
121 141
121 146
121 150
121 187
121 188
121 198
121 203
121 205
121 207
121 210
121 214
121 223
121 237
121 251
126 47
126 82
126 99
126 17
126 64
126 93
126 129
126 141
126 150
126 179
126 187
126 205
126 207
126 210
126 223
126 237
126 241
126 251
129 47
129 82
129 99
129 46
129 141
129 187
129 188
129 198
129 203
129 210
129 214
129 223
141 47
141 82
141 99
141 3
141 17
141 46
141 93
141 150
141 165
141 188
141 198
141 203
141 205
141 210
141 214
141 223
141 237
141 245
141 251
165 238
165 82
165 99
165 179
165 187
165 198
165 203
165 205
165 214
165 223
165 237
165 241
165 251
188 47
188 82
188 99
188 146
188 150
188 179
188 187
188 3
188 17
188 65
188 93
188 198
188 203
188 205
188 207
188 210
188 214
188 237
188 251
198 99
198 150
198 179
198 187
198 3
198 17
198 46
198 67
198 93
198 205
198 207
198 210
198 214
198 237
198 251
205 47
205 99
205 187
205 203
205 210
205 214
205 237
205 251
205 3
205 46
205 93
205 5
205 207
214 4
214 238
214 47
214 99
214 179
214 187
214 203
214 65
214 170
214 223
223 238
223 47
223 82
223 99
223 179
223 187
223 203
223 210
223 41
223 46
223 57
223 177
223 239
223 251
223 259
251 90
251 238
251 25
251 47
251 82
251 99
251 146
251 150
251 179
251 203
251 237
251 241
251 45
251 65
251 67
251 101
251 207
251 256
259 210
259 180
259 199
259 127
259 139
259 149
259 177
259 186
259 192
259 201
259 218
259 239
259 257
207 99
207 203
207 210
207 237
207 241
207 93
207 67
207 245
99 238
99 25
99 82
99 41
99 46
99 53
99 57
99 65
99 67
99 93
99 150
99 170
99 179
99 201
99 210
99 256
256 4
256 238
256 25
256 146
256 179
256 241
256 65
256 5
256 41
256 45
256 57
256 74
256 92
256 108
256 154
256 170
256 202
4 5
4 25
4 45
4 57
4 65
4 67
4 68
4 91
4 92
4 108
4 146
4 154
4 170
4 238
89 43
89 117
89 127
89 136
89 140
89 161
89 185
90 45
90 117
90 136
90 161
90 178
90 185
90 203
90 238
136 43
136 113
136 117
136 140
136 161
136 178
136 218
136 238
140 117
140 185
161 43
161 117
161 178
161 185
178 43
185 43
185 113
185 117
185 239
5 25
5 47
5 146
5 179
5 203
5 241
5 65
5 16
5 41
5 45
5 57
5 67
5 74
5 91
5 92
5 108
5 154
5 202
25 238
25 41
25 45
25 67
25 68
25 74
25 92
25 101
25 127
25 146
25 170
25 179
25 241
45 238
45 146
45 179
45 203
45 237
45 241
45 65
45 41
45 57
45 67
45 91
45 101
45 170
45 196
45 202
57 179
57 241
57 65
57 16
57 41
57 67
57 68
57 101
57 108
57 170
65 238
65 146
65 179
65 241
65 3
65 16
65 41
65 74
65 91
65 101
65 108
65 154
65 170
67 238
67 146
67 187
67 241
67 93
67 16
67 41
67 68
67 74
67 92
67 154
68 238
68 146
68 16
68 17
68 91
68 154
91 146
91 16
91 41
91 101
91 154
92 238
92 146
92 41
92 108
92 158
92 202
108 43
108 238
108 150
108 203
108 241
108 41
108 127
108 170
108 202
146 43
146 238
146 16
146 41
146 74
146 154
146 179
146 202
146 203
154 238
154 82
154 46
154 16
154 41
154 74
154 101
170 179
170 241
170 41
170 74
170 202
238 16
238 17
238 41
238 74
238 202
238 241
56 150
56 53
56 133
56 155
56 240
59 133
59 155
133 132
133 160
133 240
143 53
143 127
143 139
143 156
143 158
143 177
143 180
143 186
143 201
143 216
143 218
143 239
155 201
155 240
180 156
180 53
180 84
180 127
180 139
180 149
180 168
180 174
180 177
180 186
180 192
180 216
180 260
199 156
199 127
199 132
199 158
199 239
199 257
240 150
41 74
41 101
43 117
43 158
43 218
117 237
117 156
117 64
117 158
201 156
201 127
201 26
201 139
201 149
201 177
201 158
201 160
201 186
201 239
201 257
82 3
82 46
82 84
82 93
82 179
82 203
82 210
82 237
158 127
158 174
158 132
158 216
158 53
158 160
158 186
158 239
218 26
218 149
218 168
218 119
218 132
218 160
218 260
203 47
203 150
203 179
203 187
203 3
203 46
203 101
203 139
203 177
203 210
203 237
203 245
3 187
3 210
3 237
3 46
3 93
3 245
17 179
17 237
17 241
46 47
46 187
46 210
46 93
47 93
47 150
47 179
47 187
93 179
93 210
93 245
179 101
179 187
179 210
179 237
179 241
187 150
187 237
187 245
210 150
210 64
210 149
210 237
237 150
127 53
127 139
127 186
127 239
64 150
156 53
156 177
156 186
156 239
156 257
177 26
177 149
177 119
177 132
177 192
177 260
260 26
260 149
260 216
53 186
53 119
186 216
186 239
186 257
239 192
239 119
239 257
257 150
257 132
257 160
26 119
26 149
26 168
139 149
149 119
149 168
149 192
16 74
74 101
241 101
132 160
160 216
174 196
