15
90
131
256
129
25
93
114
195
354
16
307
346
308
297
65
260
130
134
261
101
235
34
281
196
85
194
215
88
230
94
253
351
186
220
3
44
257
370
111
55
304
144
251
45
107
105
244
233
267
286
156
280
81
12
152
216
43
0
132
103
310
239
359
133
248
21
219
187
154
279
58
110
82
263
231
217
56
246
312
135
91
97
46
282
372
84
203
109
100
313
322
61
249
106
158
170
259
199
245
95
193
198
373
356
87
236
86
309
371
311
60
352
175
353
226
197
296
75
323
30
32
38
29
13
360
89
141
123
17
232
33
153
252
36
113
201
14
23
237
364
163
303
22
357
164
112
238
325
183
250
50
99
184
287
35
102
37
336
92
174
155
358
234
262
104
176
39
165
83
200
20
98
142
283
143
185
4
31
355
57
218
227
173
59
171
124
294
295
