357
437
259
872
662
379
825
169
243
623
800
642
980
121
102
148
530
202
430
697
480
652
595
826
591
615
913
188
360
585
737
599
380
390
699
499
215
596
152
750
209
210
119
846
251
265
93
506
739
96
21
551
445
748
47
182
705
82
332
17
146
518
71
728
593
400
850
751
581
528
408
374
492
461
619
510
244
81
695
659
958
869
315
288
275
663
507
271
550
398
795
854
916
815
316
874
754
395
745
20
172
114
863
175
5
219
155
88
28
523
758
612
783
658
784
482
141
804
594
611
767
309
892
154
609
137
606
974
233
236
647
644
823
682
373
545
319
588
24
716
347
500
808
249
814
111
226
232
787
601
520
336
602
575
469
508
245
546
105
514
759
746
491
153
51
110
516
436
4
470
547
565
404
670
541
911
231
548
6
342
75
403
63
693
688
468
104
907
448
180
247
628
134
391
325
371
563
372
234
483
512
350
552
531
320
285
972
489
263
828
747
950
906
987
735
443
434
645
848
411
194
108
624
549
318
902
556
798
428
681
364
97
855
317
216
674
25
881
878
94
67
592
509
333
179
143
577
513
582
192
337
501
866
493
481
533
896
576
555
181
264
284
444
248
496
80
26
460
774
393
629
227
776
422
262
683
171
494
462
98
712
458
326
562
517
813
407
334
204
289
495
305
341
45
554
387
240
600
417
766
381
328
274
485
356
680
414
752
420
667
668
561
821
526
382
838
338
997
405
394
421
211
791
590
927
660
586
133
671
27
653
631
193
304
43
956
122
125
160
772
464
50
368
267
173
365
283
207
643
174
159
406
366
478
255
625
719
431
502
296
113
703
704
476
139
820
504
736
370
700
965
252
734
92
986
884
128
806
553
132
837
340
498
654
413
579
191
465
803
343
292
389
34
765
205
832
505
213
733
567
189
453
666
786
156
89
868
95
833
170
339
675
621
331
749
7
83
694
455
618
345
1002
779
583
731
415
335
948
616
329
272
627
603
363
19
646
277
117
48
301
610
127
99
367
412
330
246
635
383
52
116
584
853
147
782
140
280
303
1000
614
185
273
401
115
557
165
954
77
622
144
768
353
471
587
218
753
790
632
256
710
235
463
369
607
802
519
397
250
877
503
312
201
740
321
876
136
490
425
287
867
459
281
