0 44
0 95
0 201
0 203
0 205
0 222
0 278
0 358
44 95
44 201
44 281
44 305
44 309
95 8
95 19
95 20
95 26
95 34
95 37
95 54
95 55
95 56
95 82
95 86
95 87
95 97
95 133
95 137
95 147
95 149
95 152
95 156
95 157
95 171
95 172
95 181
95 192
95 201
95 203
95 209
95 216
95 219
95 220
95 222
95 239
95 246
95 256
95 265
95 273
95 278
95 286
95 298
95 300
95 317
95 318
95 319
95 349
95 355
95 356
95 361
201 85
201 87
201 193
203 26
203 85
203 87
203 222
205 87
205 167
205 278
222 281
222 305
278 8
278 19
278 26
278 37
278 82
278 86
278 97
278 124
278 127
278 133
278 137
278 152
278 156
278 171
278 181
278 216
278 219
278 220
278 239
278 265
278 273
278 286
278 298
278 300
278 355
358 349
358 85
358 87
358 224
281 87
281 273
281 209
281 214
281 8
281 191
281 17
281 20
281 22
281 25
281 54
281 55
281 75
281 89
281 127
281 140
281 157
281 237
281 239
281 241
281 244
281 256
281 261
281 305
281 309
281 327
281 348
281 355
281 361
305 87
305 209
305 214
305 8
305 191
305 10
305 17
305 22
305 25
305 54
305 55
305 89
305 140
305 157
305 237
305 239
305 256
305 355
305 361
309 209
8 86
8 191
19 167
19 200
19 319
19 273
19 317
19 356
19 209
19 298
19 223
19 224
19 82
19 340
19 252
26 87
26 209
26 223
26 224
26 37
26 85
26 110
34 200
34 319
34 104
34 152
37 209
37 83
54 273
54 317
54 356
54 25
54 56
55 349
55 200
55 319
55 209
55 66
55 10
55 137
55 174
55 181
55 300
55 334
56 273
56 356
82 200
82 319
82 209
82 10
86 200
86 319
86 116
87 14
87 31
87 39
87 43
87 49
87 60
87 66
87 72
87 85
87 100
87 125
87 142
87 146
87 150
87 157
87 172
87 174
87 192
87 193
87 211
87 223
87 224
87 226
87 254
87 282
87 292
87 293
87 297
87 299
87 314
87 317
87 325
87 334
87 356
87 357
97 15
97 192
97 265
97 275
133 200
133 319
133 175
137 349
137 273
137 317
137 356
137 209
137 156
137 178
137 340
137 265
137 127
137 160
137 181
137 208
137 316
137 324
147 319
147 209
147 149
149 89
152 200
152 319
152 317
152 356
152 252
152 143
152 172
156 273
156 317
156 356
156 209
156 223
156 10
156 30
156 49
156 68
156 91
156 106
156 157
156 164
156 170
156 183
156 227
156 235
156 265
156 276
157 192
157 17
157 146
157 246
157 361
171 75
171 216
172 200
181 349
181 273
181 317
181 356
181 209
181 265
181 128
181 162
181 170
192 167
192 317
192 209
192 48
192 277
192 15
192 59
192 72
192 74
192 146
192 173
192 186
192 310
192 312
209 167
209 319
209 273
209 317
209 356
209 7
209 10
209 13
209 16
209 17
209 22
209 24
209 28
209 30
209 33
209 35
209 39
209 40
209 43
209 46
209 49
209 53
209 57
209 64
209 66
209 72
209 75
209 76
209 77
209 83
209 84
209 88
209 89
209 90
209 91
209 93
209 96
209 101
209 102
209 104
209 105
209 106
209 110
209 113
209 116
209 123
209 124
209 126
209 136
209 138
209 140
209 142
209 145
209 148
209 150
209 153
209 154
209 158
209 161
209 165
209 170
209 174
209 175
209 176
209 177
209 180
209 182
209 183
209 187
209 188
209 189
209 191
209 197
209 199
209 202
209 210
209 215
209 218
209 219
209 221
209 223
209 224
209 225
209 228
209 235
209 240
209 247
209 248
209 249
209 250
209 252
209 255
209 260
209 261
209 265
209 266
209 268
209 272
209 275
209 276
209 277
209 280
209 282
209 285
209 289
209 295
209 296
209 298
209 299
209 300
209 301
209 303
209 304
209 310
209 311
209 312
209 321
209 322
209 323
209 325
209 327
209 330
209 331
209 334
209 336
209 340
209 345
209 346
209 347
209 354
209 359
216 200
216 61
219 206
220 200
220 319
220 180
239 286
246 361
256 140
265 200
265 319
265 273
265 282
265 174
265 334
265 15
265 127
265 187
265 240
265 274
265 275
273 3
273 236
273 5
273 15
273 18
273 32
273 38
273 40
273 41
273 45
273 47
273 49
273 51
273 68
273 70
273 84
273 91
273 99
273 101
273 106
273 108
273 112
273 117
273 121
273 127
273 131
273 139
273 141
273 148
273 151
273 166
273 169
273 177
273 183
273 184
273 195
273 197
273 207
273 217
273 226
273 227
273 228
273 229
273 230
273 231
273 240
273 242
273 243
273 252
273 260
273 267
273 276
273 277
273 280
273 292
273 295
273 299
273 302
273 304
273 306
273 311
273 315
273 317
273 320
273 321
273 323
273 328
273 329
273 331
273 335
273 337
273 339
273 344
273 347
273 348
273 356
273 357
273 360
286 319
298 7
300 167
300 319
300 325
300 66
300 48
300 234
317 349
317 200
317 319
317 279
317 15
317 18
317 35
317 42
317 49
317 53
317 59
317 63
317 76
317 99
317 101
317 108
317 121
317 127
317 128
317 129
317 131
317 141
317 144
317 148
317 151
317 166
317 169
317 170
317 174
317 176
317 179
317 182
317 183
317 185
317 188
317 199
317 207
317 211
317 217
317 218
317 223
317 225
317 226
317 228
317 230
317 235
317 242
317 248
317 252
317 257
317 267
317 269
317 277
317 282
317 292
317 299
317 301
317 303
317 304
317 312
317 321
317 334
317 340
317 346
317 354
317 356
318 200
318 319
318 24
318 355
319 71
319 2
319 200
319 206
319 3
319 6
319 24
319 36
319 49
319 60
319 61
319 66
319 70
319 74
319 76
319 96
319 104
319 106
319 110
319 113
319 114
319 115
319 116
319 122
319 124
319 135
319 144
319 155
319 180
319 204
319 221
319 223
319 224
319 225
319 236
319 244
319 249
319 253
319 254
319 261
319 263
319 274
319 282
319 289
319 293
319 297
319 322
349 190
355 327
356 3
356 236
356 5
356 18
356 30
356 32
356 38
356 40
356 41
356 45
356 47
356 59
356 70
356 99
356 101
356 108
356 112
356 117
356 121
356 131
356 141
356 148
356 164
356 166
356 169
356 183
356 184
356 185
356 207
356 217
356 223
356 226
356 228
356 229
356 231
356 240
356 242
356 243
356 252
356 257
356 260
356 261
356 277
356 282
356 292
356 295
356 302
356 306
356 311
356 315
356 321
356 323
356 328
356 331
356 335
356 337
356 339
356 340
356 347
356 357
361 241
85 167
85 193
85 224
193 167
193 48
167 92
167 15
167 48
167 49
167 129
167 138
167 223
167 234
167 252
167 254
167 260
167 277
167 282
167 313
167 353
124 200
124 113
124 189
127 114
127 325
127 223
127 340
127 53
127 91
127 27
127 49
127 68
127 84
127 106
127 107
127 112
127 117
127 121
127 169
127 179
127 197
127 221
127 258
127 261
127 262
127 267
127 276
127 304
127 311
127 321
127 330
127 331
127 339
127 346
127 347
127 348
127 353
190 143
224 200
224 322
224 66
224 9
224 48
224 105
224 223
224 11
224 43
224 49
224 76
224 100
224 122
224 155
224 174
224 211
224 234
224 253
224 282
224 312
224 334
224 340
1 71
71 174
71 200
174 236
174 325
174 176
174 287
174 14
174 161
174 21
174 65
174 76
174 77
174 90
174 115
174 122
174 141
174 142
174 144
174 146
174 158
174 159
174 165
174 170
174 189
174 194
174 244
174 250
174 251
174 253
174 254
174 255
174 261
174 274
174 276
174 280
174 289
174 290
174 314
174 328
174 334
174 344
200 2
200 3
200 6
200 24
200 27
200 60
200 66
200 70
200 74
200 76
200 96
200 104
200 106
200 110
200 113
200 114
200 116
200 122
200 135
200 144
200 155
200 170
200 180
200 206
200 221
200 223
200 225
200 236
200 244
200 249
200 253
200 254
200 261
200 263
200 274
200 280
200 289
200 293
200 297
200 322
14 325
14 161
31 2
31 60
31 223
31 338
39 262
43 48
43 223
43 150
49 282
49 340
49 91
49 99
49 106
49 129
49 169
49 177
49 197
49 276
49 299
49 321
66 334
72 114
72 186
100 122
125 282
125 123
142 334
142 296
142 314
146 334
146 241
150 65
211 299
211 76
211 247
211 267
223 322
223 48
223 105
223 59
223 76
223 99
223 106
223 120
223 121
223 122
223 129
223 131
223 141
223 162
223 169
223 177
223 197
223 207
223 217
223 230
223 234
223 253
223 257
223 276
223 297
223 312
223 330
223 334
223 340
223 353
226 177
226 108
254 334
254 110
282 10
282 15
282 30
282 32
282 67
282 98
282 101
282 121
282 123
282 129
282 148
282 169
282 170
282 173
282 176
282 183
282 188
282 197
282 202
282 275
282 276
282 280
282 299
282 332
282 334
282 340
282 342
282 353
282 359
292 117
293 129
293 297
297 325
297 333
297 120
299 340
299 267
314 334
314 245
325 57
325 46
325 58
325 73
325 77
325 126
325 186
325 215
325 255
325 277
325 291
325 330
325 333
325 334
334 236
334 287
334 161
334 18
334 21
334 59
334 76
334 77
334 90
334 110
334 115
334 122
334 141
334 144
334 159
334 165
334 170
334 189
334 215
334 241
334 250
334 251
334 253
334 255
334 257
334 274
334 290
334 296
334 328
334 344
334 352
357 69
357 148
357 168
357 308
357 347
92 15
92 332
15 230
15 275
15 332
332 310
48 9
48 74
48 277
129 269
129 353
138 228
138 163
138 313
252 143
252 242
260 4
260 225
260 269
260 303
277 57
277 111
277 185
277 274
277 321
313 163
313 232
353 91
353 262
3 114
3 119
3 236
3 279
6 214
6 322
24 75
27 91
27 36
27 69
70 114
70 236
70 221
76 135
76 257
106 102
106 136
106 170
106 276
113 25
114 30
114 45
114 119
114 169
114 186
114 221
114 225
114 244
114 245
114 279
114 294
114 360
116 17
135 115
144 280
155 11
155 259
170 340
170 272
170 276
180 191
221 169
221 80
221 134
221 284
221 347
221 360
225 30
225 245
225 263
225 294
225 303
236 4
236 253
244 45
253 312
261 268
261 121
261 81
261 243
261 145
261 258
261 345
274 111
274 204
280 295
289 105
36 218
61 140
115 212
119 279
30 187
30 245
30 294
30 328
169 121
169 347
186 330
245 294
245 315
294 315
360 270
5 47
5 57
5 350
18 340
32 311
32 320
40 53
40 183
40 199
40 235
40 301
40 315
40 359
41 337
51 302
68 179
84 153
84 339
91 23
91 53
91 79
91 69
91 235
91 276
91 315
91 321
99 59
99 177
101 12
101 213
101 311
112 121
117 29
117 62
117 107
117 351
121 81
121 288
131 217
141 59
141 311
141 173
141 179
148 63
151 269
166 12
166 195
166 283
166 287
183 28
183 63
183 235
183 310
183 359
184 339
184 336
184 93
184 154
197 340
207 23
207 59
207 185
207 217
207 272
227 210
227 340
228 57
229 348
231 329
240 187
242 57
242 118
243 268
243 81
243 323
267 340
304 161
304 165
304 255
304 346
306 10
306 23
306 340
311 173
311 238
311 283
311 331
320 88
320 323
320 336
321 185
323 288
323 307
328 248
328 296
329 283
331 238
344 90
347 80
347 88
347 134
347 154
347 168
347 238
347 284
347 336
35 268
42 12
42 53
53 52
53 199
59 23
59 109
59 173
59 185
59 271
59 310
63 176
63 235
63 301
63 359
176 12
176 65
176 202
179 233
182 303
248 354
340 178
346 310
10 23
10 132
10 178
10 210
10 266
13 57
16 21
16 33
28 161
28 77
28 165
28 255
28 310
46 73
57 126
57 291
57 350
64 290
64 324
88 238
88 336
93 275
93 336
93 154
93 196
102 136
123 250
145 345
153 264
153 285
154 275
154 238
154 336
154 196
158 162
158 194
158 343
161 255
165 215
210 247
250 287
266 132
266 58
268 81
272 23
275 336
285 264
336 238
336 196
58 333
162 343
11 259
23 79
67 342
98 109
98 173
173 109
173 283
12 287
21 159
194 251
290 352
107 351
288 50
288 78
288 94
288 103
288 130
288 307
288 316
288 326
288 341
50 78
50 94
78 94
103 130
103 316
130 326
307 168
316 160
326 341
160 324
208 324
208 168
168 308
134 284
212 198
163 232
