355
550
959
216
172
84
426
441
170
862
224
557
742
917
413
591
168
371
992
8
336
442
254
270
433
432
412
352
286
789
111
975
327
656
508
15
872
427
198
178
13
211
392
154
163
369
322
965
14
883
349
489
323
189
5
343
187
867
397
319
859
721
240
252
633
407
812
878
691
997
83
121
803
987
680
416
559
654
890
272
637
233
602
866
234
865
832
834
219
180
711
818
628
874
950
735
330
655
409
574
860
506
511
690
19
513
848
181
974
218
443
285
638
791
266
346
496
853
242
128
782
373
570
229
576
799
391
58
826
569
901
725
482
773
553
575
612
868
717
876
320
565
222
190
167
92
624
686
197
715
311
584
102
753
279
572
582
174
43
417
139
889
877
891
476
228
880
462
77
118
988
806
835
367
920
509
207
653
745
573
406
994
226
389
783
516
410
271
719
325
504
948
980
705
212
438
649
372
722
667
554
81
664
60
522
265
22
386
764
244
685
611
67
188
580
600
694
701
969
528
396
470
843
940
41
525
182
66
505
692
548
788
758
1002
933
729
541
539
838
380
797
626
468
935
702
498
157
765
356
614
666
700
519
132
241
156
567
291
777
544
780
287
632
639
158
583
829
326
879
888
293
257
248
882
210
985
968
255
486
670
698
214
858
714
393
709
608
347
95
447
952
96
962
972
318
964
741
937
636
370
681
294
961
68
308
459
232
634
374
875
341
310
34
556
869
604
907
847
911
204
474
35
345
38
593
192
578
899
663
652
87
613
124
458
520
646
710
704
781
954
395
738
798
488
1
473
342
563
302
749
767
301
237
734
837
262
936
208
955
629
678
998
500
179
116
251
589
856
107
387
335
662
669
957
365
785
112
844
337
446
512
419
32
313
684
651
823
893
873
507
794
86
815
448
59
770
39
76
581
811
855
49
421
949
623
687
348
842
792
617
400
716
264
463
150
46
603
452
277
26
455
195
449
235
45
379
682
796
545
152
61
358
543
281
439
986
759
120
577
418
101
33
80
280
746
141
133
993
366
914
268
51
359
755
926
288
199
106
514
683
398
485
640
809
538
79
113
484
411
300
171
762
673
831
533
136
886
361
72
465
979
864
896
115
621
586
819
495
164
7
108
428
162
726
215
97
494
48
524
75
752
298
65
155
923
976
457
292
143
854
464
610
420
547
351
238
31
727
324
340
456
942
592
833
353
402
744
28
808
2
403
71
475
821
743
56
995
718
424
30
932
790
91
588
943
696
648
971
776
966
849
401
274
751
202
363
227
597
828
239
784
431
453
258
52
720
778
263
934
925
825
824
927
647
983
10
881
436
606
756
247
635
928
89
225
354
779
388
739
897
707
810
898
329
841
138
404
306
982
159
910
144
689
805
870
44
795
440
537
332
615
173
552
368
481
1000
405
249
555
231
477
801
571
978
909
566
364
851
908
296
57
918
376
260
69
747
261
905
887
267
903
846
658
295
708
246
191
990
3
18
852
631
916
996
912
307
625
549
479
243
165
425
713
145
814
123
90
480
137
619
360
561
929
339
315
679
503
377
200
429
126
931
399
558
768
921
434
728
977
378
40
601
594
55
269
201
871
627
688
587
641
304
73
350
763
1003
312
535
668
297
816
922
820
960
161
497
551
532
140
590
813
660
657
531
105
394
309
203
24
47
103
510
175
674
362
328
956
984
221
915
830
622
119
104
840
609
546
650
149
605
518
861
526
643
945
6
676
469
672
478
989
454
946
939
148
732
839
748
253
900
924
731
445
11
958
382
895
316
321
620
303
902
435
415
29
529
930
857
499
317
193
375
16
146
963
94
85
53
786
74
706
220
100
185
754
774
62
129
761
492
276
82
642
737
357
196
430
527
99
661
460
517
183
98
534
618
568
289
951
383
757
607
595
186
205
21
645
12
802
562
236
973
999
970
490
299
125
414
699
64
27
344
845
616
314
390
110
894
437
93
194
536
444
807
230
793
78
1001
256
502
892
540
675
695
54
740
938
333
160
471
338
913
750
17
884
63
217
283
176
130
836
284
501
585
981
941
177
515
947
0
599
863
117
736
334
131
659
153
451
273
259
25
213
766
730
461
245
209
944
493
408
206
967
467
906
88
703
381
122
596
904
598
114
487
817
109
50
423
184
630
4
530
166
305
37
70
822
491
9
282
450
142
775
135
671
42
275
36
885
483
760
827
724
579
771
991
422
644
723
385
564
665
290
521
331
733
223
769
542
147
800
712
953
466
250
850
772
472
23
677
560
697
151
20
169
523
278
134
919
384
693
787
804
127
