0
47
193
60
268
17
303
189
165
141
83
166
230
321
223
208
96
164
124
206
280
171
311
180
113
88
135
246
262
224
269
273
243
210
37
282
218
194
38
317
203
91
325
186
144
234
34
307
272
183
86
182
318
128
221
201
102
176
150
191
242
89
39
169
184
3
126
58
137
190
277
162
178
159
118
198
232
281
140
195
132
7
255
108
300
185
84
289
214
112
308
53
297
271
114
155
241
62
279
324
236
106
284
56
257
168
122
116
315
238
211
95
196
10
20
250
156
149
23
310
285
74
109
233
265
264
110
254
2
323
6
283
66
212
244
127
87
231
270
267
202
319
222
205
16
229
161
82
237
304
322
309
261
247
188
85
151
253
172
100
226
32
77
