0 5
0 40
0 92
0 116
0 123
0 144
0 157
0 223
5 40
5 53
5 90
5 147
5 149
5 157
5 158
5 202
5 223
5 245
40 7
40 11
40 21
40 34
40 97
40 117
40 121
40 145
40 152
40 157
40 159
40 160
40 161
40 173
40 192
40 221
40 243
40 244
40 245
40 267
40 268
40 269
92 90
92 175
92 225
116 19
116 25
116 32
116 36
116 46
116 55
116 56
116 59
116 77
116 90
116 95
116 96
116 103
116 104
116 123
116 132
116 141
116 144
116 173
116 175
116 182
116 184
116 189
116 193
116 204
116 214
116 216
116 232
116 240
116 250
116 256
116 267
123 19
123 25
123 32
123 34
123 36
123 46
123 55
123 56
123 59
123 77
123 90
123 95
123 96
123 109
123 110
123 132
123 141
123 144
123 154
123 173
123 175
123 182
123 184
123 189
123 204
123 216
123 219
123 232
123 240
123 245
123 250
123 256
144 90
144 256
157 6
157 8
157 15
157 25
157 28
157 31
157 36
157 45
157 51
157 55
157 61
157 63
157 64
157 65
157 71
157 79
157 83
157 90
157 98
157 99
157 102
157 109
157 117
157 125
157 134
157 139
157 143
157 148
157 159
157 162
157 168
157 172
157 173
157 176
157 178
157 179
157 186
157 192
157 207
157 216
157 219
157 221
157 223
157 224
157 226
157 227
157 234
157 236
157 239
157 241
157 244
157 245
157 247
157 254
157 255
157 257
157 268
223 6
223 7
223 8
223 11
223 12
223 15
223 20
223 25
223 28
223 31
223 34
223 36
223 45
223 51
223 52
223 61
223 63
223 64
223 71
223 79
223 83
223 89
223 90
223 98
223 99
223 102
223 109
223 117
223 121
223 124
223 125
223 126
223 134
223 143
223 152
223 159
223 160
223 161
223 162
223 165
223 168
223 172
223 173
223 175
223 176
223 178
223 179
223 182
223 186
223 192
223 196
223 199
223 207
223 210
223 216
223 219
223 221
223 224
223 226
223 229
223 234
223 236
223 239
223 241
223 243
223 244
223 245
223 254
223 255
223 257
223 268
223 269
53 90
53 245
90 1
90 10
90 14
90 17
90 19
90 26
90 28
90 29
90 36
90 39
90 42
90 43
90 44
90 45
90 47
90 54
90 55
90 59
90 61
90 64
90 69
90 70
90 73
90 74
90 75
90 81
90 82
90 93
90 96
90 97
90 99
90 101
90 102
90 104
90 110
90 115
90 117
90 118
90 120
90 121
90 129
90 130
90 131
90 133
90 134
90 136
90 141
90 142
90 145
90 149
90 150
90 151
90 155
90 159
90 161
90 165
90 166
90 167
90 169
90 172
90 173
90 174
90 175
90 176
90 177
90 180
90 181
90 184
90 186
90 189
90 190
90 192
90 196
90 197
90 200
90 205
90 206
90 207
90 209
90 210
90 213
90 214
90 216
90 217
90 218
90 221
90 222
90 224
90 225
90 226
90 229
90 232
90 233
90 234
90 240
90 243
90 244
90 247
90 248
90 250
90 251
90 253
90 254
90 256
90 259
90 265
90 267
90 268
147 175
147 243
147 17
147 43
147 65
147 79
147 149
147 167
147 202
149 175
149 94
149 158
149 167
149 202
149 206
149 246
149 254
158 95
158 202
158 255
202 255
245 175
245 2
245 102
245 216
245 17
245 21
245 26
245 36
245 44
245 45
245 55
245 61
245 79
245 100
245 103
245 104
245 159
245 167
245 168
245 173
245 176
245 177
245 206
245 221
245 226
245 230
245 233
245 247
245 259
245 268
7 243
7 51
7 152
11 2
11 64
11 69
11 138
11 145
11 173
11 194
11 216
11 243
11 255
11 260
11 268
21 260
21 214
21 52
21 155
21 165
21 221
21 251
34 175
34 243
34 3
34 26
34 28
34 117
34 161
34 167
34 192
34 206
34 230
34 244
97 216
97 243
97 268
97 167
97 173
97 150
97 190
117 175
117 243
117 17
117 8
117 18
117 30
117 33
117 36
117 62
117 85
117 91
117 93
117 105
117 148
117 163
117 167
117 186
117 189
117 192
117 198
117 203
117 206
117 212
117 214
117 217
117 222
117 244
117 248
117 261
117 263
117 265
117 269
121 216
121 243
121 268
121 221
145 9
145 175
145 224
145 243
145 112
145 159
152 74
152 201
159 9
159 224
159 112
159 114
160 175
160 243
160 52
160 221
160 253
160 247
161 175
161 243
161 3
161 17
161 8
161 47
161 62
161 93
161 129
161 146
161 155
161 189
161 197
161 212
161 217
161 222
161 244
161 261
161 263
173 216
173 243
173 268
173 244
173 69
173 14
173 267
192 175
192 216
192 244
192 10
192 18
192 221
192 267
221 175
221 216
221 243
221 268
221 244
221 104
221 52
221 186
221 200
221 247
243 175
243 2
243 216
243 12
243 15
243 19
243 43
243 52
243 64
243 69
243 138
243 153
243 165
243 168
243 191
243 196
243 207
243 208
243 210
243 229
243 242
243 244
243 260
243 268
243 269
244 175
244 4
244 39
244 58
244 68
244 70
244 86
244 214
244 235
244 267
267 167
267 206
268 175
268 2
268 216
268 64
268 79
268 104
268 167
268 206
268 236
268 247
269 17
269 36
269 91
269 165
269 251
175 1
175 9
175 6
175 8
175 12
175 14
175 17
175 20
175 23
175 36
175 45
175 51
175 55
175 61
175 64
175 69
175 74
175 79
175 99
175 101
175 102
175 112
175 127
175 134
175 137
175 139
175 164
175 167
175 172
175 178
175 179
175 186
175 196
175 200
175 205
175 206
175 214
175 216
175 225
175 229
175 230
175 236
175 241
175 246
175 247
175 253
175 254
19 36
19 134
19 46
19 56
19 60
19 89
19 111
19 131
19 174
19 240
19 250
25 167
25 206
25 65
25 132
32 154
36 102
36 216
36 17
36 8
36 30
36 12
36 27
36 33
36 38
36 63
36 72
36 95
36 104
36 108
36 156
36 165
36 206
36 232
36 233
36 238
36 241
36 247
36 251
36 253
36 258
36 270
46 114
46 196
46 240
55 216
55 17
55 6
55 84
55 106
55 179
55 257
55 260
56 240
59 167
59 134
59 35
77 193
95 256
96 167
96 206
96 133
103 9
103 61
103 23
103 45
104 206
104 13
104 22
104 16
104 47
104 72
104 110
104 132
104 133
104 163
104 186
104 232
104 249
104 253
104 258
104 264
104 270
132 216
132 167
141 127
141 109
182 167
182 206
182 165
182 251
182 50
182 191
182 205
182 208
182 236
184 10
184 154
189 93
189 219
193 151
204 167
204 206
204 88
214 167
214 206
214 110
214 165
214 251
216 2
216 102
216 164
216 6
216 16
216 20
216 47
216 64
216 110
216 133
216 167
216 179
216 186
216 206
216 236
216 247
216 253
216 258
216 264
232 167
232 197
232 82
240 114
240 196
250 114
250 171
109 139
110 167
110 206
110 258
219 239
6 257
6 260
8 30
8 99
8 167
8 178
8 198
8 206
15 126
15 210
28 98
31 234
45 23
45 29
45 168
61 63
61 226
63 113
63 183
63 185
63 207
64 257
64 134
65 167
65 206
65 220
65 43
65 207
71 57
79 43
79 207
79 236
79 242
83 199
83 124
99 102
99 178
99 186
102 2
102 16
102 17
102 47
102 100
102 134
102 156
102 164
102 186
102 220
102 230
102 233
102 254
102 264
102 270
134 17
134 257
134 16
134 20
134 111
134 131
134 172
134 174
134 197
139 254
139 137
143 234
143 42
143 185
143 236
162 57
168 176
172 174
172 20
172 136
176 234
178 237
186 167
186 206
186 155
186 129
207 41
207 43
207 76
207 42
207 49
207 113
207 130
207 183
207 242
224 1
224 69
224 255
227 124
234 42
236 135
236 191
236 185
236 153
236 208
239 241
241 12
247 253
247 200
254 246
254 137
12 122
12 231
89 60
89 174
126 42
126 81
126 130
165 37
165 54
165 75
165 80
165 85
165 105
165 169
165 181
165 187
165 212
165 218
165 263
196 114
196 171
196 229
199 23
229 106
229 84
17 3
17 44
17 100
17 106
17 230
39 4
39 58
39 67
39 68
39 86
39 151
39 235
42 100
42 49
42 81
42 87
42 130
43 167
43 206
43 76
43 242
44 230
44 106
44 233
47 16
47 33
47 222
47 270
54 251
69 23
69 112
73 118
73 215
75 251
75 115
75 212
81 100
81 87
81 130
93 167
93 115
101 205
115 167
115 206
118 215
120 167
120 194
120 200
130 100
130 87
131 174
133 264
136 174
142 222
142 78
155 167
155 197
166 206
166 38
166 217
167 30
167 38
167 62
167 78
167 94
167 170
167 180
167 194
167 197
167 198
167 203
167 206
167 209
167 238
167 265
169 251
169 37
174 197
174 60
174 111
177 259
180 198
180 206
180 80
181 251
181 263
181 209
197 206
197 16
205 50
205 191
206 30
206 198
206 38
206 62
206 78
206 170
206 194
206 203
206 220
206 265
213 253
218 251
218 187
218 248
248 265
251 37
251 80
251 85
251 105
251 187
251 263
259 100
259 230
265 30
127 246
164 2
230 3
230 100
138 260
16 264
100 3
156 108
156 264
156 270
270 33
270 108
270 146
153 191
191 50
106 84
106 114
18 163
18 237
18 261
33 187
62 170
62 263
85 91
105 108
105 80
163 261
203 212
261 108
261 146
4 58
58 235
67 135
67 228
67 235
67 266
68 86
86 113
86 183
27 66
27 188
27 211
38 72
72 238
238 78
114 171
122 231
13 249
249 22
24 66
24 188
66 188
188 211
113 183
113 185
183 185
135 48
135 128
135 107
135 119
135 228
135 252
135 266
228 252
228 266
266 119
266 252
41 76
48 128
48 140
128 107
128 140
128 195
140 107
107 195
119 252
88 262
