365
433
958
84
125
741
918
357
54
523
510
422
310
700
102
322
788
28
386
723
158
239
593
2
300
296
145
496
340
681
368
423
470
582
97
477
927
27
426
11
819
687
205
981
417
287
640
33
213
437
630
1
30
248
175
272
143
432
575
18
121
962
777
760
66
648
284
494
86
204
737
144
483
657
886
665
758
337
739
67
240
81
536
400
832
235
991
553
652
628
625
529
469
24
133
89
373
123
779
543
225
533
395
965
294
211
182
364
228
686
868
775
200
801
385
730
419
527
195
315
785
846
815
928
83
447
396
47
110
73
763
450
770
862
278
812
704
466
641
629
1002
561
853
643
499
755
231
4
407
336
63
31
537
488
459
91
910
1001
323
75
328
854
439
372
542
802
338
208
170
810
263
560
635
88
214
288
90
984
241
980
53
485
318
390
257
540
476
556
369
482
964
324
189
863
512
698
507
10
20
129
914
497
85
420
836
830
43
749
68
233
515
106
464
654
116
574
909
765
500
333
76
659
747
201
716
436
169
671
124
568
888
397
860
161
489
742
401
634
406
449
380
361
835
14
104
844
295
134
902
949
441
155
163
573
978
545
971
374
596
606
639
244
528
140
192
856
505
673
976
866
65
699
229
764
112
793
682
916
691
955
811
509
895
438
513
57
177
203
623
344
514
153
711
160
570
585
795
562
503
602
869
684
180
398
356
559
885
309
111
757
524
995
429
29
377
264
262
517
708
197
216
59
956
354
444
456
443
923
796
46
660
13
637
199
414
859
622
298
894
873
580
541
238
800
366
851
638
5
548
576
724
821
586
178
996
99
718
478
498
408
94
21
0
181
569
614
746
308
745
382
389
9
685
598
409
277
359
722
778
176
605
675
589
597
16
434
508
190
842
327
17
19
535
303
611
491
616
525
399
688
595
534
348
913
61
117
680
381
649
787
887
15
897
932
624
944
845
531
72
259
25
550
473
663
828
754
501
50
807
418
379
283
831
610
767
581
852
840
719
36
305
137
479
750
7
188
908
370
975
458
808
378
316
776
937
93
769
621
475
45
600
618
725
405
411
403
838
465
157
683
794
715
756
917
782
331
293
974
42
304
558
814
566
74
114
301
100
220
35
48
679
212
826
861
670
492
115
472
335
727
183
847
