0 21
0 32
0 33
0 56
0 58
0 77
0 96
0 185
0 189
0 211
0 216
0 220
0 221
21 8
21 14
21 17
21 32
21 38
21 39
21 41
21 46
21 53
21 56
21 57
21 62
21 71
21 82
21 92
21 93
21 102
21 110
21 114
21 115
21 116
21 127
21 130
21 131
21 159
21 161
21 168
21 170
21 181
21 184
21 185
21 188
21 189
21 190
21 193
21 196
21 198
21 202
21 211
21 216
21 220
21 225
32 189
32 211
33 27
33 31
33 42
33 43
33 45
33 46
33 56
33 63
33 72
33 82
33 85
33 88
33 92
33 96
33 101
33 110
33 114
33 115
33 119
33 121
33 122
33 123
33 125
33 126
33 138
33 153
33 159
33 166
33 177
33 178
33 183
33 185
33 193
33 195
33 196
33 200
33 216
33 220
33 224
56 9
56 19
56 31
56 39
56 40
56 43
56 45
56 46
56 57
56 59
56 63
56 72
56 82
56 87
56 88
56 92
56 93
56 94
56 96
56 111
56 112
56 113
56 121
56 123
56 126
56 154
56 156
56 159
56 177
56 180
56 182
56 185
56 193
56 196
56 206
56 214
56 216
56 220
56 225
58 12
58 25
58 35
58 77
58 78
58 95
58 106
58 109
58 140
58 151
58 221
77 22
77 52
77 146
77 221
96 6
96 8
96 10
96 20
96 37
96 38
96 42
96 43
96 47
96 49
96 55
96 57
96 63
96 70
96 74
96 76
96 82
96 84
96 88
96 92
96 93
96 94
96 97
96 98
96 99
96 105
96 112
96 113
96 114
96 115
96 118
96 123
96 126
96 128
96 130
96 138
96 139
96 146
96 149
96 153
96 154
96 160
96 163
96 165
96 173
96 183
96 185
96 186
96 187
96 189
96 193
96 196
96 201
96 204
96 206
96 208
96 209
96 211
96 214
96 216
96 220
96 221
96 224
185 8
185 41
185 116
185 161
185 193
185 216
185 220
189 4
189 31
189 72
189 82
189 101
189 121
189 124
189 148
189 167
189 174
189 193
211 193
211 128
216 193
216 5
216 6
216 11
216 16
216 20
216 28
216 31
216 38
216 40
216 41
216 43
216 45
216 47
216 49
216 55
216 57
216 60
216 62
216 63
216 70
216 72
216 82
216 84
216 93
216 94
216 101
216 102
216 103
216 110
216 111
216 112
216 113
216 114
216 117
216 118
216 120
216 121
216 123
216 126
216 127
216 129
216 130
216 131
216 136
216 138
216 139
216 143
216 147
216 149
216 152
216 153
216 154
216 157
216 158
216 160
216 163
216 168
216 175
216 184
216 190
216 191
216 195
216 196
216 200
216 204
216 205
216 206
216 210
216 214
216 215
216 218
216 220
220 193
220 9
220 31
220 45
220 46
220 57
220 63
220 82
220 92
220 111
220 112
220 114
220 121
220 126
220 159
220 177
220 196
220 225
221 193
221 1
221 82
221 91
8 193
8 82
8 91
8 22
8 52
8 76
8 116
8 146
8 161
8 169
8 201
8 207
14 193
14 82
14 31
14 121
14 20
14 114
17 193
17 196
17 114
17 62
38 193
38 126
38 160
38 51
38 71
38 108
38 198
39 82
39 94
39 168
41 31
41 121
41 124
41 210
41 76
41 116
41 67
41 107
41 129
41 136
41 149
41 183
41 191
46 193
46 82
46 196
46 114
53 126
53 146
53 202
53 225
57 193
57 82
57 118
57 139
57 225
62 193
62 196
62 114
62 40
62 43
71 198
82 193
82 2
82 4
82 5
82 9
82 16
82 18
82 19
82 20
82 24
82 27
82 29
82 30
82 31
82 34
82 36
82 40
82 42
82 43
82 48
82 49
82 50
82 60
82 63
82 65
82 66
82 69
82 72
82 79
82 80
82 83
82 85
82 87
82 88
82 91
82 92
82 94
82 99
82 100
82 102
82 111
82 112
82 114
82 115
82 116
82 117
82 119
82 120
82 121
82 122
82 123
82 125
82 126
82 127
82 130
82 131
82 133
82 134
82 135
82 136
82 138
82 139
82 142
82 143
82 144
82 145
82 147
82 148
82 150
82 152
82 153
82 158
82 162
82 164
82 166
82 167
82 168
82 169
82 172
82 173
82 174
82 177
82 178
82 179
82 181
82 183
82 184
82 190
82 192
82 195
82 196
82 197
82 200
82 201
82 203
82 209
82 210
82 212
82 218
82 219
82 222
82 223
82 224
82 225
92 193
92 72
92 9
92 114
92 130
92 147
92 190
92 195
92 225
93 193
93 170
102 193
102 135
102 142
102 172
102 179
102 184
102 197
102 222
110 193
110 31
110 121
110 20
110 127
110 72
110 101
110 7
110 94
110 114
110 123
110 130
110 144
110 166
110 178
114 193
114 20
114 127
114 122
114 196
114 9
114 24
114 89
114 94
114 97
114 107
114 130
114 131
114 153
114 170
114 183
114 186
114 195
114 225
115 193
115 224
115 201
115 165
115 214
116 31
116 121
116 76
116 161
127 193
127 213
127 3
127 20
127 7
127 13
127 15
127 26
127 54
127 65
127 90
127 94
127 100
127 130
127 132
127 137
127 155
127 163
127 210
130 193
130 20
130 196
130 207
130 195
130 94
130 34
130 44
130 106
131 11
131 99
131 153
131 215
131 225
159 45
159 63
159 225
168 158
170 193
181 126
181 72
181 101
181 65
181 23
181 48
181 73
181 135
181 139
181 172
181 176
181 179
181 182
181 197
181 222
184 193
184 64
184 88
184 162
188 122
188 29
188 88
188 113
188 225
190 16
190 99
190 157
190 215
190 225
193 1
193 6
193 9
193 10
193 20
193 23
193 24
193 37
193 42
193 43
193 47
193 49
193 55
193 63
193 70
193 74
193 76
193 84
193 88
193 89
193 94
193 97
193 98
193 99
193 105
193 107
193 111
193 112
193 113
193 118
193 123
193 126
193 128
193 138
193 139
193 146
193 149
193 153
193 154
193 160
193 163
193 165
193 167
193 173
193 183
193 186
193 187
193 196
193 201
193 206
193 209
193 214
193 224
193 225
196 122
196 6
196 43
196 70
196 94
196 120
196 177
202 31
202 121
202 79
202 225
225 107
27 126
27 192
31 2
31 9
31 13
31 15
31 19
31 20
31 28
31 36
31 42
31 65
31 68
31 76
31 79
31 87
31 90
31 105
31 121
31 124
31 126
31 132
31 136
31 145
31 149
31 163
31 164
31 177
31 195
31 213
42 121
42 28
42 72
42 101
42 85
43 126
43 40
43 120
45 63
45 175
63 126
63 123
63 178
63 210
63 65
63 68
63 49
63 59
63 75
63 85
63 119
63 139
63 156
63 194
72 124
72 126
72 6
72 28
72 18
72 19
72 74
72 83
72 88
72 100
72 101
72 103
72 105
72 134
72 135
72 143
72 144
72 172
72 177
72 179
72 186
72 192
72 195
72 197
72 199
72 200
72 208
72 214
72 222
85 126
85 123
85 125
88 101
88 210
88 29
88 64
88 111
88 113
88 118
88 139
88 154
88 162
88 214
101 124
101 126
101 6
101 28
101 18
101 19
101 74
101 83
101 100
101 103
101 105
101 134
101 135
101 143
101 144
101 172
101 177
101 179
101 186
101 192
101 195
101 197
101 199
101 200
101 208
101 214
101 222
119 123
119 178
121 2
121 9
121 13
121 15
121 19
121 20
121 28
121 36
121 65
121 68
121 76
121 79
121 87
121 90
121 105
121 124
121 126
121 132
121 136
121 143
121 144
121 145
121 149
121 163
121 164
121 177
121 182
121 195
121 213
122 4
122 150
122 167
123 7
123 125
123 178
123 206
123 210
125 210
125 162
126 20
126 141
126 171
126 4
126 40
126 61
126 70
126 75
126 146
126 160
126 163
126 177
126 180
126 182
126 194
126 199
126 204
126 210
138 146
138 11
138 200
153 11
153 99
153 142
153 162
153 215
153 218
166 183
166 209
177 141
177 40
177 59
177 75
177 87
177 143
177 156
177 182
178 91
178 7
178 169
178 210
178 212
183 136
183 67
183 97
183 186
195 9
195 29
195 94
200 11
200 157
224 1
9 30
9 219
19 180
40 143
94 20
94 205
94 147
111 113
111 112
111 118
112 204
113 29
113 118
156 65
182 61
206 139
214 165
12 95
12 151
25 35
25 78
25 109
35 95
35 78
35 140
78 109
95 106
95 140
95 151
106 34
106 44
140 151
22 52
22 146
22 207
52 146
52 207
6 28
10 160
10 208
20 213
20 3
20 7
20 15
20 26
20 54
20 65
20 90
20 100
20 132
20 137
20 141
20 155
20 163
20 171
20 205
20 210
20 217
37 165
37 187
47 74
47 175
47 49
49 136
49 175
49 60
49 203
55 163
70 204
74 18
76 68
76 105
84 165
84 103
84 157
97 124
98 23
99 218
99 16
99 107
105 149
105 203
118 139
139 210
139 65
139 48
139 144
149 129
149 191
163 132
173 174
186 117
186 83
201 91
201 169
208 100
4 223
4 217
4 26
4 50
4 54
4 66
4 69
4 80
4 124
4 133
4 137
4 155
4 167
124 167
148 174
167 223
167 217
167 26
167 50
167 54
167 66
167 69
167 80
167 133
167 137
167 155
1 91
23 48
89 158
89 104
107 67
107 199
5 117
11 218
16 215
60 152
60 136
103 192
103 157
120 79
129 191
136 67
152 18
158 104
205 3
205 141
205 81
210 7
210 162
91 86
91 169
91 212
2 213
2 223
30 219
34 207
34 44
36 80
36 15
48 65
48 73
50 54
50 164
66 137
69 145
69 155
83 134
133 217
134 199
135 222
142 162
142 172
142 179
142 197
142 222
145 13
150 176
162 64
164 90
169 86
169 212
172 179
197 222
212 86
213 155
13 137
15 54
90 26
3 141
3 171
3 217
141 75
171 75
171 194
171 217
75 194
61 176
51 108
