50
136
94
40
274
227
218
308
235
155
80
180
139
57
5
14
148
119
108
88
24
232
226
4
15
279
105
59
158
99
197
132
170
267
211
114
61
127
317
243
101
201
190
299
32
177
171
184
138
257
78
30
249
75
161
58
137
98
20
36
143
115
10
217
18
41
130
242
262
31
146
283
156
265
150
238
185
72
252
93
166
87
325
284
179
21
214
69
250
84
63
116
192
165
27
187
231
159
113
207
107
288
276
91
35
289
6
73
70
34
248
213
174
7
204
318
296
316
272
86
44
163
200
53
186
263
37
241
251
68
237
103
199
125
77
193
79
81
92
152
230
112
111
43
140
311
9
48
109
47
151
135
261
3
29
239
26
244
33
66
309
133
121
