0 87
0 99
0 109
87 35
87 61
87 109
87 138
87 183
87 209
99 7
99 34
99 75
99 77
99 95
99 111
99 149
99 174
99 198
99 208
109 13
109 20
109 44
109 66
109 179
35 43
35 179
35 11
35 61
35 70
35 91
35 159
35 183
35 186
61 179
61 183
138 102
138 37
183 179
209 116
209 13
209 27
209 133
209 58
209 121
209 139
7 34
7 77
7 152
7 154
7 193
7 208
7 210
34 74
34 77
34 95
34 111
34 152
34 160
34 208
75 212
75 208
75 174
75 15
75 24
75 48
75 89
75 90
75 151
77 17
77 63
77 95
77 107
77 152
77 154
77 193
77 208
77 210
95 17
95 76
95 160
111 190
111 153
111 208
111 55
111 139
111 198
111 40
111 149
111 33
149 198
149 20
149 40
149 62
149 105
149 67
149 199
174 9
174 49
174 51
174 65
174 151
198 14
198 130
198 139
198 33
198 62
208 152
208 154
208 22
208 65
208 74
208 150
208 210
13 154
13 27
13 133
13 137
20 62
20 105
20 199
44 10
44 66
66 27
66 133
66 137
66 37
179 10
1 92
1 117
1 131
1 166
92 29
92 31
92 42
92 69
92 73
92 106
92 175
92 182
92 191
117 15
117 29
117 73
117 106
117 131
117 134
117 148
117 166
117 194
131 15
131 59
131 69
131 166
166 15
166 147
29 175
29 94
29 64
29 139
29 68
29 42
29 73
29 106
29 124
29 134
29 148
29 164
29 172
29 173
29 194
31 42
31 73
31 106
31 69
31 191
42 175
42 60
42 69
42 73
42 106
42 134
42 148
42 172
42 173
42 191
69 73
69 106
69 59
69 191
73 175
73 106
73 191
106 175
106 60
106 94
106 130
106 128
106 134
106 148
106 173
106 191
175 172
175 182
182 3
182 16
182 54
182 57
182 68
182 144
182 184
182 190
191 94
191 134
15 186
15 52
15 74
15 89
15 90
15 102
15 108
15 151
134 94
134 148
134 194
148 60
148 83
148 64
148 130
148 124
148 173
147 170
172 185
172 190
172 164
3 28
3 46
3 54
3 60
3 129
3 146
3 184
16 190
16 54
16 146
16 184
16 153
16 8
16 103
54 103
54 184
57 19
57 28
57 184
57 153
57 68
57 100
57 112
57 169
57 187
68 28
68 184
68 97
68 144
144 19
144 153
144 112
144 187
184 190
184 28
184 129
184 14
184 97
184 130
184 132
184 136
190 2
190 12
190 78
190 185
190 8
190 21
190 27
190 33
190 51
190 94
190 96
190 103
190 201
2 12
2 19
2 78
2 81
2 185
2 203
12 18
12 21
12 72
12 80
19 14
19 21
19 78
19 81
19 116
19 132
19 153
19 187
78 23
78 81
78 86
78 103
78 126
78 142
78 162
78 197
78 203
78 211
81 36
81 21
81 25
81 86
81 103
81 132
81 162
81 169
81 197
81 203
185 4
185 8
185 45
185 46
185 83
185 94
185 141
185 163
185 164
185 188
185 196
185 201
203 101
203 103
18 72
18 80
18 120
21 36
21 187
21 197
72 83
72 80
72 120
80 83
80 120
14 129
14 5
14 116
14 130
14 139
14 153
14 186
116 153
116 58
116 123
132 129
132 27
132 25
132 39
132 41
132 50
132 100
132 169
132 177
132 197
153 129
153 146
153 6
153 33
153 40
153 58
153 139
153 187
36 197
197 103
197 86
197 100
197 162
23 86
23 142
23 162
86 103
86 162
103 162
126 114
126 140
126 157
142 101
142 27
142 200
142 24
142 26
142 113
142 156
142 162
211 196
211 207
25 39
25 50
25 79
25 169
25 177
169 28
169 39
169 41
169 50
169 79
169 100
101 24
101 110
101 123
101 133
101 156
24 74
24 110
24 156
110 200
110 26
110 113
123 6
123 27
123 96
123 168
123 178
133 212
133 27
133 41
133 58
133 137
133 139
156 74
4 46
4 83
4 94
4 163
4 201
8 28
8 94
8 201
8 97
45 46
45 94
45 119
45 163
45 164
45 201
46 83
46 94
46 163
46 201
83 94
83 119
83 120
83 163
83 167
83 201
83 207
94 64
94 119
94 124
94 163
94 164
94 201
141 135
163 201
164 201
164 119
188 74
188 168
188 181
188 192
201 119
27 212
27 41
27 65
27 121
27 130
27 137
27 139
27 168
27 200
33 139
33 186
33 67
51 151
51 65
51 49
51 96
96 178
28 97
28 100
28 130
60 146
60 173
129 5
129 53
129 97
129 122
129 125
129 130
129 146
146 6
146 43
146 97
146 122
146 125
146 130
97 130
97 136
130 53
130 139
173 64
173 124
5 43
5 122
5 125
53 6
122 43
122 125
6 212
43 11
43 70
43 88
43 91
43 159
43 186
136 64
167 207
64 124
139 58
139 121
139 186
186 159
186 145
186 170
11 70
11 159
70 30
70 88
70 91
70 159
70 206
91 181
159 195
40 62
40 105
40 199
58 137
212 49
212 65
212 137
168 74
168 85
168 189
168 192
168 205
178 38
178 71
178 118
178 143
178 161
178 181
49 151
49 65
65 151
152 154
152 160
152 210
154 193
154 210
193 63
193 210
210 22
210 74
210 176
74 48
74 85
74 102
74 150
74 181
74 189
74 192
74 205
160 89
160 150
160 127
17 90
17 32
17 76
17 150
17 180
107 104
107 115
107 158
22 102
150 90
150 84
150 127
150 180
176 115
9 55
9 93
9 171
55 62
55 82
55 93
55 171
93 155
171 82
171 155
62 82
62 105
62 199
82 155
151 89
30 206
41 200
41 39
41 26
41 47
41 50
41 177
200 26
145 202
52 89
89 127
90 32
90 98
48 85
48 114
181 38
181 118
181 161
181 202
189 192
189 205
192 205
32 98
32 180
98 56
98 180
98 204
56 204
39 50
39 79
177 26
26 79
26 113
105 199
114 157
38 118
38 143
38 161
118 71
118 143
118 161
143 71
143 161
161 71
157 140
104 158
140 165
