573
817
428
695
425
45
143
978
771
15
221
790
152
864
1071
621
2
203
742
314
228
1027
140
462
1
1101
329
4
883
408
210
744
85
810
601
977
668
482
607
294
808
774
814
602
273
448
980
1050
405
918
911
1023
271
215
1090
1021
276
958
782
1042
948
747
92
553
474
464
838
720
624
908
981
661
806
702
1107
620
1084
112
1068
929
546
1052
699
554
896
441
75
990
822
46
666
779
788
1026
646
176
442
729
821
264
769
754
849
604
919
723
149
142
465
422
800
73
792
39
681
116
684
1039
227
776
153
599
738
926
924
1109
449
349
413
167
41
389
1119
183
261
538
610
22
499
675
587
382
127
168
767
374
986
401
119
837
386
332
1108
755
189
488
292
102
86
611
584
504
1131
609
564
969
240
275
463
353
446
1113
339
162
1016
909
647
718
172
862
213
483
781
336
484
469
789
277
178
440
612
148
99
224
665
403
471
997
551
778
305
910
968
818
687
882
218
282
111
16
122
772
727
528
368
1049
556
1046
678
56
525
505
1014
193
341
246
266
503
14
151
377
843
165
109
888
185
961
1110
1010
10
181
1057
108
954
533
331
595
350
1125
207
430
935
893
865
639
698
340
174
955
917
1096
885
1128
28
927
907
301
985
1123
397
663
259
192
1100
330
64
626
0
651
860
802
63
989
352
786
905
467
182
451
144
250
730
1124
5
656
938
1020
912
904
138
31
887
366
278
517
150
68
799
117
391
1099
253
1130
3
155
459
283
750
262
494
1078
1028
411
356
177
226
407
310
682
630
1122
847
841
1120
392
1080
700
629
824
98
37
79
844
179
743
801
649
370
671
274
634
541
423
195
175
596
188
1043
511
358
784
1076
1086
1081
414
931
324
1013
89
560
24
572
296
434
19
644
1005
486
514
268
851
443
77
44
303
302
1117
633
1069
1102
637
617
992
233
159
197
293
453
454
199
342
859
854
1083
967
78
951
91
614
995
388
478
58
1063
272
200
269
54
697
30
616
797
828
529
648
901
561
1002
973
9
758
12
297
242
304
206
1055
787
146
1064
680
231
1073
410
710
291
110
387
707
642
976
987
404
251
662
222
655
732
891
994
876
1035
299
1061
972
417
627
1004
1048
890
104
270
280
640
740
190
991
757
311
456
962
819
704
419
1009
547
936
373
354
300
164
241
667
93
870
201
803
703
583
426
48
509
615
516
946
343
830
785
1072
964
903
1088
126
214
477
346
812
959
922
498
676
170
129
416
600
106
194
61
497
157
585
90
840
184
118
1022
659
476
544
72
759
879
571
549
307
1095
435
420
1132
579
100
1032
557
1111
17
523
344
863
941
187
424
321
679
688
186
281
71
766
325
520
257
608
379
660
495
834
447
249
1106
473
871
491
756
288
618
285
460
338
1067
764
970
899
1031
846
161
690
1065
372
145
1105
1075
74
836
724
360
399
845
623
461
105
279
1019
83
540
26
669
375
383
1018
683
515
87
35
1091
793
652
42
1029
125
945
431
319
578
832
362
632
996
975
923
124
169
691
139
866
839
709
507
395
670
1003
11
94
717
852
761
123
306
96
753
939
635
335
114
1085
315
586
563
762
658
316
1098
1036
287
526
827
1079
317
672
745
