92
408
569
411
167
582
123
615
220
698
299
689
158
103
191
607
116
176
700
228
1
157
131
187
246
444
262
671
653
415
145
221
334
160
270
294
315
588
572
274
583
426
88
545
316
385
467
128
79
710
681
436
429
464
686
556
290
526
203
185
99
574
424
573
198
170
555
648
120
392
562
308
279
640
537
179
492
649
46
580
519
72
457
234
450
10
637
138
396
578
577
620
636
27
409
273
109
589
609
207
296
118
336
0
54
652
463
674
438
625
423
242
266
557
691
159
502
60
67
511
489
66
613
226
165
232
405
433
90
553
524
125
606
206
117
398
682
281
107
161
241
45
567
347
146
75
111
377
112
50
319
129
141
696
332
114
612
540
676
178
520
587
13
94
218
49
536
171
16
174
448
38
389
564
217
688
466
22
113
665
17
293
635
80
127
475
709
260
599
462
21
711
366
65
5
278
690
596
253
563
192
554
254
201
494
525
685
530
97
81
236
51
706
701
56
289
337
437
349
479
47
470
394
575
597
108
133
659
180
576
30
547
249
697
256
248
490
175
362
707
257
616
341
23
493
182
397
527
452
210
418
239
551
209
19
151
237
136
102
121
354
219
275
369
358
280
617
413
435
169
549
314
33
162
164
43
235
558
139
379
95
272
675
24
687
623
544
441
37
402
404
41
286
243
172
428
98
292
704
3
646
692
373
400
250
624
74
386
645
318
78
570
651
660
126
534
673
603
84
264
325
188
516
499
353
634
303
684
7
53
327
343
340
483
28
403
73
300
134
229
406
20
491
528
8
663
267
71
375
86
233
305
500
476
216
142
487
223
368
586
680
26
679
561
630
532
62
694
508
621
181
361
351
460
629
459
326
668
638
211
55
333
454
702
215
76
420
4
163
96
152
320
2
446
627
434
321
427
641
29
263
284
357
390
252
18
581
35
59
469
614
485
507
453
517
632
486
412
106
177
122
225
633
156
306
44
643
683
190
338
265
346
291
36
144
247
644
301
604
258
255
238
708
695
667
48
213
443
488
482
339
666
186
135
592
268
124
140
458
495
509
376
456
703
307
277
261
523
661
359
712
360
381
14
664
352
541
184
378
372
15
699
212
42
521
535
269
472
230
477
295
322
193
82
344
132
382
282
345
208
442
205
85
598
548
631
416
363
168
584
183
393
559
288
431
388
329
550
497
605
204
480
110
231
410
200
591
571
538
40
445
189
150
11
312
654
514
608
593
330
506
658
471
222
149
513
355
287
531
324
449
628
451
566
465
425
304
64
662
401
395
348
147
276
83
498
202
196
533
529
539
430
380
622
52
626
505
496
391
672
6
194
70
285
669
356
657
271
670
647
610
323
510
93
214
447
602
105
543
143
328
240
655
297
227
522
34
656
100
601
383
89
104
31
283
546
25
422
432
195
309
642
374
439
259
504
371
58
414
335
68
639
9
650
91
484
518
367
501
515
594
473
57
585
137
155
618
63
595
590
115
119
77
384
166
579
154
39
677
317
481
568
244
61
310
245
419
331
69
468
130
560
512
440
364
199
87
350
619
302
417
342
12
461
407
370
101
705
148
399
474
565
611
600
173
311
421
251
153
503
552
298
542
455
197
32
678
387
478
365
313
224
693
