0 224
0 407
0 460
0 647
224 285
224 388
224 502
407 388
407 460
407 647
460 388
460 285
460 647
647 388
647 502
285 203
285 599
285 636
1 28
1 58
1 115
1 158
1 160
1 383
1 386
1 537
1 542
1 615
1 657
28 58
28 91
28 158
28 160
28 195
28 383
28 386
28 435
28 476
28 537
28 542
28 615
28 657
28 671
28 676
58 70
58 115
58 158
58 160
58 195
58 342
58 383
58 386
58 476
58 509
58 520
58 537
58 542
58 629
58 657
58 671
58 676
115 91
115 195
115 383
115 435
115 615
115 657
158 160
158 195
158 383
158 386
158 476
158 537
158 542
158 615
158 657
158 671
158 676
160 91
160 100
160 136
160 184
160 228
160 290
160 383
160 435
160 501
160 504
160 525
160 537
160 541
160 542
160 555
160 615
160 653
160 671
383 195
383 386
383 537
383 615
383 657
383 671
386 195
386 91
386 435
386 476
386 537
386 542
386 615
386 657
386 671
537 195
537 91
537 435
537 476
537 615
537 657
537 671
537 676
542 195
542 19
542 84
542 100
542 149
542 228
542 259
542 435
542 476
542 484
542 501
542 504
542 525
542 531
542 541
542 591
542 615
542 653
542 657
542 671
615 195
615 16
615 84
615 91
615 100
615 114
615 136
615 149
615 184
615 228
615 259
615 290
615 435
615 484
615 501
615 541
615 555
615 591
615 653
615 657
615 671
657 195
657 91
657 476
657 671
657 676
91 195
91 671
195 435
195 476
195 671
435 671
435 149
435 16
435 84
435 228
435 259
435 100
435 114
435 136
435 501
435 504
435 525
435 541
435 555
435 591
435 653
476 671
476 109
476 142
476 359
476 25
476 74
476 217
476 439
476 31
476 422
476 474
342 59
342 426
342 629
342 640
509 77
509 184
509 244
509 296
509 411
509 443
509 629
520 238
520 83
520 330
520 543
520 590
629 296
629 411
629 534
100 541
100 591
100 136
100 501
100 504
136 541
136 591
136 184
136 501
184 541
184 315
184 501
184 504
184 525
184 555
228 149
228 259
228 290
228 484
228 531
228 591
228 653
290 149
290 16
290 19
290 259
290 531
290 591
290 653
501 591
501 114
501 504
501 555
504 541
504 591
504 114
504 525
504 555
541 16
541 19
541 84
541 259
541 531
541 114
541 555
541 591
555 114
653 149
653 16
653 19
653 84
653 259
653 484
653 531
653 591
19 149
19 16
19 84
19 259
19 484
19 531
19 591
84 149
84 16
84 259
84 484
84 591
149 5
149 16
149 259
149 484
149 531
149 591
259 16
259 484
259 531
259 591
484 16
484 531
484 591
531 16
531 591
591 16
591 114
16 274
2 164
2 382
2 467
2 573
164 109
164 120
164 142
164 63
164 94
164 287
164 359
164 382
164 396
164 439
164 533
164 573
382 109
382 120
382 142
382 252
382 63
382 94
382 287
382 396
382 573
382 688
467 22
467 29
467 33
467 125
467 289
467 295
467 316
467 339
467 349
467 358
467 579
467 617
467 666
573 120
573 142
573 252
109 5
109 25
109 68
109 72
109 94
109 97
109 108
109 119
109 120
109 142
109 185
109 281
109 287
109 288
109 345
109 363
109 428
109 439
109 498
109 627
5 36
5 37
5 104
5 221
5 281
5 337
5 359
5 405
5 597
5 672
5 678
5 682
5 694
25 142
25 359
25 74
25 119
25 185
25 217
25 288
25 345
25 419
25 439
68 97
72 359
72 439
94 142
94 359
94 63
94 287
94 396
94 696
97 235
97 286
97 363
97 627
97 658
108 428
108 498
108 681
119 142
119 359
119 74
119 185
119 288
119 345
119 439
120 142
120 252
142 74
142 185
142 217
142 252
142 287
142 288
142 345
142 359
142 396
142 419
142 439
142 688
185 359
185 217
185 288
185 345
185 419
185 439
281 422
281 480
281 558
281 567
281 584
281 672
281 682
287 359
287 439
287 63
287 396
287 533
287 688
287 696
288 359
288 74
288 345
288 419
345 217
345 419
345 439
363 428
363 235
428 81
428 498
439 359
439 74
439 419
439 63
439 396
439 688
439 696
498 586
498 681
627 286
252 29
252 134
252 243
252 248
252 255
252 302
252 325
252 349
252 352
252 362
252 431
252 563
252 597
252 619
74 217
217 359
217 419
359 396
359 419
359 533
359 682
359 696
396 533
396 581
688 63
688 696
63 696
29 125
29 358
29 607
29 666
29 30
29 49
29 107
29 134
29 248
29 255
29 302
29 325
29 349
29 362
29 378
29 431
29 563
29 619
29 665
134 30
134 49
134 107
134 168
134 248
134 255
134 325
134 349
134 352
134 362
134 378
134 391
134 431
134 563
134 619
134 665
243 358
243 168
243 248
243 302
243 325
243 349
243 350
243 352
243 362
243 378
243 391
243 563
243 619
243 665
248 30
248 168
248 302
248 325
248 349
248 352
248 362
248 378
248 391
248 431
248 563
248 619
248 665
255 49
255 107
255 302
255 325
255 349
255 350
255 352
255 391
255 431
255 563
255 665
302 325
302 349
302 350
302 352
302 362
302 378
302 391
302 431
302 563
302 619
325 352
325 362
325 378
325 431
325 619
325 665
349 125
349 358
349 30
349 49
349 165
349 168
349 350
349 352
349 362
349 378
349 391
349 431
349 563
349 570
349 578
349 619
352 30
352 107
352 165
352 168
352 362
352 391
352 431
352 563
352 570
352 619
352 665
362 168
362 391
362 563
431 30
431 49
431 107
431 378
431 391
431 165
431 168
431 563
431 570
431 665
563 30
563 107
563 391
563 168
563 350
563 665
597 37
597 50
597 337
597 432
597 456
597 274
597 672
597 678
597 682
597 694
619 30
619 107
619 378
619 391
619 168
619 570
619 665
22 33
22 52
22 93
22 125
22 129
22 240
22 261
22 289
22 292
22 318
22 339
22 358
22 409
22 579
22 580
22 605
22 607
22 617
22 622
22 666
33 125
33 129
33 190
33 240
33 261
33 289
33 292
33 295
33 316
33 318
33 339
33 358
33 579
33 580
33 607
33 617
33 666
125 52
125 93
125 129
125 190
125 240
125 289
125 295
125 318
125 339
125 358
125 409
125 579
125 580
125 605
125 607
125 617
125 666
289 52
289 93
289 129
289 190
289 240
289 292
289 295
289 316
289 318
289 339
289 358
289 409
289 580
289 605
289 607
289 617
289 622
289 666
295 52
295 93
295 129
295 190
295 240
295 261
295 316
295 339
295 358
295 409
295 579
295 605
295 607
295 617
295 622
295 666
316 52
316 93
316 190
316 240
316 261
316 318
316 339
316 409
316 579
316 580
316 605
316 607
316 617
316 666
339 52
339 93
339 129
339 190
339 261
339 292
339 358
339 579
339 580
339 607
339 617
339 622
339 666
358 52
358 93
358 129
358 190
358 240
358 261
358 292
358 318
358 409
358 579
358 580
358 605
358 607
358 617
358 622
579 52
579 129
579 190
579 261
579 292
579 318
579 409
579 580
579 605
579 622
579 666
617 52
617 93
617 129
617 190
617 240
617 261
617 292
617 318
617 409
617 607
617 666
666 52
666 93
666 129
666 190
666 240
666 318
666 409
666 580
666 605
666 607
666 622
3 43
3 238
3 265
43 110
43 156
43 265
238 192
238 265
238 323
238 449
238 590
238 628
110 123
110 266
192 4
192 21
192 26
192 39
192 69
192 92
192 96
192 98
192 105
192 111
192 117
192 139
192 169
192 170
192 171
192 191
192 138
192 189
192 206
192 231
192 250
192 260
192 268
192 270
192 278
192 300
192 301
192 310
192 317
192 320
192 324
192 335
192 336
192 347
192 348
192 364
192 390
192 404
192 418
192 433
192 436
192 442
192 461
192 473
192 482
192 497
192 503
192 511
192 544
192 545
192 556
192 564
192 572
192 589
192 618
192 635
192 638
192 679
192 697
192 701
323 27
323 83
323 449
449 27
449 83
449 210
449 462
590 83
590 660
590 210
590 273
590 575
628 208
4 39
4 76
4 78
4 92
4 96
4 98
4 101
4 105
4 111
4 116
4 117
4 139
4 140
4 141
4 147
4 169
4 170
4 176
4 178
4 191
4 194
4 212
4 229
4 257
4 270
4 278
4 309
4 310
4 324
4 335
4 347
4 348
4 361
4 364
4 371
4 372
4 375
4 403
4 404
4 420
4 433
4 434
4 436
4 438
4 442
4 459
4 461
4 473
4 482
4 485
4 503
4 511
4 512
4 530
4 545
4 547
4 556
4 561
4 569
4 601
4 618
4 625
4 632
4 633
4 635
4 659
4 679
4 693
39 26
39 69
39 76
39 80
39 95
39 105
39 128
39 138
39 139
39 159
39 169
39 170
39 194
39 196
39 201
39 206
39 212
39 226
39 232
39 256
39 260
39 271
39 291
39 301
39 305
39 320
39 327
39 335
39 355
39 364
39 372
39 390
39 402
39 412
39 420
39 427
39 430
39 434
39 436
39 445
39 452
39 461
39 466
39 485
39 503
39 556
39 561
39 625
39 632
39 633
39 651
39 655
39 675
39 679
39 697
76 69
76 95
76 101
76 128
76 141
76 159
76 170
76 194
76 229
76 271
76 291
76 305
76 321
76 327
76 335
76 434
76 445
76 477
76 524
76 625
76 655
78 15
78 138
78 170
78 216
78 256
78 301
78 309
78 390
78 434
78 470
78 554
78 589
78 697
78 698
78 701
92 21
92 10
92 59
92 67
92 96
92 98
92 116
92 139
92 140
92 169
92 176
92 189
92 191
92 199
92 231
92 250
92 257
92 308
92 310
92 320
92 336
92 348
92 361
92 379
92 404
92 433
92 436
92 442
92 448
92 452
92 461
92 482
92 503
92 512
92 523
92 544
92 601
92 618
92 632
92 635
92 659
92 662
92 679
92 693
96 21
96 10
96 59
96 116
96 117
96 139
96 171
96 176
96 178
96 189
96 191
96 199
96 206
96 212
96 231
96 250
96 257
96 278
96 310
96 336
96 361
96 371
96 404
96 418
96 433
96 436
96 442
96 452
96 461
96 473
96 482
96 512
96 523
96 544
96 556
96 601
96 618
96 632
96 633
96 635
96 659
96 679
96 693
98 116
98 117
98 169
98 171
98 178
98 212
98 278
98 310
98 320
98 404
98 544
98 618
98 635
98 693
101 80
101 95
101 138
101 141
101 159
101 170
101 175
101 194
101 196
101 201
101 226
101 245
101 247
101 260
101 271
101 275
101 300
101 301
101 305
101 320
101 327
101 335
101 372
101 390
101 427
101 430
101 434
101 445
101 477
101 506
101 545
101 589
101 625
101 651
101 655
101 675
105 69
105 8
105 135
105 141
105 147
105 169
105 170
105 171
105 194
105 202
105 216
105 232
105 256
105 260
105 262
105 291
105 300
105 301
105 305
105 309
105 324
105 364
105 365
105 372
105 375
105 381
105 390
105 415
105 424
105 436
105 452
105 459
105 466
105 495
105 497
105 503
105 511
105 522
105 545
105 553
105 556
105 594
105 596
105 625
105 633
105 655
105 664
105 697
111 169
111 206
111 256
111 260
111 375
111 385
111 429
111 497
111 625
111 679
116 21
116 117
116 139
116 171
116 176
116 178
116 191
116 212
116 250
116 310
116 320
116 404
116 418
116 433
116 436
116 461
116 473
116 512
116 544
116 601
116 618
116 632
116 659
116 693
117 21
117 10
117 139
117 169
117 171
117 176
117 178
117 199
117 206
117 212
117 250
117 257
117 348
117 361
117 371
117 418
117 433
117 436
117 473
117 482
117 512
117 523
117 544
117 601
117 618
117 632
117 635
117 679
117 693
139 141
139 169
139 171
139 176
139 178
139 191
139 212
139 250
139 310
139 320
139 348
139 361
139 371
139 404
139 418
139 461
139 473
139 482
139 556
139 601
139 632
139 659
139 679
139 693
140 26
140 20
140 24
140 48
140 66
140 75
140 124
140 147
140 166
140 169
140 170
140 171
140 203
140 206
140 231
140 232
140 260
140 268
140 269
140 278
140 279
140 300
140 301
140 303
140 320
140 324
140 328
140 331
140 335
140 364
140 375
140 379
140 390
140 403
140 408
140 412
140 413
140 442
140 452
140 459
140 461
140 478
140 485
140 494
140 497
140 503
140 511
140 516
140 572
140 574
140 577
140 589
140 594
140 599
140 601
140 625
140 637
140 643
140 656
140 664
140 697
141 69
141 170
141 194
141 206
141 226
141 270
141 291
141 305
141 335
141 372
141 418
141 433
141 442
141 461
141 545
141 556
141 693
147 26
147 69
147 20
147 24
147 47
147 66
147 169
147 171
147 194
147 203
147 206
147 231
147 232
147 268
147 269
147 278
147 279
147 300
147 303
147 308
147 335
147 364
147 372
147 381
147 390
147 399
147 404
147 412
147 413
147 420
147 436
147 442
147 485
147 494
147 497
147 503
147 561
147 577
147 594
147 625
147 643
147 656
147 679
147 701
169 26
169 47
169 48
169 170
169 194
169 202
169 203
169 206
169 216
169 231
169 232
169 260
169 270
169 278
169 279
169 303
169 308
169 310
169 320
169 355
169 375
169 381
169 385
169 390
169 399
169 403
169 404
169 413
169 420
169 433
169 436
169 459
169 461
169 473
169 482
169 485
169 497
169 511
169 544
169 556
169 559
169 569
169 577
169 589
169 594
169 618
169 625
169 633
169 635
169 643
169 656
169 664
169 679
170 69
170 20
170 47
170 75
170 138
170 159
170 171
170 175
170 183
170 194
170 202
170 206
170 219
170 226
170 229
170 232
170 241
170 256
170 260
170 263
170 269
170 278
170 279
170 291
170 300
170 303
170 305
170 335
170 364
170 372
170 375
170 381
170 390
170 402
170 412
170 413
170 415
170 420
170 436
170 442
170 459
170 497
170 506
170 530
170 545
170 553
170 561
170 572
170 574
170 577
170 589
170 594
170 621
170 625
170 643
170 651
170 655
170 656
170 669
170 679
170 697
170 701
176 21
176 178
176 191
176 404
176 418
176 433
176 461
176 473
176 482
176 503
176 544
176 632
178 21
178 257
178 278
178 320
178 404
178 433
178 436
178 461
178 512
178 544
178 618
178 635
178 693
191 10
191 189
191 199
191 250
191 320
191 324
191 336
191 418
191 448
191 461
191 473
191 482
191 512
191 523
191 544
191 601
191 618
191 633
191 659
191 679
191 693
194 26
194 69
194 47
194 80
194 95
194 138
194 175
194 183
194 196
194 201
194 202
194 206
194 232
194 260
194 263
194 271
194 275
194 291
194 300
194 301
194 304
194 321
194 327
194 335
194 364
194 372
194 375
194 427
194 436
194 442
194 445
194 452
194 497
194 503
194 545
194 577
194 589
194 625
194 633
194 651
194 655
194 656
194 679
212 26
212 171
212 206
212 250
212 257
212 270
212 310
212 320
212 348
212 371
212 375
212 404
212 418
212 433
212 436
212 482
212 512
212 544
212 564
212 569
212 601
212 618
212 632
212 635
212 679
212 693
229 69
229 128
229 260
229 275
229 277
229 364
229 545
257 250
257 305
257 310
257 320
257 404
257 418
257 433
257 436
257 544
257 545
257 547
257 618
257 632
257 679
257 693
270 26
270 171
270 206
270 278
270 375
270 403
270 404
270 418
270 433
270 436
270 459
270 461
270 511
270 545
270 556
270 561
270 625
270 632
270 635
270 679
278 26
278 69
278 171
278 206
278 24
278 66
278 75
278 131
278 203
278 231
278 232
278 260
278 263
278 269
278 276
278 300
278 301
278 303
278 310
278 312
278 324
278 335
278 375
278 381
278 385
278 390
278 394
278 399
278 402
278 403
278 404
278 412
278 413
278 418
278 420
278 442
278 459
278 485
278 494
278 503
278 511
278 516
278 522
278 561
278 564
278 572
278 574
278 589
278 599
278 625
278 633
278 643
278 652
278 664
278 669
278 679
278 697
309 130
309 135
309 138
309 216
309 256
309 301
309 320
309 335
309 434
309 470
309 487
309 489
309 557
309 592
309 602
309 623
309 698
309 701
310 21
310 171
310 199
310 206
310 250
310 10
310 59
310 122
310 189
310 203
310 317
310 320
310 324
310 336
310 361
310 371
310 375
310 404
310 418
310 433
310 436
310 442
310 448
310 452
310 453
310 459
310 461
310 482
310 503
310 512
310 523
310 544
310 549
310 561
310 601
310 618
310 632
310 659
310 662
310 679
324 171
324 20
324 24
324 47
324 66
324 75
324 131
324 203
324 231
324 232
324 263
324 279
324 300
324 303
324 328
324 336
324 375
324 379
324 381
324 390
324 403
324 412
324 413
324 436
324 442
324 452
324 459
324 473
324 485
324 494
324 497
324 503
324 511
324 516
324 561
324 572
324 577
324 589
324 633
324 637
324 656
324 697
335 26
335 69
335 171
335 206
335 308
335 320
335 8
335 24
335 95
335 128
335 138
335 159
335 175
335 202
335 203
335 216
335 219
335 232
335 256
335 260
335 275
335 279
335 291
335 300
335 301
335 304
335 327
335 355
335 364
335 372
335 375
335 381
335 399
335 403
335 420
335 436
335 459
335 485
335 495
335 497
335 503
335 506
335 522
335 545
335 561
335 569
335 577
335 596
335 625
335 633
335 643
335 655
335 697
335 701
347 206
347 461
347 635
348 21
348 171
348 206
348 361
348 371
348 404
348 418
348 433
348 461
348 482
348 544
348 561
348 618
348 632
348 635
348 638
361 21
361 461
361 601
361 618
364 69
364 206
364 202
364 216
364 241
364 256
364 260
364 269
364 300
364 301
364 321
364 375
364 381
364 390
364 402
364 403
364 412
364 420
364 436
364 452
364 485
364 497
364 503
364 530
364 589
364 594
364 621
364 625
364 643
364 664
364 679
371 21
371 320
371 404
371 418
371 436
371 442
371 461
371 482
371 545
371 618
371 632
371 693
372 69
372 13
372 95
372 159
372 183
372 196
372 201
372 225
372 271
372 275
372 291
372 301
372 327
372 401
372 430
372 436
372 440
372 445
372 506
372 545
372 568
372 589
372 651
372 655
372 675
375 21
375 69
375 171
375 206
375 250
375 320
375 24
375 47
375 48
375 203
375 231
375 232
375 268
375 269
375 279
375 300
375 303
375 336
375 355
375 390
375 399
375 412
375 413
375 420
375 436
375 459
375 482
375 485
375 494
375 497
375 503
375 511
375 544
375 561
375 564
375 569
375 572
375 589
375 594
375 599
375 632
375 635
375 656
375 669
375 679
403 26
403 69
403 171
403 206
403 320
403 399
403 24
403 47
403 66
403 203
403 231
403 268
403 269
403 279
403 303
403 420
403 459
403 461
403 485
403 494
403 497
403 511
403 564
403 569
403 572
403 577
403 589
403 594
403 625
403 633
403 643
403 669
403 679
404 21
404 26
404 171
404 206
404 320
404 418
404 433
404 436
404 461
404 473
404 482
404 512
404 545
404 561
404 577
404 601
404 618
404 632
404 635
404 679
404 693
420 26
420 69
420 171
420 206
420 399
420 8
420 20
420 24
420 47
420 48
420 66
420 166
420 202
420 203
420 231
420 232
420 260
420 262
420 263
420 268
420 269
420 279
420 300
420 301
420 303
420 336
420 381
420 385
420 390
420 402
420 412
420 436
420 442
420 452
420 475
420 485
420 497
420 511
420 516
420 545
420 564
420 569
420 572
420 574
420 577
420 594
420 599
420 633
420 637
420 643
420 652
420 664
420 669
420 679
420 697
433 21
433 320
433 418
433 436
433 473
433 544
433 556
433 561
433 618
433 632
433 635
433 679
433 693
434 320
434 103
434 249
434 277
434 293
434 390
434 436
434 545
434 625
436 21
436 26
436 69
436 199
436 206
436 308
436 320
436 399
436 418
436 8
436 10
436 20
436 24
436 131
436 138
436 189
436 202
436 203
436 216
436 231
436 232
436 260
436 266
436 268
436 279
436 300
436 301
436 303
436 328
436 331
436 336
436 355
436 360
436 379
436 390
436 408
436 412
436 450
436 452
436 459
436 461
436 473
436 475
436 482
436 485
436 503
436 512
436 516
436 523
436 545
436 556
436 561
436 564
436 569
436 572
436 574
436 577
436 594
436 599
436 601
436 618
436 625
436 632
436 633
436 635
436 637
436 643
436 656
436 664
436 669
436 679
436 693
436 697
438 128
438 321
438 625
442 26
442 69
442 206
442 399
442 418
442 24
442 47
442 216
442 231
442 232
442 260
442 263
442 279
442 300
442 301
442 336
442 381
442 402
442 413
442 450
442 452
442 459
442 494
442 497
442 511
442 545
442 556
442 561
442 564
442 572
442 574
442 589
442 594
442 618
442 625
442 633
442 656
442 669
442 697
459 26
459 69
459 171
459 206
459 320
459 20
459 24
459 48
459 75
459 202
459 203
459 231
459 260
459 263
459 268
459 269
459 279
459 300
459 301
459 303
459 312
459 336
459 343
459 381
459 390
459 402
459 408
459 412
459 413
459 450
459 461
459 485
459 494
459 497
459 503
459 511
459 516
459 522
459 564
459 569
459 572
459 574
459 594
459 598
459 599
459 633
459 637
459 643
459 664
459 669
459 679
459 697
461 171
461 250
461 320
461 399
461 418
461 473
461 482
461 503
461 512
461 544
461 547
461 556
461 601
461 618
461 632
461 635
461 659
461 679
461 693
473 21
473 199
473 320
473 10
473 379
473 448
473 482
473 512
473 523
473 544
473 549
473 618
473 635
473 693
482 171
482 199
482 320
482 418
482 10
482 203
482 503
482 512
482 589
482 601
482 632
485 26
485 171
485 206
485 399
485 20
485 24
485 47
485 48
485 66
485 131
485 202
485 203
485 231
485 232
485 260
485 263
485 268
485 269
485 300
485 301
485 303
485 307
485 317
485 328
485 336
485 381
485 390
485 402
485 412
485 413
485 450
485 494
485 511
485 516
485 522
485 561
485 564
485 572
485 574
485 577
485 582
485 589
485 594
485 599
485 633
485 637
485 652
485 664
485 669
485 679
503 26
503 69
503 171
503 24
503 47
503 48
503 66
503 75
503 131
503 202
503 203
503 231
503 232
503 260
503 263
503 268
503 269
503 279
503 300
503 301
503 303
503 312
503 328
503 336
503 381
503 402
503 408
503 412
503 413
503 450
503 452
503 494
503 497
503 511
503 561
503 564
503 572
503 577
503 589
503 594
503 596
503 598
503 599
503 633
503 637
503 654
503 656
503 664
503 669
503 697
511 26
511 69
511 171
511 206
511 399
511 20
511 24
511 47
511 53
511 60
511 66
511 124
511 131
511 166
511 203
511 231
511 232
511 260
511 263
511 268
511 279
511 300
511 303
511 328
511 336
511 376
511 381
511 390
511 402
511 412
511 452
511 494
511 497
511 516
511 561
511 564
511 572
511 574
511 589
511 594
511 637
511 643
511 656
511 664
511 669
511 679
511 686
511 697
512 21
512 171
512 250
512 10
512 59
512 67
512 189
512 448
512 523
512 544
512 601
512 618
512 635
512 693
530 260
530 505
545 69
545 320
545 418
545 159
545 201
545 203
545 215
545 231
545 254
545 260
545 301
545 304
545 305
545 327
545 415
545 430
545 445
545 506
545 577
545 589
545 625
547 491
547 667
556 206
556 418
556 336
556 618
556 632
556 679
561 26
561 206
561 308
561 399
561 8
561 20
561 24
561 47
561 48
561 66
561 124
561 131
561 166
561 203
561 231
561 232
561 260
561 268
561 269
561 300
561 328
561 336
561 355
561 390
561 402
561 412
561 413
561 429
561 452
561 475
561 494
561 569
561 572
561 574
561 577
561 594
561 598
561 599
561 625
561 633
561 637
561 643
561 669
561 679
561 697
569 26
569 24
569 564
569 577
569 633
569 679
601 171
601 199
601 250
601 320
601 544
601 10
601 203
601 448
601 452
601 523
601 618
601 635
601 693
618 21
618 171
618 250
618 320
618 544
618 10
618 632
618 635
618 679
618 693
625 26
625 69
625 171
625 577
625 24
625 47
625 48
625 198
625 202
625 232
625 260
625 269
625 279
625 300
625 301
625 303
625 336
625 381
625 390
625 413
625 429
625 452
625 475
625 480
625 497
625 572
625 594
625 643
625 656
632 21
632 26
632 320
632 564
632 635
632 693
633 26
633 69
633 171
633 250
633 320
633 399
633 577
633 589
633 47
633 202
633 203
633 231
633 232
633 260
633 263
633 268
633 279
633 300
633 303
633 336
633 381
633 390
633 402
633 412
633 413
633 450
633 452
633 494
633 497
633 516
633 522
633 564
633 572
633 594
633 643
633 652
633 697
635 21
635 206
635 250
635 418
635 659
635 679
635 693
659 418
659 679
679 26
679 69
679 206
679 250
679 308
679 399
679 418
679 544
679 577
679 589
679 10
679 47
679 48
679 66
679 181
679 202
679 203
679 231
679 232
679 256
679 268
679 279
679 300
679 301
679 303
679 336
679 360
679 381
679 390
679 402
679 408
679 412
679 413
679 452
679 494
679 497
679 564
679 572
679 594
679 643
679 656
679 701
693 171
693 250
693 320
693 418
693 544
21 171
21 250
21 320
21 418
21 453
21 544
171 69
171 6
171 20
171 24
171 47
171 48
171 124
171 166
171 189
171 202
171 206
171 231
171 232
171 242
171 250
171 260
171 263
171 268
171 269
171 279
171 300
171 301
171 303
171 308
171 320
171 328
171 336
171 343
171 379
171 390
171 402
171 412
171 413
171 418
171 450
171 452
171 497
171 516
171 544
171 564
171 574
171 582
171 589
171 594
171 599
171 637
171 643
171 652
171 662
171 664
171 669
171 697
250 206
250 59
250 189
250 231
250 418
250 448
250 452
250 523
250 544
320 26
320 206
320 399
320 418
320 452
418 308
418 203
418 452
418 523
418 544
453 641
26 20
26 24
26 47
26 48
26 66
26 69
26 202
26 206
26 231
26 232
26 260
26 263
26 268
26 269
26 279
26 301
26 303
26 381
26 390
26 402
26 413
26 450
26 452
26 494
26 497
26 522
26 572
26 577
26 589
26 594
26 652
26 656
26 669
26 697
20 69
20 206
20 577
20 589
20 300
20 303
20 656
20 697
20 203
20 260
20 390
20 497
20 47
20 66
20 124
20 166
20 232
20 242
20 268
20 269
20 301
20 328
20 367
20 381
20 412
20 494
20 516
20 564
20 594
20 669
24 69
24 206
24 308
24 399
24 577
24 589
24 300
24 303
24 656
24 697
24 336
24 203
24 231
24 260
24 390
24 497
24 47
24 48
24 66
24 131
24 166
24 268
24 269
24 276
24 279
24 312
24 328
24 331
24 381
24 402
24 412
24 413
24 450
24 478
24 494
24 516
24 522
24 564
24 572
24 594
24 596
24 599
24 669
47 69
47 206
47 308
47 577
47 589
47 300
47 303
47 452
47 574
47 656
47 697
47 203
47 231
47 321
47 260
47 390
47 497
47 48
47 131
47 166
47 232
47 268
47 269
47 276
47 301
47 328
47 343
47 381
47 402
47 412
47 494
47 572
47 596
47 599
47 652
47 669
48 589
48 300
48 303
48 452
48 656
48 697
48 336
48 260
48 497
48 232
48 402
48 494
48 564
48 643
48 669
48 279
48 413
48 429
48 475
48 522
66 69
66 206
66 577
66 589
66 300
66 303
66 452
66 656
66 697
66 336
66 203
66 231
66 497
66 124
66 131
66 166
66 269
66 279
66 312
66 328
66 402
66 412
66 413
66 478
66 494
66 516
66 564
66 594
66 599
66 637
66 643
66 664
66 669
69 34
69 128
69 206
69 256
69 260
69 275
69 279
69 300
69 301
69 304
69 305
69 381
69 402
69 412
69 413
69 415
69 452
69 494
69 495
69 522
69 548
69 572
69 574
69 589
69 594
69 643
69 652
69 656
69 697
202 206
202 577
202 300
202 303
202 452
202 656
202 697
202 203
202 260
202 390
202 497
202 269
202 301
202 381
202 494
202 643
202 475
202 522
202 596
202 218
202 262
202 275
202 495
206 124
206 231
206 232
206 260
206 263
206 268
206 277
206 279
206 300
206 301
206 303
206 307
206 381
206 390
206 399
206 402
206 412
206 452
206 494
206 497
206 522
206 564
206 574
206 577
206 589
206 637
206 638
206 643
206 652
206 656
206 697
231 399
231 577
231 300
231 452
231 574
231 656
231 697
231 10
231 203
231 124
231 166
231 232
231 242
231 260
231 263
231 268
231 269
231 328
231 381
231 390
231 402
231 412
231 413
231 494
231 516
231 564
231 572
231 596
231 598
231 637
231 669
232 399
232 577
232 589
232 300
232 452
232 574
232 656
232 697
232 336
232 203
232 260
232 390
232 497
232 124
232 131
232 181
232 268
232 269
232 279
232 301
232 328
232 381
232 402
232 412
232 413
232 415
232 475
232 478
232 494
232 516
232 564
232 572
232 594
232 599
232 643
232 652
232 664
232 669
260 399
260 589
260 303
260 452
260 574
260 656
260 697
260 336
260 203
260 321
260 138
260 15
260 159
260 175
260 196
260 211
260 215
260 218
260 219
260 226
260 256
260 268
260 271
260 275
260 301
260 304
260 305
260 327
260 328
260 367
260 402
260 412
260 413
260 415
260 445
260 475
260 494
260 495
260 497
260 505
260 506
260 516
260 564
260 594
260 596
260 637
260 643
260 651
260 669
260 701
263 300
263 303
263 656
263 390
263 497
263 268
263 402
263 564
263 643
263 331
263 413
263 540
263 572
263 582
268 399
268 577
268 589
268 300
268 303
268 452
268 656
268 697
268 336
268 203
268 390
268 124
268 301
268 328
268 402
268 413
268 564
268 572
268 582
268 594
268 637
268 669
269 577
269 589
269 300
269 303
269 452
269 574
269 656
269 697
269 497
269 131
269 279
269 312
269 328
269 343
269 381
269 402
269 412
269 413
269 478
269 480
269 494
269 516
269 564
269 572
269 594
269 599
269 637
269 643
269 669
279 399
279 577
279 589
279 300
279 452
279 656
279 697
279 203
279 390
279 497
279 131
279 328
279 381
279 402
279 412
279 494
279 594
279 643
279 669
279 413
279 572
279 599
279 686
301 577
301 589
301 300
301 656
301 697
301 203
301 75
301 497
301 211
301 215
301 219
301 254
301 256
301 275
301 304
301 305
301 367
301 381
301 402
301 415
301 505
301 516
301 522
301 564
301 572
301 594
301 596
301 599
301 643
301 652
303 399
303 577
303 589
303 6
303 131
303 166
303 276
303 312
303 336
303 381
303 390
303 394
303 412
303 413
303 452
303 494
303 497
303 516
303 522
303 564
303 572
303 574
303 594
303 598
303 599
303 637
303 643
303 656
303 664
303 669
303 697
381 577
381 589
381 300
381 452
381 656
381 697
381 336
381 390
381 497
381 124
381 131
381 402
381 412
381 413
381 415
381 494
381 564
381 594
381 598
381 643
381 652
381 664
381 669
390 577
390 589
390 300
390 656
390 697
390 554
390 203
390 138
390 15
390 75
390 135
390 262
390 328
390 355
390 402
390 412
390 413
390 470
390 475
390 495
390 497
390 522
390 572
390 594
390 655
390 698
390 701
402 399
402 577
402 589
402 300
402 452
402 574
402 656
402 697
402 203
402 497
402 328
402 331
402 408
402 413
402 572
402 594
402 598
402 599
402 643
402 652
402 669
413 577
413 589
413 300
413 574
413 656
413 697
413 336
413 497
413 131
413 166
413 328
413 412
413 494
413 516
413 594
413 643
413 669
413 572
450 656
450 336
450 412
450 669
450 652
452 308
452 399
452 577
452 589
452 6
452 300
452 8
452 10
452 131
452 203
452 328
452 494
452 572
452 574
452 594
452 596
452 599
452 637
452 656
452 664
452 669
494 577
494 300
494 574
494 697
494 336
494 203
494 497
494 124
494 131
494 166
494 328
494 412
494 276
494 478
494 516
494 564
494 598
494 637
497 577
497 300
497 656
497 203
497 15
497 75
497 131
497 304
497 312
497 355
497 412
497 472
497 475
497 516
497 564
497 594
497 643
497 652
522 300
522 336
522 412
522 643
522 200
522 256
522 262
522 424
522 466
522 470
522 495
522 553
522 652
572 308
572 399
572 577
572 300
572 656
572 697
572 336
572 203
572 131
572 328
572 594
572 312
572 355
572 664
577 399
577 131
577 203
577 300
577 328
577 355
577 412
577 564
577 574
577 589
577 594
577 599
577 637
577 643
577 656
577 669
589 308
589 75
589 80
589 95
589 128
589 138
589 159
589 175
589 203
589 218
589 241
589 262
589 271
589 275
589 300
589 304
589 305
589 321
589 327
589 336
589 384
589 412
589 445
589 475
589 495
589 564
589 594
589 596
589 637
589 643
589 655
589 656
589 664
589 669
589 697
594 656
594 697
594 203
594 131
594 328
594 564
594 312
594 343
594 379
594 444
594 599
594 637
594 643
594 669
652 300
652 656
652 412
656 308
656 6
656 300
656 75
656 131
656 203
656 262
656 276
656 312
656 328
656 336
656 379
656 412
656 516
656 599
656 637
656 669
656 697
669 399
669 574
669 336
669 124
669 131
669 166
669 412
669 516
669 23
669 276
669 343
669 478
669 599
697 6
697 300
697 574
697 15
697 75
697 124
697 131
697 138
697 203
697 312
697 328
697 336
697 343
697 412
697 495
697 516
697 637
80 128
80 321
80 175
80 183
80 196
80 226
80 245
80 291
80 305
80 445
80 477
80 506
80 651
80 655
95 128
95 321
95 159
95 175
95 183
95 196
95 211
95 245
95 271
95 275
95 291
95 304
95 305
95 327
95 344
95 427
95 430
95 445
95 477
95 506
95 634
95 648
95 651
95 655
95 675
128 11
128 34
128 159
128 226
128 275
128 305
128 321
128 327
128 445
138 40
138 106
138 161
138 354
138 370
138 536
138 608
138 691
138 132
138 256
138 291
138 604
159 321
159 196
159 201
159 215
159 226
159 245
159 247
159 271
159 304
159 305
159 344
159 430
159 445
159 477
159 506
159 651
159 655
159 675
196 175
196 183
196 211
196 215
196 226
196 245
196 247
196 271
196 275
196 291
196 305
196 344
196 427
196 430
196 477
196 506
196 648
196 651
196 655
196 675
201 175
201 183
201 226
201 271
201 327
201 344
201 427
201 445
201 477
201 506
201 648
201 651
201 655
201 675
226 175
226 183
226 187
226 211
226 215
226 291
226 305
226 344
226 427
226 445
226 506
226 651
226 655
226 675
256 554
256 88
256 99
256 154
256 233
256 338
256 392
256 398
256 495
256 538
256 698
256 701
271 321
271 175
271 245
271 291
271 305
271 327
271 344
271 427
271 430
271 445
271 477
271 506
271 651
271 675
291 175
291 183
291 275
291 198
291 247
291 305
291 327
291 427
291 445
291 506
291 651
291 655
291 675
305 321
305 596
305 175
305 183
305 245
305 275
305 304
305 198
305 211
305 215
305 327
305 344
305 427
305 430
305 477
305 506
305 524
305 651
305 675
327 321
327 175
327 183
327 245
327 275
327 304
327 198
327 344
327 477
327 506
327 651
327 655
327 675
355 300
355 200
355 241
355 365
355 384
355 466
355 553
355 621
412 300
412 574
412 336
412 75
412 131
412 328
412 275
412 276
412 312
412 475
412 564
412 598
412 599
412 643
427 175
427 245
427 344
427 445
427 506
427 651
427 655
427 675
430 175
430 183
430 275
430 187
430 344
430 477
430 506
430 593
430 651
430 655
430 675
445 321
445 175
445 183
445 245
445 275
445 304
445 211
445 344
445 477
445 506
445 634
445 651
445 655
445 675
466 61
466 174
466 200
466 365
466 384
466 553
466 621
466 673
651 321
651 175
651 183
651 245
651 275
651 477
651 506
651 112
651 211
651 215
651 344
651 634
651 648
651 655
651 675
655 300
655 175
655 183
655 245
655 275
655 304
655 477
655 506
655 198
655 211
655 215
655 344
655 675
675 175
675 183
675 245
675 477
675 506
675 648
34 321
34 548
275 321
275 175
275 183
275 198
275 477
275 506
300 399
300 6
300 15
300 75
300 123
300 131
300 203
300 215
300 219
300 266
300 312
300 328
300 444
300 475
300 506
300 516
300 564
300 574
300 599
300 637
300 643
304 175
304 167
304 215
304 415
304 505
304 506
415 167
415 215
415 254
415 472
415 505
495 241
495 553
548 321
574 6
574 124
574 166
574 203
574 516
574 582
574 637
643 203
643 516
321 11
321 175
321 245
321 506
321 634
477 175
477 183
477 245
477 344
477 506
216 429
216 135
216 630
470 698
470 135
470 604
470 701
554 9
554 90
554 237
554 297
554 463
554 483
554 518
554 536
554 551
554 137
554 341
554 389
554 481
554 571
554 604
554 608
554 613
554 683
554 685
554 689
554 690
554 691
554 698
554 699
554 701
698 135
698 398
698 481
698 604
698 701
701 135
10 59
10 189
10 203
10 448
10 523
10 639
59 67
59 189
59 448
59 549
67 199
67 448
67 523
67 662
189 199
189 308
189 336
189 122
189 448
189 523
189 549
199 122
199 662
308 203
308 331
308 596
336 8
336 203
336 564
336 599
336 662
336 664
379 328
448 113
448 523
662 203
175 211
175 215
175 245
175 344
175 506
175 634
175 648
245 506
247 183
247 506
506 183
506 187
506 211
506 215
506 593
506 648
8 317
135 596
135 273
365 241
365 553
365 174
365 384
365 424
365 621
424 241
424 553
424 174
424 200
553 61
553 241
553 174
553 200
553 384
553 621
553 673
596 186
596 218
596 219
385 429
429 529
75 203
75 516
124 203
124 79
124 131
124 166
124 343
124 368
124 599
124 637
166 203
166 131
166 516
166 564
203 399
203 131
203 276
203 312
203 328
203 516
203 599
203 637
328 276
328 564
328 599
328 637
408 609
516 312
516 343
516 637
599 637
599 343
637 131
637 564
637 566
399 317
183 187
183 211
183 344
183 593
183 648
219 123
219 266
241 61
241 174
241 384
241 395
241 621
241 673
621 174
621 200
131 312
130 54
130 71
130 264
130 283
130 297
130 346
130 356
130 479
130 518
130 691
130 172
130 214
130 334
130 369
130 487
130 489
130 557
130 602
130 650
130 687
487 71
487 283
487 297
487 346
487 479
487 518
487 608
487 691
487 172
487 369
487 489
487 557
487 650
487 687
489 54
489 71
489 264
489 297
489 500
489 518
489 608
489 172
489 334
489 369
489 272
489 602
489 650
557 264
557 283
557 297
557 346
557 356
557 500
557 518
557 608
557 334
557 369
557 650
602 71
602 297
602 346
602 500
602 608
602 334
602 650
225 18
225 38
225 152
225 253
225 332
225 440
225 552
225 663
401 38
401 146
401 152
401 162
401 253
401 440
401 568
401 663
440 38
440 146
440 152
440 162
440 253
440 332
440 568
440 611
440 663
440 668
568 18
568 38
568 146
568 152
568 162
568 332
568 552
568 611
568 663
249 293
249 670
266 499
266 588
266 692
360 220
641 600
53 32
53 60
53 207
53 507
53 529
53 550
53 583
53 626
53 686
60 173
60 207
60 223
60 239
60 376
60 397
60 464
60 507
60 550
376 207
376 239
376 464
376 507
376 550
376 595
376 626
376 686
376 173
376 223
376 603
376 700
686 239
686 464
686 507
686 595
686 626
686 173
686 397
686 603
686 700
505 211
505 167
505 186
505 472
215 167
215 472
254 373
491 667
667 486
384 200
181 532
36 37
36 50
36 57
36 104
36 221
36 227
36 230
36 234
36 274
36 432
36 584
36 672
36 682
36 694
37 57
37 104
37 221
37 227
37 230
37 234
37 274
37 337
37 422
37 432
37 492
37 584
37 672
37 678
37 694
104 50
104 57
104 221
104 227
104 230
104 267
104 298
104 422
104 492
104 584
104 694
221 50
221 57
221 227
221 230
221 267
221 298
221 422
221 432
221 492
221 584
221 694
337 17
337 274
337 456
337 672
337 678
405 38
405 299
405 519
405 567
405 584
405 645
405 682
672 50
672 432
672 584
672 422
672 678
672 682
672 694
678 584
678 17
678 616
682 432
682 567
682 102
682 299
682 519
682 565
682 631
682 645
694 432
694 584
694 57
694 234
694 298
694 422
694 492
50 57
50 234
50 298
50 492
57 584
57 31
57 118
57 227
57 230
57 234
57 410
57 422
57 546
57 587
227 422
227 234
227 267
227 298
227 492
230 432
230 584
230 422
230 267
230 298
230 492
234 118
234 422
234 474
234 267
234 298
274 432
274 567
274 646
432 298
432 422
432 492
432 584
584 267
584 298
584 422
584 492
422 31
422 118
422 410
422 267
422 474
422 492
422 546
492 267
492 298
558 38
558 82
558 113
558 646
567 113
567 646
17 560
17 606
17 616
38 645
38 18
38 146
38 253
299 7
299 519
299 565
299 631
299 645
519 7
519 565
519 631
519 645
113 82
113 620
113 646
646 82
102 7
102 236
631 7
444 683
444 296
444 148
444 153
444 366
444 640
9 14
9 40
9 44
9 54
9 71
9 90
9 106
9 143
9 157
9 161
9 237
9 264
9 283
9 294
9 346
9 354
9 370
9 380
9 400
9 437
9 463
9 479
9 483
9 500
9 515
9 518
9 535
9 536
9 551
9 608
9 674
9 689
9 690
9 691
14 90
14 143
14 346
14 356
14 400
14 518
14 535
14 608
14 613
14 674
14 691
40 12
40 90
40 106
40 157
40 161
40 283
40 297
40 354
40 370
40 380
40 400
40 536
40 576
40 608
40 613
40 677
44 54
44 71
44 143
44 172
44 222
44 264
44 283
44 334
44 356
44 369
44 400
44 479
44 500
44 518
44 535
44 608
44 613
44 650
44 689
44 690
44 691
54 71
54 214
54 264
54 283
54 334
54 346
54 356
54 369
54 400
54 479
54 500
54 608
54 613
54 650
54 689
54 690
54 691
71 143
71 144
71 214
71 264
71 283
71 297
71 334
71 356
71 479
71 500
71 515
71 535
71 608
71 613
71 650
71 689
71 691
90 12
90 106
90 161
90 264
90 283
90 297
90 346
90 354
90 356
90 380
90 457
90 479
90 500
90 508
90 515
90 518
90 535
90 608
90 613
90 689
90 690
90 691
106 161
106 258
106 283
106 297
106 354
106 370
106 380
106 400
106 437
106 488
106 536
106 576
106 608
106 613
143 264
143 283
143 297
143 346
143 356
143 400
143 457
143 500
143 536
143 608
143 613
143 674
143 689
143 690
143 691
157 258
157 283
157 297
157 354
157 370
157 380
157 400
157 437
157 536
157 608
157 677
161 12
161 283
161 297
161 370
161 377
161 500
161 536
161 608
161 613
161 691
237 137
237 294
237 387
237 463
237 483
237 518
237 551
237 571
237 685
237 689
237 690
237 699
264 144
264 214
264 283
264 334
264 346
264 356
264 369
264 490
264 500
264 518
264 535
264 608
264 650
264 687
264 689
264 691
283 12
283 214
283 297
283 334
283 370
283 380
283 400
283 483
283 488
283 490
283 500
283 515
283 518
283 535
283 536
283 613
283 650
283 677
283 689
283 690
294 137
294 251
294 356
294 387
294 463
294 483
294 515
294 518
294 551
294 571
294 689
294 690
294 691
294 699
346 144
346 214
346 251
346 334
346 356
346 400
346 479
346 483
346 490
346 500
346 515
346 535
346 613
346 650
346 687
346 689
346 691
354 297
354 370
354 380
354 400
354 437
354 508
354 536
354 576
354 608
354 613
370 12
370 297
370 356
370 380
370 400
370 437
370 508
370 608
370 613
370 691
380 12
380 297
380 258
380 508
380 536
380 576
380 608
400 12
400 297
400 356
400 421
400 457
400 500
400 508
400 515
400 518
400 535
400 536
400 608
400 613
400 674
400 677
400 690
400 691
437 508
437 536
437 608
463 356
463 137
463 251
463 387
463 483
463 518
463 551
463 608
463 685
463 689
463 690
463 691
463 699
479 297
479 356
479 144
479 172
479 214
479 500
479 518
479 535
479 613
479 650
479 689
479 691
483 297
483 356
483 387
483 518
483 551
483 571
483 608
483 624
483 685
483 689
483 691
483 699
500 356
500 172
500 214
500 251
500 334
500 490
500 508
500 515
500 518
500 535
500 608
500 650
500 690
500 691
515 297
515 356
515 387
515 518
515 608
515 689
515 691
518 12
518 297
518 356
518 508
518 137
518 251
518 334
518 387
518 536
518 571
518 608
518 613
518 689
518 690
518 691
518 699
535 12
535 297
535 536
535 608
535 613
535 674
536 297
536 508
536 258
536 488
536 576
536 613
536 691
551 297
551 356
551 137
551 571
551 608
551 685
551 689
551 690
551 691
551 699
608 297
608 356
608 137
608 214
608 334
608 377
608 488
608 490
608 613
608 677
608 689
608 690
608 691
674 613
689 297
689 613
689 137
689 188
689 387
689 490
689 624
689 690
689 691
689 699
690 297
690 356
690 613
690 137
690 387
690 571
690 691
690 699
691 297
691 356
691 613
691 137
691 144
691 214
691 334
691 490
691 571
691 650
12 297
12 488
12 508
12 576
12 613
12 677
297 214
297 356
297 369
297 490
297 576
297 613
297 650
488 508
508 258
508 576
508 613
508 677
576 677
613 356
613 457
356 137
356 387
356 490
356 571
356 624
356 650
356 687
356 699
172 650
172 687
334 272
334 369
334 650
369 650
650 687
214 144
137 251
137 685
137 699
387 571
387 624
387 685
387 699
685 683
685 481
685 398
685 465
389 481
389 454
481 46
481 319
481 454
481 612
683 42
683 65
683 127
683 284
683 313
683 333
683 406
683 468
683 469
683 471
683 493
683 153
683 353
683 357
683 373
560 322
560 606
606 322
322 193
193 182
193 451
193 458
193 562
18 146
18 162
18 253
18 332
146 152
146 162
146 253
146 332
162 152
162 332
253 152
253 332
552 64
552 86
668 393
52 129
52 190
52 240
52 261
52 292
52 318
52 409
52 580
52 605
52 607
93 129
93 190
93 261
93 292
93 318
93 409
93 580
93 607
93 622
129 190
129 240
129 261
129 292
129 409
129 580
129 605
129 622
240 261
240 318
240 409
240 580
240 605
240 607
240 622
261 190
261 292
261 409
261 580
261 607
261 622
292 190
292 409
292 580
292 605
292 607
292 622
318 409
318 580
318 605
318 607
318 622
409 190
409 580
409 605
409 607
580 190
580 605
580 607
580 622
605 607
605 622
607 190
622 190
200 673
200 174
31 118
31 205
31 410
31 474
31 587
474 118
474 205
474 410
474 680
27 462
462 273
462 425
83 35
83 209
83 660
273 543
425 197
30 107
49 107
49 165
49 168
49 391
49 570
107 165
107 391
107 570
107 578
378 350
378 391
378 665
665 391
165 391
165 570
168 391
391 570
118 205
118 546
118 587
118 680
205 410
205 546
205 587
205 680
410 546
410 587
410 680
587 546
32 529
207 173
207 223
207 239
207 397
207 507
207 550
207 595
207 603
207 626
507 464
507 173
507 223
507 397
507 550
507 595
507 626
550 239
550 464
550 173
550 223
550 397
550 595
550 626
550 700
626 464
626 595
626 173
626 223
626 397
626 603
35 209
660 56
344 593
187 593
88 41
88 99
88 154
88 233
88 338
88 392
99 154
99 233
99 392
99 538
154 41
154 233
233 338
233 392
233 538
338 392
338 538
392 41
61 204
61 311
61 315
61 395
61 661
61 673
673 180
673 204
673 311
673 315
673 395
673 661
673 329
42 65
42 127
42 177
42 284
42 313
42 406
42 468
42 471
42 493
42 499
65 127
65 177
65 284
65 313
65 333
65 406
65 468
65 469
65 471
65 493
127 284
127 313
127 333
127 406
127 468
127 469
127 471
127 493
127 499
127 585
177 284
177 313
177 333
177 468
177 469
177 471
177 493
177 499
284 313
284 406
284 468
284 469
284 471
284 493
313 333
313 406
313 468
313 471
406 333
406 468
406 469
406 471
406 493
406 499
406 585
468 333
468 469
468 493
468 499
471 333
471 469
471 493
471 585
493 333
493 499
493 585
499 333
333 469
153 357
153 465
353 465
357 465
373 414
45 610
46 319
319 612
454 528
51 77
51 374
51 416
51 526
51 684
77 296
77 443
374 423
374 441
374 510
374 684
416 423
416 441
416 526
416 684
526 423
526 510
526 684
684 423
684 441
684 326
684 351
296 443
296 163
296 417
443 163
443 244
510 455
455 314
326 133
326 351
173 239
173 464
173 595
173 223
173 397
173 603
223 239
223 464
223 595
223 397
223 603
239 397
239 464
239 603
397 464
397 595
397 603
397 700
464 595
595 603
595 700
603 614
55 314
315 180
315 204
315 311
315 395
640 513
640 411
244 163
244 521
411 513
330 121
330 575
163 150
614 86
204 180
204 395
204 661
311 180
311 395
395 180
395 527
395 661
661 180
527 446
62 532
658 87
658 340
73 528
521 150
521 644
620 85
89 213
681 586
588 692
126 151
126 246
126 280
126 514
126 517
151 246
151 280
151 514
151 517
246 514
246 517
280 514
514 517
465 414
609 539
145 393
393 282
393 496
496 306
366 179
366 513
366 642
150 695
155 600
182 447
182 451
182 562
447 451
447 458
447 649
451 458
451 562
562 458
562 649
458 649
