155
267
44
368
206
94
67
228
8
22
5
89
200
29
87
245
26
42
45
361
49
248
0
199
11
37
280
128
227
244
4
115
335
246
103
104
3
102
52
18
311
82
321
85
326
121
17
359
169
86
367
106
7
198
21
142
160
204
344
140
101
163
56
19
290
137
260
365
141
287
252
43
333
157
136
189
32
57
202
47
59
53
346
158
1
325
303
14
147
247
191
31
110
114
230
51
61
23
354
40
215
93
133
171
363
156
50
139
90
117
339
25
118
298
75
27
220
129
332
127
222
24
165
126
356
116
30
167
131
69
65
217
12
96
58
308
83
152
219
124
36
134
257
151
178
35
123
38
77
187
120
272
76
9
60
301
63
364
132
99
179
145
64
97
238
91
78
46
190
153
55
122
162
62
343
201
54
68
74
100
80
299
135
70
71
107
170
177
111
73
39
79
125
6
88
66
13
285
98
369
340
20
15
161
112
355
341
119
334
146
366
286
33
34
72
113
92
329
306
184
277
159
192
95
109
143
181
41
130
138
300
283
168
144
2
105
148
166
265
188
149
150
48
172
154
81
351
226
373
10
108
307
16
336
164
28
302
261
345
234
253
84
331
374
174
