97
351
552
157
759
166
172
794
497
752
183
148
907
16
400
605
526
167
349
224
560
292
917
401
78
115
420
961
665
264
584
61
811
216
631
819
735
788
926
81
469
757
99
17
581
711
306
383
447
614
639
417
800
743
293
765
199
45
60
658
925
668
50
496
463
983
694
593
73
416
414
471
758
877
118
233
540
200
123
41
502
478
95
727
202
428
477
686
799
529
862
662
305
771
664
114
885
369
745
696
46
376
315
220
494
806
956
98
158
838
175
915
24
553
263
444
548
67
90
505
362
725
324
49
373
389
268
269
18
165
454
608
784
869
227
920
648
59
777
530
189
503
191
587
585
931
706
272
37
350
300
470
384
245
215
628
441
393
820
135
357
372
47
230
516
830
62
622
568
607
339
69
575
294
335
705
491
161
212
182
753
600
462
493
816
144
808
672
904
901
304
381
187
837
774
803
75
739
565
527
716
219
139
132
736
481
558
257
410
317
957
228
151
198
746
535
519
415
583
377
5
153
499
42
307
256
645
83
913
206
959
403
707
395
93
556
775
812
747
576
56
485
239
141
197
655
465
761
882
259
606
815
625
378
270
368
2
613
337
226
588
142
303
586
457
572
512
96
826
236
39
322
701
927
592
288
949
394
569
125
528
0
932
864
128
21
473
32
418
221
66
434
718
134
204
472
657
162
140
821
443
