79 79
106 106
879 879
512 512
15 15
990 990
711 711
542 542
541 541
393 393
744 744
665 665
538 538
186 186
484 484
3 3
534 534
192 192
203 203
30 30
747 747
705 705
913 913
991 991
778 778
144 144
540 540
108 108
33 33
316 316
679 679
561 561
135 135
470 470
560 560
763 763
295 295
344 344
369 369
610 610
780 780
529 529
932 932
809 809
387 387
539 539
557 557
908 908
193 193
74 74
322 322
16 16
171 171
928 928
35 35
597 597
952 952
481 481
396 396
129 129
830 830
397 397
864 864
435 435
166 166
498 498
861 861
378 378
158 158
433 433
572 572
341 341
450 450
687 687
340 340
585 585
463 463
971 971
469 469
802 802
31 31
218 218
48 48
105 105
878 878
448 448
259 259
311 311
935 935
391 391
689 689
476 476
667 667
933 933
664 664
165 165
685 685
623 623
605 605
505 505
