0 32
0 281
0 432
0 484
0 487
32 23
32 44
32 71
32 96
32 106
32 126
32 152
32 195
32 201
32 224
32 231
32 249
32 261
32 281
32 297
32 351
32 483
32 487
281 5
281 132
281 152
281 202
281 249
432 69
432 160
432 255
432 305
432 549
432 570
432 604
484 59
487 5
487 202
487 249
487 259
5 106
5 249
5 261
5 282
106 257
106 44
106 71
106 249
106 295
106 399
106 406
106 564
106 678
249 329
249 82
249 96
249 436
249 459
249 557
249 564
249 586
249 604
261 57
261 60
261 68
261 87
261 89
261 103
261 125
261 144
261 155
261 162
261 177
261 277
261 290
261 305
261 308
261 328
261 350
261 415
261 471
261 498
261 513
261 519
261 527
261 586
261 591
261 608
261 617
261 618
261 645
261 669
282 43
282 123
282 126
282 154
282 224
282 228
282 262
282 294
282 393
282 482
282 563
23 202
23 216
23 43
23 44
23 126
23 212
23 350
23 549
23 646
44 152
44 438
44 193
44 195
44 320
44 324
44 325
71 132
71 224
71 438
71 81
71 436
71 628
71 126
71 271
71 294
96 445
96 483
96 212
96 320
126 202
126 400
126 445
126 43
126 115
126 292
126 294
126 424
126 428
126 564
152 15
152 271
195 259
195 483
195 193
195 325
201 251
224 7
224 122
224 43
224 323
224 436
224 453
224 557
224 564
224 628
224 636
231 222
231 642
231 518
231 144
231 285
231 600
231 24
231 51
231 107
231 65
231 127
231 162
231 197
231 239
231 363
231 373
231 511
231 516
231 529
231 534
297 518
297 144
297 11
297 13
297 33
297 37
297 91
297 102
297 184
297 188
297 247
297 284
297 285
297 308
297 337
297 358
297 408
297 477
297 494
297 544
297 551
297 569
297 576
297 598
297 600
297 625
297 658
297 678
351 485
351 144
351 238
351 608
351 216
351 285
351 421
351 547
351 162
351 277
351 444
351 470
351 508
351 520
483 17
483 115
483 325
483 453
132 7
132 122
132 323
132 400
132 445
202 329
202 11
329 123
329 459
329 564
123 43
123 115
123 341
123 449
123 469
123 671
459 310
564 628
564 43
69 78
69 490
69 554
69 571
69 583
160 471
160 78
160 618
160 51
160 332
160 147
160 363
160 313
160 256
160 331
255 258
255 463
255 24
255 295
255 337
255 406
255 418
255 464
255 530
255 599
305 463
305 450
305 78
305 618
305 259
305 18
305 31
305 48
305 396
305 530
305 549
305 584
305 586
305 604
305 640
305 654
305 662
549 142
549 311
549 251
549 494
549 182
549 664
549 210
549 658
549 586
549 363
549 413
549 441
549 444
549 604
570 216
570 581
570 554
570 586
570 324
570 60
570 68
570 315
570 412
604 61
604 436
604 628
604 664
604 586
604 413
604 240
604 235
604 296
604 379
604 418
604 441
259 142
259 463
259 17
259 55
259 15
259 519
259 643
259 450
259 78
259 24
259 185
259 193
259 212
259 319
259 376
259 384
259 530
259 584
259 599
1 222
222 21
222 97
222 118
222 144
222 290
222 379
222 423
222 426
222 492
222 582
222 593
222 617
21 246
21 568
21 617
21 144
21 426
21 381
21 42
21 97
21 129
21 203
21 317
21 495
21 538
21 547
21 650
21 658
97 62
97 155
97 165
97 617
97 144
97 223
97 100
97 530
97 339
97 535
97 289
97 90
97 118
97 138
97 167
97 170
97 174
97 178
97 197
97 199
97 275
97 317
97 332
97 337
97 379
97 385
97 391
97 418
97 468
97 495
97 579
97 582
97 627
97 635
118 478
118 582
118 379
144 448
144 62
144 165
144 258
144 463
144 568
144 617
144 24
144 28
144 42
144 157
144 178
144 192
144 248
144 263
144 275
144 290
144 302
144 303
144 332
144 354
144 379
144 426
144 478
144 481
144 488
144 492
144 495
144 513
144 519
144 538
144 572
144 578
144 584
144 600
144 616
144 638
144 650
144 658
290 298
290 519
290 608
290 78
290 593
290 60
290 379
290 495
290 498
290 538
290 583
290 586
290 640
379 448
379 590
379 617
379 223
379 426
379 381
379 572
379 129
379 650
379 678
379 332
379 565
379 385
379 263
379 178
379 199
379 131
379 197
379 226
379 248
379 540
423 616
423 220
423 354
423 85
423 131
426 617
426 600
426 49
426 95
426 127
426 129
426 199
426 245
426 275
426 303
426 332
426 511
426 658
492 246
492 129
492 538
492 658
492 678
492 26
492 332
492 523
582 568
582 289
582 394
582 661
582 85
582 178
582 158
582 378
582 359
582 391
582 619
593 119
593 311
593 251
593 17
593 330
593 63
593 541
593 661
593 663
617 119
617 6
617 590
617 15
617 49
617 131
617 158
617 199
617 211
617 230
617 243
617 248
617 272
617 303
617 313
617 332
617 378
617 391
617 430
617 494
617 524
617 581
617 636
617 669
617 670
2 601
601 98
601 103
601 175
601 345
601 420
601 542
601 591
601 637
98 6
98 47
98 54
98 100
98 103
98 167
98 211
98 251
98 293
98 337
98 369
98 408
98 427
98 535
98 600
98 626
103 17
103 618
103 535
103 54
103 107
103 214
103 627
175 537
175 436
175 237
175 571
175 628
175 664
175 586
175 350
175 654
175 63
175 286
175 442
175 474
175 663
345 628
345 54
345 203
345 293
345 211
345 506
345 627
420 535
420 293
420 632
420 627
420 214
420 369
420 533
420 536
542 600
542 339
542 54
542 293
542 475
542 211
542 247
542 295
542 312
542 369
542 427
542 477
542 533
542 536
542 632
591 537
591 17
591 29
591 210
591 335
591 552
591 94
591 353
591 635
591 659
637 119
637 403
637 507
637 678
637 413
3 119
119 79
119 311
119 372
119 441
119 444
119 474
119 494
119 522
119 592
119 662
79 260
79 476
311 4
311 64
311 181
311 328
311 448
311 450
311 544
311 552
311 554
311 586
311 620
311 641
372 531
372 557
441 448
441 323
441 490
441 636
441 678
441 673
441 517
441 652
441 296
441 409
441 227
441 331
441 557
444 55
444 285
444 598
444 177
444 57
444 91
444 641
444 434
444 555
474 257
474 396
474 678
474 551
474 479
474 639
474 286
474 458
474 557
494 257
494 531
494 15
494 12
494 129
494 149
494 324
494 333
494 500
494 586
494 600
494 673
522 569
522 328
522 373
522 67
592 209
662 228
662 307
662 330
662 678
662 500
560 104
560 526
560 614
560 636
104 551
104 38
526 666
614 216
614 654
614 319
636 323
636 17
636 628
636 293
636 652
4 142
4 291
4 377
4 448
4 531
4 666
142 61
142 63
142 94
142 232
142 291
142 296
142 551
142 566
142 608
142 646
142 654
142 666
291 61
291 295
291 306
291 422
291 464
291 548
291 678
377 172
377 232
377 318
377 324
377 424
377 509
448 22
448 28
448 35
448 57
448 76
448 78
448 145
448 147
448 235
448 240
448 269
448 328
448 336
448 396
448 403
448 513
448 517
448 571
448 678
531 337
666 61
666 35
666 64
666 68
666 216
666 232
666 240
666 306
666 319
666 336
666 396
666 541
666 546
666 566
666 628
666 652
666 657
61 52
61 206
61 240
61 413
61 657
52 210
52 629
52 199
206 551
206 128
206 240
206 327
206 541
206 631
240 257
240 203
240 546
240 413
240 188
240 65
240 128
240 146
240 504
240 514
240 541
240 544
240 631
240 663
413 257
413 246
413 610
413 678
413 33
413 229
413 199
413 219
413 244
413 363
413 455
657 463
657 554
657 269
657 396
657 111
657 319
657 327
657 467
63 325
63 385
94 237
94 54
94 308
94 658
94 646
94 551
94 296
94 331
94 546
232 57
232 414
232 439
296 581
296 72
296 628
296 212
296 337
296 384
296 331
296 409
296 557
551 581
551 64
551 318
551 146
551 422
551 479
551 544
551 546
608 17
608 9
608 238
608 519
608 109
608 177
608 242
608 285
608 470
608 475
608 496
646 613
646 30
646 38
646 188
646 229
646 284
646 355
646 546
654 216
654 554
654 24
654 64
654 609
654 628
654 396
654 57
654 99
654 111
654 173
654 324
257 22
257 48
257 199
257 235
257 246
257 250
257 251
257 295
257 354
257 436
257 455
257 475
257 519
257 557
257 599
257 611
257 639
257 678
22 518
22 125
22 196
22 309
22 403
22 89
22 193
22 205
22 586
22 629
48 435
48 307
48 611
48 229
48 368
48 486
48 508
48 520
48 660
199 568
199 590
199 381
199 129
199 495
199 538
199 583
199 650
199 332
235 82
235 450
235 569
235 328
235 586
235 198
235 150
235 373
235 479
235 639
235 137
235 209
235 278
235 443
235 458
246 158
246 219
246 220
246 251
246 313
246 354
246 385
246 523
246 548
246 586
246 605
246 619
250 586
250 644
250 410
250 117
250 148
250 171
250 615
251 6
251 15
251 16
251 159
251 167
251 203
251 211
251 219
251 247
251 460
251 535
251 536
251 586
295 100
295 237
295 307
295 530
295 611
295 330
295 396
295 678
295 455
295 170
295 464
295 458
295 90
295 599
354 190
354 82
354 220
354 658
354 31
354 26
354 300
354 151
354 316
354 605
436 82
436 38
436 271
436 294
436 313
436 453
455 258
455 471
455 196
455 507
455 611
455 330
455 37
455 229
455 214
455 398
455 407
455 517
455 641
475 463
475 525
475 238
475 471
475 610
475 581
475 78
475 45
475 283
475 51
475 396
475 177
475 473
475 495
475 89
475 33
475 229
475 233
475 348
475 498
475 576
475 588
475 641
519 9
519 238
519 43
519 193
519 430
557 581
557 628
557 517
557 644
557 599
557 331
557 312
557 446
599 626
599 100
599 406
599 530
599 628
599 622
599 262
599 464
599 90
611 15
611 307
611 388
611 464
611 520
611 660
639 82
639 396
639 411
639 651
639 173
639 74
639 86
639 185
639 121
639 376
639 493
678 438
678 307
678 415
678 330
678 38
678 159
678 267
678 292
678 310
678 398
678 458
678 500
678 546
678 603
678 673
306 66
306 422
306 456
306 586
422 258
422 554
422 364
464 76
464 100
464 237
464 330
464 284
464 418
464 443
464 458
464 548
464 603
464 638
548 169
548 269
548 381
548 129
548 584
548 510
548 638
64 15
64 236
64 554
64 315
64 319
64 328
64 384
64 539
64 616
181 100
181 37
181 88
181 147
181 392
328 258
328 285
328 569
328 184
328 254
328 554
328 60
328 188
328 308
328 324
328 396
328 530
450 12
450 184
450 241
450 396
544 594
544 541
544 65
544 172
544 331
544 631
552 92
552 537
552 77
552 183
552 210
552 330
552 335
552 41
552 353
552 362
552 550
552 659
554 463
554 216
554 285
554 78
554 37
554 39
554 51
554 166
554 177
554 186
554 264
554 324
554 363
554 434
554 452
554 576
554 616
554 640
554 641
554 664
586 463
586 643
586 581
586 530
586 210
586 86
586 161
586 315
586 498
586 508
586 641
620 471
620 610
620 40
620 162
620 186
620 649
641 285
641 507
641 37
641 177
641 461
641 200
641 363
641 145
641 434
641 576
641 655
172 87
172 236
172 473
172 597
172 594
172 70
172 154
172 187
172 341
172 562
318 15
318 76
318 57
318 479
318 493
318 541
324 237
324 530
324 396
324 495
324 303
324 452
324 280
324 534
509 87
509 415
509 107
509 186
28 49
28 120
28 275
28 565
35 150
35 404
35 539
57 78
57 628
57 396
57 473
57 31
57 188
76 99
76 203
76 237
76 534
78 525
78 15
78 435
78 14
78 18
78 33
78 74
78 89
78 161
78 162
78 256
78 288
78 336
78 349
78 403
78 452
78 498
78 511
78 513
78 523
78 539
78 616
78 618
78 628
78 640
78 648
145 581
145 51
145 177
145 461
145 91
145 655
145 669
147 463
147 626
147 622
147 30
147 74
147 86
147 189
147 267
147 374
147 532
147 589
269 216
269 16
269 68
269 105
269 159
269 319
269 442
269 623
336 212
336 416
336 677
396 62
396 258
396 463
396 83
396 581
396 490
396 530
396 609
396 628
396 664
396 283
396 244
396 266
396 332
396 385
396 434
396 449
396 534
396 630
396 640
403 125
403 285
403 309
403 33
403 34
403 273
403 660
403 672
513 19
513 26
513 85
513 127
513 129
513 138
513 211
513 303
513 346
513 385
513 495
513 579
513 658
517 521
517 60
517 440
571 438
571 15
571 237
571 193
571 286
571 561
337 217
337 530
337 535
337 597
337 677
337 498
337 265
337 170
337 159
337 418
642 184
642 439
642 479
642 581
184 518
184 285
184 408
184 569
184 30
184 37
184 89
184 137
184 210
184 254
184 321
184 363
184 383
184 427
184 465
184 625
184 632
184 672
184 677
439 631
479 373
479 128
479 541
581 15
581 12
581 24
581 72
581 74
581 86
581 115
581 124
581 188
581 229
581 267
581 387
581 477
581 648
581 649
68 73
68 153
68 412
68 433
216 11
216 60
216 105
216 166
216 236
319 332
319 154
541 546
541 65
541 327
541 631
546 613
546 111
546 327
546 331
546 543
546 595
546 631
628 323
628 15
628 72
628 24
628 307
628 18
628 38
628 146
628 177
628 212
628 310
628 409
628 452
628 652
628 673
652 323
652 65
399 661
399 262
399 449
399 154
399 334
406 258
406 463
406 15
406 367
406 29
406 24
406 100
406 268
406 368
406 449
406 523
11 438
11 81
11 626
82 9
82 66
82 244
82 284
82 310
82 368
82 409
82 421
82 452
82 458
82 623
82 629
82 653
82 664
60 100
60 583
60 452
60 498
60 173
60 277
60 584
60 640
87 14
87 70
87 129
87 210
87 495
87 516
87 613
87 622
89 435
89 610
89 309
89 507
89 473
89 203
89 40
89 162
89 229
89 288
89 349
89 425
89 511
89 523
89 648
125 238
125 471
125 624
125 10
125 14
125 24
125 33
125 507
125 672
155 6
155 9
155 25
155 114
155 157
155 275
155 289
155 317
155 462
155 478
155 481
155 488
155 584
162 518
162 238
162 435
162 523
162 40
162 288
162 389
162 437
162 511
162 648
177 598
177 51
177 37
177 33
177 91
177 229
177 264
177 268
177 363
177 392
177 449
177 461
177 576
277 495
308 18
308 112
308 38
308 267
308 352
308 384
308 491
308 597
350 400
350 347
415 258
415 537
415 15
415 29
415 210
415 335
415 447
415 635
471 9
471 169
471 10
471 33
471 34
471 156
471 161
471 229
471 273
471 283
471 370
471 578
471 618
471 624
471 629
471 663
471 672
498 258
498 390
498 490
498 36
498 486
527 390
527 192
527 430
618 15
618 14
618 182
618 186
618 313
618 380
645 610
645 113
645 196
645 217
645 33
645 156
645 503
645 472
669 223
669 285
669 495
669 140
669 248
43 537
43 236
43 664
43 219
43 244
43 262
43 294
43 357
43 449
43 563
154 228
154 357
154 428
154 70
228 537
228 15
228 643
228 236
228 70
228 417
228 482
228 563
228 664
228 671
262 100
262 530
262 664
262 330
262 597
262 90
262 187
262 310
262 357
262 417
262 449
294 400
294 643
294 271
393 371
482 597
482 33
482 70
482 373
482 395
482 417
482 563
482 671
563 70
563 187
563 341
563 417
6 190
6 258
6 463
6 537
6 568
6 590
190 83
190 258
190 267
190 421
190 603
258 62
258 15
258 83
258 100
258 266
258 302
258 332
258 333
258 355
258 456
258 463
258 500
258 508
258 568
258 616
258 640
258 673
463 24
463 307
463 367
463 490
463 530
463 640
463 664
537 334
537 357
537 449
537 568
537 597
537 616
568 12
568 26
568 38
568 45
568 49
568 127
568 129
568 174
568 178
568 180
568 192
568 223
568 303
568 332
568 590
568 658
590 45
590 110
590 263
590 303
590 385
62 100
62 317
62 530
62 535
62 627
100 15
100 408
100 317
100 530
100 535
100 627
100 655
100 665
317 26
317 127
317 151
317 215
317 272
317 385
317 627
317 658
530 15
530 90
530 159
530 170
530 283
530 302
530 418
530 616
530 655
530 658
530 664
535 29
535 339
535 77
535 129
535 158
535 167
535 198
535 211
535 312
535 330
535 334
535 358
535 397
535 468
535 550
535 572
535 665
627 330
627 421
627 245
627 198
627 90
627 167
627 358
627 397
627 515
627 656
92 77
92 134
92 335
77 17
77 107
77 168
77 335
77 387
77 421
77 447
335 17
335 460
335 287
335 353
335 635
47 338
54 18
54 138
54 211
54 632
167 339
167 330
167 302
167 90
167 468
167 480
211 600
211 203
211 178
211 138
211 105
211 346
211 632
293 26
293 247
293 536
369 330
369 468
369 358
408 15
408 65
408 170
408 254
408 468
408 569
427 285
427 383
427 338
427 632
427 477
600 15
600 12
600 136
600 129
600 242
600 245
600 338
600 385
600 418
600 619
600 650
626 223
626 42
626 411
626 532
9 15
9 19
9 83
9 169
9 238
9 367
9 390
9 435
9 610
9 624
25 390
25 622
114 462
157 303
157 344
157 481
275 165
275 289
275 572
275 129
275 547
275 303
275 332
275 158
275 174
275 178
275 197
275 204
275 234
275 359
275 391
275 515
275 579
275 619
289 19
289 120
289 131
289 174
289 178
289 197
289 234
289 245
289 248
289 359
289 394
289 538
289 585
289 597
289 619
462 85
462 178
478 85
478 619
488 613
488 344
584 390
584 302
584 622
584 673
584 248
584 506
584 540
165 520
165 613
520 538
520 629
520 370
520 150
520 340
520 501
520 508
520 131
520 178
520 180
520 316
520 660
613 17
613 606
613 187
613 381
613 491
613 534
613 622
83 210
83 490
83 640
83 663
267 516
267 284
267 279
267 553
421 17
421 238
421 29
421 353
421 663
603 307
603 486
603 663
603 356
158 129
158 495
158 338
158 85
158 138
158 234
158 127
158 197
158 243
219 307
219 673
219 173
219 194
220 26
220 31
220 385
220 658
313 38
385 129
385 495
385 650
385 272
385 515
385 543
523 454
523 518
523 435
523 578
523 658
523 26
523 40
523 143
523 233
523 288
523 349
523 389
523 425
523 511
523 588
605 129
605 658
605 638
619 394
619 661
619 178
619 234
619 515
619 391
619 127
15 45
15 237
15 307
15 367
15 460
15 490
15 507
15 598
15 606
15 664
16 283
16 339
16 521
159 418
203 485
203 330
203 418
247 214
460 151
536 650
536 214
266 116
266 446
302 578
302 616
302 31
302 495
302 658
332 129
332 650
332 26
332 192
332 359
332 506
332 510
333 102
333 357
333 327
333 446
333 500
333 621
456 193
456 212
456 27
456 366
456 532
500 411
500 170
500 529
500 388
500 446
508 307
508 340
508 180
508 640
508 660
616 17
616 45
616 280
616 315
616 384
616 495
616 547
616 650
616 658
640 490
673 237
673 452
673 173
673 194
673 331
24 31
24 661
367 638
490 384
490 664
664 236
664 70
664 244
664 283
664 310
664 357
664 449
664 671
334 223
357 236
357 597
357 310
357 449
449 518
449 285
449 236
449 45
449 598
449 229
449 363
449 263
449 310
449 417
449 434
449 469
597 236
597 20
597 112
597 93
597 70
597 382
597 384
597 417
597 562
12 102
12 136
12 285
12 569
26 572
26 547
26 658
26 192
26 272
26 300
38 29
38 309
38 229
38 265
38 284
38 340
45 55
45 91
45 151
45 263
45 434
45 572
45 575
49 303
49 85
49 245
49 565
127 495
127 658
127 338
127 178
127 138
127 378
127 515
127 391
127 401
129 578
129 178
129 245
129 252
129 331
129 658
129 670
174 394
174 565
174 178
174 131
174 386
178 565
178 338
178 234
178 359
178 378
178 391
178 401
180 151
180 263
180 359
192 42
192 650
223 248
223 280
223 331
223 391
223 528
223 579
223 638
223 643
303 643
303 578
303 572
303 131
303 245
658 390
658 381
658 42
658 495
658 583
658 650
658 95
658 272
658 300
263 598
263 91
263 314
263 434
131 394
131 650
131 661
131 565
131 234
131 230
131 218
131 391
131 540
230 661
230 272
230 565
230 85
230 218
230 540
243 197
248 495
248 585
248 391
248 221
378 338
378 138
391 495
391 120
391 138
391 234
391 528
391 579
391 674
430 37
430 495
430 265
524 579
7 122
7 323
7 400
7 438
7 485
122 323
323 81
323 366
323 445
400 81
400 271
400 445
438 271
485 271
485 320
271 320
366 212
366 677
366 341
320 347
8 17
8 55
8 454
8 518
17 14
17 51
17 55
17 107
17 182
17 183
17 210
17 330
17 387
17 578
17 606
17 634
17 659
55 91
55 285
55 434
55 518
454 67
454 288
454 365
454 518
518 40
518 349
518 425
518 434
518 435
518 511
518 555
518 598
518 629
14 19
14 610
14 113
14 182
14 196
14 217
14 405
14 574
14 578
51 610
51 321
51 507
51 37
51 229
51 461
51 543
51 655
107 602
182 268
182 410
182 495
182 534
182 558
183 198
183 287
183 362
183 665
210 29
210 578
210 283
210 168
210 198
210 276
210 287
210 387
210 663
330 477
387 580
578 309
578 39
578 74
578 86
578 91
578 188
578 239
578 276
578 515
578 543
578 559
606 50
606 353
634 321
634 33
634 256
634 380
634 499
659 75
91 285
91 383
91 37
91 461
91 268
91 301
91 505
91 576
285 386
285 434
285 461
285 477
285 545
285 555
285 612
434 268
434 555
67 569
288 672
288 425
288 349
288 511
288 648
365 121
40 435
40 33
40 229
349 208
349 437
349 511
425 33
425 207
425 256
425 274
425 437
425 511
425 594
435 143
435 205
435 229
435 233
435 348
435 588
511 525
511 389
511 437
511 648
598 39
598 268
598 301
598 461
598 505
629 525
629 309
629 368
629 596
525 389
525 648
648 610
19 169
19 309
19 381
19 394
19 473
19 507
19 610
19 672
169 381
169 507
169 624
238 242
390 170
390 343
390 540
610 196
610 256
610 507
610 576
610 672
624 33
624 34
624 236
624 370
624 501
624 607
624 672
237 113
237 90
237 189
237 534
237 631
507 196
507 229
507 419
507 473
507 576
507 655
507 672
309 196
309 33
309 34
309 229
309 273
309 473
381 18
381 638
394 340
394 565
394 572
394 588
394 661
473 196
473 574
473 205
473 370
473 556
672 34
672 229
672 273
672 607
66 428
66 529
244 236
244 150
244 70
284 373
284 56
284 116
284 491
310 469
368 196
368 135
409 299
452 373
452 491
458 418
458 443
653 112
653 193
653 476
653 612
663 150
663 340
663 359
663 470
42 643
42 265
42 547
42 573
495 643
495 95
495 583
572 547
650 221
280 189
528 668
528 587
579 359
579 401
643 477
170 90
170 241
170 443
170 540
540 225
540 565
540 218
143 205
143 208
143 588
205 556
205 588
229 233
229 501
229 588
348 556
588 208
588 556
33 254
33 321
33 326
33 88
33 156
33 370
33 503
34 370
34 607
156 113
156 196
156 217
156 270
156 472
161 80
273 370
273 437
370 196
370 380
370 607
370 649
193 188
193 265
193 497
109 58
496 18
496 356
496 675
196 113
196 270
196 321
196 326
196 405
196 407
196 574
256 501
256 186
256 407
576 217
576 461
576 363
576 655
236 417
236 534
236 594
501 340
501 660
29 41
29 198
29 512
29 550
41 115
41 287
41 550
198 287
198 342
512 312
105 412
105 166
166 361
13 383
13 625
37 200
37 363
37 461
37 594
37 655
37 668
102 411
188 65
188 327
358 477
358 612
477 612
569 241
569 278
569 465
625 383
411 173
411 376
411 651
532 398
136 442
386 225
386 461
386 276
461 36
461 268
461 301
461 363
461 545
461 655
545 36
545 39
65 141
254 567
241 108
241 209
241 278
241 465
149 373
72 135
72 146
72 491
72 583
74 185
86 173
115 325
115 287
124 80
124 375
649 667
245 565
338 163
338 234
338 362
418 265
418 90
30 112
30 374
321 270
321 405
321 457
321 472
321 499
321 574
363 655
632 265
632 138
632 431
677 404
677 416
677 543
113 253
113 270
113 457
113 472
113 503
113 574
217 326
217 405
217 451
217 655
405 204
405 472
405 574
574 451
574 472
583 227
491 622
18 112
18 360
18 558
539 416
539 630
70 417
516 93
516 382
253 594
253 380
270 451
270 457
472 451
410 429
534 504
534 621
558 20
558 360
558 466
558 647
558 675
655 200
655 140
417 187
594 292
594 382
594 469
594 671
660 674
39 360
39 301
39 505
264 301
239 651
515 234
515 95
515 163
515 359
559 20
559 176
559 466
559 502
559 647
380 208
661 225
661 218
661 565
315 111
315 504
384 112
384 497
384 633
99 671
665 342
671 347
671 341
671 382
90 322
189 489
631 327
185 395
212 112
212 130
376 493
376 630
493 395
493 630
447 168
635 287
635 602
419 667
419 208
286 443
505 140
521 480
312 214
312 163
214 533
287 676
362 163
630 395
112 476
360 20
360 176
20 93
20 176
93 179
138 346
392 46
392 213
392 675
88 227
88 589
675 179
466 213
466 647
647 374
647 587
120 197
197 359
234 153
234 163
565 218
556 208
382 589
382 562
562 469
227 529
398 404
428 644
373 36
529 446
173 121
173 194
374 589
260 402
260 633
327 128
577 53
53 101
53 651
128 141
469 341
213 139
213 402
213 633
667 46
163 153
440 164
141 84
644 191
73 433
191 304
80 279
80 553
402 139
402 587
279 133
553 133
429 117
429 148
117 148
304 304
