236
35
2
11
168
175
25
293
46
40
82
226
65
310
294
96
63
224
116
94
70
12
145
45
313
21
201
123
250
264
119
118
184
237
0
272
326
164
105
20
151
315
131
319
324
256
132
47
301
268
140
251
223
102
122
110
56
83
323
270
66
13
103
92
280
254
6
178
111
3
14
128
100
233
34
314
289
308
38
252
243
209
79
49
104
134
93
290
22
30
258
316
205
115
8
86
29
283
286
143
204
255
90
24
85
299
130
179
133
305
304
36
181
211
297
221
180
95
31
121
208
69
284
287
186
162
9
282
57
126
156
136
165
1
192
170
275
217
7
207
295
148
33
106
311
193
26
68
225
124
216
228
190
200
74
142
249
19
241
135
147
161
52
