462
594
560
242
58
154
135
404
56
33
101
225
65
79
246
120
126
587
112
98
338
325
105
95
149
205
74
41
107
151
596
227
84
172
48
133
261
202
19
68
31
10
621
280
188
192
176
54
223
83
141
115
39
117
299
67
458
635
60
429
75
140
257
9
197
642
266
219
51
174
52
630
22
207
102
122
354
100
132
656
6
88
252
106
160
94
7
77
255
49
193
196
165
99
292
145
222
134
543
70
34
603
125
231
409
42
171
121
103
194
466
228
20
300
430
636
182
111
662
143
213
78
710
36
66
12
37
109
127
201
349
521
30
645
164
131
85
46
28
40
350
353
329
69
297
25
72
3
82
104
480
272
91
616
124
248
76
136
87
544
8
455
583
344
113
80
45
64
237
316
173
265
159
150
632
61
47
167
148
119
648
162
35
90
208
129
177
123
413
318
4
449
691
15
305
147
245
128
444
170
251
26
139
693
320
97
57
319
463
14
5
195
315
226
306
13
96
247
418
21
199
1
260
187
0
397
590
189
168
310
29
92
55
16
332
593
18
130
410
184
186
114
81
386
460
203
451
152
73
395
507
155
89
631
600
163
118
634
515
108
161
385
27
454
11
502
59
190
505
175
337
2
116
50
142
71
376
220
144
166
296
153
243
209
138
