10
112
58
68
129
187
89
0
78
59
131
1
117
256
240
36
211
13
146
261
298
172
299
80
49
135
208
177
30
251
302
170
351
297
267
312
23
22
188
259
111
228
44
152
72
333
189
113
2
292
356
4
137
271
220
347
280
107
258
197
365
6
326
101
370
73
257
212
378
219
14
308
47
39
35
269
260
104
198
207
127
40
51
357
191
300
145
352
311
274
90
99
128
125
163
174
358
330
364
69
60
273
275
149
331
200
192
180
62
329
285
29
57
42
147
359
3
343
114
293
249
20
277
82
67
253
132
199
21
353
181
118
19
254
332
171
56
81
45
33
268
346
88
108
43
182
41
281
190
175
248
