43
1057
725
260
76
422
354
311
906
637
764
205
574
62
647
157
331
505
193
663
810
853
626
189
304
90
1033
403
92
516
407
455
876
1040
60
1045
890
750
1124
912
691
624
432
493
992
283
501
323
727
442
177
970
1107
155
1100
636
559
431
732
435
448
1098
1116
524
640
808
816
123
990
807
1064
526
911
479
1032
296
408
276
514
878
619
414
843
215
656
860
678
1028
603
683
936
529
299
95
707
564
510
793
675
947
898
703
412
614
952
989
99
1048
867
240
684
320
653
87
1015
222
325
567
1038
695
1018
812
839
338
440
584
379
743
94
926
844
1129
560
32
701
986
250
623
686
494
1024
744
159
677
980
976
182
317
367
747
796
492
525
731
735
645
1049
957
544
1086
146
885
1030
700
148
1012
870
522
158
316
997
904
210
1130
533
35
1
795
1110
562
774
333
669
696
586
297
814
75
1058
610
318
136
439
1020
52
688
607
661
139
553
22
865
717
1003
557
1002
410
826
672
600
29
334
927
202
248
791
364
425
881
642
40
806
935
1052
185
845
929
1106
302
53
25
734
117
875
0
345
39
724
521
755
488
149
1112
776
634
1096
491
398
382
483
326
33
309
805
687
337
820
330
710
1036
585
292
828
121
698
1013
1077
923
842
254
995
832
1021
84
1031
1066
604
606
127
942
822
893
8
1081
383
124
150
328
789
56
941
100
1051
55
188
322
583
834
329
1016
536
397
531
391
257
540
273
262
830
802
219
714
152
994
595
457
305
592
1042
208
166
1026
615
573
251
528
901
405
570
277
836
1131
381
959
41
194
896
943
1117
