0 24
0 31
0 39
0 40
0 44
0 58
0 78
0 79
0 82
0 88
0 90
0 96
0 102
0 107
0 111
0 121
0 122
0 125
0 126
0 132
0 147
0 148
0 153
0 156
0 160
0 161
0 162
0 172
0 191
0 195
0 208
0 215
0 216
0 223
0 232
0 239
0 242
0 243
0 250
0 252
0 254
0 257
0 258
0 262
0 263
0 271
0 277
0 300
0 301
0 306
0 315
0 326
0 340
0 345
0 348
0 349
0 353
0 354
0 360
0 369
0 372
0 392
0 396
24 15
24 13
24 43
24 44
24 61
24 78
24 79
24 82
24 90
24 97
24 100
24 102
24 111
24 121
24 122
24 125
24 126
24 132
24 137
24 144
24 147
24 153
24 156
24 161
24 162
24 166
24 188
24 191
24 195
24 205
24 208
24 216
24 218
24 223
24 239
24 242
24 243
24 250
24 252
24 254
24 258
24 262
24 271
24 293
24 300
24 301
24 306
24 315
24 321
24 326
24 330
24 340
24 345
24 348
24 349
24 353
24 354
24 369
24 370
24 371
24 375
24 396
31 10
31 13
31 40
31 50
31 79
31 90
31 96
31 97
31 102
31 111
31 119
31 121
31 122
31 125
31 132
31 148
31 153
31 159
31 160
31 172
31 177
31 215
31 223
31 227
31 233
31 242
31 243
31 250
31 251
31 254
31 263
31 273
31 277
31 302
31 318
31 321
31 326
31 330
31 348
31 353
31 360
31 370
31 371
31 375
31 396
39 15
39 40
39 43
39 44
39 57
39 61
39 78
39 79
39 82
39 88
39 90
39 96
39 102
39 121
39 122
39 125
39 126
39 132
39 137
39 144
39 147
39 148
39 153
39 156
39 160
39 162
39 166
39 191
39 195
39 208
39 212
39 216
39 223
39 239
39 242
39 243
39 249
39 250
39 252
39 257
39 258
39 262
39 271
39 293
39 300
39 301
39 306
39 314
39 315
39 326
39 340
39 348
39 349
39 354
39 357
39 358
39 369
39 392
40 15
40 23
40 32
40 43
40 50
40 57
40 61
40 72
40 78
40 79
40 82
40 90
40 96
40 97
40 102
40 107
40 111
40 121
40 122
40 125
40 126
40 132
40 137
40 147
40 148
40 153
40 160
40 166
40 188
40 191
40 195
40 205
40 212
40 215
40 223
40 239
40 242
40 243
40 249
40 250
40 254
40 257
40 258
40 271
40 277
40 293
40 300
40 301
40 306
40 309
40 314
40 315
40 326
40 330
40 340
40 348
40 349
40 353
40 354
40 357
40 369
40 370
40 371
40 392
40 400
44 15
44 43
44 50
44 82
44 96
44 97
44 102
44 111
44 119
44 122
44 125
44 126
44 132
44 137
44 144
44 153
44 161
44 162
44 195
44 205
44 208
44 216
44 218
44 223
44 239
44 242
44 243
44 252
44 254
44 257
44 258
44 262
44 300
44 301
44 309
44 315
44 326
44 330
44 348
44 349
44 354
44 370
44 375
58 3
58 51
58 56
58 60
58 68
58 76
58 97
58 102
58 109
58 112
58 119
58 121
58 133
58 148
58 153
58 162
58 172
58 188
58 191
58 232
58 239
58 242
58 244
58 252
58 253
58 254
58 263
58 304
58 311
58 347
58 349
58 370
58 371
58 372
58 375
58 384
58 386
58 390
58 398
78 15
78 23
78 43
78 57
78 79
78 96
78 97
78 102
78 119
78 121
78 122
78 125
78 126
78 132
78 137
78 144
78 147
78 148
78 149
78 153
78 156
78 162
78 166
78 188
78 191
78 195
78 205
78 208
78 216
78 223
78 239
78 242
78 243
78 250
78 252
78 254
78 258
78 263
78 301
78 309
78 315
78 326
78 330
78 340
78 348
78 349
78 353
78 354
78 358
78 370
79 15
79 25
79 49
79 57
79 68
79 82
79 96
79 97
79 100
79 102
79 111
79 125
79 126
79 133
79 137
79 144
79 147
79 148
79 153
79 156
79 160
79 161
79 162
79 177
79 195
79 208
79 216
79 223
79 239
79 243
79 244
79 250
79 252
79 257
79 262
79 263
79 299
79 300
79 301
79 326
79 327
79 330
79 340
79 345
79 348
79 349
79 353
79 354
79 358
79 369
79 370
79 371
79 392
82 15
82 43
82 72
82 96
82 97
82 102
82 111
82 121
82 125
82 126
82 137
82 144
82 147
82 148
82 153
82 156
82 160
82 162
82 205
82 208
82 216
82 223
82 243
82 250
82 257
82 258
82 262
82 271
82 300
82 301
82 306
82 309
82 326
82 348
82 349
82 353
82 354
82 357
82 369
82 392
88 32
88 43
88 57
88 64
88 96
88 121
88 125
88 126
88 132
88 137
88 144
88 147
88 148
88 156
88 160
88 162
88 165
88 191
88 195
88 216
88 242
88 243
88 250
88 252
88 271
88 293
88 300
88 301
88 306
88 309
88 314
88 340
88 353
88 354
88 362
88 392
88 393
90 15
90 10
90 13
90 23
90 72
90 102
90 107
90 122
90 125
90 132
90 137
90 144
90 147
90 153
90 156
90 161
90 162
90 174
90 195
90 208
90 214
90 215
90 216
90 239
90 242
90 257
90 262
90 277
90 300
90 306
90 309
90 315
90 321
90 326
90 340
90 345
90 348
90 349
90 357
90 358
90 369
90 396
96 15
96 13
96 43
96 57
96 61
96 97
96 102
96 111
96 122
96 125
96 126
96 132
96 137
96 144
96 148
96 153
96 156
96 159
96 160
96 161
96 162
96 166
96 188
96 195
96 205
96 208
96 216
96 218
96 223
96 233
96 239
96 242
96 243
96 250
96 254
96 257
96 258
96 262
96 263
96 271
96 277
96 293
96 300
96 301
96 306
96 309
96 314
96 318
96 326
96 330
96 340
96 345
96 353
96 369
96 370
96 371
96 372
96 375
96 396
96 400
102 15
102 3
102 18
102 23
102 25
102 56
102 57
102 63
102 72
102 85
102 97
102 109
102 111
102 113
102 121
102 122
102 125
102 132
102 133
102 137
102 144
102 147
102 148
102 149
102 153
102 156
102 160
102 162
102 166
102 171
102 177
102 183
102 188
102 191
102 205
102 208
102 213
102 216
102 223
102 239
102 242
102 243
102 247
102 250
102 252
102 253
102 254
102 257
102 258
102 263
102 271
102 293
102 300
102 304
102 306
102 309
102 311
102 314
102 315
102 330
102 331
102 340
102 343
102 348
102 353
102 358
102 369
102 370
102 371
102 386
102 390
102 394
102 400
107 15
107 121
107 156
107 218
107 243
107 306
107 315
107 326
111 15
111 43
111 57
111 61
111 121
111 126
111 137
111 144
111 147
111 148
111 153
111 156
111 160
111 161
111 162
111 195
111 208
111 216
111 223
111 239
111 242
111 250
111 251
111 254
111 257
111 262
111 263
111 271
111 277
111 293
111 300
111 301
111 306
111 314
111 315
111 321
111 326
111 348
111 353
111 369
111 370
111 392
121 1
121 7
121 10
121 13
121 27
121 50
121 57
121 68
121 72
121 97
121 100
121 119
121 122
121 126
121 132
121 137
121 144
121 147
121 148
121 153
121 156
121 159
121 172
121 174
121 188
121 205
121 208
121 214
121 215
121 216
121 217
121 218
121 223
121 232
121 233
121 239
121 242
121 243
121 249
121 250
121 251
121 252
121 254
121 257
121 260
121 263
121 271
121 277
121 278
121 293
121 300
121 301
121 306
121 309
121 314
121 315
121 326
121 330
121 333
121 340
121 348
121 349
121 353
121 354
121 357
121 358
121 360
121 369
121 370
121 375
121 384
121 392
121 396
121 400
122 15
122 43
122 57
122 72
122 125
122 132
122 137
122 144
122 153
122 156
122 160
122 162
122 191
122 195
122 205
122 208
122 216
122 218
122 239
122 242
122 243
122 250
122 257
122 262
122 263
122 306
122 309
122 314
122 326
122 340
122 345
122 353
122 354
122 362
122 369
122 392
125 32
125 43
125 57
125 61
125 72
125 97
125 119
125 126
125 132
125 137
125 144
125 147
125 148
125 153
125 156
125 162
125 165
125 166
125 172
125 191
125 195
125 212
125 216
125 223
125 227
125 239
125 242
125 243
125 249
125 250
125 252
125 254
125 257
125 258
125 262
125 271
125 277
125 293
125 300
125 301
125 306
125 309
125 315
125 326
125 340
125 345
125 349
125 353
125 354
125 357
125 358
125 362
125 375
125 392
125 396
126 15
126 23
126 32
126 57
126 61
126 72
126 132
126 137
126 147
126 148
126 156
126 161
126 162
126 165
126 188
126 191
126 208
126 216
126 223
126 239
126 243
126 250
126 252
126 257
126 258
126 262
126 263
126 271
126 278
126 293
126 300
126 301
126 306
126 309
126 314
126 315
126 340
126 343
126 348
126 349
126 353
126 354
126 357
126 362
126 369
126 393
132 15
132 32
132 57
132 153
132 156
132 160
132 162
132 166
132 191
132 195
132 208
132 212
132 216
132 239
132 242
132 243
132 250
132 257
132 258
132 263
132 271
132 300
132 301
132 306
132 309
132 314
132 315
132 326
132 340
132 348
132 354
132 369
132 392
147 15
147 137
147 144
147 43
147 72
147 148
147 153
147 156
147 160
147 161
147 162
147 166
147 191
147 195
147 205
147 208
147 223
147 242
147 243
147 249
147 250
147 252
147 257
147 258
147 262
147 271
147 293
147 300
147 301
147 306
147 309
147 314
147 315
147 326
147 340
147 349
147 353
147 354
147 362
147 392
148 137
148 144
148 1
148 3
148 51
148 56
148 57
148 76
148 85
148 97
148 109
148 143
148 149
148 150
148 153
148 156
148 160
148 161
148 162
148 177
148 183
148 188
148 195
148 199
148 208
148 216
148 223
148 231
148 243
148 244
148 250
148 252
148 253
148 254
148 259
148 262
148 263
148 300
148 301
148 304
148 306
148 311
148 315
148 330
148 331
148 340
148 343
148 348
148 349
148 353
148 354
148 355
148 369
148 370
148 371
148 372
148 386
148 394
153 15
153 144
153 13
153 50
153 72
153 97
153 100
153 119
153 150
153 159
153 160
153 162
153 166
153 172
153 188
153 191
153 195
153 205
153 214
153 215
153 216
153 218
153 223
153 233
153 239
153 242
153 250
153 251
153 252
153 254
153 257
153 262
153 271
153 277
153 278
153 300
153 301
153 302
153 306
153 309
153 318
153 321
153 326
153 330
153 340
153 348
153 349
153 353
153 354
153 360
153 369
153 370
153 371
153 375
153 400
156 15
156 137
156 144
156 23
156 43
156 57
156 72
156 97
156 100
156 160
156 161
156 162
156 165
156 195
156 205
156 216
156 218
156 223
156 242
156 243
156 249
156 250
156 252
156 257
156 258
156 262
156 271
156 293
156 300
156 301
156 306
156 309
156 314
156 315
156 326
156 330
156 340
156 345
156 348
156 349
156 353
156 354
156 358
156 362
156 369
156 392
160 15
160 137
160 144
160 25
160 32
160 43
160 72
160 161
160 162
160 166
160 177
160 195
160 208
160 216
160 242
160 243
160 250
160 252
160 257
160 262
160 263
160 271
160 293
160 300
160 301
160 306
160 309
160 314
160 315
160 326
160 340
160 345
160 348
160 349
160 353
160 354
160 357
160 371
160 392
160 393
161 15
161 137
161 144
161 188
161 195
161 205
161 208
161 216
161 239
161 242
161 243
161 250
161 252
161 257
161 258
161 263
161 301
161 306
161 326
161 340
161 348
161 353
161 354
162 15
162 137
162 144
162 43
162 57
162 100
162 188
162 195
162 205
162 208
162 216
162 218
162 223
162 239
162 242
162 243
162 250
162 254
162 257
162 258
162 262
162 263
162 271
162 300
162 301
162 306
162 309
162 314
162 315
162 326
162 330
162 340
162 348
162 349
162 353
162 354
162 357
162 370
162 375
162 392
162 400
172 7
172 13
172 50
172 119
172 214
172 215
172 217
172 227
172 232
172 233
172 243
172 251
172 254
172 260
172 271
172 277
172 301
172 302
172 318
172 321
172 360
172 375
172 384
172 396
172 400
191 15
191 137
191 188
191 3
191 23
191 25
191 27
191 51
191 56
191 57
191 63
191 76
191 85
191 97
191 109
191 112
191 133
191 149
191 150
191 166
191 183
191 195
191 205
191 208
191 213
191 216
191 219
191 223
191 239
191 242
191 243
191 250
191 252
191 257
191 259
191 262
191 263
191 271
191 293
191 300
191 301
191 304
191 306
191 314
191 315
191 326
191 343
191 348
191 349
191 353
191 354
191 362
191 370
191 371
191 386
191 390
191 392
191 394
191 398
195 15
195 137
195 144
195 43
195 50
195 57
195 72
195 97
195 166
195 205
195 208
195 212
195 216
195 218
195 239
195 242
195 243
195 249
195 250
195 252
195 254
195 257
195 258
195 262
195 263
195 271
195 277
195 300
195 301
195 309
195 314
195 315
195 326
195 340
195 345
195 348
195 349
195 353
195 354
195 357
195 358
195 369
195 370
195 375
195 392
195 396
208 15
208 137
208 144
208 188
208 43
208 61
208 72
208 165
208 166
208 216
208 223
208 239
208 242
208 243
208 249
208 250
208 252
208 257
208 258
208 262
208 263
208 301
208 306
208 309
208 326
208 340
208 348
208 353
208 354
208 369
208 392
215 7
215 10
215 13
215 50
215 159
215 174
215 214
215 217
215 223
215 227
215 232
215 233
215 242
215 243
215 251
215 254
215 262
215 271
215 277
215 302
215 318
215 321
215 333
215 374
215 375
215 384
215 396
215 400
216 144
216 32
216 57
216 61
216 72
216 166
216 212
216 239
216 242
216 250
216 252
216 257
216 262
216 263
216 271
216 293
216 301
216 309
216 314
216 315
216 330
216 340
216 349
216 353
216 354
216 358
216 370
216 392
216 393
223 15
223 137
223 144
223 50
223 97
223 100
223 119
223 166
223 205
223 218
223 227
223 233
223 242
223 243
223 251
223 252
223 254
223 258
223 262
223 277
223 300
223 301
223 326
223 330
223 340
223 349
223 354
223 358
223 360
223 369
223 370
223 371
223 375
223 384
223 400
232 50
232 233
232 243
232 254
232 260
232 277
232 318
232 375
232 384
232 396
232 400
239 15
239 137
239 144
239 188
239 43
239 57
239 61
239 72
239 97
239 166
239 205
239 218
239 242
239 250
239 252
239 257
239 258
239 262
239 263
239 271
239 300
239 301
239 306
239 309
239 314
239 315
239 326
239 330
239 345
239 348
239 349
239 353
239 354
239 357
239 362
239 369
239 370
239 371
239 392
242 137
242 144
242 7
242 13
242 23
242 32
242 57
242 205
242 212
242 214
242 243
242 250
242 257
242 258
242 271
242 293
242 300
242 301
242 314
242 315
242 326
242 348
242 362
242 369
242 392
242 396
243 15
243 137
243 7
243 10
243 13
243 32
243 43
243 50
243 57
243 61
243 72
243 97
243 119
243 159
243 166
243 205
243 218
243 227
243 233
243 250
243 252
243 254
243 257
243 258
243 260
243 262
243 263
243 271
243 277
243 293
243 301
243 302
243 306
243 309
243 314
243 315
243 318
243 326
243 340
243 348
243 349
243 353
243 354
243 357
243 358
243 360
243 362
243 370
243 375
243 384
243 392
243 393
243 396
243 400
250 15
250 137
250 144
250 188
250 27
250 57
250 61
250 72
250 112
250 133
250 134
250 165
250 166
250 205
250 244
250 249
250 252
250 258
250 262
250 263
250 271
250 293
250 300
250 301
250 306
250 309
250 314
250 326
250 330
250 340
250 345
250 348
250 349
250 353
250 354
250 357
250 369
250 370
250 386
250 392
252 15
252 137
252 188
252 23
252 25
252 56
252 57
252 61
252 76
252 85
252 97
252 113
252 149
252 150
252 166
252 199
252 205
252 254
252 263
252 271
252 300
252 304
252 306
252 311
252 326
252 330
252 340
252 345
252 348
252 349
252 353
252 369
252 370
252 371
252 372
252 390
254 15
254 137
254 144
254 188
254 1
254 13
254 50
254 68
254 76
254 97
254 119
254 133
254 149
254 159
254 177
254 199
254 218
254 227
254 230
254 233
254 251
254 258
254 260
254 262
254 302
254 318
254 321
254 326
254 329
254 349
254 369
254 370
254 371
254 372
254 374
254 384
254 400
257 15
257 137
257 144
257 43
257 57
257 61
257 72
257 165
257 166
257 205
257 212
257 262
257 271
257 293
257 300
257 301
257 306
257 309
257 314
257 315
257 326
257 340
257 353
257 357
257 362
257 369
257 392
258 15
258 137
258 43
258 50
258 97
258 262
258 271
258 300
258 301
258 348
258 354
258 369
258 375
262 137
262 7
262 32
262 50
262 57
262 72
262 97
262 166
262 205
262 263
262 271
262 277
262 293
262 300
262 301
262 306
262 309
262 314
262 315
262 326
262 330
262 340
262 348
262 349
262 353
262 357
262 358
262 360
262 369
262 375
262 392
263 15
263 188
263 23
263 25
263 56
263 57
263 61
263 85
263 97
263 133
263 150
263 166
263 244
263 271
263 293
263 300
263 301
263 306
263 311
263 326
263 329
263 330
263 340
263 345
263 349
263 353
263 354
263 357
263 370
263 371
263 398
271 15
271 137
271 144
271 188
271 7
271 13
271 23
271 43
271 72
271 166
271 174
271 214
271 300
271 301
271 306
271 309
271 314
271 315
271 321
271 326
271 330
271 340
271 345
271 348
271 349
271 354
271 358
271 369
271 370
271 371
271 375
271 392
271 396
277 13
277 50
277 159
277 174
277 217
277 227
277 233
277 251
277 260
277 295
277 318
277 321
277 333
277 360
277 369
277 374
277 384
277 396
277 400
300 15
300 137
300 144
300 188
300 32
300 57
300 61
300 72
300 85
300 97
300 165
300 166
300 212
300 293
300 301
300 306
300 309
300 314
300 315
300 326
300 340
300 348
300 349
300 353
300 354
300 357
300 358
300 362
300 369
300 370
300 392
300 393
301 15
301 137
301 144
301 7
301 32
301 57
301 97
301 165
301 166
301 174
301 205
301 214
301 249
301 293
301 306
301 309
301 318
301 326
301 340
301 348
301 349
301 353
301 354
301 357
301 362
301 369
301 370
301 392
301 393
301 400
306 137
306 144
306 188
306 43
306 56
306 61
306 72
306 165
306 205
306 309
306 315
306 326
306 330
306 345
306 349
306 353
306 354
306 357
306 358
306 369
306 371
306 392
315 15
315 137
315 32
315 43
315 57
315 72
315 165
315 205
315 293
315 314
315 326
315 349
315 357
315 362
315 369
315 392
315 393
326 15
326 137
326 144
326 188
326 57
326 63
326 119
326 133
326 166
326 218
326 309
326 345
326 348
326 349
326 353
326 354
326 369
326 370
326 371
326 375
326 392
340 15
340 137
340 144
340 188
340 43
340 57
340 61
340 72
340 205
340 348
340 349
340 353
340 357
340 369
340 371
340 392
345 15
345 25
345 61
345 72
345 73
345 97
345 135
345 150
345 166
345 205
345 231
345 276
345 330
345 370
348 15
348 137
348 144
348 43
348 100
348 249
348 349
348 353
348 369
348 392
349 15
349 137
349 144
349 188
349 43
349 68
349 97
349 119
349 133
349 150
349 166
349 199
349 230
349 330
349 346
349 354
349 370
349 371
353 15
353 137
353 144
353 188
353 43
353 57
353 61
353 72
353 97
353 100
353 166
353 205
353 236
353 249
353 309
353 330
353 354
353 369
354 15
354 137
354 144
354 43
354 57
354 134
354 205
354 249
354 293
354 314
354 330
354 357
354 369
354 370
354 393
360 13
360 50
360 159
360 214
360 227
360 233
360 251
360 260
360 302
360 318
360 321
360 375
360 396
369 15
369 144
369 188
369 13
369 43
369 72
369 97
369 100
369 119
369 159
369 166
369 218
369 302
369 330
369 357
369 370
369 375
369 400
372 188
372 50
372 56
372 68
372 97
372 119
372 133
372 199
372 311
372 371
372 375
392 15
392 137
392 144
392 43
392 64
392 165
392 293
392 309
392 314
392 357
392 362
396 10
396 50
396 119
396 159
396 214
396 217
396 233
396 251
396 260
396 302
396 321
396 333
396 374
396 375
396 384
396 400
15 43
15 57
15 72
15 97
15 137
15 144
15 166
15 205
15 218
15 293
15 309
15 314
15 330
15 357
15 358
43 137
43 330
43 57
43 166
43 205
43 249
43 293
43 309
43 314
43 362
57 144
57 32
57 205
57 293
57 309
57 314
72 137
72 144
72 61
97 144
97 188
97 85
97 329
97 56
97 109
97 113
97 133
97 149
97 219
97 253
97 331
97 394
97 375
97 23
97 25
97 68
97 76
97 100
97 150
97 166
97 177
97 199
97 205
97 218
97 304
97 358
97 370
137 32
137 119
137 133
137 144
137 188
137 205
137 293
137 309
137 314
137 358
137 362
137 370
144 7
144 13
144 32
144 100
144 119
144 205
144 212
144 218
144 309
144 318
144 357
166 188
166 85
166 330
166 56
166 244
166 61
166 25
166 63
166 205
166 370
205 188
205 293
205 309
293 32
293 249
293 309
293 314
293 362
293 393
309 249
309 314
309 357
309 362
314 32
314 64
314 357
314 362
314 393
330 188
330 1
330 25
330 76
330 150
330 183
330 343
330 358
330 371
357 393
358 370
13 7
13 10
13 50
13 214
13 217
13 233
13 251
13 260
13 302
13 321
13 333
13 384
13 400
100 371
100 375
100 135
100 143
100 183
100 186
100 231
100 276
188 3
188 18
188 25
188 51
188 56
188 60
188 113
188 133
188 149
188 199
188 213
188 219
188 253
188 259
188 261
188 304
188 307
188 311
188 331
188 343
188 347
188 355
188 370
188 371
188 376
188 386
188 394
321 7
321 159
321 214
321 217
321 233
321 251
321 260
321 302
321 10
321 295
321 333
321 374
321 375
321 400
370 85
370 329
370 149
370 244
370 311
370 331
370 371
370 23
370 299
370 25
370 135
370 143
370 150
370 186
371 3
371 51
371 56
371 60
371 109
371 113
371 133
371 213
371 244
371 247
371 253
371 261
371 307
371 311
371 331
371 343
371 347
371 50
371 76
371 135
371 150
371 177
371 199
371 230
371 304
371 375
371 376
371 386
371 390
371 394
375 329
375 133
375 7
375 50
375 159
375 251
375 260
375 302
375 68
375 227
375 384
375 400
10 214
10 217
10 251
10 333
10 374
10 400
10 295
50 7
50 119
50 159
50 233
50 251
50 302
50 384
50 400
119 159
119 384
159 7
159 227
159 233
159 251
159 260
159 302
159 318
159 400
177 329
177 299
177 150
177 49
177 68
227 233
227 302
233 7
233 214
233 217
233 260
233 302
233 318
233 384
233 400
251 7
251 217
251 260
251 295
251 333
251 374
251 400
273 2
273 202
273 173
273 190
273 192
273 297
273 312
302 7
302 318
302 384
318 260
318 400
23 311
23 63
23 299
32 362
32 393
400 7
400 214
400 374
3 56
3 60
3 86
3 109
3 113
3 116
3 133
3 179
3 213
3 219
3 226
3 244
3 253
3 259
3 307
3 311
3 331
3 343
3 355
3 376
3 386
3 390
3 394
3 398
51 18
51 56
51 60
51 67
51 109
51 112
51 116
51 133
51 149
51 213
51 244
51 247
51 253
51 259
51 261
51 307
51 311
51 331
51 347
51 376
51 386
51 390
51 394
51 398
56 18
56 76
56 109
56 113
56 133
56 149
56 152
56 199
56 213
56 219
56 244
56 259
56 304
56 311
56 331
56 343
56 347
56 386
56 390
56 394
60 18
60 67
60 109
60 116
60 149
60 219
60 244
60 253
60 259
60 261
60 307
60 331
60 347
60 355
60 376
60 386
60 390
60 394
68 329
68 133
68 199
68 49
68 76
68 322
76 113
109 18
109 113
109 116
109 199
109 213
109 219
109 247
109 253
109 259
109 261
109 304
109 307
109 311
109 331
109 343
109 347
109 355
109 386
109 390
109 394
112 85
112 219
112 236
112 244
112 253
112 304
112 311
112 355
112 386
112 398
133 18
133 116
133 106
133 149
133 199
133 213
133 247
133 253
133 259
133 261
133 311
133 331
133 347
133 355
133 376
133 386
133 390
244 18
244 86
244 113
244 116
244 149
244 219
244 106
244 152
244 199
244 247
244 253
244 259
244 304
244 307
244 311
244 331
244 347
244 355
244 376
244 386
244 390
244 394
244 398
253 18
253 86
253 113
253 149
253 213
253 219
253 247
253 199
253 259
253 261
253 304
253 307
253 311
253 331
253 343
253 347
253 355
253 376
253 386
253 390
304 85
304 213
304 311
304 331
304 386
304 390
304 236
311 18
311 116
311 149
311 213
311 219
311 247
311 259
311 261
311 307
311 152
311 199
311 331
311 343
311 347
311 355
311 376
311 384
311 386
311 390
311 394
347 18
347 116
347 149
347 213
347 219
347 226
347 259
347 307
347 331
347 355
347 386
347 390
347 394
384 260
386 18
386 86
386 116
386 149
386 179
386 213
386 219
386 226
386 247
386 259
386 261
386 307
386 331
386 343
386 355
386 67
386 390
386 398
390 18
390 113
390 116
390 149
390 213
390 219
390 259
390 261
390 307
390 331
390 343
390 355
390 376
390 152
390 199
390 394
398 213
398 219
398 355
398 394
149 18
149 74
149 140
149 213
149 219
149 282
149 289
149 307
149 331
149 355
149 376
25 143
25 150
25 183
49 299
49 150
49 175
49 234
49 294
299 329
299 224
299 327
299 150
327 65
327 255
327 21
327 34
327 128
327 129
327 146
327 209
327 270
327 283
327 93
327 136
327 139
327 150
327 189
327 200
327 203
327 234
327 294
327 298
327 320
327 334
327 378
327 395
64 362
165 362
174 374
174 295
214 7
214 110
214 217
214 295
214 333
214 374
18 116
18 199
18 213
18 219
18 247
18 259
18 261
18 307
18 331
18 343
18 355
18 376
18 394
85 1
85 236
113 211
113 213
113 247
171 143
171 183
171 135
171 186
171 276
183 143
183 167
183 231
183 276
183 324
213 86
213 116
213 219
213 259
213 261
213 307
213 331
213 343
213 376
213 394
247 219
247 259
247 331
247 343
247 355
247 376
247 394
331 86
331 219
331 261
331 199
331 355
331 394
343 259
343 52
343 199
343 211
343 230
343 376
343 394
394 86
394 116
394 219
394 261
394 307
394 355
394 376
1 329
7 217
7 260
7 333
27 17
27 38
27 54
27 323
217 295
217 333
260 374
278 110
278 341
333 295
143 135
143 167
143 186
143 231
143 276
143 324
199 259
199 264
231 135
259 116
259 219
259 261
259 307
259 355
259 376
355 86
355 116
355 179
355 219
355 261
355 307
355 67
355 376
219 116
219 261
219 307
219 376
261 86
261 116
261 106
261 307
261 376
307 86
307 67
307 376
376 67
374 295
134 6
134 37
134 142
134 255
134 350
134 364
230 52
329 54
329 81
329 117
329 138
329 267
329 368
73 12
73 33
73 47
73 19
73 69
73 77
73 95
73 101
73 108
73 115
73 123
73 155
73 169
73 207
73 210
73 220
73 303
73 328
73 342
73 381
73 387
73 388
73 391
135 186
135 276
135 324
276 167
276 186
276 324
346 154
81 34
81 128
81 22
81 36
81 89
81 93
81 138
81 189
81 201
81 267
81 292
81 332
81 334
81 399
138 128
138 209
138 283
138 319
138 22
138 36
138 87
138 89
138 93
138 136
138 55
138 139
138 141
138 184
138 189
138 201
138 267
138 292
138 296
138 313
138 332
138 334
138 337
138 368
267 128
267 22
267 36
267 93
267 141
267 201
267 292
267 332
267 334
267 368
267 399
368 34
368 128
368 319
368 36
368 89
368 93
368 184
368 189
368 201
368 332
368 334
2 104
2 224
104 190
104 202
190 202
190 8
173 192
173 284
173 312
192 284
297 98
116 226
179 226
74 20
74 118
74 140
74 256
74 274
74 282
74 289
74 359
74 389
140 20
140 118
140 256
140 274
140 282
140 389
282 256
282 274
282 289
282 389
289 20
289 118
289 256
289 389
4 14
4 80
4 127
4 131
4 198
4 269
4 338
4 380
14 80
14 120
14 127
14 131
14 145
14 154
14 164
14 228
14 265
14 288
14 325
14 338
14 363
14 380
80 99
80 127
80 131
80 145
80 154
80 158
80 164
80 225
80 229
80 269
80 279
80 285
80 286
80 287
80 288
80 338
80 363
80 366
127 75
127 99
127 131
127 145
127 158
127 164
127 198
127 225
127 229
127 269
127 275
127 279
127 286
127 288
127 338
127 363
127 366
131 269
131 338
198 99
198 269
198 363
269 75
269 99
269 154
269 338
269 363
338 75
338 99
338 154
338 229
338 288
338 363
380 35
380 154
380 206
380 325
380 361
120 35
120 124
120 154
120 206
120 351
120 361
145 229
145 275
145 75
145 158
145 164
145 225
145 279
145 285
145 363
145 366
154 229
154 325
164 229
164 275
164 75
164 99
164 158
164 225
164 279
164 285
164 286
164 288
164 363
164 366
228 238
228 281
228 325
228 389
265 9
265 66
265 91
265 130
265 170
265 182
265 287
265 291
265 308
265 379
265 385
265 397
288 229
288 75
288 158
288 225
288 279
288 285
288 286
288 363
288 366
325 99
325 28
325 238
325 266
325 281
325 363
325 389
363 229
363 275
363 75
363 99
363 158
363 225
363 279
363 285
363 286
363 366
99 229
99 275
99 75
99 158
99 225
99 279
99 286
99 366
158 275
158 75
158 225
158 279
158 285
158 286
158 366
225 229
225 275
225 75
225 279
225 285
225 366
229 5
229 176
229 75
229 268
229 275
229 279
229 285
229 286
229 339
229 351
229 366
229 373
279 275
279 286
279 366
285 275
285 75
285 286
285 366
286 176
286 275
287 9
287 62
287 66
287 91
287 130
287 170
287 291
287 308
287 379
287 385
287 397
366 275
366 75
75 275
275 5
275 168
275 176
275 268
275 272
275 339
275 373
35 206
35 221
35 361
206 351
206 196
206 361
361 221
5 168
5 176
5 339
5 373
168 176
168 339
168 351
168 373
176 268
176 272
176 339
176 373
339 268
339 272
339 373
373 268
373 272
351 272
351 91
351 308
351 245
351 26
351 46
351 48
351 94
351 180
351 193
351 335
268 272
6 65
6 103
65 234
65 255
65 270
65 294
65 378
103 255
255 17
255 41
255 71
255 157
255 163
255 310
255 344
255 377
270 21
270 34
270 128
270 129
270 146
270 283
270 319
270 378
270 382
294 365
294 175
294 248
294 316
294 395
378 21
378 34
378 128
378 129
378 209
378 319
378 93
142 204
364 196
364 336
17 38
17 41
17 71
17 157
17 163
17 235
17 237
17 310
17 344
41 38
41 157
41 235
41 310
41 344
41 377
71 38
71 157
71 163
71 237
71 240
71 310
71 377
157 38
157 163
157 235
157 237
157 344
163 38
163 235
163 237
163 310
163 344
163 377
310 38
310 235
310 240
310 344
310 377
344 38
344 235
344 237
344 377
377 237
377 240
8 204
9 62
9 66
9 91
9 130
9 170
9 182
9 291
9 308
9 379
9 397
62 11
62 26
62 29
62 46
62 48
62 66
62 91
62 94
62 114
62 130
62 170
62 180
62 181
62 193
62 194
62 197
62 245
62 308
62 335
62 356
62 379
62 397
66 130
66 170
66 182
66 291
66 308
66 379
66 385
91 11
91 16
91 26
91 45
91 46
91 48
91 94
91 114
91 130
91 170
91 180
91 181
91 193
91 194
91 197
91 245
91 280
91 291
91 308
91 335
91 356
91 379
91 385
91 397
130 11
130 114
130 170
130 181
130 182
130 197
130 291
130 308
130 356
130 379
130 385
130 397
170 182
170 291
170 308
170 379
170 397
182 291
182 308
182 379
182 385
182 397
291 308
291 385
308 16
308 26
308 46
308 48
308 114
308 180
308 193
308 197
308 245
308 335
308 356
308 385
308 397
379 11
379 16
379 26
379 29
379 48
379 94
379 114
379 181
379 193
379 194
379 197
379 245
379 280
379 335
379 356
379 385
379 397
397 114
397 181
397 197
397 356
11 114
11 181
11 194
11 197
11 245
11 356
26 245
26 16
26 46
26 48
26 94
26 180
26 193
26 280
26 335
29 114
29 181
29 194
29 197
29 356
46 16
46 45
46 48
46 94
46 180
46 193
46 335
48 245
48 16
48 45
48 94
48 180
48 193
48 280
48 335
94 245
94 16
94 45
94 180
94 280
94 335
114 181
114 194
114 197
114 356
180 245
180 16
180 45
180 280
180 335
181 194
181 197
181 356
193 245
193 16
193 45
193 280
193 335
194 197
194 356
197 356
245 45
245 178
245 280
245 335
335 16
335 45
335 280
16 45
16 280
45 30
45 83
45 92
45 280
12 33
12 77
12 84
12 108
12 115
12 151
12 155
12 210
12 220
12 303
12 342
12 381
12 387
12 391
33 77
33 84
33 95
33 108
33 115
33 123
33 151
33 155
33 169
33 210
33 220
33 303
33 317
33 328
33 342
33 388
33 391
77 47
77 69
77 84
77 95
77 108
77 115
77 123
77 151
77 210
77 220
77 303
77 328
77 342
77 381
77 387
77 391
84 47
84 69
84 101
84 108
84 115
84 123
84 151
84 155
84 169
84 210
84 220
84 303
84 328
84 342
84 381
84 387
84 388
84 391
108 47
108 95
108 19
108 69
108 101
108 115
108 123
108 151
108 155
108 210
108 328
108 342
108 367
108 381
108 387
108 388
108 391
115 47
115 95
115 19
115 69
115 123
115 151
115 155
115 210
115 303
115 328
115 381
115 387
115 391
151 47
151 95
151 123
151 19
151 101
151 155
151 169
151 210
151 220
151 303
151 328
151 342
151 367
151 381
151 387
151 388
151 391
155 47
155 95
155 123
155 19
155 101
155 207
155 210
155 220
155 303
155 328
155 342
155 381
155 387
155 391
210 47
210 95
210 123
210 19
210 69
210 101
210 169
210 207
210 220
210 303
210 328
210 342
210 381
210 387
210 388
210 391
220 47
220 123
220 19
220 101
220 328
220 342
220 381
220 387
220 391
303 47
303 95
303 123
303 19
303 69
303 328
303 381
303 387
342 47
342 123
342 19
342 101
342 328
342 381
342 391
381 47
381 123
381 19
381 69
381 101
381 207
381 328
381 387
381 391
387 47
387 95
387 123
387 169
387 317
387 328
387 388
387 391
391 47
391 95
391 123
391 19
391 69
391 101
391 169
391 207
391 328
391 388
95 19
95 123
123 19
123 69
123 328
123 367
169 328
328 47
328 19
328 101
328 69
388 47
47 69
47 101
47 207
69 185
101 19
207 19
124 105
124 383
238 266
238 281
281 28
281 266
389 118
30 83
30 92
83 92
92 246
38 235
38 237
235 237
235 240
323 290
20 118
20 256
118 256
21 129
21 146
21 209
21 283
21 319
21 382
129 34
129 128
129 146
129 319
146 34
146 128
146 22
146 36
146 89
146 93
146 141
146 184
146 189
146 201
146 209
146 283
146 296
146 313
146 319
146 320
146 332
146 382
209 34
209 22
209 36
209 55
209 59
209 70
209 93
209 136
209 139
209 141
209 200
209 283
209 296
209 298
209 313
209 319
209 320
209 332
209 382
283 34
283 36
283 55
283 93
283 136
283 141
283 189
283 313
283 319
283 320
283 332
283 334
319 34
319 128
319 22
319 36
319 55
319 59
319 87
319 89
319 93
319 136
319 139
319 141
319 184
319 189
319 200
319 201
319 296
319 298
319 313
319 332
319 334
319 337
319 382
382 34
382 128
382 55
382 89
382 136
382 189
382 334
34 22
34 36
34 89
34 93
34 128
34 136
34 139
34 141
34 184
34 189
34 201
34 313
34 320
34 332
34 334
22 128
22 36
22 87
22 93
22 136
22 184
22 189
22 201
22 292
22 296
22 332
22 334
22 337
36 128
36 87
36 89
36 93
36 136
36 141
36 184
36 189
36 292
36 296
36 313
36 320
36 332
36 334
36 337
89 128
89 87
89 55
89 93
89 141
89 184
89 189
89 201
89 313
89 320
89 334
89 337
93 128
93 87
93 53
93 55
93 70
93 136
93 139
93 141
93 189
93 201
93 296
93 298
93 313
93 320
93 332
93 334
128 55
128 139
128 141
128 184
128 189
128 201
128 296
128 298
128 320
128 332
128 334
136 55
136 59
136 139
136 141
136 184
136 189
136 200
136 203
136 298
136 313
136 332
136 334
139 296
139 313
139 320
139 332
139 334
139 55
141 55
141 184
141 201
141 296
141 313
141 320
141 334
184 87
184 55
184 189
184 201
184 313
184 320
184 334
184 337
189 87
189 200
189 201
189 296
189 298
189 313
189 320
189 332
201 87
201 292
201 332
201 399
313 55
313 70
313 200
313 203
313 298
313 320
313 332
313 334
320 296
320 55
320 59
320 200
320 298
320 332
332 87
332 292
332 55
332 334
332 337
334 87
334 292
334 296
334 55
334 200
334 203
334 298
55 296
55 59
55 203
55 298
296 200
296 298
298 53
298 200
298 70
70 200
70 203
200 53
200 203
87 337
203 53
395 365
395 175
395 305
186 167
186 324
167 324
196 336
42 222
42 365
365 305
305 248
305 316
248 316
105 187
105 241
105 383
187 241
241 352
