302
831
1061
904
182
479
604
1026
97
275
817
386
199
941
273
1046
1110
405
425
17
867
450
282
321
997
28
412
483
411
518
650
875
30
888
119
1108
643
1115
337
881
819
220
591
129
244
468
80
228
926
808
1075
339
571
90
835
84
15
873
308
999
943
260
796
435
958
1012
628
135
512
473
983
1051
971
553
1007
723
647
406
759
533
655
843
674
251
700
399
472
348
426
464
11
166
557
605
351
529
611
1056
666
40
619
515
690
217
638
484
233
774
544
630
49
911
716
680
267
309
32
158
948
63
528
907
481
813
586
2
383
973
996
1064
967
417
247
66
1091
1050
499
994
935
746
699
864
31
519
1076
177
1069
310
340
1004
1102
919
416
703
769
781
669
180
766
1021
145
87
152
342
679
1057
127
836
573
50
736
651
988
355
157
635
92
1103
507
227
322
861
53
883
10
332
414
334
96
477
559
494
291
1043
107
577
74
551
627
910
364
853
123
876
159
54
645
558
318
183
733
993
764
313
161
427
566
992
1033
841
270
319
714
818
606
459
204
942
903
532
587
991
194
780
70
567
437
670
333
101
791
397
649
215
890
964
745
719
387
724
1084
795
390
778
474
576
610
1059
482
902
288
656
12
60
805
862
1005
9
453
22
632
380
469
731
753
874
305
172
1094
633
378
585
432
675
452
641
718
614
57
659
1127
1008
75
94
1066
253
287
64
498
548
639
1085
804
1081
702
598
286
343
246
772
658
167
7
637
497
48
616
561
592
799
827
712
539
541
784
134
574
683
420
108
767
934
1067
743
234
13
620
1055
26
480
329
912
290
294
1017
33
901
852
1129
1060
525
595
235
271
1109
725
173
317
520
178
1072
928
451
105
303
352
667
734
642
1122
38
1105
289
517
850
493
89
927
295
176
961
347
1097
338
502
626
1112
239
52
245
144
597
524
1045
316
407
537
345
126
1058
869
153
684
842
727
704
980
230
954
441
259
457
644
726
840
894
546
229
755
210
139
572
1096
121
1009
442
296
953
314
802
213
510
762
492
523
976
982
957
618
192
1080
521
858
374
893
356
6
202
589
924
986
368
1101
71
578
205
981
241
85
440
673
344
560
925
880
462
238
854
1037
709
1071
908
256
336
232
930
198
431
27
65
14
987
117
195
1124
118
35
706
514
490
717
39
42
584
757
179
125
1011
1003
568
448
460
530
851
581
1024
171
1125
1082
918
870
185
410
428
73
688
636
91
826
765
248
111
1048
1049
617
297
1120
742
21
895
155
1111
995
662
695
871
1027
68
461
1014
833
564
146
665
786
624
1121
823
1002
798
110
878
214
682
963
720
629
825
5
78
526
803
531
186
749
151
175
361
122
150
990
866
931
488
254
516
554
563
984
224
384
1117
898
758
809
1013
612
951
371
149
513
822
423
196
730
353
381
1098
51
744
400
312
1038
555
583
209
467
200
681
920
701
77
404
698
1114
147
844
18
418
62
846
913
279
444
281
375
165
815
800
191
16
906
388
262
696
72
721
306
1083
972
366
989
509
761
434
938
828
936
1086
600
293
1032
1100
41
549
1035
389
190
429
298
788
20
693
1095
424
547
454
975
590
735
794
978
949
449
747
1023
713
1022
501
455
793
29
222
694
1119
409
947
891
653
661
596
187
395
350
789
773
872
419
914
579
1040
929
837
476
398
269
562
956
1001
323
328
593
487
216
787
495
360
783
203
1036
607
223
849
257
946
1052
331
879
100
909
276
711
939
379
508
838
470
236
1099
588
977
264
522
625
504
76
570
69
932
790
887
382
732
95
330
538
46
740
408
1028
1126
266
821
917
839
807
132
184
422
81
219
169
436
250
124
756
373
206
623
255
952
631
834
3
707
34
218
193
466
1019
646
1063
536
1077
1118
582
24
634
285
142
729
8
882
565
648
104
677
93
859
471
810
82
394
456
58
697
326
609
1015
102
263
376
737
421
486
962
163
672
304
965
116
99
937
354
915
1006
959
896
1068
392
923
372
370
237
143
1128
136
369
663
970
814
602
67
664
485
1106
113
797
4
1010
540
415
170
945
1030
678
1020
349
174
1131
413
877
668
768
770
657
603
357
1123
1
1116
443
240
1090
61
1113
362
801
268
47
1092
211
760
660
615
491
1018
162
771
189
391
1107
1087
1104
692
710
447
806
738
1034
1047
599
506
403
325
652
728
687
278
292
1039
311
622
832
138
782
860
79
44
324
430
226
511
261
197
98
775
785
686
899
37
1073
979
750
478
1016
148
299
863
341
792
715
43
885
845
181
1054
367
556
640
358
365
465
446
950
671
748
109
439
25
401
277
830
1029
106
922
580
955
691
463
505
242
968
608
346
1130
280
621
816
300
120
1079
231
56
503
133
221
1074
535
857
776
335
274
1065
243
283
496
777
820
1132
1088
1078
188
940
363
689
0
779
249
