189
470
680
679
375
242
600
315
88
82
402
48
567
790
655
420
81
565
341
650
817
230
828
16
876
170
268
478
552
443
285
83
469
91
110
806
841
352
551
157
617
227
134
282
276
733
581
300
618
140
319
128
403
221
532
309
243
750
427
649
509
252
246
881
667
791
311
839
916
589
967
575
145
53
448
79
447
93
697
267
497
553
28
763
607
685
797
317
205
714
196
561
92
232
313
107
661
78
490
141
382
404
499
373
194
507
518
305
444
295
143
815
58
713
7
353
237
287
840
498
5
449
360
861
668
77
500
548
260
457
178
430
286
314
492
862
171
571
938
820
813
595
381
890
491
40
111
771
647
215
23
146
122
175
106
371
587
533
823
728
583
935
468
416
445
681
465
234
554
584
588
24
437
125
462
201
343
610
849
137
127
537
606
434
264
101
674
459
485
873
976
892
132
808
112
699
393
784
259
578
596
27
105
868
247
370
224
683
704
446
121
362
17
350
148
417
99
731
97
288
412
431
169
206
266
64
138
333
166
233
262
786
821
115
346
991
6
612
800
15
776
303
555
844
787
369
155
172
149
200
474
912
429
217
34
154
299
184
218
351
244
324
752
126
96
44
658
395
562
1000
236
580
694
197
450
207
464
191
521
969
372
102
270
947
19
638
211
660
269
557
94
734
829
90
727
279
147
187
564
496
33
711
71
415
453
56
119
471
903
271
825
700
14
293
515
436
682
524
460
108
359
461
576
104
120
394
782
577
715
624
366
25
423
95
204
545
501
43
318
636
409
248
592
599
645
272
226
114
202
959
75
249
199
846
582
476
407
399
526
506
718
41
850
173
662
256
50
183
426
858
335
57
670
87
905
392
477
832
400
22
340
896
129
666
383
594
608
631
635
675
783
978
831
737
273
493
796
510
889
556
113
210
361
167
508
904
517
513
505
89
590
514
736
356
4
633
136
962
887
966
387
52
710
310
241
185
9
627
793
760
628
182
47
391
703
347
751
161
997
525
231
261
26
45
358
768
223
76
494
222
495
676
926
777
611
503
918
401
253
209
663
277
275
240
528
688
179
629
190
51
422
80
20
156
722
838
824
502
745
466
463
956
316
255
870
754
696
652
73
278
263
927
174
479
338
225
516
168
103
109
863
899
