0 230
0 290
0 400
0 444
0 489
230 121
230 179
230 256
230 319
230 404
230 437
230 484
230 496
230 559
290 438
400 192
400 256
400 319
400 332
400 366
400 419
400 437
400 496
400 540
400 541
444 200
444 15
444 270
444 322
444 413
444 512
489 332
200 287
200 322
200 411
287 29
287 15
287 120
287 170
287 270
287 322
287 399
287 413
287 427
287 502
287 524
287 566
322 270
322 512
121 496
121 404
121 108
121 179
121 192
179 559
179 256
256 496
319 366
319 437
319 321
319 436
319 465
404 496
404 361
404 50
404 192
404 252
404 292
404 423
437 496
437 419
437 180
437 49
437 60
437 220
437 329
437 368
437 465
437 521
484 182
484 123
484 218
496 333
496 84
496 370
496 50
496 60
496 100
496 192
496 238
496 252
496 332
496 349
496 419
496 423
496 457
559 93
559 252
438 72
438 403
438 138
438 120
332 370
332 456
332 48
332 349
332 37
332 397
332 361
332 50
332 114
332 134
332 185
332 208
332 234
332 247
332 295
332 371
332 399
332 432
332 476
332 483
366 13
366 137
366 295
366 540
419 24
419 110
419 112
419 119
419 132
419 152
419 181
419 220
419 231
419 252
419 363
419 387
419 521
419 548
541 397
541 60
541 451
270 284
270 120
413 399
413 170
413 566
512 229
1 308
1 333
1 372
308 120
308 414
308 560
333 48
333 302
333 361
333 399
333 423
333 457
372 14
372 20
372 56
372 83
372 381
372 457
414 370
414 140
414 27
414 297
414 327
560 72
48 97
48 271
48 331
48 376
48 492
48 45
48 74
48 106
48 108
48 134
48 155
48 203
48 213
48 216
48 238
48 296
48 377
48 423
48 445
48 446
48 455
48 497
48 500
48 533
361 197
399 113
399 60
399 247
399 423
399 498
423 503
423 201
423 112
457 409
457 324
20 56
20 222
20 251
56 29
56 140
56 381
83 19
83 222
381 19
381 72
381 383
381 513
2 95
2 97
2 133
2 233
2 273
2 309
2 331
2 357
2 376
2 443
2 459
2 567
95 97
95 102
95 309
95 567
97 26
97 102
97 108
97 141
97 172
97 233
97 273
97 309
97 311
97 331
97 357
97 377
97 455
97 474
97 497
97 533
97 567
133 74
133 145
133 233
133 242
133 296
133 331
133 376
133 459
133 467
133 474
233 296
233 309
233 331
233 376
233 459
233 467
273 55
273 191
273 331
273 362
273 376
273 529
309 47
309 102
309 198
309 264
309 296
309 310
309 331
309 376
309 377
309 430
309 459
309 467
309 567
331 44
331 74
331 108
331 109
331 141
331 172
331 180
331 198
331 201
331 238
331 323
331 376
331 377
331 445
331 446
331 459
331 467
331 519
357 271
357 54
357 94
357 129
357 165
357 204
357 248
357 390
357 401
357 408
357 430
357 459
357 550
357 567
376 74
376 100
376 108
376 177
376 198
376 286
376 296
376 377
376 455
376 459
376 467
376 497
376 533
376 567
443 271
443 284
459 203
459 430
459 467
567 198
567 296
567 377
567 467
102 34
102 68
102 262
102 67
102 69
102 130
102 228
102 300
102 301
102 326
102 420
102 532
26 269
26 296
26 377
26 516
108 45
108 269
108 213
108 236
108 252
108 455
141 377
141 172
172 45
172 213
172 236
172 315
172 374
172 487
377 296
377 100
377 177
377 198
377 213
377 323
377 455
377 467
377 497
377 500
377 516
377 533
455 100
455 143
455 497
474 47
474 145
474 264
474 59
474 124
474 245
474 493
474 522
497 429
497 269
497 62
497 464
497 483
497 533
533 429
74 296
74 323
74 374
74 155
74 198
74 231
74 242
74 286
74 467
145 492
145 24
145 64
145 51
145 59
145 124
145 203
145 223
145 364
145 493
145 551
145 561
242 296
242 106
242 467
296 45
296 198
296 231
296 323
296 374
296 467
467 323
467 374
467 231
467 198
467 286
271 136
271 155
271 165
271 189
271 203
271 401
136 235
136 155
136 476
136 234
136 272
155 126
155 169
155 503
155 100
155 178
155 234
155 272
155 385
155 472
155 476
165 401
165 94
165 248
165 550
189 477
189 294
189 503
189 323
189 203
189 59
189 283
189 346
189 417
189 452
203 294
203 51
203 94
203 204
203 224
203 248
203 390
203 522
203 528
401 54
401 129
401 390
401 100
401 408
55 47
55 191
55 362
191 31
191 147
191 161
191 181
191 193
191 194
191 206
191 278
191 362
191 416
191 529
362 375
362 260
362 546
362 416
362 506
529 375
529 260
529 546
529 416
529 506
47 11
47 71
47 90
47 111
47 149
198 286
264 90
264 310
264 382
310 90
310 306
310 343
310 433
310 449
44 109
44 238
109 201
109 238
109 558
180 440
180 562
180 391
180 350
180 49
180 60
180 61
180 69
180 201
180 238
180 329
201 462
201 397
201 112
201 238
201 252
201 355
323 45
323 208
323 59
323 231
323 346
323 374
323 519
445 446
519 88
519 442
519 208
519 231
519 232
519 354
519 505
519 543
54 129
54 408
94 294
94 390
94 204
94 248
129 390
129 408
204 248
204 550
248 550
408 100
408 118
408 224
408 507
550 294
550 551
550 124
550 528
100 476
100 143
100 177
100 205
100 539
284 4
284 210
284 503
3 227
3 510
227 239
239 448
4 40
4 66
4 202
4 210
40 158
40 210
40 407
40 427
202 388
202 477
210 407
210 427
158 388
158 18
158 126
158 169
158 178
158 263
407 427
427 170
388 18
388 126
388 169
388 178
388 235
388 337
388 434
388 477
477 18
477 24
477 58
477 235
477 281
477 294
477 345
477 380
477 503
477 565
503 18
503 212
503 285
503 24
503 224
503 385
503 441
503 472
503 481
18 113
18 126
18 169
18 212
18 235
18 285
18 294
126 113
126 169
126 178
235 208
235 234
235 476
337 294
337 393
337 224
337 341
337 385
337 392
337 472
337 473
337 481
337 564
24 212
24 64
24 162
24 215
24 216
24 249
24 259
24 359
24 389
24 439
24 501
24 549
24 565
281 25
281 176
281 345
281 378
281 380
281 473
281 544
294 224
294 241
294 389
294 472
345 25
345 151
345 367
345 380
345 393
345 473
565 389
565 439
565 92
565 258
565 267
565 394
5 17
5 34
5 68
5 125
5 184
5 375
17 34
17 68
17 89
17 107
17 125
17 184
17 196
17 314
17 325
17 468
17 492
17 499
17 562
34 68
34 89
34 107
34 125
34 166
34 184
34 257
34 305
34 314
34 336
34 375
34 468
34 562
68 125
68 150
68 184
68 257
68 314
68 348
68 350
68 410
68 508
68 532
125 89
125 107
125 184
125 257
125 314
125 325
125 468
125 499
125 562
184 196
184 375
184 492
375 257
375 260
375 325
375 416
375 546
89 562
107 12
107 23
107 59
107 63
107 96
107 257
107 259
107 275
107 325
107 346
107 352
107 397
107 420
107 466
107 500
107 534
107 562
314 336
314 348
314 350
314 468
314 499
325 275
325 257
325 88
325 166
325 305
325 442
325 468
468 499
492 59
492 88
492 103
492 106
492 124
492 223
492 253
492 291
492 303
492 418
492 500
492 505
492 522
492 538
499 79
499 175
499 336
499 348
499 350
562 12
562 520
562 61
562 79
562 112
562 350
562 405
166 51
166 59
166 217
166 231
166 305
166 522
257 275
257 23
257 355
257 391
257 456
305 217
305 442
336 175
336 348
336 350
150 262
150 335
150 508
348 553
350 79
350 175
350 405
350 406
410 154
532 149
260 111
260 269
260 31
260 122
260 193
260 313
260 330
260 365
260 416
416 516
416 546
416 193
416 464
416 506
546 269
546 315
546 122
546 167
546 171
546 368
6 77
6 262
6 460
262 435
262 460
435 395
7 429
429 105
429 31
429 111
429 220
429 313
429 365
105 181
105 313
105 330
105 509
105 516
105 548
181 57
181 87
181 110
181 119
181 132
181 152
181 220
181 299
181 363
181 425
181 447
181 521
181 548
181 555
313 111
313 122
330 509
330 516
330 365
330 128
509 11
509 71
509 149
509 274
509 278
509 548
516 500
516 147
516 194
516 278
548 425
548 206
31 365
111 71
111 122
111 220
111 274
220 315
220 521
220 132
220 152
220 363
365 128
8 29
8 116
8 209
8 373
29 9
29 37
29 39
29 116
29 138
29 162
29 176
29 215
29 226
29 243
29 255
29 312
29 360
29 369
29 428
29 456
29 501
209 312
209 428
209 501
37 456
39 162
39 215
39 501
39 176
39 199
39 318
39 342
39 470
138 214
162 176
162 199
162 215
162 226
162 288
162 318
162 342
162 360
162 470
176 215
176 428
176 98
176 255
176 344
176 360
215 32
215 163
215 199
215 226
215 249
215 261
215 276
215 291
215 318
215 342
215 360
215 450
215 470
215 501
226 216
226 32
226 124
226 501
226 549
243 199
243 307
243 339
243 384
243 471
243 494
255 199
255 207
255 267
255 307
255 339
255 384
255 412
255 471
312 428
312 199
360 199
369 456
369 41
369 156
369 422
369 426
428 249
428 501
428 569
456 23
456 41
456 117
456 422
456 432
501 46
501 85
501 151
501 288
501 318
501 342
501 432
501 470
501 547
222 19
140 19
140 523
10 356
10 517
356 334
356 478
356 486
356 542
517 81
517 127
517 431
334 22
334 146
334 148
334 219
334 486
334 511
478 82
478 148
478 104
478 486
486 320
486 542
542 320
542 82
81 42
81 127
81 424
127 42
127 424
127 431
11 71
11 149
71 274
149 119
149 154
149 161
149 274
149 278
90 306
122 167
119 278
119 299
119 447
119 555
154 57
154 87
154 135
154 161
154 206
154 221
154 347
154 425
278 38
278 194
12 275
12 520
520 440
520 259
59 500
59 76
59 130
59 245
59 303
59 346
59 521
59 522
96 466
259 112
259 132
259 152
259 231
259 346
259 387
259 488
259 521
346 88
346 231
346 303
352 52
352 159
352 534
397 462
397 30
397 391
397 52
397 53
397 60
397 86
397 159
397 173
397 240
397 244
397 250
397 295
397 421
397 530
420 130
420 530
500 249
500 231
500 454
500 521
440 329
329 110
329 514
79 69
112 521
112 73
112 110
112 132
13 84
13 137
84 370
84 536
137 370
137 462
370 86
370 321
370 349
370 526
370 536
462 53
462 60
462 240
462 328
462 349
295 328
86 80
86 316
86 321
86 436
321 197
321 80
321 316
321 436
321 458
321 526
349 28
526 80
60 391
60 250
60 409
60 451
60 476
60 482
328 451
50 483
252 197
252 557
252 568
170 263
502 453
16 197
16 537
197 93
197 327
197 537
537 254
93 33
93 35
327 27
254 72
254 409
391 36
391 250
88 549
88 51
88 231
88 246
88 317
88 442
88 493
442 217
442 231
442 354
442 418
442 522
442 543
103 298
103 131
103 358
103 364
103 538
124 288
124 493
124 527
124 528
223 561
223 522
223 527
253 249
253 32
253 163
253 199
253 228
253 244
253 276
253 307
253 317
253 358
253 538
253 569
291 249
291 163
291 43
291 101
291 115
291 174
291 186
291 317
291 396
291 450
291 538
291 569
303 246
303 521
418 231
418 522
418 543
418 354
418 505
522 51
522 217
522 493
538 244
538 358
212 224
212 359
212 473
224 389
224 528
224 183
224 241
359 493
359 549
473 393
473 392
473 266
473 378
473 544
208 558
208 41
208 134
208 232
234 476
476 539
241 389
241 183
389 283
389 439
389 452
472 385
441 216
441 91
441 547
481 341
19 72
19 495
72 21
72 324
72 383
72 403
72 513
21 403
324 409
324 268
383 513
383 139
513 289
22 402
146 219
146 211
146 511
148 320
148 82
148 144
148 211
148 485
148 511
219 104
219 211
219 525
511 211
41 216
41 558
41 156
41 422
117 156
117 422
422 216
422 156
422 426
64 115
64 174
64 298
64 417
64 493
64 527
64 549
216 65
216 156
216 249
216 344
216 426
249 32
249 98
249 115
249 163
249 174
249 244
249 261
249 461
249 527
549 231
45 213
45 236
45 269
45 315
45 504
134 114
134 185
134 247
134 371
213 236
213 315
213 374
213 454
213 490
115 43
115 101
115 174
115 298
115 396
115 450
115 569
174 569
174 298
298 173
298 421
298 300
298 364
417 280
417 452
417 551
493 288
493 228
493 353
493 379
527 561
527 364
527 551
51 69
51 76
51 231
364 561
364 206
551 231
551 183
551 280
551 452
551 528
199 515
199 46
199 92
199 157
199 160
199 164
199 258
199 288
199 307
199 318
199 339
199 342
199 384
199 470
199 471
199 491
199 547
288 318
288 339
288 342
288 470
318 46
318 342
318 470
470 46
32 163
32 261
163 261
163 276
163 317
163 569
276 569
276 244
276 461
450 43
450 101
450 396
450 569
65 344
65 351
65 394
65 415
156 293
156 426
344 277
344 415
344 545
244 396
244 52
244 173
244 131
244 461
132 521
132 73
132 110
132 152
132 363
152 521
152 73
152 110
231 374
231 452
231 488
231 543
387 110
387 363
521 363
283 452
110 447
110 555
569 43
569 101
569 396
85 153
85 142
85 237
85 552
151 25
151 393
547 515
547 157
547 545
92 339
92 160
92 258
92 386
258 339
258 160
258 164
258 267
258 386
267 164
394 480
25 393
393 378
393 392
378 544
269 555
236 315
236 490
315 374
504 535
555 299
374 487
374 490
27 297
153 142
153 552
142 164
142 552
307 339
307 164
307 207
307 384
307 471
307 494
339 75
339 164
339 228
339 384
339 471
339 494
384 164
384 207
384 471
471 164
471 494
207 164
412 164
515 157
36 250
250 268
250 293
52 159
52 421
159 421
159 530
173 101
173 421
173 469
173 530
173 545
421 530
228 353
228 379
228 463
35 182
246 217
246 543
67 335
69 76
69 301
130 76
130 301
300 301
301 187
301 554
326 78
326 190
217 543
354 543
268 409
114 185
114 371
185 371
483 167
160 386
424 195
43 101
43 396
101 396
101 469
167 62
167 171
167 464
171 464
306 449
528 183
118 507
57 87
57 221
57 425
87 425
221 135
425 135
299 447
80 316
539 205
353 379
353 463
379 398
183 190
351 415
70 168
70 225
70 320
168 265
168 320
168 518
225 188
188 338
78 190
82 479
82 556
479 99
479 556
556 282
556 338
144 211
144 485
485 475
338 104
338 304
557 340
557 568
568 340
514 531
514 563
398 279
