0 5
0 24
0 45
0 47
0 66
0 85
0 115
0 122
0 123
0 130
5 22
5 44
5 46
5 69
5 92
5 115
5 120
5 123
24 8
24 13
24 16
24 21
24 27
24 33
24 37
24 45
24 46
24 54
24 55
24 58
24 62
24 66
24 81
24 85
24 93
24 94
24 110
24 112
24 132
24 133
45 36
45 44
45 1
45 23
45 40
45 46
45 51
45 54
45 55
45 62
45 66
45 71
45 73
45 79
45 85
45 87
45 95
45 113
45 115
45 122
45 124
47 44
47 46
47 3
47 33
47 54
47 85
47 118
66 1
66 23
66 59
85 44
85 46
85 81
85 1
85 2
85 7
85 18
85 20
85 29
85 35
85 49
85 54
85 55
85 58
85 62
85 64
85 82
85 83
85 86
85 91
85 93
85 98
85 100
85 101
85 104
85 115
85 118
85 123
85 125
85 128
85 130
115 44
115 46
115 2
115 15
115 20
115 35
115 38
115 40
115 43
115 54
115 55
115 61
115 62
115 68
115 69
115 78
115 86
115 91
115 100
115 108
115 125
122 21
122 27
122 41
122 54
122 73
122 93
123 44
123 46
123 54
123 55
123 69
130 36
130 15
130 19
130 49
130 60
130 62
130 90
130 93
130 104
22 46
22 70
22 131
44 12
44 20
44 29
44 33
44 43
44 46
44 68
44 87
44 88
44 96
44 99
44 100
46 36
46 1
46 2
46 3
46 4
46 7
46 9
46 10
46 11
46 12
46 14
46 15
46 16
46 18
46 20
46 23
46 25
46 29
46 30
46 33
46 35
46 40
46 48
46 51
46 52
46 54
46 57
46 58
46 62
46 64
46 68
46 69
46 70
46 71
46 73
46 75
46 80
46 81
46 84
46 87
46 89
46 92
46 93
46 97
46 104
46 106
46 107
46 108
46 110
46 111
46 118
46 119
46 120
46 124
46 125
46 126
46 128
92 70
92 120
92 131
120 131
8 81
8 13
8 124
13 81
13 49
13 97
16 49
16 58
16 62
16 54
21 59
21 73
21 124
21 27
33 64
33 49
33 62
33 3
33 4
37 81
37 124
54 81
54 20
54 38
54 72
54 121
54 58
54 108
54 119
54 118
54 127
54 93
54 73
54 34
54 70
54 11
54 26
54 29
54 55
54 83
54 87
54 90
54 91
54 125
55 20
55 38
55 121
55 119
55 118
55 127
55 70
55 15
55 26
55 29
55 90
55 91
55 99
55 125
58 81
58 2
58 20
58 38
58 72
58 15
58 61
58 78
58 93
58 108
58 119
58 125
58 128
62 2
62 71
62 49
62 4
62 14
62 25
62 52
62 75
62 76
62 97
62 99
62 104
62 105
62 112
62 132
62 133
81 76
81 93
81 110
81 112
81 119
81 132
81 133
93 20
93 108
93 119
93 7
93 74
93 32
93 34
93 39
93 43
93 73
93 78
93 105
93 116
93 128
94 73
94 124
94 10
94 133
110 99
110 84
112 52
132 49
132 14
133 25
12 118
12 88
12 96
12 106
20 1
20 23
20 38
20 40
20 74
20 78
20 99
20 100
20 108
29 26
29 101
43 74
43 100
43 116
87 99
88 63
88 96
96 63
99 40
99 49
99 108
100 101
1 2
1 23
1 35
1 38
1 40
1 51
1 64
1 79
1 103
1 111
1 121
23 2
23 35
23 40
23 57
23 59
23 64
23 71
23 103
23 111
23 121
40 49
40 71
40 108
51 57
51 79
71 49
71 84
73 59
73 64
73 10
73 61
73 124
79 19
79 90
95 34
95 32
95 42
95 91
113 116
124 64
124 30
124 10
124 41
124 61
124 89
2 38
2 49
2 108
3 4
3 48
3 118
7 38
7 6
7 17
7 74
7 98
7 127
9 34
9 70
14 49
15 72
15 19
15 60
15 104
18 104
35 82
35 98
57 72
64 49
64 61
64 119
70 34
75 49
89 97
97 49
104 49
104 19
107 103
108 61
108 78
108 83
119 28
119 65
119 102
119 126
125 17
125 82
125 86
125 128
126 117
126 53
126 102
128 127
128 74
128 82
76 49
49 105
82 86
82 91
83 39
83 61
98 134
101 26
38 74
60 90
90 74
121 26
74 39
74 105
74 116
74 129
105 32
28 50
28 67
28 77
28 117
102 117
6 127
34 42
34 53
42 53
50 67
50 109
50 114
67 77
67 114
77 114
31 56
