0 7
0 8
0 13
0 22
0 26
0 41
0 59
7 8
7 22
7 26
8 16
8 22
8 26
8 30
8 37
13 16
13 22
13 26
13 37
13 50
13 63
13 66
22 16
22 20
22 26
22 50
41 42
41 48
41 59
59 53
16 37
16 30
16 50
30 63
30 20
30 47
30 50
37 3
37 18
37 20
37 43
37 47
37 48
37 50
50 12
50 66
63 3
63 36
63 60
63 48
63 53
63 66
66 34
66 36
66 60
66 42
66 48
66 52
66 53
42 36
48 36
48 43
53 58
1 3
1 32
1 34
1 56
3 18
3 29
3 32
3 34
3 36
3 40
3 60
32 15
32 40
34 56
18 21
18 27
18 43
18 44
18 54
18 68
40 23
40 46
40 65
60 33
15 46
2 12
2 25
12 25
21 44
21 5
21 61
21 68
27 11
27 14
27 35
27 47
27 57
43 14
44 4
44 19
44 68
54 46
54 24
68 11
68 24
68 61
47 14
47 35
47 55
23 64
23 65
46 24
46 65
33 64
33 52
4 17
17 39
39 14
19 69
19 49
19 57
5 28
5 70
28 6
28 14
28 70
70 6
9 38
9 45
9 51
9 69
38 51
45 31
51 69
69 10
69 11
69 67
11 49
11 57
11 67
67 55
49 55
35 55
35 62
55 62
