92
267
802
343
537
320
912
659
34
983
570
317
326
701
322
263
70
111
758
921
5
353
662
798
436
338
218
445
11
308
888
341
946
184
514
132
482
85
509
578
609
431
992
687
685
200
535
254
430
448
346
796
521
121
746
292
287
832
107
654
881
487
36
373
679
783
628
258
882
117
144
355
648
181
108
905
723
120
765
812
903
536
286
334
844
716
824
503
260
297
434
191
827
378
676
847
30
818
646
833
396
826
551
944
270
744
364
649
53
449
829
805
763
362
1
205
710
835
486
899
421
361
405
707
703
934
603
68
602
936
717
540
631
476
412
728
583
295
966
484
660
354
44
130
632
87
96
335
110
663
375
397
502
851
300
941
947
984
268
332
692
69
323
1003
589
271
71
236
443
463
612
549
930
99
329
195
527
395
95
614
427
109
927
471
797
98
906
388
575
20
208
624
918
830
795
855
251
945
201
146
681
767
289
705
42
386
231
608
81
274
522
967
996
164
986
137
653
186
596
310
900
837
182
753
176
979
680
204
393
14
67
24
517
633
391
283
525
281
264
886
725
139
977
305
16
675
23
586
404
100
538
555
41
247
454
788
242
9
59
622
904
365
62
841
347
752
89
729
976
993
978
296
80
973
328
645
178
736
432
651
963
235
494
667
542
820
26
450
530
358
661
496
587
161
32
822
225
674
859
199
403
990
256
220
652
226
135
694
101
789
706
726
3
379
389
635
605
273
923
470
290
206
324
196
180
650
425
249
414
72
37
932
424
452
29
138
876
462
418
892
368
417
665
709
695
519
922
163
214
838
420
933
390
150
803
345
690
931
77
64
83
804
774
875
4
880
699
82
497
409
910
937
444
919
79
468
569
506
552
240
244
508
567
262
580
948
785
377
285
392
786
743
793
951
849
483
533
303
821
10
902
543
791
136
321
380
215
33
152
878
868
248
534
997
799
770
870
48
86
814
697
237
105
441
360
298
727
950
745
363
316
732
684
556
816
712
60
2
756
698
495
294
621
147
25
477
245
949
18
469
227
971
777
741
439
958
411
813
629
773
426
683
754
501
518
478
761
302
153
579
106
670
636
541
376
739
523
223
623
228
90
601
1000
399
234
459
764
516
911
968
189
573
325
7
288
456
224
988
402
371
720
858
461
871
66
738
331
894
372
374
211
547
554
700
126
367
546
588
490
574
12
406
642
856
734
266
959
730
964
981
8
276
757
311
637
272
769
213
155
877
526
27
809
488
815
278
243
168
398
22
229
860
88
35
197
711
657
480
50
350
124
584
423
909
291
410
639
529
382
884
901
94
174
170
198
607
499
806
755
157
668
722
433
863
913
284
630
221
615
313
510
898
759
553
865
253
408
222
611
479
778
585
792
969
781
192
626
678
15
97
887
638
466
677
104
210
920
383
619
446
330
768
233
550
142
239
545
498
472
787
269
84
592
775
557
879
771
19
419
779
714
415
572
954
122
991
924
216
673
282
230
299
524
810
861
591
190
790
257
669
357
867
908
917
843
387
828
713
504
606
836
385
359
457
940
306
52
577
255
974
491
119
507
460
576
458
304
808
113
475
451
166
177
874
277
772
708
532
942
473
539
953
279
39
467
485
563
55
149
437
45
737
40
889
960
864
131
528
762
232
21
565
854
352
102
823
839
400
116
987
158
883
935
857
989
422
217
207
620
73
28
750
173
811
455
162
897
187
134
151
938
133
342
252
595
512
351
327
464
644
394
686
672
561
280
515
318
78
704
453
994
604
429
733
794
915
866
465
747
175
721
369
691
38
972
718
617
0
895
275
564
845
47
939
916
598
613
500
970
17
999
167
562
566
664
202
219
307
91
831
165
597
594
914
634
505
961
129
760
513
337
590
647
63
61
489
558
682
344
559
114
309
370
54
853
890
93
159
702
336
956
998
531
926
689
840
154
766
160
188
58
688
148
65
46
618
123
112
440
842
869
312
511
115
57
49
169
995
171
548
339
599
1002
74
241
428
544
366
333
643
194
782
896
145
568
413
172
315
76
735
640
627
891
655
982
265
724
825
301
748
474
656
641
928
800
885
212
43
127
246
492
658
962
975
140
319
384
31
740
250
442
560
862
807
893
293
666
183
980
261
616
846
776
581
952
143
381
314
749
965
784
731
625
493
520
185
103
834
128
925
610
1001
75
873
238
593
872
51
209
943
349
819
751
118
671
407
850
852
929
356
693
156
179
416
600
13
985
957
817
6
780
259
125
348
193
696
447
56
203
801
481
715
435
719
141
848
340
742
582
571
907
401
438
955
