0 1
0 12
0 14
0 16
0 21
0 23
0 32
0 34
0 37
0 38
0 59
0 62
0 63
0 68
0 78
0 92
0 95
0 106
0 109
0 111
0 122
0 127
0 146
0 154
0 159
0 160
0 161
0 178
0 182
0 199
0 209
0 211
0 217
0 218
0 220
0 222
0 243
0 250
0 251
0 283
1 4
1 21
1 23
1 32
1 37
1 52
1 59
1 68
1 92
1 97
1 103
1 109
1 113
1 139
1 146
1 159
1 167
1 178
1 179
1 225
1 233
1 251
12 9
12 21
12 26
12 29
12 34
12 38
12 43
12 48
12 62
12 80
12 130
12 147
12 150
12 154
12 159
12 182
12 214
12 247
12 275
12 287
12 288
14 4
14 11
14 16
14 23
14 26
14 37
14 38
14 48
14 55
14 57
14 62
14 65
14 69
14 80
14 92
14 109
14 113
14 122
14 129
14 139
14 152
14 159
14 176
14 178
14 189
14 201
14 207
14 218
14 219
14 223
14 232
14 233
14 236
14 240
14 244
14 251
14 255
14 260
14 265
14 286
16 4
16 23
16 37
16 62
16 63
16 92
16 109
16 139
16 146
16 161
16 173
16 178
16 223
16 233
16 250
16 251
16 260
21 4
21 19
21 23
21 43
21 55
21 62
21 68
21 92
21 94
21 109
21 122
21 139
21 146
21 159
21 173
21 176
21 179
21 182
21 189
21 218
21 233
21 243
21 250
21 251
21 260
21 267
23 4
23 11
23 19
23 37
23 43
23 49
23 59
23 62
23 63
23 77
23 92
23 94
23 113
23 122
23 153
23 154
23 173
23 174
23 178
23 179
23 182
23 204
23 233
23 243
23 250
23 251
23 260
23 266
23 267
23 287
32 3
32 7
32 41
32 73
32 91
32 124
32 126
32 128
32 133
32 135
32 141
32 148
32 166
32 189
32 190
32 195
32 211
32 212
32 221
32 234
32 259
32 289
34 9
34 33
34 43
34 63
34 80
34 81
34 97
34 130
34 132
34 147
34 150
34 154
34 157
34 159
34 210
34 236
34 251
34 273
34 275
34 284
37 4
37 38
37 48
37 55
37 59
37 62
37 63
37 68
37 76
37 80
37 94
37 113
37 122
37 125
37 133
37 139
37 150
37 173
37 175
37 176
37 178
37 182
37 184
37 193
37 201
37 217
37 218
37 223
37 232
37 233
37 243
37 250
37 251
37 258
37 275
37 283
38 9
38 26
38 29
38 43
38 68
38 80
38 81
38 88
38 97
38 109
38 130
38 157
38 172
38 173
38 207
38 218
38 220
38 236
38 250
38 273
38 287
38 288
59 4
59 55
59 57
59 63
59 89
59 92
59 94
59 122
59 139
59 146
59 157
59 160
59 173
59 178
59 182
59 191
59 193
59 218
59 243
59 251
59 260
62 4
62 55
62 11
62 19
62 29
62 51
62 52
62 65
62 72
62 86
62 89
62 101
62 104
62 109
62 136
62 143
62 146
62 150
62 154
62 159
62 161
62 172
62 175
62 178
62 182
62 193
62 207
62 210
62 213
62 214
62 216
62 217
62 220
62 223
62 224
62 225
62 232
62 236
62 240
62 248
62 250
62 251
62 262
62 277
62 278
62 280
62 282
62 283
62 284
62 285
62 290
63 4
63 48
63 57
63 77
63 81
63 109
63 113
63 136
63 150
63 161
63 182
63 218
63 251
63 255
68 4
68 55
68 11
68 26
68 43
68 48
68 57
68 65
68 80
68 92
68 109
68 113
68 139
68 150
68 157
68 178
68 182
68 202
68 208
68 217
68 218
68 223
68 224
68 232
68 233
68 251
68 260
68 286
68 288
78 40
78 47
78 58
78 61
78 99
78 116
78 121
78 127
78 130
78 131
78 150
78 160
78 161
78 164
78 171
78 188
78 194
78 203
78 209
78 219
78 229
78 230
78 238
78 239
78 242
78 256
92 43
92 109
92 113
92 122
92 139
92 157
92 173
92 176
92 178
92 182
92 232
92 233
92 243
92 250
92 260
92 287
95 94
95 17
95 18
95 72
95 88
95 106
95 115
95 123
95 125
95 134
95 138
95 156
95 170
95 173
95 174
95 183
95 196
95 199
95 201
95 214
95 242
95 243
95 255
106 103
106 15
106 19
106 27
106 31
106 69
106 82
106 84
106 86
106 100
106 111
106 118
106 123
106 129
106 140
106 143
106 151
106 184
106 191
106 215
106 244
106 249
106 252
106 253
106 283
106 292
109 55
109 94
109 6
109 19
109 43
109 57
109 122
109 139
109 146
109 158
109 159
109 176
109 193
109 207
109 223
109 233
109 250
109 251
109 258
109 260
109 273
111 90
111 6
111 11
111 19
111 52
111 64
111 65
111 69
111 98
111 104
111 117
111 132
111 136
111 159
111 169
111 175
111 179
111 193
111 210
111 214
111 216
111 222
111 223
111 260
111 264
111 265
111 271
111 277
111 283
111 285
122 19
122 33
122 97
122 121
122 132
122 139
122 161
122 169
122 173
122 178
122 182
122 233
122 250
122 251
122 260
122 275
122 288
127 54
127 124
127 20
127 36
127 47
127 50
127 61
127 70
127 75
127 76
127 99
127 114
127 117
127 119
127 125
127 151
127 160
127 168
127 177
127 188
127 191
127 194
127 196
127 198
127 199
127 201
127 204
127 215
127 219
127 228
127 229
127 234
127 238
127 245
127 256
127 268
127 278
146 4
146 94
146 57
146 98
146 104
146 159
146 173
146 225
146 250
146 251
154 94
154 9
154 29
154 43
154 48
154 56
154 120
154 130
154 147
154 159
154 161
154 172
154 193
154 196
154 220
154 236
154 273
154 275
159 90
159 103
159 124
159 2
159 6
159 7
159 9
159 11
159 19
159 29
159 43
159 52
159 65
159 72
159 74
159 77
159 86
159 97
159 98
159 101
159 104
159 132
159 133
159 136
159 143
159 148
159 161
159 173
159 178
159 179
159 182
159 184
159 186
159 189
159 210
159 213
159 216
159 217
159 222
159 223
159 225
159 232
159 236
159 237
159 240
159 248
159 254
159 260
159 262
159 263
159 275
159 282
159 283
159 284
159 286
159 287
160 54
160 8
160 18
160 24
160 47
160 50
160 61
160 67
160 70
160 75
160 76
160 77
160 87
160 99
160 110
160 116
160 119
160 120
160 123
160 131
160 144
160 163
160 168
160 170
160 177
160 187
160 188
160 192
160 193
160 198
160 199
160 200
160 203
160 204
160 209
160 227
160 228
160 230
160 234
160 238
160 239
160 252
160 256
160 258
160 261
160 269
160 272
161 55
161 90
161 94
161 6
161 19
161 49
161 56
161 65
161 70
161 84
161 98
161 132
161 134
161 136
161 150
161 158
161 172
161 173
161 174
161 175
161 179
161 182
161 184
161 193
161 196
161 210
161 213
161 216
161 222
161 223
161 232
161 240
161 243
161 253
161 255
161 265
161 277
161 278
161 282
161 284
178 4
178 55
178 90
178 139
178 26
178 43
178 69
178 71
178 80
178 104
178 113
178 130
178 138
178 173
178 182
178 191
178 199
178 210
178 218
178 232
178 251
178 260
178 271
178 285
178 286
182 4
182 55
182 57
182 98
182 104
182 113
182 194
182 218
182 250
182 251
182 254
182 260
182 280
182 285
199 10
199 39
199 45
199 50
199 58
199 93
199 117
199 123
199 131
199 134
199 138
199 144
199 152
199 156
199 163
199 167
199 168
199 175
199 177
199 186
199 201
199 214
199 227
199 228
199 229
199 242
199 255
199 278
209 103
209 204
209 13
209 27
209 40
209 51
209 60
209 64
209 73
209 82
209 85
209 86
209 87
209 108
209 121
209 140
209 143
209 145
209 151
209 158
209 184
209 202
209 215
209 237
209 239
209 246
209 249
209 262
209 263
209 283
211 54
211 103
211 124
211 3
211 6
211 7
211 15
211 19
211 25
211 26
211 40
211 41
211 61
211 69
211 80
211 86
211 121
211 126
211 128
211 133
211 135
211 141
211 147
211 149
211 156
211 170
211 184
211 189
211 190
211 197
211 205
211 218
211 221
211 232
211 259
211 267
211 278
211 283
211 289
211 290
217 90
217 204
217 2
217 6
217 11
217 19
217 47
217 50
217 58
217 65
217 101
217 136
217 150
217 153
217 169
217 172
217 179
217 191
217 193
217 225
217 232
217 240
217 271
217 277
217 283
217 285
217 286
217 287
218 4
218 55
218 175
218 220
218 233
218 251
220 9
220 26
220 29
220 33
220 43
220 48
220 56
220 80
220 81
220 97
220 130
220 147
220 150
220 157
220 175
220 207
220 219
220 223
220 237
220 247
220 275
220 286
220 288
222 90
222 6
222 9
222 19
222 49
222 89
222 101
222 105
222 151
222 169
222 172
222 179
222 193
222 210
222 214
222 216
222 225
222 251
222 265
222 271
222 284
243 94
243 233
243 72
243 112
243 123
243 128
243 134
243 173
243 196
243 234
243 250
243 251
243 267
250 55
250 90
250 94
250 139
250 194
250 233
250 6
250 11
250 57
250 82
250 150
250 173
250 196
250 244
250 252
250 256
250 260
251 4
251 55
251 94
251 139
251 233
251 11
251 19
251 57
251 89
251 113
251 136
251 176
251 213
251 223
251 240
251 271
251 291
283 194
283 31
283 40
283 60
283 64
283 69
283 74
283 85
283 86
283 93
283 99
283 107
283 126
283 129
283 140
283 141
283 143
283 151
283 224
283 237
283 244
283 249
283 253
283 254
283 262
283 263
283 267
283 292
4 11
4 57
4 77
4 98
4 103
4 138
4 173
4 176
4 233
52 204
52 6
52 11
52 19
52 29
52 49
52 65
52 80
52 89
52 101
52 104
52 121
52 132
52 133
52 169
52 172
52 175
52 179
52 193
52 210
52 212
52 213
52 216
52 225
52 227
52 240
52 248
52 271
52 284
52 285
52 286
52 288
52 291
97 9
97 11
97 26
97 43
97 48
97 56
97 150
97 157
97 175
97 207
97 208
97 271
97 273
97 286
97 287
103 7
103 11
103 27
103 29
103 40
103 41
103 51
103 72
103 84
103 91
103 126
103 128
103 129
103 135
103 141
103 147
103 151
103 168
103 186
103 190
103 191
103 196
103 197
103 198
103 214
103 246
103 256
103 262
103 267
103 274
103 279
103 288
103 289
113 260
113 266
139 55
139 94
139 26
139 49
139 57
139 65
139 80
139 169
139 232
139 253
139 260
139 273
139 286
167 10
167 18
167 39
167 72
167 88
167 115
167 134
167 144
167 156
167 170
167 175
167 196
167 201
167 214
167 255
167 258
167 278
167 293
179 90
179 124
179 6
179 11
179 19
179 24
179 29
179 49
179 65
179 88
179 104
179 132
179 133
179 136
179 151
179 169
179 172
179 175
179 193
179 198
179 213
179 223
179 225
179 265
179 271
179 277
179 282
179 284
179 285
179 287
225 6
225 26
225 98
225 101
225 136
225 169
225 210
225 213
225 214
225 216
225 232
225 240
225 248
225 265
225 271
225 284
233 55
233 94
233 26
233 56
233 150
233 173
233 260
11 90
11 260
11 2
11 6
11 9
11 19
11 26
11 40
11 49
11 89
11 98
11 101
11 104
11 150
11 175
11 193
11 205
11 207
11 210
11 214
11 216
11 223
11 236
11 240
11 248
11 265
11 271
11 273
11 277
11 282
11 290
57 150
57 26
57 191
57 253
77 204
77 39
77 115
77 123
77 134
77 153
77 156
77 170
77 201
77 214
77 238
77 255
77 278
98 232
98 2
98 19
98 101
98 136
98 169
98 175
98 193
98 210
98 213
98 216
98 223
98 240
98 265
98 269
98 282
98 284
138 124
138 194
138 82
138 10
138 17
138 24
138 45
138 50
138 72
138 93
138 115
138 123
138 134
138 144
138 152
138 156
138 183
138 191
138 196
138 214
138 227
138 229
138 242
138 255
138 277
138 278
173 55
173 94
173 223
173 40
173 128
173 150
173 26
173 72
173 132
173 153
173 158
173 174
173 278
176 94
176 260
176 19
176 101
176 172
176 193
176 223
176 271
176 150
176 234
176 280
9 19
9 172
9 40
9 121
9 150
9 285
9 29
9 48
9 80
9 130
9 147
9 208
9 236
9 247
9 249
9 273
9 275
9 287
26 232
26 121
26 150
26 169
26 286
26 234
26 33
26 43
26 48
26 80
26 81
26 86
26 130
26 147
26 207
26 227
26 236
26 247
26 264
26 275
26 287
29 118
29 150
29 132
29 277
29 286
29 48
29 56
29 130
29 207
29 208
29 273
29 288
43 55
43 232
43 150
43 65
43 157
43 286
43 168
43 18
43 80
43 81
43 147
43 207
43 208
43 236
43 237
43 247
43 273
43 288
48 150
48 151
48 30
48 104
48 157
48 286
48 56
48 80
48 81
48 147
48 208
48 236
48 247
48 275
48 287
48 288
80 194
80 232
80 150
80 169
80 286
80 33
80 56
80 130
80 207
80 208
80 288
130 126
130 49
130 33
130 56
130 147
130 153
130 207
130 236
130 237
130 247
130 273
130 287
130 288
147 150
147 169
147 56
147 123
147 185
147 236
147 247
147 275
150 194
150 204
150 232
150 193
150 282
150 3
150 121
150 27
150 33
150 50
150 56
150 65
150 93
150 120
150 157
150 158
150 234
150 236
150 242
150 273
150 275
150 277
150 286
150 287
214 210
214 258
214 196
214 236
214 83
214 88
214 93
214 115
214 123
214 125
214 134
214 144
214 156
214 165
214 170
214 201
214 18
214 67
214 112
214 238
214 242
214 255
214 261
214 278
247 81
247 275
275 210
275 213
275 271
275 212
275 290
275 104
275 169
275 236
275 81
275 287
287 232
287 258
287 65
287 286
287 56
287 208
287 81
287 207
288 69
288 49
288 169
288 175
288 286
288 33
288 56
288 208
288 236
288 273
288 207
288 237
288 252
55 50
55 157
55 208
55 238
55 286
65 232
65 19
65 101
65 193
65 210
65 213
65 265
65 282
65 191
65 6
65 89
65 132
65 219
65 278
65 285
65 286
69 124
69 82
69 3
69 5
69 40
69 64
69 27
69 31
69 44
69 67
69 74
69 76
69 84
69 86
69 91
69 102
69 107
69 110
69 118
69 121
69 140
69 143
69 149
69 151
69 153
69 158
69 175
69 184
69 191
69 202
69 212
69 221
69 226
69 231
69 234
69 237
69 244
69 249
69 253
69 262
69 263
69 266
69 289
69 290
69 292
129 41
129 64
129 118
129 121
129 140
129 151
129 202
129 27
129 31
129 85
129 86
129 102
129 142
129 215
129 235
129 253
129 263
129 264
152 10
152 24
152 47
152 72
152 76
152 83
152 112
152 165
152 196
152 201
152 238
152 258
189 124
189 279
189 3
189 5
189 7
189 15
189 25
189 35
189 40
189 41
189 91
189 126
189 128
189 135
189 148
189 186
189 71
189 143
189 190
189 197
189 202
189 205
189 221
189 231
189 274
189 281
189 289
201 194
201 258
201 196
201 203
201 10
201 72
201 88
201 93
201 123
201 134
201 144
201 156
201 170
201 181
201 183
201 18
201 22
201 112
201 164
201 227
201 229
201 238
201 293
207 260
207 223
207 121
207 157
207 273
207 123
207 238
207 20
207 185
207 244
219 54
219 194
219 204
219 101
219 116
219 267
219 158
219 8
219 50
219 120
219 131
219 168
219 171
219 188
219 196
219 203
219 36
219 42
219 47
219 58
219 70
219 115
219 125
219 163
219 164
219 177
219 228
219 229
219 239
219 245
219 253
219 256
219 270
223 90
223 232
223 2
223 136
223 193
223 216
223 6
223 89
223 99
223 104
223 240
223 265
223 271
223 277
223 282
223 284
223 285
232 90
232 2
232 6
232 49
232 89
232 101
232 136
232 141
232 157
232 193
232 208
232 213
232 216
232 240
232 271
232 277
232 282
232 285
232 286
236 19
236 40
236 191
236 56
236 253
240 90
240 2
240 19
240 136
240 193
240 210
240 6
240 89
240 99
240 104
240 144
240 255
240 265
240 271
240 282
244 204
244 82
244 53
244 191
244 158
244 292
244 249
244 27
244 84
244 85
244 102
244 145
244 184
244 215
244 237
244 262
244 263
255 194
255 254
255 258
255 119
255 131
255 196
255 10
255 17
255 24
255 39
255 72
255 115
255 123
255 125
255 134
255 144
255 165
255 170
255 181
255 183
255 227
255 229
255 238
255 18
255 22
255 42
255 99
255 112
255 228
255 278
255 280
255 293
265 90
265 2
265 172
265 193
265 6
265 10
265 89
265 104
265 277
265 282
286 213
286 157
286 285
286 33
286 56
286 81
286 144
286 234
286 263
286 273
19 90
19 2
19 6
19 36
19 40
19 76
19 84
19 104
19 123
19 132
19 169
19 172
19 175
19 193
19 213
19 252
19 271
19 281
19 282
19 284
94 40
94 56
94 134
94 158
94 174
94 196
94 267
267 3
267 5
267 15
267 41
267 51
267 64
267 128
267 133
267 141
267 151
267 190
267 212
267 221
267 28
267 42
267 46
267 60
267 61
267 66
267 72
267 73
267 87
267 112
267 153
267 162
267 191
267 198
267 200
267 257
267 270
267 278
267 289
49 172
49 193
49 271
49 6
49 89
49 277
49 285
153 124
153 13
153 169
153 71
153 76
153 270
153 114
153 261
153 174
153 42
153 96
153 100
153 110
153 143
153 187
153 200
153 235
153 241
153 266
153 269
153 276
174 54
174 82
174 15
174 121
174 128
174 133
174 71
174 76
174 158
174 61
174 114
174 261
174 66
174 67
174 96
174 100
174 110
174 187
174 200
174 235
174 252
174 264
174 266
174 272
204 54
204 194
204 8
204 45
204 50
204 58
204 61
204 67
204 70
204 75
204 93
204 116
204 128
204 131
204 151
204 156
204 164
204 165
204 168
204 171
204 180
204 191
204 193
204 203
204 228
204 229
204 230
204 245
204 254
204 268
204 270
204 274
204 276
266 124
266 25
266 35
266 281
266 53
266 79
266 87
266 76
266 224
266 234
266 144
266 261
266 264
266 252
266 20
266 110
266 200
266 235
266 269
3 124
3 279
3 5
3 7
3 15
3 25
3 35
3 40
3 41
3 51
3 91
3 116
3 128
3 133
3 135
3 140
3 141
3 149
3 151
3 166
3 195
3 197
3 202
3 205
3 212
3 221
3 274
3 281
3 289
3 290
7 194
7 210
7 279
7 15
7 35
7 40
7 41
7 64
7 76
7 91
7 121
7 126
7 133
7 135
7 141
7 149
7 158
7 190
7 221
7 234
7 259
7 289
41 279
41 25
41 35
41 40
41 27
41 67
41 91
41 104
41 126
41 128
41 133
41 135
41 141
41 144
41 190
41 191
41 197
41 198
41 205
41 212
41 221
41 224
41 274
41 289
73 151
73 289
73 13
73 30
73 46
73 53
73 60
73 105
73 246
73 185
91 124
91 194
91 279
91 15
91 25
91 40
91 126
91 135
91 141
91 186
91 190
91 191
91 197
91 202
91 205
91 221
91 231
91 259
91 274
91 281
91 289
91 290
124 15
124 25
124 31
124 40
124 44
124 53
124 61
124 84
124 104
124 108
124 118
124 126
124 135
124 136
124 141
124 143
124 148
124 166
124 186
124 190
124 191
124 197
124 212
124 215
124 221
124 226
124 234
124 241
124 254
124 257
124 259
124 269
124 281
124 285
124 289
124 290
126 279
126 15
126 35
126 40
126 53
126 71
126 128
126 135
126 141
126 148
126 166
126 180
126 185
126 186
126 190
126 197
126 205
126 221
126 274
126 290
128 194
128 279
128 5
128 15
128 133
128 141
128 148
128 186
128 188
128 190
128 197
128 205
128 221
128 259
128 274
128 281
133 25
133 13
133 141
133 144
133 148
133 149
133 151
133 158
133 162
133 166
133 175
133 186
133 190
133 221
133 242
133 246
133 257
133 274
133 281
133 289
135 25
135 141
135 166
135 186
135 190
135 205
135 221
135 259
135 274
135 289
135 290
141 279
141 35
141 148
141 166
141 190
141 197
141 205
141 212
141 221
141 259
141 274
141 290
148 279
148 5
148 15
148 25
148 35
148 121
148 140
148 10
148 27
148 84
148 142
148 162
148 166
148 190
148 191
148 205
148 212
148 221
148 227
148 235
148 259
148 274
148 281
148 289
166 279
166 25
166 35
166 149
166 31
166 186
166 190
166 205
166 215
166 221
166 226
166 259
166 274
166 289
166 290
190 194
190 15
190 25
190 149
190 186
190 86
190 143
190 197
190 198
190 205
190 212
190 221
190 249
190 274
190 289
195 64
195 121
195 36
195 70
195 86
195 119
195 184
195 191
195 202
195 231
195 249
212 40
212 51
212 64
212 151
212 30
212 44
212 53
212 60
212 105
212 142
212 155
212 162
212 203
212 231
212 257
212 289
212 290
212 291
221 279
221 25
221 51
221 140
221 186
221 197
221 205
221 84
221 131
221 143
221 145
221 263
221 281
221 289
234 151
234 28
234 71
234 76
234 42
234 66
234 84
234 100
234 110
234 114
234 134
234 156
234 187
234 188
234 235
234 242
234 252
234 261
234 264
234 272
234 276
234 280
259 279
259 40
259 186
259 197
259 205
259 27
259 31
259 53
259 60
259 72
259 79
259 84
259 226
259 281
259 289
289 40
289 140
289 186
289 274
289 281
289 145
289 155
289 258
289 290
33 82
33 157
33 86
33 208
33 273
81 157
81 56
81 273
132 210
132 6
132 67
132 70
132 169
132 175
132 277
157 136
157 6
210 2
210 136
210 40
210 213
210 248
210 271
210 282
210 285
210 290
273 208
273 238
284 90
284 2
284 136
284 172
284 193
284 282
284 42
284 89
76 40
76 71
76 45
76 66
76 67
76 100
76 110
76 137
76 144
76 183
76 187
76 224
76 229
76 235
76 239
76 241
76 252
76 261
76 264
76 280
76 293
125 258
125 50
125 270
125 24
125 45
125 47
125 72
125 83
125 88
125 93
125 115
125 18
125 22
125 36
125 100
125 112
125 117
125 134
125 144
125 164
125 181
125 183
125 227
125 229
125 237
125 238
125 278
125 293
175 90
175 101
175 136
175 193
175 213
175 216
175 271
175 6
175 89
175 104
175 169
175 66
175 143
175 215
175 285
184 82
184 64
184 118
184 121
184 140
184 151
184 202
184 30
184 191
184 158
184 292
184 61
184 168
184 249
184 84
184 27
184 74
184 107
184 143
184 31
184 99
184 102
184 226
184 237
184 253
184 262
184 263
193 2
193 101
193 172
193 6
193 40
193 104
193 121
193 213
193 216
193 252
193 271
193 277
258 54
258 194
258 10
258 17
258 18
258 39
258 45
258 66
258 72
258 83
258 88
258 123
258 156
258 163
258 170
258 181
258 183
258 196
258 200
258 224
258 227
258 228
258 229
258 238
258 242
258 278
88 196
88 10
88 72
88 83
88 22
88 93
88 115
88 117
88 156
88 163
88 170
88 181
88 227
88 229
88 242
88 278
172 90
172 101
172 136
172 6
172 89
172 104
172 169
172 202
172 213
172 277
172 282
54 8
54 36
54 45
54 50
54 61
54 70
54 71
54 99
54 115
54 116
54 117
54 118
54 119
54 120
54 163
54 171
54 177
54 188
54 192
54 194
54 203
54 228
54 229
54 230
54 239
54 245
54 256
54 268
54 272
8 194
8 61
8 75
8 120
8 171
8 192
8 196
8 203
8 230
8 245
8 256
36 194
36 116
36 50
36 61
36 75
36 120
36 131
36 168
36 171
36 188
36 198
36 245
36 256
36 270
36 45
36 47
36 183
36 229
36 242
36 268
36 66
36 112
36 20
36 42
36 70
36 117
36 143
36 163
36 164
36 177
45 194
45 50
45 61
45 119
45 131
45 168
45 188
45 196
45 203
45 245
45 10
45 39
45 70
45 72
45 99
45 115
45 117
45 123
45 163
45 164
45 165
45 177
45 228
45 229
45 239
45 242
45 268
50 194
50 47
50 131
50 168
50 171
50 188
50 198
50 203
50 228
50 245
50 256
50 268
50 270
61 194
61 10
61 44
61 70
61 75
61 86
61 117
61 119
61 120
61 131
61 163
61 164
61 165
61 168
61 188
61 198
61 229
61 230
61 239
61 249
61 256
61 268
61 270
70 194
70 116
70 120
70 168
70 171
70 230
70 245
70 270
70 47
70 183
70 242
70 112
70 117
70 164
70 177
70 228
70 239
71 40
71 290
71 20
71 42
71 66
71 67
71 100
71 110
71 114
71 137
71 187
71 200
71 224
71 235
71 261
71 262
71 264
71 270
71 272
71 276
99 194
99 116
99 89
99 168
99 171
99 203
99 245
99 47
99 156
99 229
99 58
99 164
99 228
115 60
115 10
115 17
115 24
115 39
115 47
115 83
115 93
115 18
115 22
115 112
115 134
115 144
115 165
115 170
115 181
115 183
115 238
115 242
115 293
116 101
116 47
116 58
116 66
116 75
116 119
116 120
116 151
116 164
116 177
116 187
116 188
116 192
116 228
116 229
116 239
116 268
116 269
116 270
117 75
117 188
117 230
117 270
117 47
117 93
117 229
117 242
117 268
117 278
117 163
117 228
117 239
118 40
118 64
118 27
118 31
118 60
118 74
118 84
118 107
118 121
118 140
118 145
118 151
118 191
118 202
118 226
118 237
118 245
118 249
118 253
118 262
118 263
118 274
118 290
119 75
119 120
119 131
119 164
119 168
119 228
119 230
119 239
119 245
119 268
119 270
120 194
120 75
120 20
120 163
120 164
120 168
120 171
120 177
120 188
120 192
120 203
120 228
120 239
120 245
120 268
120 270
163 131
163 188
163 198
163 230
163 245
163 256
163 270
163 183
163 229
163 268
163 164
163 177
171 194
171 75
171 131
171 168
171 47
171 164
171 188
171 192
171 203
171 228
171 229
171 230
171 239
171 245
171 256
171 270
177 194
177 131
177 168
177 230
177 270
177 229
177 268
177 252
177 239
188 194
188 75
188 131
188 168
188 47
188 164
188 192
188 198
188 203
188 215
188 228
188 230
188 239
188 245
188 256
188 268
192 194
192 131
192 164
192 228
192 270
194 39
194 58
194 75
194 93
194 140
194 156
194 164
194 165
194 191
194 228
194 239
194 245
194 254
194 268
194 270
203 17
203 18
203 39
203 58
203 123
203 144
203 164
203 165
203 228
203 239
203 268
203 270
228 191
228 75
228 131
228 168
228 198
228 230
228 245
228 256
228 270
228 47
228 229
228 58
228 164
228 187
228 239
229 191
229 75
229 131
229 196
229 198
229 230
229 270
229 10
229 93
229 144
229 156
229 58
229 239
229 242
229 263
229 268
229 278
230 158
230 75
230 131
230 10
230 47
230 58
230 108
230 206
230 239
230 252
230 261
230 268
230 270
239 246
239 75
239 168
239 198
239 245
239 256
239 270
239 268
239 66
239 164
245 75
245 131
245 168
245 198
245 47
245 58
245 164
245 256
245 268
245 270
256 101
256 121
256 246
256 75
256 131
256 168
256 196
256 47
256 164
256 206
256 208
256 253
268 75
268 131
268 168
268 198
268 10
268 58
268 164
268 252
272 224
272 66
272 280
272 264
272 252
272 67
272 100
272 110
272 241
272 42
272 187
272 200
272 269
238 196
238 10
238 17
238 24
238 72
238 83
238 144
238 170
238 269
89 101
89 136
89 213
89 216
89 282
89 6
89 248
89 277
89 285
191 82
191 5
191 40
191 64
191 121
191 140
191 151
191 202
191 290
191 28
191 53
191 60
191 87
191 180
191 27
191 31
191 74
191 84
191 86
191 102
191 107
191 131
191 143
191 145
191 156
191 158
191 165
191 196
191 215
191 226
191 237
191 246
191 249
191 253
191 254
191 262
191 285
51 5
51 28
51 74
51 87
51 102
51 142
51 143
51 151
51 158
51 162
51 185
51 257
51 280
72 10
72 24
72 39
72 18
72 31
72 93
72 123
72 144
72 156
72 181
72 183
72 227
72 242
72 278
86 40
86 121
86 202
86 30
86 158
86 292
86 168
86 249
86 102
86 107
86 237
86 253
101 2
101 6
101 104
101 136
101 169
101 216
101 271
101 282
104 90
104 136
104 213
104 271
104 282
104 6
104 169
104 277
104 285
136 90
136 2
136 6
136 96
136 102
136 169
136 216
136 248
136 271
136 282
143 40
143 121
143 140
143 197
143 158
143 292
143 242
143 27
143 74
143 85
143 107
143 102
143 215
143 226
143 237
143 253
143 263
213 90
213 2
213 6
213 169
213 271
213 277
213 285
216 2
216 6
216 158
216 282
216 285
224 40
224 140
224 20
224 67
224 93
224 96
224 100
224 110
224 114
224 137
224 145
224 187
224 252
224 261
224 269
224 276
248 6
262 82
262 40
262 64
262 140
262 151
262 202
262 158
262 292
262 291
262 84
262 27
262 85
262 107
262 237
262 102
262 108
262 145
262 263
277 90
277 271
277 25
277 6
277 169
278 196
278 17
278 93
278 123
278 134
278 144
278 165
278 170
278 183
278 227
278 242
278 112
278 100
280 281
280 13
280 114
280 165
280 261
280 293
280 20
280 84
280 110
280 187
280 215
280 241
280 252
280 264
282 90
282 2
282 271
285 90
285 6
285 169
290 279
290 15
290 35
290 40
290 186
290 197
290 202
290 205
290 231
290 79
202 82
202 15
202 121
202 84
202 102
202 158
202 215
202 231
202 253
202 263
40 82
40 25
40 17
40 64
40 79
40 100
40 102
40 107
40 121
40 145
40 149
40 151
40 155
40 158
40 185
40 186
40 187
40 196
40 237
40 241
40 246
40 253
40 274
40 276
40 291
40 292
47 75
47 131
47 168
47 198
47 10
47 58
47 100
47 164
47 170
47 181
47 227
47 235
47 261
47 264
58 75
58 131
58 168
58 270
58 144
121 64
121 79
121 84
121 85
121 140
121 151
121 158
121 170
121 197
121 215
121 226
121 249
121 253
121 264
121 274
131 75
131 168
131 198
131 270
164 75
164 198
164 270
242 196
242 10
242 24
242 39
242 93
242 144
242 165
242 170
242 183
242 227
242 22
242 293
90 271
271 6
271 169
56 134
134 279
134 196
134 10
134 24
134 39
134 123
134 18
134 112
134 144
134 156
134 170
134 227
134 293
158 15
158 64
158 151
158 27
158 42
158 66
158 85
158 102
158 107
158 145
158 200
158 226
158 237
158 249
158 252
158 253
158 263
158 269
158 270
158 292
196 10
196 22
196 39
196 66
196 83
196 93
196 112
196 142
196 156
196 165
196 170
196 181
196 183
196 198
196 200
196 227
196 261
196 293
17 10
17 18
17 22
17 39
17 83
17 93
17 112
17 123
17 144
17 156
17 170
17 181
17 227
18 39
18 93
18 123
18 144
18 165
18 170
18 181
18 183
18 227
123 10
123 24
123 39
123 112
123 144
123 165
123 170
123 181
123 187
123 227
123 264
156 186
156 39
156 93
156 144
156 165
156 170
156 181
156 183
156 227
156 293
170 82
170 198
170 39
170 144
170 165
170 112
170 183
170 227
183 270
183 10
183 144
183 165
183 42
183 66
183 67
183 112
183 200
183 252
27 64
27 140
27 249
27 85
27 107
27 215
27 237
27 253
27 263
84 140
84 151
84 53
84 60
84 79
84 31
84 74
84 85
84 102
84 215
84 226
151 15
151 64
151 140
151 13
151 28
151 30
151 44
151 46
151 53
151 66
151 79
151 87
151 100
151 102
151 107
151 108
151 142
151 162
151 180
151 185
151 226
151 237
151 246
151 249
151 254
151 257
151 263
151 270
151 291
151 292
168 75
168 198
168 226
168 270
186 279
186 25
186 274
197 279
197 205
197 281
198 75
198 85
198 206
198 263
198 270
246 5
246 140
246 28
246 30
246 46
246 53
246 162
246 180
246 107
246 185
246 254
274 25
274 35
274 149
274 205
274 31
274 281
279 15
279 35
279 205
15 25
15 205
31 60
31 85
31 215
82 64
82 74
82 102
82 107
82 110
82 140
82 292
100 53
100 180
100 292
100 66
100 252
100 67
100 42
100 110
100 137
100 187
100 235
100 241
100 276
140 5
140 64
140 85
140 102
140 107
140 145
140 215
140 237
140 257
140 263
140 292
215 53
215 292
215 74
215 85
215 102
215 226
215 263
249 64
249 292
249 102
249 145
249 237
249 263
252 114
252 66
252 264
252 20
252 110
252 206
252 235
252 241
252 269
253 64
253 292
253 74
253 107
253 102
253 145
253 226
253 263
292 35
292 64
292 53
292 74
292 102
292 107
292 226
292 237
292 263
292 291
6 180
64 28
64 162
64 185
64 237
64 263
64 291
264 114
264 20
264 42
264 67
264 96
264 110
264 235
264 241
264 269
264 276
25 35
25 87
25 205
44 291
44 108
53 5
53 35
53 231
53 30
53 46
53 60
53 87
53 162
53 180
53 226
53 254
53 257
53 291
108 257
108 291
226 85
226 102
241 144
241 66
241 22
241 110
241 187
241 200
241 235
241 269
254 5
254 13
254 28
254 30
254 60
254 79
254 87
254 180
254 142
254 185
257 5
257 231
257 30
257 79
257 155
257 162
257 67
257 185
257 291
257 293
269 261
269 66
269 67
269 187
269 235
281 149
281 87
281 142
281 291
20 114
20 67
20 96
20 110
75 206
75 227
75 270
114 10
114 67
114 96
114 110
114 261
74 28
74 60
74 107
74 237
74 263
237 85
237 107
237 263
263 60
263 107
263 102
24 22
24 39
24 93
24 112
24 293
67 149
67 66
67 110
67 187
67 200
87 5
87 13
87 60
87 79
87 142
110 96
110 145
110 187
110 276
144 10
144 39
144 93
144 22
144 112
144 165
144 181
144 227
144 261
144 293
187 261
187 200
200 261
200 66
200 42
200 235
227 10
227 39
227 93
227 165
227 42
227 112
227 261
261 270
261 10
261 42
261 137
261 276
39 10
39 93
39 181
93 83
93 112
93 165
93 293
165 10
165 22
165 181
165 293
270 10
270 66
270 206
10 83
10 293
180 5
180 13
180 28
180 60
180 162
180 137
180 291
276 137
276 235
13 5
13 231
13 28
13 46
13 66
13 162
13 291
60 102
60 107
60 155
60 291
85 107
205 35
105 231
105 46
112 83
112 293
112 22
291 28
291 30
291 79
291 102
291 185
107 102
293 83
293 181
102 142
96 235
42 66
5 28
5 46
5 79
5 155
5 162
5 231
28 46
28 142
28 162
28 185
46 231
46 79
79 231
79 142
79 155
155 162
162 231
231 30
185 30
185 142
142 30
66 22
235 137
