961
348
977
323
349
696
387
279
488
599
839
258
355
595
197
634
917
1065
985
871
926
819
737
623
800
382
663
650
467
193
665
194
491
158
94
617
1101
918
1036
999
345
407
544
1091
41
743
669
344
1051
891
174
1004
254
481
694
644
659
37
395
220
434
330
430
319
291
218
772
447
992
882
283
911
507
155
188
1056
645
512
362
615
633
875
963
22
409
28
813
612
282
373
944
313
557
205
436
1026
686
1057
77
121
96
233
593
420
574
329
153
988
107
191
93
440
689
1015
731
844
744
151
112
769
465
64
1032
25
1129
667
600
583
790
374
261
470
78
662
314
973
469
102
72
10
640
508
788
1007
68
1083
5
643
802
660
271
1116
994
525
770
16
873
502
242
404
97
922
391
853
978
236
356
372
127
317
846
899
540
1012
647
854
310
673
482
957
789
767
958
787
598
860
993
165
170
656
48
827
714
732
503
542
528
939
757
756
791
940
1119
945
530
1095
841
473
837
1010
671
471
99
1067
560
1086
893
842
278
389
606
720
578
949
401
221
618
198
584
895
571
338
703
167
573
834
792
947
759
73
257
392
145
268
698
736
935
1109
411
56
923
610
761
1028
1002
306
1074
3
849
919
967
305
972
516
514
457
1042
347
742
637
675
38
370
172
432
98
44
31
364
47
337
54
483
1040
556
179
955
1055
303
474
565
585
400
14
1122
924
285
106
898
232
674
146
222
934
908
900
1107
157
214
946
631
294
426
143
903
148
563
371
379
1096
341
1118
901
936
1084
840
424
690
997
529
486
402
199
975
814
368
451
274
343
778
1033
824
561
417
941
200
92
15
2
415
950
572
890
494
845
822
587
872
510
133
189
781
679
86
522
805
627
1114
275
270
264
570
764
695
263
413
166
125
1061
183
810
42
713
651
26
1100
799
616
299
253
65
322
948
1071
12
709
116
1081
685
1046
437
970
1014
363
753
591
177
300
421
159
519
340
1085
549
351
428
987
564
921
109
1113
85
150
1111
956
9
533
386
292
680
136
144
110
318
405
403
388
1076
710
551
604
991
796
250
335
745
40
990
511
1064
1078
630
515
804
538
727
775
547
231
649
638
1063
621
1020
809
228
32
803
288
206
783
558
100
350
453
1003
91
336
1021
196
1013
707
579
505
173
938
455
162
658
1099
773
304
968
575
758
693
425
289
1077
996
554
1120
1019
408
1048
224
58
286
929
904
1027
980
496
541
687
596
962
636
76
760
920
887
797
912
366
711
879
53
249
909
989
324
708
140
568
461
821
672
635
358
111
1090
61
782
353
771
1094
117
678
141
1088
293
276
302
203
776
466
448
716
536
210
390
295
79
4
626
223
964
774
101
410
1068
449
441
700
178
459
808
95
1121
614
1050
998
836
328
192
123
1018
883
30
608
60
870
84
641
862
241
639
397
952
240
422
311
406
838
501
611
581
1073
866
559
215
435
456
20
262
495
442
309
504
369
375
216
863
704
1106
801
1080
138
927
861
316
603
1009
416
896
90
1024
531
1039
1049
620
280
267
463
937
1052
357
149
740
682
738
661
670
553
867
419
1130
818
204
480
164
490
81
902
779
1131
105
450
181
246
697
423
517
187
464
728
142
1123
