0 9
0 89
0 233
1 9
1 89
1 287
2 158
2 175
2 209
2 247
3 77
3 150
3 165
3 235
3 249
3 257
3 294
4 25
4 124
4 127
4 202
4 235
4 257
4 314
5 27
5 96
5 115
5 145
5 175
5 194
5 205
5 209
5 222
5 284
5 309
6 72
6 96
6 235
6 257
6 270
6 291
7 9
7 13
7 19
7 29
7 46
7 48
7 55
7 58
7 62
7 80
7 83
7 84
7 89
7 94
7 96
7 106
7 120
7 126
7 127
7 129
7 139
7 150
7 158
7 166
7 175
7 177
7 179
7 194
7 196
7 199
7 202
7 203
7 205
7 209
7 212
7 231
7 234
7 235
7 237
7 238
7 239
7 249
7 255
7 256
7 257
7 265
7 266
7 272
7 289
7 304
7 311
7 314
8 9
8 79
8 89
8 101
8 175
8 299
9 11
9 12
9 17
9 24
9 30
9 35
9 63
9 73
9 79
9 83
9 89
9 90
9 91
9 96
9 105
9 109
9 111
9 126
9 133
9 146
9 151
9 166
9 174
9 175
9 181
9 193
9 194
9 202
9 203
9 205
9 210
9 219
9 221
9 229
9 233
9 247
9 250
9 256
9 258
9 260
9 262
9 266
9 271
9 273
9 277
9 287
9 294
9 297
10 96
10 141
10 161
11 79
11 89
11 96
11 174
12 89
12 90
12 96
12 133
12 175
12 185
13 46
13 98
13 187
13 194
13 209
13 300
13 304
14 28
14 96
14 175
14 186
14 202
14 206
14 209
14 235
14 257
14 315
15 133
15 136
15 226
15 235
15 257
16 37
16 222
16 229
16 248
16 254
16 310
17 89
17 96
17 181
17 234
18 25
18 96
18 203
18 246
18 266
19 55
19 96
19 139
19 209
19 239
20 92
20 107
20 121
20 183
21 92
21 93
21 121
21 125
21 301
22 206
22 242
23 78
23 148
23 209
23 251
24 44
24 84
24 89
24 96
24 152
24 166
24 177
24 231
25 127
25 147
25 187
25 246
25 266
25 300
26 65
26 72
26 96
26 108
26 159
26 177
26 180
26 187
26 189
26 198
26 231
27 145
27 194
27 205
27 209
28 85
28 96
28 115
28 168
28 177
28 194
28 202
28 205
28 209
28 222
28 231
28 235
28 257
28 314
29 91
29 96
29 175
29 289
30 89
30 96
30 287
30 302
30 305
31 75
31 115
31 222
31 248
31 254
31 274
32 39
32 43
32 83
32 96
32 105
32 115
32 160
32 166
32 178
32 187
32 190
32 202
32 203
32 204
32 222
32 235
32 236
32 237
32 242
32 257
32 280
32 282
32 314
33 86
33 106
33 116
33 164
33 202
34 81
34 268
34 279
34 306
35 45
35 48
35 89
35 96
35 114
35 177
35 187
35 188
35 231
35 235
35 240
35 248
35 254
35 257
35 297
36 96
36 131
36 208
37 94
37 175
37 184
37 187
37 222
37 237
37 248
37 254
37 257
37 277
37 310
38 46
38 103
38 175
38 177
38 231
39 43
39 190
39 280
40 57
40 69
40 96
40 177
40 222
40 231
41 124
41 140
41 175
41 202
41 235
41 257
42 174
42 235
42 237
43 280
43 282
44 84
44 94
44 96
44 99
44 133
44 136
44 145
44 149
44 150
44 169
44 202
44 209
44 235
44 257
44 266
45 58
45 188
45 235
45 240
45 257
45 313
46 132
46 194
46 202
46 209
46 296
46 304
47 96
47 153
47 213
48 114
48 119
48 121
48 187
48 188
48 194
48 195
48 202
48 235
48 257
48 281
48 304
48 313
49 93
49 121
49 264
50 77
50 235
50 257
50 261
51 65
51 100
51 110
51 195
51 282
52 96
52 223
52 248
52 254
53 96
53 193
53 194
53 205
53 215
54 127
54 137
54 187
54 208
54 237
54 257
54 314
55 96
55 209
56 115
56 222
56 248
56 254
56 288
57 96
57 170
57 222
58 96
58 235
58 255
58 257
59 202
59 220
59 221
59 235
59 257
59 296
60 62
60 96
60 159
60 177
60 202
60 220
60 231
60 278
60 290
60 299
60 308
61 135
61 175
61 202
61 222
61 235
61 248
61 254
61 257
61 267
62 95
62 96
62 159
62 174
62 199
62 235
62 237
62 257
62 278
62 299
63 89
63 96
63 221
63 312
64 82
64 96
64 173
64 177
64 231
65 67
65 96
65 100
65 110
65 134
65 180
65 187
65 189
65 198
65 235
65 257
65 282
66 177
66 201
66 205
66 231
66 308
66 316
67 96
67 134
67 224
67 239
67 303
68 96
68 233
68 280
69 175
69 177
69 222
69 231
69 315
70 115
70 117
70 222
70 242
70 298
71 76
71 106
71 116
71 196
71 202
71 255
71 256
72 108
72 159
72 235
72 257
73 89
73 96
73 109
73 133
73 142
73 192
73 263
74 96
74 99
74 140
74 194
74 202
74 235
74 246
74 257
74 266
74 304
75 115
75 177
75 222
75 231
75 286
76 96
76 196
76 202
76 216
77 181
77 202
77 235
77 257
77 307
78 209
78 251
79 89
79 96
79 175
80 96
80 187
80 194
80 237
80 257
80 304
80 314
81 131
81 175
81 279
81 306
82 115
82 177
82 222
82 231
82 315
83 86
83 89
83 96
83 153
83 187
83 194
83 203
83 235
83 237
83 257
83 300
83 304
84 96
84 158
84 202
84 259
85 96
85 115
85 127
85 169
85 177
85 222
85 231
86 96
86 164
86 187
86 202
86 216
86 225
86 300
86 307
87 96
87 168
87 258
88 133
88 157
88 292
89 90
89 91
89 96
89 105
89 109
89 111
89 126
89 133
89 146
89 151
89 166
89 174
89 175
89 181
89 193
89 194
89 202
89 203
89 205
89 210
89 219
89 221
89 229
89 233
89 247
89 250
89 256
89 258
89 260
89 262
89 266
89 271
89 273
89 277
89 287
89 294
89 297
90 96
90 111
90 133
90 192
90 263
91 96
91 256
92 107
92 121
92 183
92 204
92 301
93 121
93 125
93 264
94 96
94 102
94 115
94 128
94 139
94 144
94 145
94 150
94 159
94 167
94 175
94 176
94 200
94 202
94 209
94 212
94 222
94 239
94 266
94 277
95 159
95 227
95 235
95 237
95 257
95 297
96 105
96 106
96 109
96 111
96 113
96 115
96 116
96 120
96 126
96 127
96 129
96 131
96 133
96 134
96 135
96 136
96 139
96 140
96 141
96 144
96 146
96 148
96 149
96 150
96 153
96 156
96 157
96 158
96 160
96 161
96 164
96 166
96 167
96 168
96 169
96 170
96 171
96 173
96 175
96 177
96 178
96 179
96 182
96 184
96 186
96 187
96 191
96 192
96 193
96 194
96 196
96 197
96 199
96 200
96 202
96 203
96 205
96 207
96 208
96 209
96 211
96 212
96 213
96 216
96 218
96 219
96 220
96 222
96 223
96 228
96 231
96 234
96 235
96 237
96 239
96 240
96 241
96 243
96 245
96 248
96 249
96 253
96 254
96 255
96 256
96 257
96 258
96 259
96 263
96 265
96 266
96 270
96 274
96 275
96 276
96 280
96 283
96 286
96 289
96 290
96 291
96 300
96 302
96 303
96 304
96 305
96 309
96 311
96 312
96 313
96 314
97 110
97 175
97 187
97 232
97 300
98 113
98 187
98 300
99 149
99 202
99 235
99 246
99 257
99 266
100 110
100 195
100 282
101 159
101 216
101 235
101 237
101 257
101 278
101 299
101 300
102 145
102 177
102 189
102 209
102 231
103 123
103 133
103 175
103 177
103 194
103 205
103 231
103 292
104 145
104 175
104 209
104 215
104 284
104 298
105 127
105 169
105 177
105 178
105 202
105 219
105 222
105 231
105 242
105 248
105 254
105 258
106 116
106 192
106 196
106 200
106 202
106 216
106 235
106 237
106 257
107 121
107 301
108 159
109 133
109 192
109 263
110 175
110 195
110 235
110 255
110 257
111 133
111 192
111 263
112 115
112 130
112 135
112 222
112 248
112 254
113 144
113 175
114 187
115 128
115 130
115 154
115 162
115 166
115 168
115 169
115 178
115 187
115 202
115 222
115 237
115 244
115 257
115 285
115 288
115 309
115 315
116 187
116 202
116 216
116 237
116 300
117 173
117 222
117 248
117 254
117 298
118 175
118 177
118 231
118 252
119 187
119 188
120 131
120 137
120 175
120 194
120 202
120 235
120 257
120 275
120 304
120 314
121 125
121 183
121 195
121 204
121 264
121 301
121 313
122 165
122 235
122 257
123 194
123 205
124 175
124 202
124 235
124 257
124 314
125 264
126 158
126 177
126 231
126 235
126 257
126 259
126 273
127 157
127 160
127 208
127 228
127 237
127 248
127 254
127 314
128 139
128 166
128 222
128 239
129 202
129 235
129 249
129 256
129 257
129 265
129 307
130 177
130 222
130 231
131 137
131 146
131 175
131 194
131 202
131 205
131 208
132 155
132 185
132 187
132 209
133 136
133 169
133 175
133 176
133 186
133 187
133 211
133 226
133 292
134 224
134 239
134 303
134 313
135 175
135 248
135 254
136 169
136 186
136 226
137 187
137 202
137 237
137 257
137 314
138 159
138 202
138 269
138 295
139 158
139 166
139 194
139 202
139 209
139 212
139 235
139 239
139 257
140 194
140 202
140 235
140 257
140 304
141 161
142 192
142 263
143 235
143 257
143 261
144 159
144 175
144 176
145 169
145 194
145 205
145 209
145 215
145 289
146 177
146 194
146 202
146 205
146 210
146 231
147 187
147 300
148 209
148 251
149 187
149 194
149 202
149 235
149 257
149 300
149 304
150 238
150 249
150 266
150 272
150 294
151 177
151 189
151 231
151 235
151 243
151 257
151 269
151 271
152 177
152 231
153 177
153 187
153 194
153 203
153 213
153 231
153 237
153 257
153 304
154 156
154 222
154 244
154 248
154 254
155 185
155 187
156 248
156 254
156 286
157 228
158 175
158 209
158 212
159 176
159 177
159 187
159 189
159 202
159 227
159 231
159 269
159 278
159 295
159 297
159 299
160 178
160 202
160 203
160 237
160 314
161 197
161 241
162 171
162 177
162 222
162 231
162 285
163 218
163 235
163 257
164 202
164 216
165 235
165 257
166 177
166 178
166 187
166 199
166 202
166 218
166 222
166 231
166 237
166 239
166 257
167 194
167 202
167 205
167 271
168 222
169 177
169 209
169 222
169 231
169 258
170 248
170 254
171 177
171 184
171 231
172 175
172 177
172 207
172 231
172 252
173 248
173 254
174 235
174 237
174 257
174 276
174 291
175 177
175 179
175 185
175 194
175 202
175 205
175 209
175 217
175 222
175 231
175 234
175 235
175 248
175 252
175 254
175 257
175 258
175 277
175 284
175 289
175 292
175 298
175 304
175 315
176 187
176 211
177 189
177 191
177 193
177 194
177 202
177 203
177 205
177 207
177 219
177 222
177 231
177 232
177 244
177 245
177 247
177 258
177 269
177 271
177 273
177 283
177 286
177 288
177 297
177 304
177 308
177 315
178 194
178 202
178 203
178 222
178 235
178 237
178 242
178 257
178 302
178 314
179 234
180 198
181 202
181 307
182 187
182 200
182 202
182 257
182 263
182 266
182 293
183 204
184 248
184 254
185 187
186 202
186 235
186 257
187 188
187 194
187 202
187 211
187 222
187 232
187 237
187 248
187 249
187 257
187 263
187 281
187 300
187 304
187 314
188 240
188 281
189 231
189 235
189 257
190 236
190 280
191 231
191 232
191 275
192 200
192 263
193 231
193 247
194 202
194 205
194 209
194 210
194 211
194 215
194 217
194 219
194 230
194 231
194 235
194 237
194 246
194 252
194 257
194 266
194 271
194 289
194 294
194 300
194 302
194 304
194 314
195 313
196 202
196 216
197 241
199 218
200 212
200 266
200 293
201 205
201 316
202 203
202 206
202 209
202 210
202 220
202 222
202 225
202 231
202 235
202 237
202 240
202 242
202 246
202 255
202 256
202 257
202 259
202 260
202 263
202 266
202 267
202 269
202 273
202 275
202 276
202 290
202 294
202 295
202 296
202 304
202 307
202 312
202 314
202 315
203 231
203 237
203 314
204 236
204 280
205 215
205 217
205 219
205 230
205 231
205 252
205 258
205 271
205 284
205 289
205 304
205 314
205 316
206 235
206 257
206 315
207 231
207 309
209 215
209 220
209 235
209 239
209 251
209 257
209 284
209 304
210 235
210 257
214 235
214 257
214 281
216 235
216 257
217 219
218 235
218 257
219 231
220 235
220 243
220 257
220 290
220 296
221 235
221 257
222 231
222 235
222 237
222 242
222 244
222 257
222 267
222 277
222 285
222 288
222 298
222 309
222 310
222 315
223 248
223 254
224 303
225 307
229 248
229 254
229 277
230 252
231 232
231 244
231 245
231 247
231 258
231 269
231 271
231 273
231 283
231 286
231 288
231 297
231 304
231 308
231 315
232 300
235 237
235 246
235 249
235 255
235 257
235 259
235 260
235 261
235 266
235 267
235 269
235 281
235 291
235 294
235 304
235 313
235 314
235 315
236 280
237 257
237 300
237 304
237 314
238 266
238 272
239 303
244 245
245 253
246 257
246 266
248 253
248 254
248 257
248 274
248 285
248 297
249 257
249 294
250 262
253 254
253 285
254 274
254 285
254 297
255 256
255 257
256 307
256 311
257 259
257 260
257 261
257 263
257 266
257 267
257 269
257 281
257 291
257 294
257 300
257 304
257 313
257 314
257 315
260 273
260 314
266 272
266 293
266 294
268 279
268 306
269 295
270 291
274 283
275 314
278 299
279 306
280 282
283 288
284 298
290 312
300 304
302 305
304 314
