0 16
0 31
0 50
0 79
0 94
0 129
0 146
0 158
0 178
1 7
1 108
1 186
1 195
2 19
2 49
2 77
2 124
2 139
2 164
2 168
2 219
3 28
3 90
3 130
3 172
3 197
4 9
4 29
4 36
4 71
4 80
4 83
4 95
4 111
4 132
4 141
4 143
4 147
4 185
4 219
5 43
5 88
5 208
6 9
6 36
6 61
6 83
6 95
6 109
6 132
6 140
6 143
6 175
6 202
6 219
7 17
7 24
7 105
7 160
8 202
8 214
9 36
9 43
9 76
9 83
9 95
9 100
9 124
9 143
9 147
9 164
9 185
9 191
9 196
9 219
10 13
10 145
10 154
10 161
11 12
11 14
11 27
11 42
11 74
11 87
11 94
11 98
11 117
11 125
11 131
11 139
11 146
11 156
11 158
11 170
11 198
11 201
12 43
12 50
12 63
12 114
12 206
12 219
13 145
13 189
13 218
14 31
14 42
14 87
14 88
14 98
14 125
14 128
14 156
14 158
14 170
15 18
15 44
15 83
15 107
15 117
15 158
15 162
15 185
16 48
16 99
17 24
17 55
17 107
17 160
17 162
17 221
18 38
18 58
18 80
18 83
18 91
18 180
19 60
19 61
19 100
19 115
19 180
19 225
20 27
20 114
20 131
20 169
20 206
21 48
21 93
21 126
21 150
21 178
22 58
22 131
22 176
22 197
23 139
23 216
24 38
25 74
25 75
25 119
25 128
25 153
25 174
25 198
25 207
26 62
26 130
27 31
27 58
27 87
27 93
27 125
27 128
27 137
27 148
27 150
27 154
27 158
27 161
27 178
27 198
27 201
27 204
27 213
27 215
28 61
28 120
28 122
28 160
28 209
29 52
29 96
29 100
29 113
29 132
29 143
29 149
29 164
30 56
30 84
30 155
30 160
31 42
31 50
31 75
31 106
31 112
31 131
31 153
31 174
31 201
31 207
31 213
32 40
32 41
32 55
32 71
32 88
32 114
32 117
32 125
32 126
32 129
32 142
32 149
32 161
32 168
32 178
32 212
33 97
33 217
34 114
34 138
34 142
34 199
35 95
35 100
35 127
36 61
36 63
36 80
36 113
36 122
36 132
36 136
36 140
36 141
36 143
36 164
36 183
36 185
36 196
36 197
36 219
37 59
37 65
37 69
37 89
37 107
37 121
37 160
37 166
37 203
37 225
38 180
39 64
39 66
39 96
39 122
39 124
39 183
39 210
40 59
40 69
40 87
40 107
40 142
40 162
40 203
40 206
40 225
41 42
41 51
41 71
41 88
41 126
41 146
41 149
41 154
41 178
41 212
41 213
42 79
42 145
42 156
42 158
42 161
42 202
42 212
42 215
43 72
43 191
43 196
44 190
45 102
45 105
45 181
45 197
45 200
46 52
46 54
46 91
46 124
46 134
46 143
46 205
46 210
46 216
47 165
47 181
47 187
47 209
48 150
48 178
48 189
48 195
49 111
49 175
50 79
50 101
50 135
51 196
52 113
52 124
52 132
52 134
52 141
52 164
52 210
53 66
53 193
54 63
54 80
54 86
54 96
54 111
54 171
55 145
55 168
55 192
55 218
55 224
56 155
57 138
57 188
58 83
58 102
58 129
58 131
58 185
58 197
58 211
59 69
59 90
59 92
59 107
59 121
59 130
59 162
59 203
59 221
59 225
60 73
60 90
60 167
60 168
60 176
61 63
61 67
61 76
61 80
61 86
61 100
61 111
61 113
61 120
61 124
61 132
61 134
61 141
61 163
61 164
61 183
61 184
61 185
61 196
61 219
62 92
62 144
62 177
62 219
63 124
63 141
64 122
64 171
64 183
65 89
65 147
65 149
65 222
66 82
66 139
66 141
66 146
66 202
67 80
67 86
68 88
68 194
69 107
69 123
69 160
69 221
69 223
69 225
70 72
70 130
70 144
70 211
71 126
71 149
71 213
72 179
72 181
72 191
72 197
72 200
72 211
73 167
73 168
74 106
74 108
74 112
74 119
74 153
74 198
74 207
75 94
75 106
75 108
75 125
75 137
75 147
75 153
75 154
75 156
75 174
75 201
75 207
76 120
76 140
76 193
76 225
77 196
78 109
78 133
78 184
78 190
79 99
80 83
80 86
80 88
80 90
80 94
80 95
80 100
80 120
80 132
80 141
80 143
80 146
80 149
80 157
80 164
80 175
80 185
80 196
80 205
80 219
81 163
82 88
82 110
82 139
82 147
82 157
83 96
83 100
83 109
83 118
83 126
83 132
83 140
84 222
85 101
85 198
85 201
86 118
86 146
86 170
86 205
86 220
87 93
87 109
87 131
87 148
87 150
87 158
87 178
87 179
87 198
87 201
87 204
87 212
87 213
88 178
88 193
88 194
88 201
88 206
88 213
88 222
90 100
90 107
90 118
90 120
90 130
90 131
90 157
90 185
90 200
90 219
91 124
91 134
91 136
91 141
91 157
91 183
92 107
92 123
92 160
92 221
92 223
93 150
93 178
94 107
94 140
94 161
95 96
95 127
95 149
95 175
96 124
96 136
96 163
96 164
96 183
96 195
97 149
97 197
97 214
98 125
98 158
98 170
100 109
100 118
100 124
100 163
100 164
100 175
100 185
100 196
100 219
100 225
101 195
101 198
101 201
102 105
102 110
102 144
102 172
102 177
102 211
103 108
103 112
103 198
104 187
105 110
105 177
105 179
105 181
105 191
105 202
106 108
106 112
106 119
106 128
106 129
106 131
106 135
106 153
106 158
106 174
106 197
106 201
106 204
106 207
107 110
107 121
107 157
107 162
107 203
107 215
107 221
107 225
108 112
108 119
108 174
108 186
109 132
109 166
109 167
109 179
109 197
110 166
110 206
110 211
112 128
112 146
112 153
112 174
112 198
113 132
113 143
113 182
114 142
114 169
114 173
114 188
114 199
114 206
115 176
116 151
116 197
116 211
116 213
117 125
117 129
117 158
118 120
118 132
118 225
119 186
119 201
121 160
121 203
121 221
121 225
122 164
122 183
122 210
123 160
123 221
123 223
124 134
124 141
124 163
124 164
124 183
125 129
125 156
125 158
125 170
125 198
125 201
125 215
126 148
126 150
126 178
126 212
126 213
127 172
128 129
128 153
128 161
128 198
128 201
129 156
129 161
129 190
129 201
129 213
131 135
131 197
132 141
132 143
132 146
132 183
132 184
132 185
132 210
132 219
133 142
133 173
133 188
134 167
134 210
136 183
139 167
139 211
140 157
140 185
140 216
141 149
141 210
142 169
142 173
142 188
142 199
143 146
144 172
144 177
145 154
145 161
145 224
146 147
146 152
146 156
146 158
146 166
146 192
146 213
148 178
149 187
149 206
150 178
151 194
152 175
152 184
153 198
153 207
154 156
154 161
154 204
154 218
155 165
156 158
156 161
156 170
156 198
156 212
156 215
157 177
157 192
157 225
158 170
158 178
158 195
158 198
158 204
158 215
159 162
159 217
160 187
160 198
160 221
160 223
162 197
162 203
163 164
163 171
163 183
164 168
164 205
164 216
166 179
166 191
166 194
166 198
166 222
167 193
168 218
168 223
168 224
169 206
172 177
172 200
174 201
174 204
174 207
175 219
176 197
177 181
178 204
178 212
178 213
178 225
179 181
179 191
179 222
180 184
181 191
181 200
183 210
185 219
186 201
187 208
189 218
193 225
194 198
196 217
197 219
197 221
198 201
198 212
201 207
203 221
203 225
204 213
205 216
205 220
207 216
212 213
212 215
215 224
221 223
221 225
