298
268
124
209
70
266
74
93
135
159
124
155
98
86
127
170
179
179
192
261
5
265
185
155
249
176
50
185
43
293
326
79
73
6
68
166
261
26
105
6
72
6
164
145
193
162
134
326
34
47
55
34
269
6
248
103
98
288
30
87
40
281
316
259
248
265
240
12
197
182
267
40
93
269
218
248
317
72
27
303
86
156
272
40
40
72
12
131
292
313
316
294
108
40
31
258
221
98
47
293
254
307
96
139
248
98
43
107
155
217
207
162
185
260
284
86
226
134
79
27
155
31
124
203
72
256
260
248
295
150
6
137
218
66
40
40
3
218
98
131
319
239
152
33
131
250
281
226
98
72
294
298
248
157
316
104
21
243
72
72
185
122
170
