231
179
201
157
147
108
278
224
188
51
28
187
19
281
34
212
41
291
272
244
70
171
71
232
185
296
97
257
262
223
202
194
252
199
3
146
314
7
230
243
23
67
259
10
96
15
225
18
318
236
83
13
116
182
86
322
308
197
302
57
267
60
2
210
77
250
56
226
160
280
93
320
211
92
17
251
323
29
112
139
270
289
136
75
81
162
184
151
36
219
94
82
312
156
299
154
238
169
228
165
220
31
163
85
285
233
46
122
298
38
249
178
148
68
69
292
64
213
177
63
132
114
255
26
315
295
167
173
61
44
16
65
128
256
12
126
279
247
265
0
208
310
303
110
101
260
99
78
45
79
150
217
74
72
140
120
189
316
221
127
293
172
200
175
161
27
119
290
102
258
284
135
181
109
203
209
248
326
301
287
111
159
321
98
239
104
76
274
319
261
144
8
6
242
32
152
22
264
235
300
269
142
100
325
168
95
266
138
5
294
214
141
9
53
59
192
24
263
176
113
234
227
73
191
216
193
222
271
134
170
207
21
30
123
324
277
115
268
245
215
196
105
84
131
282
106
195
1
43
58
130
49
305
137
121
204
286
33
52
297
87
317
183
190
273
103
180
306
118
125
107
309
307
47
229
311
39
155
91
42
198
145
50
133
206
313
90
62
246
304
174
240
35
54
