311
203
175
256
112
333
158
3
152
323
59
81
202
85
185
246
263
2
234
279
129
87
353
104
277
171
308
164
156
82
19
324
259
278
309
33
45
26
331
172
367
366
4
24
303
313
298
13
325
373
272
99
155
198
297
5
169
230
363
109
312
61
344
131
261
43
186
1
281
31
200
358
36
14
110
304
365
253
235
301
314
28
193
356
316
249
252
90
111
264
86
315
84
207
170
88
165
16
144
364
114
91
89
245
332
62
239
187
330
257
251
173
300
57
65
38
50
166
7
346
133
199
12
372
163
106
134
27
101
244
46
174
168
44
258
55
83
157
37
17
153
322
345
194
248
273
176
135
39
184
343
60
151
18
354
260
299
6
237
280
51
183
188
0
63
262
370
64
113
355
357
132
141
107
236
201
130
15
105
351
334
238
142
103
154
352
143
25
58
