0 10
0 11
0 14
0 16
0 21
0 36
0 42
0 49
0 59
0 60
0 61
0 64
0 66
0 77
0 85
0 88
0 94
0 97
0 99
0 109
0 111
0 114
0 120
0 125
0 128
0 129
0 130
10 8
10 16
10 18
10 20
10 28
10 66
10 67
10 85
10 111
10 128
10 129
11 3
11 94
11 117
14 3
14 16
14 36
14 53
14 69
14 77
14 125
14 134
16 17
16 18
16 21
16 42
16 47
16 53
16 57
16 58
16 60
16 62
16 64
16 66
16 68
16 79
16 85
16 88
16 97
16 98
16 109
16 111
16 114
16 117
16 118
16 120
16 125
16 127
16 128
16 130
16 134
21 25
21 26
21 38
21 56
21 59
21 64
21 68
21 76
21 78
21 79
21 85
21 94
21 106
21 111
21 118
21 121
21 127
21 134
36 1
36 69
36 92
36 111
36 134
42 17
42 54
42 92
49 8
49 34
49 62
49 101
49 103
49 111
49 120
49 130
49 134
59 15
59 17
59 2
59 26
59 34
59 46
59 79
59 94
59 103
59 108
59 111
59 113
59 118
59 124
59 127
59 134
60 3
60 7
60 74
60 97
60 103
61 28
61 70
61 75
61 85
61 100
61 128
64 8
64 20
64 72
64 77
64 94
64 117
64 128
66 18
66 53
66 85
66 111
77 53
77 68
77 8
77 20
77 85
77 91
77 94
77 99
77 103
77 111
77 114
77 116
77 125
77 127
77 128
77 131
77 134
85 15
85 17
85 18
85 53
85 68
85 1
85 3
85 8
85 9
85 20
85 26
85 34
85 57
85 71
85 72
85 75
85 88
85 94
85 95
85 98
85 99
85 100
85 103
85 111
85 112
85 114
85 116
85 118
85 127
85 128
85 134
88 68
88 30
94 53
94 30
94 79
94 100
94 111
94 112
94 117
94 118
94 127
94 128
97 34
97 103
99 8
99 20
99 116
109 111
111 47
111 53
111 58
111 68
111 98
111 1
111 5
111 8
111 12
111 20
111 26
111 27
111 28
111 29
111 30
111 31
111 33
111 40
111 48
111 51
111 55
111 56
111 62
111 63
111 65
111 69
111 70
111 71
111 73
111 80
111 81
111 82
111 83
111 86
111 89
111 96
111 100
111 101
111 103
111 105
111 107
111 108
111 110
111 112
111 113
111 114
111 116
111 118
111 120
111 123
111 126
111 127
111 128
111 132
111 133
111 134
114 53
114 27
114 43
114 71
114 91
114 108
114 128
114 129
114 131
120 63
120 96
125 53
125 35
125 52
125 84
125 102
125 128
125 134
128 17
128 53
128 58
128 68
128 20
128 30
128 40
128 48
128 87
128 131
128 132
129 55
129 82
129 108
130 47
8 17
8 4
8 20
8 23
8 26
8 33
8 50
8 73
8 82
8 86
8 89
8 113
8 116
8 118
8 126
18 67
20 17
20 4
20 6
20 31
20 33
20 41
20 45
20 48
20 50
20 73
20 82
20 86
20 89
20 113
20 116
20 118
20 126
28 71
28 70
28 132
67 134
67 24
67 30
3 69
3 7
3 32
3 71
3 103
3 110
117 53
117 13
117 24
117 54
117 100
117 131
53 17
53 34
53 48
53 103
53 131
53 134
69 1
69 34
69 103
69 134
134 68
134 32
134 13
134 24
134 52
134 54
134 57
134 72
134 79
134 82
134 84
134 100
15 17
15 62
15 101
17 19
17 27
17 34
17 48
17 54
17 62
17 73
17 82
17 101
17 103
17 107
17 124
62 2
62 26
62 30
62 81
62 101
62 133
101 2
101 26
101 30
101 81
47 102
57 4
57 6
57 70
57 86
57 89
58 71
58 119
68 48
68 112
68 127
79 127
79 39
79 71
79 113
79 118
79 27
79 108
79 119
79 123
98 55
98 90
118 127
118 34
118 119
127 25
127 26
127 105
127 112
19 39
19 43
27 48
27 43
34 26
34 41
34 48
34 50
34 65
34 103
34 108
34 116
34 123
48 43
48 65
48 73
48 91
48 116
73 26
73 108
82 4
82 6
82 55
82 86
82 89
82 104
82 108
82 126
103 41
103 50
103 65
103 108
103 116
103 123
107 13
124 39
124 25
25 39
26 30
26 108
38 56
38 92
38 121
56 37
56 76
56 78
56 106
56 121
76 37
76 78
78 106
106 35
92 102
71 32
71 110
71 132
2 46
46 39
46 43
108 91
113 123
7 74
70 4
70 6
70 86
70 89
70 126
75 100
72 9
72 95
112 30
91 65
9 95
95 23
55 104
29 105
33 105
40 87
51 63
51 80
51 96
63 80
80 83
81 93
81 133
83 96
86 89
89 126
110 32
126 6
35 115
52 84
4 6
22 115
122 44
