830
863
725
1015
174
805
117
669
941
574
86
860
13
383
155
193
148
1050
812
710
585
12
587
1112
149
965
43
1057
820
314
842
843
844
562
845
183
660
331
606
703
573
493
986
736
127
877
661
1031
624
397
600
40
90
1042
354
171
1118
345
53
859
25
613
531
893
806
532
87
1047
557
619
123
159
488
76
747
35
240
796
405
316
1077
442
194
99
952
464
135
62
700
906
182
1036
544
376
1040
389
851
774
46
169
334
634
250
399
173
1
604
876
407
230
699
1069
653
94
1065
491
836
157
449
261
1064
1004
337
322
627
309
84
118
723
492
467
546
879
185
398
505
870
455
318
211
52
1098
1088
791
32
994
910
937
175
771
121
990
999
408
698
1116
257
683
197
435
943
839
666
678
804
992
564
583
213
234
265
912
440
865
680
853
189
330
176
325
764
163
371
410
896
1032
1012
109
762
834
29
292
188
60
391
607
158
832
248
756
615
273
927
696
208
691
686
1130
942
672
730
1129
553
285
254
533
381
326
1033
707
701
333
1013
706
765
1003
