620
669
376
623
51
580
636
474
191
676
421
523
496
173
570
137
204
555
182
565
230
444
152
54
572
262
240
155
641
393
695
334
467
250
387
143
269
178
589
263
381
423
189
418
346
682
210
544
681
281
528
532
541
439
111
164
514
634
495
399
159
666
403
412
192
337
475
547
368
665
543
522
333
161
550
366
529
365
358
613
24
104
342
693
670
654
533
176
640
469
487
362
145
198
292
621
427
247
298
273
370
380
157
674
601
645
299
325
286
265
635
297
166
583
88
395
185
211
282
582
628
435
437
507
303
345
266
629
536
177
488
690
234
144
312
697
84
309
329
419
285
489
194
410
226
426
450
28
472
619
196
486
455
643
581
23
617
632
364
267
413
336
383
575
479
653
460
684
121
332
687
605
349
272
353
407
228
648
567
69
207
154
165
405
698
484
518
288
556
36
546
552
490
156
492
508
214
356
167
481
183
627
391
367
374
307
663
593
213
471
179
245
594
562
598
502
357
591
675
270
326
60
631
540
296
651
289
83
248
174
603
608
386
239
203
304
515
394
180
465
494
599
384
493
190
306
242
442
409
561
363
218
169
428
586
657
606
39
505
477
456
187
569
80
224
559
429
709
392
241
249
597
372
584
260
212
512
75
313
590
434
454
64
659
491
340
324
350
82
335
327
171
568
416
422
291
411
553
102
473
253
458
650
614
542
209
466
463
46
415
227
112
246
243
566
588
188
571
596
576
315
390
452
72
637
317
664
453
644
311
275
278
622
639
587
612
478
585
348
592
510
310
461
264
252
609
89
62
625
679
258
34
539
602
352
551
451
708
516
251
498
200
283
254
414
195
244
225
400
322
503
201
90
347
208
604
343
223
197
276
517
170
459
308
537
375
678
287
217
535
205
351
229
396
683
638
519
441
146
447
163
404
168
618
497
610
600
501
302
401
649
646
534
284
527
408
417
274
255
70
25
560
526
202
445
691
361
271
402
388
462
344
511
642
578
626
293
548
531
339
672
595
538
172
574
330
530
162
295
136
443
557
66
220
406
692
257
314
338
294
573
699
397
577
151
175
300
658
354
290
319
521
57
420
688
101
661
373
667
448
509
331
378
389
382
525
607
470
328
558
305
611
504
320
464
564
424
53
385
438
468
662
449
222
232
379
160
563
215
633
615
549
256
433
341
436
524
457
431
482
261
219
660
93
446
425
616
520
371
360
231
480
206
32
624
318
485
430
199
680
235
268
277
506
316
56
655
476
499
369
656
186
500
398
359
554
432
193
700
181
440
158
677
483
579
647
237
355
513
377
