232
205
27
108
184
26
130
8
2
5
83
177
7
4
65
33
206
72
122
192
237
153
189
182
262
191
139
64
35
211
220
208
73
125
1
148
96
49
259
271
230
110
129
207
17
68
0
216
150
99
231
41
24
47
15
138
98
272
239
196
166
286
6
242
107
67
131
233
159
244
252
158
273
21
30
62
71
127
254
287
197
34
174
217
25
32
9
69
134
44
227
3
179
101
275
104
77
45
39
52
317
29
170
261
266
142
190
168
115
63
228
204
256
268
20
42
92
18
257
183
78
59
263
28
163
248
105
121
22
85
236
194
288
199
277
124
178
40
87
269
80
135
218
111
200
81
240
136
123
106
235
285
119
43
249
276
161
50
38
117
143
91
133
