0 78
0 93
0 107
0 195
0 339
0 349
0 354
0 382
0 387
0 395
0 414
0 441
0 483
0 487
78 21
78 83
78 100
78 392
78 401
78 483
93 7
93 69
93 77
93 80
93 109
93 195
93 225
93 228
93 247
93 264
93 312
93 347
93 382
93 385
93 410
93 418
93 457
93 471
93 480
93 481
93 544
93 637
93 640
93 664
107 90
107 8
107 34
107 65
107 110
107 171
107 178
107 183
107 195
107 201
107 213
107 267
107 319
107 325
107 354
107 414
107 449
107 465
107 515
107 533
107 535
107 589
107 642
195 8
195 137
195 171
195 305
195 325
195 349
195 395
195 441
195 444
195 465
195 589
339 5
339 151
339 162
339 177
339 189
339 209
339 239
339 287
339 304
339 363
339 410
339 426
339 434
339 471
339 486
339 498
339 560
339 624
339 630
339 640
339 644
349 35
349 38
349 100
349 134
349 142
349 182
349 201
349 273
349 277
349 293
349 298
349 300
349 323
349 387
349 475
349 485
349 519
349 592
349 603
349 612
349 635
349 641
349 652
354 34
354 46
354 48
354 65
354 86
354 325
354 356
354 401
354 414
354 439
354 441
354 445
354 471
354 483
354 494
354 508
354 515
354 618
382 123
382 129
382 198
382 249
382 331
382 347
382 362
382 411
382 484
382 569
382 570
382 644
387 32
387 56
387 192
387 345
387 392
387 395
387 414
387 480
387 487
387 642
395 65
395 183
395 192
395 213
395 301
395 325
395 483
395 600
395 603
395 642
414 27
414 46
414 183
414 441
414 494
441 56
441 65
441 81
441 86
441 237
441 319
441 401
441 465
441 508
441 592
441 604
483 41
483 56
483 96
483 148
483 183
483 314
483 319
483 325
483 392
483 401
483 444
483 467
483 515
483 525
483 533
483 586
483 600
483 604
483 618
487 72
487 106
487 162
487 176
487 177
487 190
487 198
487 287
487 336
487 345
487 357
487 363
487 386
487 397
487 410
487 457
487 482
487 539
487 556
487 617
487 624
487 675
21 480
21 48
21 237
21 401
21 669
83 1
83 110
83 157
83 192
83 285
83 330
100 90
100 517
100 480
100 5
100 24
100 56
100 174
100 243
100 263
100 298
100 325
100 489
100 515
100 522
100 674
392 72
392 418
392 480
392 530
392 675
392 610
392 486
392 115
392 341
392 417
392 312
392 614
392 569
392 45
392 105
392 50
392 80
392 98
392 177
392 218
392 220
392 285
392 495
392 555
392 561
392 568
392 579
392 591
392 624
392 670
401 90
401 65
401 314
401 604
401 600
401 24
401 46
401 192
401 356
401 426
401 494
401 533
90 56
90 221
90 227
90 273
90 298
90 319
90 480
90 485
90 515
90 519
90 592
56 7
56 96
56 314
56 467
56 480
56 604
56 319
56 16
56 32
56 220
56 263
56 286
56 301
56 306
56 345
56 426
56 465
56 488
56 503
56 515
56 524
56 642
221 598
221 87
221 304
221 560
221 312
221 311
221 29
221 62
221 177
221 282
221 326
221 471
221 608
221 624
227 96
227 176
227 480
227 278
227 465
227 16
227 58
227 114
227 121
227 126
227 146
227 190
227 205
227 212
227 224
227 285
227 306
227 318
227 336
227 362
227 370
227 398
227 405
227 420
227 428
227 494
227 495
227 519
227 524
227 554
227 569
227 606
227 644
227 652
273 480
273 600
273 298
273 485
273 293
298 480
298 519
298 84
298 38
298 174
298 182
298 229
298 293
298 323
298 426
298 449
298 485
298 552
319 96
319 604
319 32
319 142
319 178
319 263
319 286
319 345
319 426
319 465
319 515
319 600
319 618
319 620
319 651
319 669
480 176
480 314
480 47
480 141
480 163
480 183
480 251
480 278
480 284
480 285
480 341
480 417
480 519
480 569
480 572
480 637
485 519
485 477
485 32
515 517
515 278
515 34
515 325
515 536
515 508
515 526
515 642
519 16
519 428
519 32
519 182
519 192
519 293
519 300
519 592
519 642
592 103
592 137
592 149
592 418
592 241
592 600
592 637
592 258
592 167
592 169
592 197
592 218
592 244
592 379
592 398
592 556
592 596
592 632
592 667
7 28
7 31
7 35
7 53
7 57
7 72
7 115
7 116
7 129
7 176
7 193
7 209
7 232
7 241
7 250
7 303
7 304
7 332
7 345
7 393
7 403
7 418
7 443
7 481
7 543
7 551
7 625
7 640
69 598
69 53
69 353
69 533
69 145
69 328
69 477
69 495
69 503
69 590
69 544
69 194
69 229
69 577
77 151
77 580
77 667
80 72
80 193
80 341
80 345
80 552
80 300
80 421
80 554
109 232
109 217
109 252
109 602
109 636
225 72
225 96
225 604
225 514
225 217
225 188
225 190
225 197
225 233
225 271
225 280
225 599
228 353
228 328
228 317
228 371
228 399
228 628
247 96
247 475
247 604
247 345
247 148
247 658
247 677
264 529
264 621
264 151
264 573
264 177
264 279
264 287
264 336
264 426
264 482
312 609
312 443
312 9
312 566
312 614
312 617
347 621
347 151
347 345
347 13
347 277
347 408
347 449
347 643
385 276
385 611
385 187
385 210
385 336
385 420
385 563
385 601
385 632
385 674
410 418
410 241
410 640
410 184
410 336
410 167
410 656
410 580
410 79
410 351
410 130
410 169
410 300
410 468
410 648
418 1
418 84
418 121
418 208
418 241
418 258
418 277
418 428
418 457
418 572
418 610
418 625
457 1
457 193
457 15
457 156
457 192
457 241
457 277
457 325
457 429
457 436
457 467
457 482
457 530
457 554
457 593
457 599
457 611
457 659
457 664
471 87
471 514
471 291
471 486
471 209
471 232
471 304
471 332
471 560
471 545
471 674
471 297
471 311
471 566
471 29
471 159
471 210
471 277
471 426
471 444
471 488
471 522
471 568
471 618
481 359
481 14
481 203
481 566
544 53
544 332
544 397
544 336
544 274
544 275
544 353
544 419
544 567
544 124
544 350
544 143
544 147
544 267
544 328
544 477
544 495
544 564
544 58
544 189
544 317
544 463
544 577
637 572
637 625
637 610
637 57
637 332
637 10
637 215
637 316
637 24
637 29
637 43
637 84
637 111
637 143
637 147
637 152
637 155
637 163
637 189
637 194
637 270
637 274
637 277
637 300
637 350
637 353
637 362
637 363
637 366
637 397
637 405
637 428
637 442
637 449
637 477
637 522
637 561
637 564
637 644
637 668
640 31
640 66
640 166
640 190
640 199
640 256
640 290
640 391
640 412
640 466
640 633
640 653
664 609
664 393
664 9
664 287
664 379
8 34
8 171
8 201
8 465
8 589
8 600
34 160
34 141
34 171
34 183
34 196
34 201
34 213
34 301
34 325
34 465
34 589
34 600
65 1
65 27
65 46
65 72
65 150
65 285
65 356
65 359
65 439
65 445
65 449
65 508
65 533
110 600
110 674
110 24
110 213
110 192
110 533
171 196
171 201
171 325
171 465
171 535
171 589
171 600
178 53
178 341
178 363
178 495
178 658
178 484
178 54
178 73
178 121
178 389
178 620
183 96
183 149
183 201
183 465
183 308
183 213
183 237
183 27
183 70
183 121
183 182
183 226
183 258
183 426
183 445
183 494
183 678
201 277
201 465
201 535
201 589
201 600
213 196
213 325
213 600
213 308
213 24
213 533
213 669
267 284
267 674
267 29
267 189
267 540
267 636
325 96
325 196
325 141
325 184
325 192
325 301
325 465
325 533
325 535
325 552
449 523
449 158
449 469
449 403
449 157
449 328
449 224
449 207
449 556
449 194
465 196
465 24
465 191
465 192
465 285
465 535
465 539
465 557
465 589
465 600
533 600
533 24
533 605
533 143
533 388
533 504
533 616
535 196
535 600
535 668
589 600
642 160
642 82
642 504
137 1
137 35
137 16
137 61
137 84
137 102
137 128
137 218
137 277
137 295
137 300
137 424
137 428
137 475
137 615
137 641
137 652
305 5
305 160
305 250
305 357
305 486
444 560
444 292
444 426
5 176
5 200
5 204
5 357
5 383
5 486
151 276
151 530
151 211
151 231
151 232
151 251
151 341
151 408
162 161
162 378
162 559
177 625
177 545
177 622
177 506
177 495
177 44
177 482
177 561
177 591
189 610
189 184
189 366
189 147
189 433
189 495
189 503
189 658
189 564
189 426
209 49
209 118
209 304
209 331
209 355
209 386
209 479
209 513
209 552
209 606
239 674
239 464
239 184
287 276
287 530
287 609
287 28
287 393
287 408
287 231
287 426
287 430
304 291
304 486
304 232
304 45
304 50
304 73
304 123
304 311
304 417
304 479
304 488
304 581
304 622
304 629
363 131
363 434
363 184
363 84
363 186
363 29
363 328
363 405
363 407
363 477
363 503
363 522
363 595
363 658
426 232
426 336
426 48
426 346
426 618
434 4
434 67
434 84
434 112
434 184
434 257
434 361
434 421
486 160
486 291
486 479
498 611
498 14
498 118
498 184
498 294
498 320
498 334
498 336
498 386
498 411
498 528
498 597
498 606
498 638
498 670
560 79
560 190
560 336
560 412
560 425
560 510
560 622
624 598
624 131
624 630
624 425
624 139
624 488
624 210
624 583
624 554
624 482
624 216
624 230
624 500
624 601
630 16
630 55
630 95
630 184
630 435
630 548
630 556
630 568
644 160
644 10
644 569
644 16
644 24
644 58
644 114
644 397
644 428
644 505
35 1
35 102
35 142
35 220
35 295
35 424
35 564
35 615
38 134
38 612
134 160
134 20
134 82
134 274
134 293
134 635
142 103
142 424
142 565
142 220
142 308
142 396
142 429
142 455
142 505
142 552
142 555
182 192
277 103
277 149
277 314
277 475
277 279
277 211
277 84
277 258
277 218
277 561
277 54
277 73
277 121
277 244
277 510
277 520
277 555
277 574
277 575
277 596
277 619
293 373
300 103
300 604
300 443
300 643
300 567
300 406
300 223
300 656
300 379
300 101
300 415
300 571
323 612
323 117
475 96
475 103
475 149
475 314
475 424
475 220
475 266
475 295
475 413
475 555
475 564
475 565
475 615
603 102
612 32
612 641
635 669
635 212
635 82
635 108
635 677
641 424
641 569
641 220
641 266
652 572
652 215
652 19
652 43
652 419
652 495
46 314
46 211
46 148
46 27
46 356
46 445
46 494
46 557
48 282
86 27
86 81
86 439
86 557
356 27
356 89
356 508
356 557
439 150
494 150
508 27
508 150
618 149
618 467
618 87
618 610
618 311
618 179
618 450
123 232
123 341
123 345
123 417
123 569
123 12
123 50
123 125
123 198
123 340
123 479
123 552
123 629
123 655
129 336
129 617
129 645
198 569
198 43
198 155
198 503
198 159
198 520
198 574
249 260
249 620
249 578
249 197
331 606
331 63
331 118
331 180
331 268
331 289
331 411
331 579
331 597
362 611
362 17
362 345
362 181
362 104
362 355
411 569
411 606
411 268
411 416
411 118
484 523
484 211
484 282
569 176
569 609
569 241
569 524
569 106
569 166
569 173
569 187
569 659
570 671
192 600
192 404
192 301
192 504
345 649
345 514
345 341
345 18
345 55
345 61
345 79
345 190
345 248
345 301
345 340
345 376
345 379
345 405
345 412
345 495
345 541
345 556
345 574
301 675
600 196
27 557
81 150
81 409
237 403
237 550
604 1
604 149
604 453
604 467
604 148
604 191
41 14
96 1
96 16
96 111
96 148
96 308
96 314
96 341
96 467
96 555
96 615
96 659
96 677
148 149
148 314
148 424
148 453
148 467
148 295
148 615
314 1
314 103
314 453
467 103
467 149
467 453
467 106
467 565
467 615
525 82
525 378
525 504
525 576
72 1
72 50
72 131
72 176
72 291
72 303
72 591
106 530
106 572
106 649
106 303
106 18
106 52
106 121
106 493
106 578
176 1
176 10
176 232
176 241
176 284
176 285
176 336
176 417
176 421
176 482
176 556
176 610
190 31
190 166
190 262
336 675
336 341
336 18
336 39
336 282
336 386
336 482
357 610
357 160
357 291
357 250
357 383
357 389
357 428
357 669
386 340
386 99
386 49
386 348
386 496
386 646
386 126
386 146
386 180
386 344
386 437
386 606
397 524
397 16
397 29
397 58
397 306
397 350
397 366
397 433
397 554
482 103
482 424
482 609
482 675
482 524
482 566
482 84
482 121
482 597
539 231
556 572
556 403
556 548
556 156
556 224
556 55
556 135
556 384
556 554
556 568
617 593
617 284
617 161
617 251
617 436
675 359
675 572
675 12
675 14
675 52
675 68
675 108
675 159
675 184
675 242
675 303
675 308
675 417
675 489
675 505
675 610
517 174
517 243
517 263
517 286
174 263
174 286
174 243
174 526
243 141
243 263
243 390
263 286
263 616
1 31
1 103
1 193
1 276
1 424
1 453
1 523
1 530
1 565
1 593
1 609
1 611
1 625
31 193
31 262
31 290
31 425
31 524
31 532
31 545
31 633
103 149
103 191
103 396
103 424
103 615
193 6
193 14
193 115
193 278
193 283
193 341
193 394
193 429
193 530
193 538
193 609
193 611
193 621
276 13
276 15
276 28
276 187
276 370
276 436
424 102
424 428
424 555
424 615
424 622
453 615
453 677
523 119
523 128
523 413
523 555
523 615
530 11
530 28
530 127
530 187
530 231
530 430
530 510
530 572
530 609
530 649
565 102
565 170
565 564
593 28
593 393
593 510
593 563
593 610
593 625
609 16
609 18
609 393
609 404
609 451
609 510
609 542
609 614
609 620
611 3
611 207
611 289
611 308
611 394
611 428
611 520
611 524
611 647
611 649
625 9
625 194
625 378
625 417
625 443
625 462
625 503
625 566
625 573
625 670
28 11
28 478
53 147
53 163
53 186
53 296
53 328
53 332
53 361
53 404
53 503
53 522
53 561
53 657
57 131
57 610
57 147
57 211
57 288
57 361
57 405
57 435
57 543
57 583
115 88
116 596
232 45
232 415
232 417
232 629
241 167
241 218
241 672
250 101
303 359
303 610
303 306
303 543
332 20
332 85
332 147
332 163
332 194
332 229
332 328
332 353
332 495
332 503
332 522
332 658
393 510
393 674
403 572
403 17
403 16
403 55
403 95
403 98
403 156
403 285
403 299
403 311
403 416
403 452
403 491
403 507
403 554
403 568
403 571
403 582
403 622
403 623
403 636
443 308
443 451
443 476
443 510
443 566
443 636
543 610
543 44
551 179
551 251
551 283
262 532
290 70
290 256
290 472
290 633
425 291
425 545
425 505
425 566
425 283
524 10
524 16
524 45
524 58
524 179
524 212
524 306
524 433
532 70
532 166
532 280
532 527
545 341
545 10
545 364
545 566
633 472
633 678
220 572
220 143
220 147
220 658
220 112
295 555
295 615
564 622
564 152
564 555
615 149
615 128
615 402
615 413
615 555
150 566
150 557
150 409
285 284
285 278
285 668
285 456
359 161
359 283
359 309
359 433
359 559
359 619
50 610
50 417
50 45
50 655
50 211
50 479
50 552
131 4
131 122
131 139
131 610
131 658
131 668
291 87
291 204
291 125
291 168
291 326
291 341
291 346
291 591
591 417
591 159
157 9
157 568
16 428
111 388
111 89
111 628
111 667
308 451
308 12
308 68
308 59
308 159
308 242
308 368
308 429
308 489
308 505
341 284
341 88
341 278
341 14
341 18
341 49
341 173
341 297
341 299
341 340
341 355
341 404
341 430
341 436
341 573
341 587
341 608
555 119
555 413
555 660
555 677
659 566
659 578
149 284
149 473
149 542
149 599
191 364
191 405
191 463
396 542
396 12
396 297
396 108
396 537
396 562
61 478
61 658
61 561
61 167
61 619
84 316
84 324
84 647
84 454
84 43
84 26
84 29
84 155
84 186
84 229
84 257
84 272
84 328
84 361
84 433
84 442
84 477
84 522
128 19
128 170
218 643
218 139
218 372
218 258
218 73
218 167
218 172
218 288
218 601
218 672
428 17
428 97
428 160
428 217
428 58
428 62
428 212
428 606
284 2
284 158
284 578
473 40
542 536
542 108
542 240
542 321
542 562
542 678
599 499
10 610
10 85
10 215
10 217
10 316
10 324
10 668
10 674
417 572
417 12
417 147
417 210
417 211
417 282
417 479
417 503
417 629
417 655
417 662
421 278
421 316
421 186
610 45
610 58
610 68
610 245
610 306
610 316
610 405
610 516
610 552
610 558
610 568
610 658
6 11
6 621
14 489
14 292
14 318
14 404
14 563
14 566
278 451
278 614
283 548
283 173
283 632
394 127
394 187
429 68
429 159
429 489
429 505
621 164
621 279
621 364
621 408
621 502
621 606
621 636
621 643
13 279
13 408
13 516
187 654
187 101
187 161
370 634
436 529
436 127
161 516
161 251
161 238
161 559
309 470
433 29
433 245
433 58
433 503
559 340
559 458
619 516
619 101
619 238
121 514
121 647
121 322
121 258
121 620
121 197
208 622
208 373
208 167
208 656
208 130
208 169
208 254
208 468
258 42
258 596
572 26
572 212
572 306
572 316
572 343
572 489
572 650
622 649
622 204
622 404
622 566
622 51
622 130
622 254
622 260
622 495
622 554
156 311
156 489
156 33
156 452
156 95
156 91
156 224
156 507
156 623
554 311
554 404
554 350
554 488
554 216
554 407
554 574
554 608
266 660
47 20
47 22
47 36
47 124
47 272
47 296
47 567
47 605
163 181
163 155
163 658
163 561
163 114
163 229
251 173
251 231
119 19
11 649
11 529
127 54
127 101
127 299
430 54
430 299
430 587
510 529
510 573
510 614
510 279
510 54
510 620
649 3
649 342
649 594
170 656
170 79
26 446
26 454
26 124
26 145
26 186
26 350
26 388
212 353
212 29
212 143
212 155
212 203
212 229
306 200
306 324
316 29
316 94
316 257
316 601
343 43
343 188
489 12
489 68
489 159
489 224
489 242
489 333
489 491
489 513
489 522
489 568
489 639
489 658
650 215
650 503
563 478
18 573
18 173
18 211
18 340
18 364
18 647
404 120
404 268
451 553
614 79
614 653
620 606
620 73
620 91
620 337
620 380
3 594
3 598
207 52
207 493
289 505
289 99
289 355
289 437
289 661
289 676
520 437
520 118
520 427
647 566
647 364
647 224
647 328
647 380
9 536
9 573
194 328
194 495
194 658
194 371
194 490
194 628
462 573
503 215
503 419
503 509
503 43
503 29
503 495
503 58
503 104
503 272
503 442
566 629
566 655
566 179
566 188
566 479
573 88
670 318
670 320
670 528
670 348
670 185
594 22
594 420
594 607
12 45
12 68
12 144
12 252
12 311
12 505
12 655
52 459
52 117
52 138
52 260
52 456
52 466
68 159
68 242
68 297
68 458
68 505
68 516
68 654
108 536
108 320
108 537
108 240
108 159
108 455
108 562
108 678
159 204
159 144
159 464
159 513
159 242
159 368
159 654
184 17
184 160
184 88
184 297
184 73
184 326
184 492
184 518
184 531
242 678
505 49
505 180
505 294
505 334
505 377
505 437
505 455
505 584
2 469
2 499
469 158
469 365
469 440
499 440
158 534
534 365
578 173
578 260
578 197
598 139
598 272
598 274
598 369
598 380
598 398
598 488
598 577
598 583
598 608
210 282
210 288
210 601
210 662
420 22
420 154
420 607
601 435
601 147
601 139
601 372
601 282
601 367
601 583
601 214
632 197
674 179
674 328
674 479
674 540
22 36
22 607
139 45
139 292
139 211
139 147
139 369
139 37
139 172
139 216
139 280
139 329
139 372
139 380
139 450
139 491
139 500
139 561
139 602
272 274
272 296
272 419
272 509
272 361
272 477
272 495
272 658
272 369
272 590
272 375
272 422
272 595
272 673
274 160
274 20
274 89
274 147
274 270
274 317
274 328
274 369
274 375
274 419
274 422
274 446
274 509
274 590
274 605
274 631
274 658
274 673
369 36
369 398
369 577
369 590
380 577
380 608
380 398
380 491
398 219
398 488
398 608
398 202
488 435
488 60
488 372
488 202
488 230
488 302
488 329
488 450
488 491
488 574
488 583
488 602
488 608
577 509
577 147
577 595
577 375
583 45
583 629
583 548
583 143
583 147
583 328
583 361
583 60
583 219
583 333
583 367
583 216
583 384
608 85
608 172
4 17
4 87
4 97
17 33
17 358
17 435
17 452
87 200
33 95
33 98
358 24
358 181
435 45
435 311
435 629
435 147
435 219
435 288
435 296
435 328
435 361
435 384
435 491
435 574
435 613
452 55
452 95
658 446
658 43
658 29
658 147
658 328
658 490
658 631
668 24
668 147
668 246
668 259
668 270
668 353
668 663
67 361
67 112
67 240
67 255
67 511
112 361
112 511
257 361
257 495
257 229
361 186
361 350
361 29
361 147
361 255
361 495
514 188
514 205
514 651
188 352
205 448
205 626
205 651
651 562
651 448
651 626
45 147
45 211
45 282
45 288
45 367
45 479
45 552
45 629
45 655
45 662
245 29
405 350
405 29
405 265
405 360
405 636
516 44
516 101
516 458
516 476
552 548
552 105
552 62
568 548
568 95
568 384
568 588
204 168
204 311
383 389
383 669
24 324
24 105
522 328
522 477
522 495
522 442
522 229
160 124
160 504
160 511
160 580
160 669
124 509
124 605
124 147
124 317
124 616
124 631
124 673
511 275
580 340
669 389
311 37
311 179
311 431
311 438
311 479
311 574
389 456
389 616
389 550
479 540
479 282
479 581
164 261
279 536
279 364
279 408
279 643
364 169
502 54
606 99
606 320
606 528
606 49
606 348
606 646
606 584
606 118
606 126
606 140
606 268
606 294
606 335
606 355
606 377
606 416
606 638
636 217
636 252
636 98
636 165
636 254
478 561
147 629
147 211
147 419
147 446
147 509
147 567
147 605
147 43
147 350
147 388
147 29
147 282
147 288
147 371
147 372
147 463
147 495
147 588
147 631
186 29
296 85
296 353
296 442
296 673
328 43
328 400
328 407
328 477
328 540
328 561
328 595
328 628
561 181
561 477
561 590
561 202
561 206
561 673
211 629
211 655
211 282
211 288
211 338
211 667
288 324
288 655
288 282
288 468
288 672
88 76
596 244
645 173
645 667
645 587
455 144
455 318
455 537
455 376
49 30
49 496
49 584
118 318
118 320
355 432
355 584
513 333
513 512
513 654
415 173
629 282
629 372
629 655
629 662
167 373
167 541
167 648
167 672
672 656
672 351
672 130
672 169
672 269
672 422
672 468
672 627
672 648
73 656
73 165
73 374
20 275
20 353
20 366
20 419
20 446
20 454
20 460
20 605
229 292
229 155
229 172
353 89
353 143
353 317
353 399
353 446
353 477
353 567
353 605
353 613
353 631
353 673
495 215
495 509
495 350
495 29
495 477
495 299
495 375
495 490
173 99
173 236
299 334
299 175
299 172
299 587
340 179
340 223
587 432
587 334
587 185
587 234
587 236
587 501
587 427
79 656
79 253
79 379
248 562
248 226
376 584
376 268
376 416
376 294
376 497
379 327
412 653
412 678
574 216
574 315
574 575
95 135
95 224
98 222
416 99
416 268
416 294
416 497
491 292
491 450
491 172
491 315
491 665
507 548
507 381
571 588
623 474
623 367
623 92
282 655
282 662
282 673
655 662
203 324
179 531
179 521
66 656
166 653
199 19
199 254
391 466
466 235
466 260
466 678
536 321
536 464
536 537
536 654
321 584
321 537
321 678
464 144
464 252
464 59
464 368
464 654
537 59
537 562
654 144
654 458
654 368
654 678
240 454
240 613
678 144
678 368
215 43
215 509
215 605
217 75
217 165
217 252
324 29
324 75
324 114
43 419
43 509
43 40
43 333
43 442
43 540
509 419
509 446
509 454
509 40
509 233
509 371
509 399
509 567
509 605
509 631
605 275
605 446
605 567
605 246
605 595
605 616
605 631
605 673
126 348
126 496
126 437
126 104
126 140
126 344
126 666
146 437
146 492
224 292
224 548
318 313
318 427
318 661
29 366
29 350
29 143
29 155
29 477
94 613
152 281
270 145
270 259
270 628
350 446
350 265
350 360
350 375
350 388
350 422
350 477
366 616
442 477
477 317
477 490
477 628
663 145
663 673
663 402
663 371
663 463
540 105
540 447
144 59
144 136
144 334
144 368
144 597
367 384
367 461
136 547
334 427
334 501
597 638
597 313
37 219
37 372
431 327
333 595
639 500
180 584
180 437
294 638
294 497
437 99
437 348
437 496
437 584
437 344
584 528
584 113
584 234
584 313
292 219
219 172
219 230
219 329
219 602
313 432
313 185
313 638
313 234
313 427
313 501
661 506
120 140
120 676
268 99
320 63
320 506
320 528
528 25
638 234
638 497
62 63
548 384
548 546
548 549
518 223
531 64
104 348
104 140
104 666
384 461
613 454
613 422
99 25
99 63
99 234
99 646
338 153
223 226
130 254
260 197
260 671
446 145
446 317
446 375
446 388
446 595
446 616
446 631
446 673
454 36
454 474
454 590
460 371
36 60
36 474
36 590
567 399
567 407
82 576
89 145
317 628
317 490
317 616
317 631
375 595
422 255
422 307
590 595
631 673
631 402
673 616
399 371
145 490
145 595
388 628
474 461
371 628
40 133
60 329
154 71
23 74
23 235
23 406
23 459
74 133
74 138
74 406
74 459
235 133
235 253
235 406
406 138
406 459
406 585
459 133
459 117
459 456
459 585
133 138
133 253
133 585
138 117
197 423
197 671
271 117
579 348
579 185
25 30
25 506
30 348
30 496
30 646
506 656
348 432
348 140
348 344
348 496
348 666
496 140
496 646
234 185
234 501
432 501
501 185
656 468
490 628
70 472
588 135
140 344
140 666
91 310
329 230
329 450
172 450
172 230
172 500
216 302
450 500
302 575
302 665
302 315
373 42
468 627
671 132
648 351
351 627
521 214
315 665
