0 27
0 52
0 91
0 99
0 132
0 170
0 177
0 212
0 225
27 1
27 6
27 13
27 23
27 79
27 96
27 111
27 112
27 177
27 178
27 196
52 1
52 6
52 13
52 23
52 42
52 66
52 76
52 79
52 83
52 96
52 106
52 132
52 164
52 170
52 177
52 178
52 186
52 192
52 196
52 202
91 15
91 90
91 153
99 109
99 133
99 223
99 225
132 4
132 22
132 25
132 30
132 31
132 106
132 112
132 123
132 127
132 135
132 144
132 147
132 150
132 164
132 196
132 208
132 220
132 223
170 1
170 23
170 28
170 76
170 113
170 178
170 186
170 196
177 13
177 31
177 59
177 65
177 112
177 178
212 4
212 5
212 31
212 51
212 103
212 124
212 126
212 157
212 163
212 168
212 208
212 225
225 9
225 88
225 101
225 124
225 126
225 154
225 179
1 5
1 113
1 118
1 178
1 182
1 192
6 112
6 134
6 192
6 196
6 220
13 178
13 176
13 14
13 36
13 65
13 76
13 79
13 96
13 111
13 156
13 161
23 113
23 178
23 176
23 36
23 65
23 76
23 79
23 161
23 157
79 178
79 30
79 163
79 76
79 39
79 62
79 206
96 14
111 178
111 36
112 222
112 37
112 172
112 50
112 138
112 36
112 65
112 144
112 156
178 113
178 18
178 30
178 46
178 53
178 76
178 80
178 92
178 98
178 110
178 162
178 188
178 206
178 210
178 214
196 113
196 192
196 25
196 42
196 92
196 106
196 133
196 150
196 163
196 186
196 201
196 202
196 223
42 5
42 3
42 64
42 77
42 121
42 126
42 168
66 37
66 81
66 75
66 63
66 85
66 114
76 130
83 86
83 128
106 195
106 20
106 150
106 22
106 133
106 148
106 164
106 188
106 223
164 156
164 213
186 113
186 222
186 172
186 138
186 134
186 190
186 36
186 35
186 147
186 202
192 113
202 113
202 182
202 37
202 130
202 133
202 223
15 117
15 90
15 194
90 117
90 29
90 130
90 141
90 153
90 175
153 50
153 117
153 29
109 182
109 138
109 14
133 43
133 67
133 135
133 150
133 35
133 63
133 148
133 223
223 182
223 160
223 37
223 43
223 50
223 201
223 88
223 75
4 222
4 37
4 172
4 30
4 50
4 117
4 138
4 163
4 176
4 195
22 134
22 10
22 14
22 88
22 144
22 156
25 50
25 201
25 127
25 124
30 172
30 46
30 71
30 75
30 107
30 127
30 152
30 162
30 171
30 183
30 188
30 206
30 210
30 214
30 215
31 36
31 118
31 120
31 152
31 176
123 46
127 50
127 7
127 40
127 88
127 135
127 136
127 157
127 191
135 182
135 160
135 67
135 77
135 195
135 201
135 7
135 34
135 54
135 58
135 130
135 183
135 191
135 215
135 221
144 222
144 216
147 134
147 61
147 69
150 182
150 37
150 43
150 50
150 20
150 100
150 89
150 189
208 3
208 128
208 200
220 67
220 141
220 216
113 219
59 86
65 104
65 141
65 157
65 161
5 43
5 77
5 121
5 168
5 201
51 131
51 16
51 19
51 124
51 154
51 173
51 184
51 185
51 213
103 8
103 37
103 9
103 19
103 193
124 205
124 107
124 219
126 160
126 43
126 121
126 168
126 205
157 36
157 161
157 34
157 141
163 37
163 18
163 21
163 39
163 62
163 71
163 86
163 92
163 95
163 114
163 152
163 176
163 206
168 3
168 37
168 77
168 121
168 145
168 205
9 142
9 193
88 37
88 50
88 11
88 14
88 141
88 156
88 218
101 217
154 199
154 173
154 187
154 213
154 184
154 185
179 19
179 40
118 16
118 53
118 80
118 162
118 210
182 29
182 37
182 46
182 50
182 75
182 117
182 148
182 151
182 167
182 191
182 204
43 3
43 24
43 49
43 70
43 89
43 128
43 137
43 203
43 205
77 160
77 3
77 19
77 40
77 75
77 121
77 205
77 213
121 3
121 50
121 70
121 205
201 160
201 67
201 17
201 19
201 24
201 26
201 74
201 75
201 89
201 120
134 222
134 138
134 195
134 35
134 36
134 69
134 151
134 183
134 206
134 211
134 224
36 104
36 141
120 62
120 152
120 86
152 207
152 210
152 46
152 188
152 206
176 11
176 18
176 46
176 71
176 82
176 155
176 188
176 206
86 34
86 206
86 85
128 11
16 80
16 199
53 80
53 17
53 46
53 71
53 85
53 105
53 155
80 8
80 17
80 105
80 162
80 210
162 18
162 92
162 105
162 110
162 210
210 46
210 95
18 34
18 92
18 107
18 214
46 21
46 71
46 110
46 188
46 214
92 34
92 71
92 107
92 114
92 171
92 188
92 206
92 214
98 199
98 95
98 218
188 138
188 151
188 114
206 222
206 21
206 39
206 85
206 114
214 107
214 71
214 171
29 37
29 50
29 117
29 138
29 204
29 159
29 151
29 94
29 130
29 35
29 115
29 175
29 221
37 3
37 50
37 74
37 117
37 151
50 34
50 75
50 136
50 149
50 156
50 195
75 67
75 81
75 136
75 107
75 213
75 71
75 85
75 141
75 197
117 222
117 41
117 58
117 116
117 130
117 138
117 151
117 175
151 138
151 40
151 61
151 73
167 183
167 45
167 60
167 137
167 174
191 24
191 58
191 114
204 84
204 137
204 224
222 69
222 172
222 190
69 218
172 3
172 54
172 141
190 7
190 34
2 160
2 169
2 209
160 169
160 209
169 74
169 108
169 209
209 11
209 108
8 20
8 78
8 87
8 100
20 48
78 38
78 57
78 100
78 189
87 145
100 19
100 24
100 38
100 187
100 224
74 24
74 116
11 205
11 24
11 131
11 136
11 180
3 81
3 205
81 85
81 137
205 70
205 200
64 93
24 89
24 131
24 199
24 211
49 35
70 183
89 140
89 114
137 203
137 130
137 45
137 33
137 84
137 158
203 12
67 57
67 139
57 199
57 40
57 173
57 211
57 122
139 130
139 115
19 131
19 40
19 129
19 173
19 187
19 213
40 193
40 131
40 183
213 131
213 199
213 173
213 187
213 184
213 185
213 211
145 38
145 189
54 159
141 218
200 93
138 7
195 63
195 68
195 183
71 199
71 62
183 193
183 131
183 156
215 221
136 63
136 180
149 58
156 14
58 146
116 175
130 26
130 115
130 175
7 68
7 119
7 140
21 131
21 199
21 82
21 62
39 62
39 95
114 146
155 105
63 166
17 165
17 207
26 94
26 125
211 173
84 55
119 146
119 180
119 198
140 56
146 180
198 218
56 72
48 125
38 115
38 44
38 189
189 44
189 60
187 131
187 199
187 173
187 184
193 115
10 159
131 173
131 184
131 199
173 184
173 185
184 185
161 104
194 143
165 55
129 166
197 60
197 102
181 97
181 158
158 47
32 45
60 174
72 72
