3
250
226
90
302
317
325
283
245
142
12
210
60
29
1
6
314
298
140
116
326
137
227
158
183
66
195
198
287
46
128
266
84
291
67
91
9
299
31
233
209
134
321
45
63
110
265
320
179
215
131
159
201
217
263
309
55
19
76
64
15
288
161
273
305
44
312
165
130
230
257
278
26
166
43
127
53
139
180
242
86
169
50
144
220
211
315
212
28
174
85
123
51
282
35
78
124
316
80
235
253
70
98
33
143
256
175
162
88
59
310
205
251
52
125
112
147
308
241
87
83
188
203
182
173
167
105
271
145
274
114
156
49
97
204
54
48
4
38
252
277
126
100
164
290
268
93
255
292
32
42
239
68
196
186
14
71
96
197
254
240
157
11
