747
686
250
609
292
990
1032
796
717
1116
435
364
1107
672
150
776
95
117
554
488
1036
810
533
585
1110
683
860
334
493
457
171
1058
535
380
952
980
1054
925
510
524
624
354
532
544
653
219
155
957
1033
345
522
248
516
528
936
211
139
389
734
177
323
296
1125
882
959
600
481
531
669
636
80
501
1112
149
574
438
304
316
1051
330
13
604
47
1027
710
257
382
750
297
33
1028
492
431
844
329
1098
1013
696
97
202
1057
406
383
943
163
121
765
603
1050
870
475
194
755
658
254
260
337
735
109
176
619
631
398
927
124
1065
158
906
565
834
612
1035
1047
230
341
1042
88
774
875
273
701
661
325
277
123
802
491
378
148
827
762
495
182
610
703
56
994
84
1088
634
1114
502
559
791
1026
193
700
843
659
562
32
947
405
401
898
75
52
764
151
986
379
642
1131
28
963
806
771
828
557
8
1015
227
691
81
706
1075
842
99
698
976
1040
1
455
192
694
647
215
845
564
51
832
349
1010
112
988
157
489
185
614
808
1128
1100
997
632
981
1077
