0 1
0 4
0 5
0 8
0 19
0 24
0 33
0 34
0 35
0 36
0 47
0 49
0 62
0 64
0 82
0 84
0 102
0 112
0 113
0 114
0 115
0 118
0 122
0 127
0 129
0 130
0 133
0 135
0 139
0 140
0 141
0 158
0 161
0 163
0 166
0 168
0 175
0 178
0 179
0 182
0 184
0 187
0 193
0 196
0 197
1 5
1 8
1 9
1 11
1 27
1 36
1 41
1 43
1 49
1 63
1 67
1 73
1 82
1 88
1 105
1 112
1 113
1 130
1 133
1 139
1 142
1 163
1 166
1 169
1 173
1 177
1 184
1 187
1 188
1 193
1 196
4 5
4 6
4 13
4 16
4 29
4 35
4 42
4 43
4 45
4 47
4 51
4 55
4 62
4 82
4 83
4 84
4 88
4 90
4 97
4 105
4 115
4 122
4 127
4 130
4 132
4 134
4 141
4 142
4 150
4 151
4 153
4 157
4 158
4 161
4 163
4 171
4 175
4 180
4 184
4 186
4 188
4 192
5 8
5 17
5 19
5 33
5 34
5 35
5 36
5 49
5 59
5 63
5 69
5 82
5 88
5 105
5 112
5 120
5 130
5 131
5 140
5 141
5 142
5 145
5 158
5 160
5 163
5 164
5 166
5 168
5 169
5 177
5 179
5 182
5 184
5 187
5 188
5 193
5 194
5 196
5 197
8 3
8 24
8 27
8 33
8 34
8 35
8 43
8 49
8 55
8 63
8 67
8 69
8 82
8 84
8 102
8 105
8 112
8 113
8 118
8 120
8 129
8 139
8 140
8 142
8 153
8 158
8 160
8 163
8 168
8 173
8 177
8 178
8 179
8 182
8 187
8 188
8 192
8 196
19 24
19 25
19 33
19 34
19 35
19 51
19 63
19 66
19 82
19 93
19 102
19 113
19 122
19 129
19 133
19 142
19 155
19 159
19 164
19 177
19 178
19 184
19 188
19 193
19 199
24 6
24 17
24 35
24 43
24 49
24 51
24 66
24 82
24 88
24 102
24 112
24 113
24 118
24 122
24 158
24 159
24 168
24 169
24 177
24 178
24 182
24 184
24 196
33 11
33 27
33 43
33 49
33 63
33 67
33 102
33 103
33 113
33 118
33 120
33 130
33 133
33 139
33 140
33 142
33 145
33 158
33 163
33 164
33 166
33 168
33 169
33 177
33 178
33 188
33 196
34 17
34 29
34 35
34 43
34 47
34 49
34 55
34 62
34 64
34 66
34 88
34 91
34 102
34 105
34 112
34 113
34 115
34 119
34 122
34 123
34 127
34 129
34 130
34 137
34 141
34 142
34 150
34 152
34 153
34 168
34 171
34 175
34 182
34 184
34 186
34 187
34 188
35 9
35 11
35 47
35 62
35 63
35 66
35 67
35 82
35 84
35 94
35 102
35 112
35 113
35 122
35 127
35 130
35 133
35 140
35 141
35 142
35 158
35 160
35 161
35 163
35 166
35 168
35 171
35 173
35 177
35 178
35 179
35 182
35 184
35 186
35 193
36 49
36 113
36 130
36 133
36 166
36 168
36 182
36 187
36 196
36 197
47 13
47 16
47 62
47 64
47 91
47 94
47 97
47 112
47 115
47 119
47 123
47 130
47 132
47 150
47 151
47 157
47 161
47 171
47 175
47 182
49 9
49 11
49 17
49 27
49 43
49 55
49 59
49 63
49 67
49 69
49 82
49 98
49 102
49 112
49 113
49 131
49 133
49 139
49 140
49 145
49 158
49 160
49 163
49 164
49 165
49 168
49 169
49 177
49 178
49 182
49 187
49 192
49 196
49 197
62 6
62 16
62 42
62 45
62 64
62 84
62 90
62 91
62 94
62 97
62 115
62 119
62 123
62 130
62 132
62 134
62 141
62 150
62 161
62 168
62 175
62 177
62 182
62 195
64 23
64 13
64 16
64 21
64 42
64 45
64 60
64 84
64 90
64 97
64 115
64 119
64 127
64 129
64 130
64 134
64 141
64 150
64 151
64 161
64 168
64 171
64 175
64 180
64 182
64 184
64 195
82 9
82 3
82 17
82 27
82 43
82 55
82 63
82 67
82 73
82 112
82 118
82 120
82 129
82 130
82 133
82 139
82 140
82 141
82 142
82 163
82 164
82 165
82 168
82 169
82 173
82 184
82 185
82 192
84 23
84 16
84 81
84 88
84 91
84 97
84 112
84 115
84 123
84 130
84 134
84 140
84 141
84 145
84 150
84 161
84 163
84 168
84 171
84 175
84 187
84 192
102 3
102 11
102 43
102 63
102 105
102 112
102 113
102 118
102 129
102 133
102 141
102 158
102 160
102 163
102 166
102 168
102 179
102 182
102 187
102 188
102 196
102 197
112 9
112 69
112 88
112 3
112 27
112 29
112 30
112 40
112 55
112 63
112 67
112 73
112 81
112 83
112 113
112 116
112 117
112 118
112 125
112 129
112 130
112 131
112 138
112 140
112 141
112 142
112 145
112 160
112 163
112 164
112 165
112 168
112 169
112 173
112 177
112 178
112 182
112 184
112 185
112 187
112 188
112 192
112 196
112 197
113 9
113 3
113 11
113 27
113 63
113 67
113 106
113 116
113 118
113 120
113 129
113 130
113 133
113 137
113 139
113 140
113 142
113 150
113 158
113 160
113 163
113 166
113 168
113 169
113 173
113 175
113 177
113 178
113 179
113 182
113 187
113 188
113 193
113 196
113 197
114 15
114 25
114 29
114 55
114 65
114 68
114 74
114 75
114 83
114 85
114 87
114 122
114 124
114 147
114 152
115 23
115 6
115 16
115 21
115 42
115 45
115 91
115 97
115 119
115 123
115 127
115 130
115 134
115 141
115 150
115 151
115 157
115 168
115 171
115 175
115 180
115 186
115 195
118 9
118 69
118 11
118 43
118 63
118 67
118 105
118 120
118 130
118 133
118 139
118 140
118 142
118 163
118 165
118 166
118 169
118 173
118 177
118 179
118 182
118 184
118 187
118 188
118 196
118 197
122 66
122 25
122 26
122 32
122 83
122 108
122 130
122 148
122 152
122 163
122 190
127 91
127 123
127 130
127 150
127 161
127 168
127 171
127 182
127 196
129 66
129 120
129 63
129 105
129 130
129 133
129 141
129 142
129 160
129 163
129 168
129 169
129 173
129 178
129 184
129 187
129 188
129 193
129 196
130 66
130 88
130 3
130 6
130 11
130 16
130 27
130 63
130 83
130 91
130 103
130 105
130 116
130 119
130 123
130 132
130 133
130 137
130 140
130 141
130 142
130 145
130 150
130 152
130 158
130 160
130 161
130 165
130 168
130 171
130 173
130 175
130 177
130 178
130 179
130 180
130 184
130 187
130 188
130 195
130 196
130 197
133 69
133 120
133 3
133 11
133 17
133 27
133 43
133 55
133 63
133 67
133 103
133 139
133 140
133 158
133 160
133 163
133 164
133 165
133 166
133 168
133 169
133 178
133 179
133 182
133 184
133 187
133 188
133 194
133 197
135 128
139 9
139 69
139 120
139 3
139 6
139 11
139 27
139 43
139 63
139 67
139 98
139 103
139 105
139 106
139 117
139 140
139 142
139 145
139 158
139 160
139 163
139 165
139 166
139 168
139 169
139 173
139 177
139 178
139 179
139 184
139 187
139 188
139 193
139 196
139 197
140 9
140 88
140 120
140 3
140 27
140 43
140 63
140 94
140 105
140 125
140 142
140 145
140 158
140 160
140 163
140 165
140 168
140 169
140 173
140 177
140 182
140 184
140 187
140 188
140 192
140 194
141 66
141 6
141 13
141 16
141 42
141 45
141 60
141 83
141 90
141 91
141 94
141 97
141 105
141 119
141 123
141 132
141 134
141 150
141 151
141 158
141 161
141 163
141 166
141 168
141 169
141 171
141 175
141 177
141 178
141 186
141 188
141 195
141 196
158 9
158 69
158 120
158 142
158 3
158 17
158 27
158 30
158 43
158 63
158 67
158 105
158 145
158 165
158 166
158 168
158 169
158 173
158 179
158 182
158 184
158 187
158 193
158 196
161 23
161 6
161 13
161 16
161 21
161 42
161 45
161 60
161 90
161 91
161 94
161 97
161 119
161 132
161 150
161 151
161 157
161 171
161 175
161 180
161 182
161 186
163 9
163 88
163 120
163 142
163 3
163 11
163 31
163 40
163 41
163 43
163 55
163 63
163 67
163 73
163 105
163 117
163 125
163 131
163 145
163 160
163 164
163 168
163 169
163 177
163 178
163 184
163 185
163 187
163 188
163 192
163 196
166 120
166 142
166 11
166 30
166 63
166 145
166 164
166 173
166 177
166 178
166 182
166 184
166 187
166 188
168 9
168 66
168 120
168 137
168 142
168 3
168 6
168 11
168 17
168 43
168 59
168 67
168 83
168 91
168 97
168 119
168 123
168 145
168 150
168 152
168 160
168 164
168 169
168 171
168 173
168 175
168 177
168 178
168 179
168 182
168 184
168 186
168 187
168 188
168 196
168 197
175 142
175 11
175 13
175 16
175 21
175 29
175 42
175 45
175 55
175 60
175 83
175 90
175 97
175 119
175 123
175 132
175 134
175 150
175 151
175 157
175 171
175 180
175 182
175 184
175 195
178 88
178 120
178 142
178 177
178 11
178 31
178 40
178 55
178 59
178 67
178 94
178 145
178 165
178 169
178 179
178 182
178 184
178 187
178 188
178 193
178 196
179 120
179 3
179 11
179 27
179 43
179 63
179 103
179 145
179 160
179 165
179 184
179 188
179 196
182 9
182 177
182 3
182 6
182 11
182 16
182 43
182 83
182 90
182 91
182 93
182 97
182 105
182 123
182 150
182 152
182 159
182 165
182 169
182 184
182 187
182 188
182 195
184 66
184 88
184 137
184 142
184 177
184 11
184 25
184 27
184 29
184 43
184 63
184 83
184 105
184 145
184 148
184 152
184 160
184 169
184 187
184 188
184 196
187 9
187 69
187 177
187 11
187 27
187 31
187 43
187 63
187 67
187 81
187 103
187 105
187 145
187 164
187 169
187 185
187 196
187 197
193 142
193 177
193 188
193 63
193 160
193 194
193 196
196 9
196 88
196 142
196 177
196 188
196 11
196 43
196 63
196 105
196 153
196 160
196 165
196 169
196 197
197 188
197 11
197 63
197 145
197 160
197 165
197 173
9 11
9 17
9 27
9 43
9 88
9 120
9 142
9 153
9 164
9 169
9 177
11 120
11 142
11 177
11 188
11 17
11 27
11 67
11 105
11 145
11 160
11 165
11 169
27 69
27 120
27 142
27 177
27 188
27 3
27 43
27 63
27 67
27 103
27 106
27 160
27 173
41 88
41 40
41 59
41 81
41 105
41 131
41 138
41 164
41 185
43 69
43 120
43 142
43 188
43 3
43 31
43 63
43 67
43 103
43 105
43 145
43 160
43 165
43 169
43 173
43 192
63 69
63 120
63 142
63 177
63 188
63 17
63 67
63 103
63 105
63 145
63 160
63 164
63 165
63 173
67 69
67 120
67 177
67 188
67 3
67 17
67 98
67 145
67 164
67 165
67 173
73 88
73 55
73 59
73 81
73 138
73 172
73 185
88 31
88 40
88 55
88 59
88 81
88 83
88 125
88 152
88 164
88 192
105 142
105 188
105 17
105 55
105 125
105 131
105 145
105 153
105 173
105 192
142 3
142 55
142 145
142 160
142 164
142 169
142 173
142 177
142 192
142 194
169 69
169 120
169 177
169 188
169 3
169 145
169 160
169 164
169 40
169 55
169 153
169 173
173 120
173 177
173 188
173 3
173 145
173 160
173 164
173 103
173 165
177 69
177 120
177 3
177 17
177 106
177 145
177 160
177 165
177 188
177 194
188 69
188 120
188 3
188 17
188 103
188 165
6 16
6 45
6 97
6 119
6 123
6 157
6 171
6 180
6 186
6 195
13 16
13 42
13 56
13 60
13 91
13 97
13 119
13 123
13 132
13 134
13 150
13 151
13 157
13 171
13 180
13 195
16 23
16 21
16 42
16 45
16 56
16 60
16 91
16 97
16 119
16 123
16 132
16 134
16 150
16 151
16 157
16 171
16 180
16 195
29 55
29 90
29 94
42 21
42 56
42 60
42 91
42 119
42 123
42 132
42 134
42 151
42 157
42 195
45 91
45 97
45 119
45 123
45 132
45 151
45 157
45 180
45 195
51 93
51 153
51 159
51 162
51 199
55 59
55 94
55 125
55 131
55 153
55 192
83 48
83 53
83 91
83 101
83 110
83 126
83 144
83 149
83 174
83 183
90 94
90 123
90 171
90 186
90 195
97 23
97 60
97 91
97 94
97 21
97 119
97 123
97 132
97 134
97 150
97 151
97 157
97 171
97 186
97 195
132 23
132 60
132 119
132 123
132 21
132 150
132 151
132 157
132 171
132 180
132 195
134 119
134 123
134 21
134 150
134 151
134 171
134 195
150 23
150 91
150 119
150 123
150 56
150 151
150 157
150 171
151 23
151 60
151 91
151 119
151 123
151 21
151 56
151 157
151 171
151 180
151 195
153 93
153 155
153 199
157 60
157 119
157 123
157 171
157 180
157 195
171 60
171 91
171 119
171 123
171 21
171 180
171 186
171 195
180 91
180 119
180 123
186 119
186 123
192 94
192 40
192 59
192 125
192 131
17 164
59 40
59 81
59 138
59 185
69 160
69 164
120 3
120 145
120 160
120 164
120 165
131 145
131 164
131 40
131 125
131 138
131 172
131 176
131 185
145 3
145 103
145 165
145 185
160 3
160 98
160 103
160 165
164 3
164 40
164 185
164 194
194 3
3 98
3 103
3 106
3 165
25 152
25 183
93 155
93 162
93 199
155 162
159 162
159 199
199 162
103 106
103 165
91 60
91 94
91 119
119 60
119 56
119 195
123 60
123 21
123 195
137 116
152 148
152 183
94 81
165 106
195 60
21 60
185 81
185 125
185 138
185 176
185 117
81 31
81 40
81 125
81 138
81 176
31 125
40 138
40 176
116 18
138 172
138 176
15 72
15 78
15 95
15 101
15 144
15 86
15 109
15 149
15 170
15 198
15 38
15 65
15 74
15 75
15 85
15 92
15 96
15 124
15 147
65 144
65 146
65 170
65 85
65 87
65 96
65 124
65 147
68 44
68 61
68 72
68 78
68 95
68 101
68 111
68 189
68 12
68 37
68 22
68 74
68 75
68 86
68 87
68 89
68 92
68 109
68 154
68 170
68 174
68 191
74 109
74 149
74 170
74 198
74 75
74 85
74 87
74 92
74 147
75 78
75 146
75 149
75 170
75 198
75 38
75 85
75 87
75 92
75 124
85 78
85 95
85 101
85 144
85 86
85 109
85 146
85 170
85 174
85 198
85 38
85 87
85 92
85 96
85 124
85 147
87 78
87 144
87 149
87 170
87 174
87 198
87 92
87 124
87 147
124 78
124 95
124 144
124 149
124 170
124 38
124 96
124 147
147 78
147 144
147 109
147 146
147 149
147 170
147 198
26 32
26 80
26 104
26 156
26 190
32 80
32 108
32 156
32 104
32 190
108 80
108 104
108 156
148 7
148 44
148 72
148 77
148 99
148 101
148 111
148 143
148 39
148 48
148 58
148 70
148 126
148 149
148 154
148 174
148 181
148 183
148 189
148 191
190 80
190 104
128 79
2 80
2 156
80 104
156 104
48 101
48 144
48 28
48 39
48 53
48 110
48 126
48 136
48 149
48 154
48 170
48 174
48 198
53 44
53 101
53 144
53 12
53 39
53 46
53 57
53 100
53 126
53 136
53 154
53 174
53 198
101 7
101 10
101 20
101 44
101 61
101 72
101 78
101 95
101 99
101 12
101 22
101 37
101 39
101 52
101 57
101 89
101 92
101 96
101 110
101 111
101 121
101 143
101 144
101 146
101 149
101 154
101 167
101 170
101 174
101 189
101 198
110 44
110 95
110 144
110 12
110 28
110 39
110 46
110 54
110 100
110 126
110 136
110 149
110 154
110 174
110 191
126 44
126 144
126 12
126 28
126 39
126 46
126 54
126 57
126 100
126 136
126 154
126 174
144 7
144 20
144 44
144 72
144 78
144 95
144 111
144 28
144 37
144 39
144 52
144 54
144 86
144 89
144 92
144 100
144 109
144 121
144 136
144 146
144 149
144 154
144 170
144 174
144 189
144 191
144 198
149 20
149 44
149 61
149 72
149 78
149 95
149 111
149 12
149 28
149 37
149 39
149 46
149 54
149 57
149 89
149 136
149 146
149 96
149 170
149 174
149 191
149 198
174 44
174 61
174 72
174 78
174 95
174 111
174 121
174 12
174 28
174 37
174 39
174 46
174 54
174 100
174 109
174 136
174 146
174 154
174 170
174 52
174 191
174 198
183 70
7 10
7 20
7 44
7 61
7 72
7 77
7 78
7 95
7 111
7 143
7 181
7 189
10 20
10 72
10 77
10 95
10 99
10 121
10 143
10 181
20 44
20 72
20 77
20 78
20 95
20 99
20 143
20 181
20 189
44 12
44 28
44 37
44 39
44 46
44 57
44 72
44 77
44 78
44 86
44 89
44 92
44 95
44 100
44 111
44 121
44 136
44 143
44 154
44 167
44 170
44 191
44 198
61 72
61 78
61 95
61 111
61 143
61 170
61 189
72 37
72 39
72 52
72 77
72 78
72 86
72 92
72 95
72 96
72 99
72 146
72 154
72 170
72 181
72 189
72 191
72 198
77 78
77 95
77 99
77 111
77 143
77 181
77 189
78 12
78 39
78 57
78 89
78 92
78 95
78 96
78 99
78 109
78 111
78 121
78 143
78 146
78 170
78 181
78 189
78 191
95 37
95 39
95 89
95 92
95 99
95 100
95 109
95 111
95 136
95 143
95 146
95 154
95 181
95 189
95 191
95 198
111 99
111 143
111 170
111 181
111 189
143 99
143 121
143 181
143 189
181 189
189 12
189 39
189 109
189 154
189 191
121 146
121 170
12 28
12 37
12 39
12 46
12 54
12 57
12 86
12 89
12 100
12 109
12 146
12 154
12 167
12 170
12 191
12 198
28 39
28 54
28 57
28 100
28 136
28 154
37 39
37 86
37 89
37 109
37 146
37 154
37 170
37 191
37 198
39 57
39 86
39 89
39 92
39 109
39 136
39 146
39 154
39 167
39 170
39 191
39 198
46 54
46 57
46 136
46 154
57 100
86 22
86 38
86 92
86 109
86 154
86 170
86 198
89 154
89 170
89 191
92 109
92 191
92 198
92 52
100 136
100 191
136 54
136 154
136 170
154 109
154 167
154 191
167 191
170 109
170 22
170 38
170 52
170 198
191 109
191 146
191 198
198 109
198 146
198 38
96 38
146 109
109 22
58 14
58 18
58 50
58 71
58 79
58 107
14 18
14 50
18 50
18 71
18 107
50 71
50 107
71 107
79 76
