0 5
0 7
0 43
0 47
0 89
0 140
0 256
5 2
5 7
5 47
5 68
5 98
5 116
5 121
5 130
5 131
5 134
5 162
5 166
5 170
5 175
5 183
5 198
5 214
5 235
5 256
5 270
5 293
5 295
7 47
7 134
7 140
7 198
7 214
7 256
7 270
43 14
43 36
43 45
43 64
43 74
43 86
43 89
43 134
43 140
43 156
43 194
43 198
43 206
43 214
43 217
43 256
43 270
43 281
43 288
47 2
47 49
47 68
47 89
47 116
47 121
47 131
47 134
47 162
47 166
47 183
47 198
47 214
47 228
47 235
47 255
47 270
47 295
89 2
89 49
89 98
89 103
89 116
89 121
89 130
89 134
89 140
89 162
89 166
89 170
89 175
89 183
89 214
89 225
89 255
89 256
89 270
89 293
89 295
140 134
140 131
140 198
140 214
140 256
140 270
256 134
256 2
256 49
256 98
256 103
256 116
256 121
256 128
256 131
256 162
256 166
256 175
256 183
256 209
256 255
256 270
256 295
2 42
2 68
2 98
2 103
2 121
2 130
2 131
2 162
2 166
2 175
2 183
2 209
2 244
2 255
2 270
2 295
68 35
68 49
68 98
68 103
68 116
68 121
68 162
68 166
68 175
68 183
68 228
68 235
68 255
68 270
68 295
98 26
98 42
98 116
98 130
98 162
98 170
98 183
98 209
98 244
98 255
98 270
98 293
116 130
116 131
116 162
116 183
116 209
116 235
116 255
116 270
116 295
121 214
121 35
121 49
121 128
121 130
121 131
121 162
121 183
121 225
121 228
121 255
121 270
121 277
121 293
121 295
121 296
130 26
130 42
130 162
130 166
130 170
130 209
130 225
130 244
130 255
130 270
130 293
130 295
131 134
131 49
131 162
131 166
131 183
131 255
134 49
134 198
134 235
134 255
134 270
162 198
162 42
162 166
162 183
162 209
162 225
162 235
162 255
162 293
162 295
166 26
166 42
166 183
166 209
166 225
166 255
166 270
166 293
170 26
170 42
170 183
170 209
170 225
170 255
170 295
175 35
175 49
175 128
175 129
175 228
175 255
175 270
175 277
175 296
183 42
183 103
183 225
183 235
198 49
198 214
198 270
214 270
235 255
235 270
235 295
270 103
270 209
270 35
270 49
270 228
270 277
270 296
293 42
293 209
293 225
293 244
295 26
295 255
14 1
14 9
14 10
14 15
14 17
14 20
14 23
14 24
14 27
14 31
14 32
14 36
14 54
14 59
14 65
14 69
14 71
14 76
14 81
14 84
14 106
14 112
14 123
14 124
14 126
14 133
14 151
14 156
14 161
14 167
14 180
14 184
14 188
14 191
14 194
14 202
14 210
14 213
14 217
14 218
14 222
14 227
14 236
14 242
14 249
14 252
14 254
14 262
14 280
14 281
14 286
14 290
36 1
36 4
36 23
36 60
36 61
36 64
36 69
36 81
36 84
36 85
36 88
36 90
36 95
36 96
36 132
36 135
36 136
36 149
36 151
36 156
36 182
36 194
36 200
36 206
36 210
36 215
36 217
36 220
36 222
36 223
36 224
36 234
36 240
36 242
36 247
36 254
36 257
36 261
36 266
36 269
36 281
36 292
36 297
45 1
45 4
45 16
45 18
45 60
45 64
45 95
45 96
45 112
45 136
45 171
45 194
45 206
45 223
45 226
45 240
45 264
64 1
64 4
64 6
64 9
64 16
64 17
64 18
64 23
64 37
64 54
64 56
64 60
64 61
64 12
64 81
64 84
64 85
64 88
64 96
64 112
64 132
64 135
64 136
64 149
64 151
64 155
64 156
64 171
64 182
64 186
64 199
64 200
64 202
64 206
64 215
64 223
64 224
64 226
64 230
64 234
64 240
64 245
64 247
64 248
64 249
64 264
64 298
74 180
74 91
74 73
74 158
74 179
74 265
86 1
86 16
86 23
86 12
86 49
86 73
86 91
86 111
86 112
86 126
86 194
86 244
86 288
156 1
156 6
156 9
156 11
156 16
156 23
156 46
156 54
156 56
156 62
156 80
156 81
156 82
156 84
156 93
156 112
156 114
156 120
156 126
156 135
156 141
156 151
156 12
156 29
156 83
156 95
156 110
156 136
156 142
156 143
156 145
156 172
156 177
156 180
156 182
156 184
156 186
156 188
156 194
156 199
156 201
156 202
156 206
156 211
156 213
156 215
156 217
156 218
156 222
156 224
156 226
156 227
156 230
156 240
156 246
156 247
156 252
156 262
156 264
156 266
156 272
156 274
156 279
156 281
156 282
194 1
194 4
194 6
194 9
194 11
194 18
194 23
194 37
194 46
194 56
194 60
194 62
194 81
194 88
194 90
194 112
194 126
194 151
194 155
194 171
194 180
194 184
194 191
194 12
194 110
194 142
194 145
194 165
194 182
194 199
194 206
194 211
194 215
194 220
194 222
194 224
194 226
194 242
194 246
194 247
194 248
194 252
194 261
194 264
194 269
194 274
194 281
194 288
194 292
206 1
206 9
206 60
206 61
206 71
206 88
206 171
206 55
206 95
206 96
206 136
206 200
206 217
206 222
206 223
206 226
206 242
206 245
206 252
206 261
206 264
206 292
217 1
217 6
217 9
217 11
217 17
217 23
217 46
217 54
217 62
217 66
217 71
217 81
217 84
217 85
217 112
217 120
217 126
217 135
217 141
217 151
217 155
217 171
217 177
217 180
217 184
217 191
217 193
217 199
217 211
217 215
217 31
217 49
217 73
217 91
217 111
217 148
217 179
217 185
217 218
217 220
217 222
217 224
217 227
217 246
217 261
217 281
217 282
217 288
217 292
281 1
281 11
281 17
281 23
281 37
281 62
281 66
281 84
281 85
281 112
281 114
281 126
281 135
281 141
281 177
281 180
281 184
281 191
281 193
281 199
281 246
281 261
281 266
281 31
281 48
281 58
281 75
281 148
281 161
281 189
281 197
281 201
281 203
281 222
281 262
281 267
281 288
281 298
288 1
288 180
288 202
288 252
288 49
288 73
288 91
288 165
288 179
288 292
49 180
49 255
49 35
49 73
49 91
49 97
49 129
49 179
49 277
228 255
228 128
228 129
228 277
228 296
255 209
255 35
255 277
255 296
225 26
225 42
225 209
128 35
128 296
209 42
1 6
1 9
1 11
1 16
1 17
1 23
1 46
1 56
1 60
1 62
1 66
1 71
1 80
1 81
1 82
1 84
1 85
1 88
1 90
1 112
1 120
1 126
1 138
1 141
1 149
1 154
1 155
1 171
1 177
1 180
1 184
1 186
1 191
1 193
1 199
1 202
1 211
1 215
1 226
1 227
1 230
1 246
1 247
1 248
1 249
1 252
1 261
1 272
1 279
1 298
6 4
6 16
6 17
6 20
6 23
6 37
6 54
6 56
6 58
6 66
6 71
6 84
6 93
6 112
6 114
6 126
6 135
6 141
6 151
6 154
6 155
6 164
6 168
6 177
6 184
6 185
6 186
6 189
6 191
6 197
6 199
6 201
6 215
6 218
6 222
6 230
6 246
6 249
6 252
6 261
6 266
6 272
6 274
6 298
9 3
9 16
9 18
9 23
9 29
9 37
9 46
9 48
9 54
9 56
9 58
9 62
9 66
9 71
9 75
9 81
9 84
9 85
9 93
9 111
9 114
9 126
9 135
9 141
9 142
9 148
9 154
9 155
9 164
9 171
9 172
9 177
9 180
9 184
9 186
9 189
9 191
9 193
9 199
9 203
9 211
9 215
9 218
9 220
9 222
9 230
9 246
9 247
9 252
9 261
9 262
9 266
9 269
9 272
9 278
9 298
11 16
11 17
11 23
11 37
11 54
11 66
11 71
11 75
11 81
11 85
11 112
11 114
11 120
11 126
11 135
11 141
11 148
11 151
11 154
11 155
11 172
11 184
11 188
11 191
11 193
11 197
11 201
11 203
11 215
11 222
11 227
11 230
11 246
11 247
11 252
11 261
11 262
11 269
11 272
11 274
11 279
11 298
16 12
16 17
16 19
16 23
16 37
16 50
16 56
16 57
16 60
16 62
16 71
16 81
16 91
16 111
16 112
16 126
16 138
16 143
16 145
16 155
16 165
16 171
16 172
16 173
16 180
16 191
16 215
16 218
16 220
16 224
16 230
16 244
16 247
16 249
16 264
16 274
17 10
17 15
17 23
17 24
17 27
17 29
17 31
17 32
17 37
17 40
17 41
17 44
17 48
17 54
17 58
17 62
17 65
17 67
17 69
17 71
17 75
17 81
17 84
17 87
17 105
17 112
17 114
17 120
17 123
17 124
17 126
17 133
17 139
17 141
17 142
17 151
17 154
17 155
17 159
17 161
17 163
17 165
17 167
17 172
17 173
17 174
17 177
17 181
17 184
17 188
17 189
17 192
17 193
17 199
17 201
17 202
17 203
17 210
17 211
17 213
17 215
17 218
17 220
17 222
17 227
17 230
17 236
17 242
17 247
17 249
17 252
17 258
17 261
17 266
17 269
17 274
17 279
17 284
17 285
17 286
17 287
17 290
17 292
17 297
23 10
23 24
23 32
23 41
23 54
23 56
23 62
23 65
23 76
23 81
23 85
23 105
23 106
23 110
23 112
23 123
23 126
23 141
23 142
23 151
23 155
23 159
23 161
23 163
23 172
23 174
23 177
23 180
23 185
23 186
23 188
23 189
23 193
23 197
23 199
23 202
23 210
23 211
23 213
23 215
23 220
23 222
23 224
23 227
23 230
23 242
23 246
23 247
23 249
23 254
23 261
23 262
23 266
23 269
23 274
23 279
23 280
23 290
23 297
46 145
46 157
56 37
56 62
56 66
56 71
56 81
56 84
56 85
56 112
56 120
56 126
56 135
56 141
56 151
56 155
56 172
56 177
56 184
56 188
56 191
56 197
56 199
56 201
56 211
56 224
56 246
56 247
56 249
56 252
56 261
56 266
56 269
56 274
56 298
60 54
60 24
60 84
60 126
60 167
60 202
60 226
60 240
60 242
60 264
60 286
60 287
60 290
60 292
60 297
62 37
62 54
62 29
62 44
62 48
62 58
62 66
62 75
62 93
62 110
62 112
62 114
62 120
62 124
62 135
62 141
62 142
62 148
62 151
62 154
62 155
62 161
62 167
62 172
62 177
62 184
62 185
62 186
62 188
62 189
62 192
62 199
62 201
62 203
62 205
62 213
62 215
62 218
62 222
62 224
62 227
62 230
62 252
62 261
62 264
62 266
62 267
62 272
62 274
62 278
62 279
62 280
62 298
62 300
66 37
66 54
66 29
66 48
66 58
66 67
66 71
66 75
66 81
66 84
66 85
66 110
66 111
66 120
66 126
66 135
66 141
66 142
66 144
66 145
66 148
66 155
66 163
66 172
66 173
66 184
66 185
66 188
66 189
66 191
66 197
66 201
66 203
66 205
66 211
66 215
66 218
66 220
66 222
66 224
66 227
66 230
66 247
66 249
66 261
66 262
66 266
66 272
66 274
66 278
66 282
71 37
71 54
71 29
71 31
71 63
71 85
71 112
71 114
71 120
71 126
71 135
71 139
71 141
71 142
71 148
71 151
71 154
71 172
71 173
71 177
71 184
71 185
71 186
71 193
71 201
71 202
71 205
71 222
71 227
71 230
71 246
71 247
71 261
71 266
71 267
71 269
71 272
71 274
71 298
80 4
80 33
80 101
80 126
80 168
80 172
80 199
80 215
80 229
80 252
81 37
81 12
81 57
81 82
81 84
81 85
81 90
81 111
81 126
81 151
81 155
81 165
81 203
81 224
81 249
81 252
81 261
81 269
81 272
81 274
82 12
82 19
82 83
82 113
82 125
82 138
82 178
82 220
82 263
84 54
84 20
84 29
84 32
84 65
84 69
84 76
84 85
84 112
84 114
84 120
84 123
84 139
84 142
84 151
84 155
84 163
84 172
84 177
84 184
84 185
84 188
84 191
84 197
84 199
84 202
84 203
84 211
84 213
84 218
84 222
84 224
84 242
84 249
84 252
84 254
84 261
84 262
84 267
84 269
84 272
84 274
84 280
84 290
84 297
84 298
85 37
85 54
85 75
85 105
85 112
85 120
85 126
85 135
85 142
85 144
85 148
85 151
85 154
85 155
85 161
85 172
85 173
85 177
85 184
85 186
85 188
85 189
85 193
85 197
85 211
85 215
85 222
85 224
85 241
85 246
85 247
85 249
85 261
85 262
85 266
85 269
85 272
85 279
88 4
88 18
88 61
88 33
88 95
88 96
88 122
88 132
88 149
88 171
88 223
88 226
88 234
88 248
88 252
90 126
90 182
90 202
90 226
90 264
90 292
112 4
112 18
112 61
112 93
112 12
112 20
112 29
112 31
112 33
112 95
112 114
112 120
112 126
112 132
112 135
112 136
112 141
112 142
112 145
112 149
112 151
112 154
112 157
112 171
112 172
112 177
112 180
112 184
112 185
112 186
112 189
112 191
112 199
112 201
112 205
112 218
112 222
112 224
112 226
112 227
112 229
112 245
112 248
112 249
112 261
112 262
112 266
112 269
120 37
120 114
120 29
120 31
120 58
120 126
120 148
120 151
120 154
120 155
120 172
120 177
120 184
120 185
120 191
120 193
120 197
120 201
120 205
120 222
120 246
120 247
120 250
120 252
120 266
120 267
120 269
120 272
120 279
126 4
126 37
126 54
126 114
126 12
126 111
126 113
126 135
126 145
126 151
126 154
126 164
126 172
126 182
126 186
126 191
126 197
126 199
126 202
126 211
126 215
126 221
126 222
126 224
126 226
126 227
126 230
126 246
126 247
126 252
126 269
126 274
126 298
138 12
138 19
138 57
138 83
138 111
138 113
138 178
138 220
141 37
141 54
141 114
141 135
141 48
141 58
141 148
141 151
141 154
141 155
141 161
141 172
141 177
141 184
141 185
141 186
141 189
141 191
141 193
141 197
141 199
141 203
141 205
141 211
141 215
141 218
141 222
141 230
141 246
141 247
141 261
141 262
141 266
141 272
141 279
149 61
149 132
149 33
149 122
149 136
149 200
149 223
149 234
149 248
149 264
154 37
154 54
154 114
154 135
154 29
154 58
154 148
154 172
154 177
154 184
154 185
154 186
154 191
154 193
154 197
154 201
154 205
154 215
154 246
154 262
154 266
154 267
154 269
154 272
154 278
154 279
155 37
155 54
155 114
155 135
155 151
155 31
155 110
155 139
155 142
155 145
155 172
155 173
155 177
155 180
155 184
155 185
155 188
155 193
155 197
155 202
155 215
155 222
155 224
155 227
155 230
155 246
155 249
155 261
155 262
155 266
155 269
155 279
155 297
171 4
171 18
171 61
171 55
171 122
171 136
171 182
171 199
171 200
171 234
171 245
171 248
171 252
177 37
177 54
177 114
177 135
177 172
177 29
177 41
177 44
177 75
177 142
177 144
177 148
177 161
177 184
177 185
177 186
177 188
177 191
177 199
177 201
177 202
177 203
177 205
177 210
177 211
177 215
177 218
177 224
177 227
177 242
177 249
177 261
177 266
177 267
177 269
177 272
177 279
177 280
177 297
180 91
180 179
184 37
184 54
184 114
184 135
184 151
184 172
184 27
184 31
184 48
184 58
184 69
184 75
184 76
184 87
184 111
184 142
184 148
184 167
184 173
184 185
184 186
184 188
184 191
184 193
184 197
184 199
184 201
184 203
184 205
184 211
184 215
184 218
184 222
184 224
184 227
184 230
184 241
184 242
184 246
184 249
184 252
184 261
184 262
184 266
184 267
184 269
184 272
184 274
184 278
184 280
184 297
184 298
186 37
186 114
186 132
186 29
186 31
186 148
186 164
186 185
186 188
186 191
186 193
186 197
186 201
186 205
186 208
186 211
186 215
186 218
186 227
186 247
186 252
186 261
186 266
186 267
186 269
186 272
186 274
186 278
186 279
191 37
191 54
191 114
191 135
191 151
191 172
191 15
191 27
191 29
191 32
191 40
191 41
191 44
191 52
191 67
191 69
191 75
191 76
191 105
191 110
191 123
191 124
191 133
191 139
191 148
191 161
191 163
191 167
191 174
191 188
191 193
191 197
191 199
191 201
191 202
191 203
191 205
191 210
191 211
191 213
191 215
191 224
191 227
191 230
191 236
191 242
191 247
191 249
191 250
191 252
191 258
191 261
191 262
191 269
191 272
191 279
191 280
191 287
191 297
191 298
191 300
193 54
193 93
193 114
193 135
193 151
193 172
193 29
193 48
193 58
193 67
193 75
193 142
193 143
193 148
193 161
193 164
193 185
193 188
193 189
193 197
193 199
193 201
193 203
193 215
193 218
193 224
193 247
193 252
193 261
193 262
193 269
193 274
193 278
193 279
193 282
199 37
199 114
199 151
199 12
199 111
199 143
199 164
199 185
199 203
199 215
199 230
199 247
199 249
199 252
199 262
199 269
199 272
199 282
202 37
202 151
202 10
202 13
202 15
202 20
202 24
202 27
202 32
202 41
202 44
202 65
202 69
202 76
202 106
202 123
202 124
202 133
202 139
202 142
202 146
202 159
202 163
202 167
202 169
202 174
202 210
202 213
202 218
202 222
202 224
202 230
202 236
202 244
202 249
202 254
202 257
202 258
202 261
202 268
202 269
202 274
202 280
202 285
202 286
202 287
202 292
202 297
211 37
211 54
211 114
211 135
211 151
211 172
211 58
211 75
211 146
211 185
211 197
211 203
211 215
211 222
211 224
211 227
211 230
211 246
211 247
211 249
211 261
211 266
211 269
211 274
211 279
215 114
215 135
215 151
215 29
215 142
215 148
215 161
215 164
215 185
215 189
215 197
215 201
215 208
215 218
215 222
215 224
215 227
215 230
215 241
215 249
215 252
215 261
215 262
215 266
215 267
215 269
215 274
215 278
215 282
226 4
226 18
226 61
226 135
226 95
226 136
226 240
226 245
226 252
227 37
227 54
227 114
227 135
227 151
227 218
227 58
227 110
227 142
227 161
227 203
227 220
227 222
227 224
227 230
227 246
227 252
227 266
227 269
227 272
227 274
227 298
230 54
230 135
230 151
230 172
230 218
230 10
230 20
230 31
230 65
230 123
230 161
230 163
230 165
230 185
230 188
230 189
230 203
230 213
230 220
230 222
230 224
230 246
230 247
230 249
230 254
230 262
230 266
230 272
230 279
230 290
246 37
246 54
246 93
246 135
246 172
246 29
246 31
246 48
246 58
246 67
246 75
246 76
246 105
246 111
246 139
246 142
246 148
246 161
246 163
246 173
246 185
246 188
246 197
246 201
246 205
246 210
246 222
246 224
246 252
246 254
246 261
246 269
246 272
246 274
246 279
246 280
246 298
247 54
247 114
247 151
247 172
247 218
247 3
247 31
247 75
247 111
247 142
247 161
247 163
247 164
247 173
247 188
247 189
247 197
247 203
247 205
247 222
247 224
247 249
247 252
247 262
247 264
247 269
247 272
247 274
247 279
247 282
247 298
248 18
248 132
248 240
248 96
248 136
248 182
248 200
248 234
248 264
249 37
249 114
249 151
249 172
249 10
249 20
249 27
249 31
249 41
249 110
249 139
249 142
249 159
249 163
249 173
249 213
249 220
249 222
249 242
249 254
249 266
249 269
249 274
249 280
249 286
249 297
252 4
252 37
252 54
252 93
252 135
252 151
252 172
252 12
252 33
252 75
252 111
252 164
252 188
252 201
252 203
252 222
252 229
252 244
252 261
252 262
252 264
252 269
252 298
261 54
261 135
261 151
261 172
261 25
261 139
261 161
261 185
261 189
261 203
261 222
261 224
261 257
261 260
261 264
261 266
261 269
261 272
261 274
261 279
261 282
261 292
272 37
272 114
272 135
272 172
272 218
272 266
272 31
272 48
272 58
272 75
272 142
272 148
272 185
272 188
272 197
272 201
272 203
272 205
272 250
279 37
279 54
279 114
279 135
279 151
279 172
279 218
279 266
279 29
279 58
279 67
279 142
279 148
279 185
279 189
279 201
279 203
279 205
279 222
279 224
279 267
279 274
279 278
298 54
298 93
298 114
298 135
298 151
298 172
298 218
298 266
298 31
298 142
298 144
298 161
298 185
298 188
298 222
298 262
298 269
4 18
4 33
4 95
4 132
4 168
4 229
4 264
18 33
18 61
18 95
18 115
18 122
18 132
18 223
18 234
18 240
18 264
33 240
33 264
33 101
33 136
95 61
95 132
95 240
95 96
95 136
95 200
95 223
95 234
132 61
132 136
132 200
132 221
132 253
132 257
229 145
229 231
264 37
264 54
264 240
264 96
264 139
264 174
264 242
264 297
20 151
20 3
20 165
20 260
37 29
37 31
37 54
37 58
37 105
37 114
37 135
37 142
37 148
37 151
37 161
37 163
37 203
37 218
37 220
37 262
37 269
37 274
37 297
54 41
54 67
54 76
54 111
54 135
54 151
54 172
54 188
54 203
54 218
54 254
54 262
54 266
54 269
54 274
54 280
54 285
54 297
58 135
58 151
58 172
58 218
58 266
58 48
58 29
58 148
58 185
58 197
58 203
58 267
58 269
93 22
93 135
93 151
93 201
93 218
114 31
114 48
114 75
114 111
114 142
114 151
114 172
114 173
114 185
114 188
114 189
114 197
114 201
114 205
114 222
114 224
114 241
114 262
114 266
114 267
114 269
114 274
114 278
135 31
135 48
135 67
135 75
135 151
135 164
135 172
135 173
135 185
135 189
135 197
135 218
135 222
135 224
135 241
135 266
135 269
135 278
151 3
151 13
151 22
151 29
151 31
151 41
151 48
151 145
151 148
151 172
151 185
151 189
151 197
151 203
151 210
151 218
151 224
151 241
151 254
151 262
151 267
151 269
151 274
151 280
164 172
164 218
164 67
164 111
164 185
164 189
164 269
185 172
185 218
185 266
185 31
185 142
185 148
185 188
185 189
185 201
185 205
185 208
185 222
185 262
185 267
185 274
189 172
189 260
189 188
189 67
189 161
189 203
189 222
189 269
189 282
197 172
197 218
197 266
197 48
197 29
197 31
197 75
197 148
197 161
197 173
197 201
197 203
197 205
197 262
197 267
197 269
197 274
201 218
201 48
201 29
201 31
201 148
201 205
201 224
201 267
201 269
218 172
218 29
218 106
218 148
218 159
218 161
218 203
218 222
218 224
218 266
218 269
218 280
222 172
222 266
222 31
222 111
222 148
222 163
222 269
222 274
222 290
222 297
266 172
266 31
266 39
266 65
266 75
266 142
266 148
266 163
266 203
266 205
266 220
266 224
266 241
266 260
266 262
266 269
266 274
266 280
266 282
266 286
266 297
274 172
274 188
274 31
274 139
274 213
274 242
274 262
3 165
3 260
29 188
29 31
29 148
29 203
29 262
29 267
75 269
75 148
75 161
75 203
75 267
111 188
111 224
111 269
111 8
111 30
111 12
111 19
111 119
111 143
111 152
111 161
111 176
111 178
111 203
111 233
111 259
142 224
142 269
142 210
142 242
142 262
148 172
148 188
148 269
148 31
148 203
148 262
148 278
172 161
172 173
172 188
172 203
172 205
172 224
172 241
172 262
172 269
203 224
203 269
203 31
203 44
203 106
203 110
203 145
203 161
203 262
203 280
203 297
203 300
220 19
220 50
220 178
220 224
220 242
262 188
262 224
262 161
269 188
269 224
269 31
269 110
269 163
269 173
278 205
188 31
188 69
188 161
188 163
188 205
188 224
188 290
10 15
10 32
10 41
10 44
10 65
10 69
10 87
10 123
10 124
10 159
10 174
10 210
10 236
10 258
10 286
10 287
10 290
10 297
15 24
15 32
15 41
15 65
15 76
15 87
15 106
15 123
15 124
15 159
15 169
15 210
15 236
15 242
15 258
15 280
15 285
15 286
15 287
15 297
24 32
24 41
24 44
24 65
24 69
24 76
24 79
24 87
24 106
24 123
24 124
24 133
24 159
24 167
24 169
24 174
24 210
24 213
24 236
24 242
24 254
24 285
24 286
24 290
24 297
27 41
27 69
27 87
27 123
27 133
27 167
27 280
27 297
31 224
31 44
31 65
31 76
31 145
31 192
31 205
31 241
31 250
32 13
32 41
32 44
32 65
32 69
32 76
32 87
32 106
32 123
32 124
32 159
32 167
32 174
32 192
32 210
32 213
32 236
32 242
32 258
32 268
32 280
32 284
32 285
32 287
32 297
59 124
65 224
65 44
65 40
65 69
65 76
65 106
65 133
65 161
65 167
65 174
65 181
65 192
65 213
65 236
65 280
65 284
65 287
65 290
65 297
69 13
69 41
69 44
69 76
69 87
69 106
69 123
69 133
69 139
69 163
69 167
69 174
69 210
69 236
69 242
69 280
69 285
69 286
69 287
69 297
76 13
76 44
76 40
76 79
76 87
76 106
76 123
76 124
76 133
76 139
76 159
76 161
76 167
76 169
76 174
76 181
76 192
76 213
76 236
76 242
76 254
76 280
76 284
76 285
76 286
76 287
76 297
106 13
106 41
106 40
106 123
106 133
106 159
106 161
106 167
106 181
106 192
106 210
106 213
106 236
106 251
106 258
106 268
106 280
106 284
106 287
123 41
123 87
123 124
123 146
123 159
123 167
123 213
123 242
123 290
123 297
124 41
124 167
124 169
124 210
124 213
124 285
124 287
124 290
124 297
133 41
133 44
133 87
133 159
133 167
133 174
133 192
133 236
133 258
133 280
133 285
133 287
133 290
161 224
161 41
161 280
161 67
161 145
161 173
161 192
161 254
161 300
167 13
167 44
167 87
167 159
167 79
167 110
167 174
167 192
167 213
167 242
167 254
167 258
167 280
167 284
167 285
167 286
167 287
167 290
167 297
210 224
210 41
210 159
210 174
210 139
210 146
210 169
210 213
210 236
210 242
210 254
210 258
210 280
210 286
210 287
210 297
213 13
213 41
213 44
213 242
213 258
213 280
213 290
213 297
213 40
213 146
236 13
236 41
236 44
236 87
236 242
236 258
236 287
236 290
242 244
242 224
242 13
242 41
242 44
242 159
242 254
242 280
242 286
242 287
242 290
242 297
254 286
254 287
254 290
280 41
280 44
280 87
280 174
280 52
280 79
280 169
280 251
280 284
280 285
280 286
280 287
280 290
280 300
286 13
286 41
286 44
286 87
286 174
286 290
290 13
290 41
290 174
290 287
290 139
290 285
290 297
19 50
19 178
50 57
50 83
50 178
57 83
57 113
57 178
57 263
91 244
91 165
91 73
91 145
91 179
145 110
145 231
165 244
173 105
173 208
224 110
224 163
244 42
244 73
244 179
244 292
40 52
40 79
40 110
40 181
40 268
40 284
40 300
41 13
41 44
41 79
41 87
41 159
41 169
41 181
41 192
41 251
41 258
41 268
41 284
41 285
41 287
41 297
44 169
44 181
44 192
44 258
44 284
44 297
87 174
87 258
87 287
87 297
139 297
159 13
159 181
159 251
159 287
174 285
174 287
181 258
181 79
181 192
181 268
181 284
192 258
192 251
192 284
258 79
258 251
258 268
258 284
258 287
284 79
284 251
285 287
285 297
287 13
287 297
292 179
297 13
61 223
61 240
115 240
115 96
115 122
122 96
122 136
122 223
223 240
223 200
223 55
223 234
223 245
234 240
234 96
234 136
234 200
240 96
240 136
240 200
240 245
110 144
96 136
96 200
182 221
257 253
157 238
205 267
300 268
300 52
300 251
63 21
63 102
63 127
63 196
63 299
113 28
113 125
113 137
113 160
113 207
113 263
113 283
125 28
125 137
125 160
125 207
125 263
125 271
263 28
263 137
263 207
263 283
73 179
221 253
179 97
179 158
179 265
208 108
52 251
268 251
39 38
39 187
39 239
39 291
35 129
35 277
277 296
129 265
97 158
97 237
8 30
8 34
8 51
8 53
8 94
8 109
8 117
8 118
8 119
8 150
8 152
8 153
8 176
8 190
8 219
8 233
8 259
8 294
30 34
30 51
30 70
30 78
30 109
30 117
30 118
30 119
30 150
30 152
30 153
30 176
30 190
30 204
30 216
30 233
30 276
34 70
34 78
34 94
34 104
34 117
34 150
34 190
34 204
34 216
34 233
34 259
34 273
34 276
34 294
51 53
51 104
51 109
51 117
51 150
51 152
51 153
51 176
51 195
51 204
51 216
51 233
51 259
51 273
51 276
51 294
53 70
53 109
53 150
53 152
53 153
53 176
53 190
53 195
53 204
53 216
53 233
53 259
53 294
94 70
94 78
94 117
94 118
94 119
94 150
94 152
94 153
94 176
94 190
94 195
94 204
94 216
94 233
94 276
94 294
109 78
109 117
109 150
109 176
109 190
109 212
109 216
109 232
109 259
109 273
109 276
109 294
117 104
117 118
117 119
117 150
117 176
117 190
117 195
117 204
117 259
117 273
117 276
117 294
118 70
118 78
118 119
118 150
118 152
118 176
118 190
118 204
118 216
118 219
118 233
118 259
118 273
118 276
118 294
119 70
119 78
119 150
119 152
119 176
119 195
119 204
119 212
119 216
119 219
119 233
119 259
119 276
119 294
150 70
150 78
150 152
150 176
150 190
150 204
150 212
150 216
150 232
150 259
150 294
152 70
152 153
152 176
152 190
152 195
152 204
152 216
152 219
152 233
152 259
152 276
152 294
153 176
153 190
153 195
153 204
153 233
153 259
153 276
176 70
176 78
176 190
176 195
176 204
176 216
176 233
176 259
176 276
176 294
190 78
190 204
190 233
190 259
190 273
190 276
190 294
233 70
233 78
233 195
233 204
233 216
233 259
233 276
233 294
259 78
259 195
259 204
259 216
259 232
259 273
259 294
294 78
294 204
294 273
294 276
70 104
70 204
70 276
78 195
78 273
78 276
204 195
204 212
204 216
204 273
216 195
216 276
276 195
276 273
276 232
273 195
195 212
195 232
79 243
79 251
21 100
21 102
21 196
21 299
100 299
102 196
102 299
196 127
196 289
196 299
299 127
299 289
127 289
243 107
28 137
28 160
28 207
137 160
160 207
160 283
207 283
271 147
265 77
265 237
265 275
38 99
38 239
99 239
99 291
239 187
239 291
237 77
237 275
77 275
72 92
