802
34
60
272
279
555
47
495
556
963
87
363
156
631
246
473
548
293
706
194
388
930
2
44
498
828
475
359
578
844
499
774
255
40
624
893
432
451
787
665
693
927
391
304
91
827
386
492
75
362
601
381
862
567
607
29
455
905
219
225
611
49
173
10
19
68
746
876
224
61
382
7
355
711
335
243
409
199
826
4
878
134
140
467
606
183
425
808
189
45
222
370
266
481
269
714
89
50
368
916
568
288
361
118
647
375
514
341
305
457
28
322
849
717
728
750
149
129
803
393
472
839
169
561
198
837
30
82
642
146
318
545
471
284
311
330
521
616
800
571
595
752
507
434
9
466
88
594
738
323
897
265
58
881
768
163
517
886
737
807
664
663
960
833
880
659
114
503
394
178
37
690
742
433
237
570
573
69
252
105
575
168
627
136
869
195
445
172
733
527
615
821
340
120
436
691
90
676
442
660
247
57
741
528
111
343
504
197
73
873
158
850
93
932
278
622
11
180
635
712
33
116
491
751
36
79
654
188
453
415
144
489
165
474
863
403
617
148
253
681
339
119
420
226
739
174
719
421
973
110
319
103
767
358
387
371
765
67
244
771
998
822
176
164
46
614
259
285
175
464
483
143
107
92
957
98
645
127
574
346
209
674
929
26
251
458
326
338
623
231
277
413
753
325
100
262
612
182
991
201
254
96
831
896
949
577
398
748
20
587
353
274
216
372
14
776
487
59
735
583
584
715
494
38
249
261
236
276
170
838
280
944
270
167
122
72
643
27
847
221
630
543
101
564
5
218
137
312
530
431
112
779
133
502
329
783
476
870
296
943
867
438
599
565
740
48
731
74
190
670
531
342
367
707
798
426
636
854
430
454
422
217
684
713
959
812
557
871
666
24
911
95
718
83
113
899
895
77
784
790
99
853
888
813
846
383
546
286
125
369
81
704
395
130
609
931
115
245
603
861
153
35
508
250
448
552
70
917
437
830
191
41
997
551
486
459
816
126
786
267
271
461
410
592
309
702
404
317
789
275
819
970
675
78
505
308
640
823
154
745
506
759
12
443
39
248
300
825
424
360
782
196
662
525
815
345
227
749
836
65
672
465
356
661
350
310
593
260
485
526
889
179
8
264
650
427
510
456
66
641
131
303
710
328
638
258
241
549
418
954
347
316
202
145
55
1
234
460
629
907
902
6
17
333
1000
366
652
85
407
76
469
106
171
539
677
185
94
306
429
414
747
412
449
520
699
470
32
534
579
553
680
97
468
220
618
132
655
228
477
184
716
860
239
177
419
872
547
452
841
644
501
757
344
794
161
883
628
400
537
576
295
62
682
947
121
478
155
56
950
588
80
788
446
582
373
25
479
563
649
550
235
332
835
734
181
283
811
162
444
608
64
705
600
15
450
683
435
596
207
205
992
141
590
256
204
694
509
399
513
490
463
321
658
206
138
210
331
633
117
462
892
3
840
273
679
977
147
232
554
602
913
128
581
281
817
806
43
193
447
634
541
646
392
104
402
866
200
166
695
493
700
51
678
215
86
940
351
535
54
518
240
102
760
299
754
233
16
703
152
698
352
263
223
214
832
580
544
500
187
159
268
315
