1120
973
59
504
762
705
453
942
15
538
891
277
337
748
662
1022
58
197
448
1042
319
639
338
980
225
879
358
4
830
559
964
468
292
1130
873
252
246
881
179
433
560
159
618
436
445
184
569
231
13
655
894
1006
800
42
306
726
275
346
803
60
864
230
1099
165
856
200
556
1129
416
450
998
720
54
972
1093
841
605
264
810
396
713
687
1047
383
704
244
85
744
30
296
981
483
557
502
239
25
315
1092
584
1098
431
831
616
959
326
360
276
1044
311
189
211
788
554
480
718
675
820
623
523
948
348
909
374
345
99
495
1123
108
1072
40
261
407
247
658
145
195
1061
816
421
1052
664
943
730
511
226
772
94
725
73
1095
1035
75
890
71
867
1014
96
945
227
1013
695
759
540
656
206
914
529
756
133
1009
283
155
240
836
825
537
387
1126
110
459
898
608
761
268
875
281
126
906
204
1122
1102
732
1105
1055
685
910
158
269
353
152
1087
895
435
719
125
1
399
406
1097
140
767
379
106
828
293
439
965
131
596
187
941
325
454
801
975
368
986
11
872
763
539
684
447
34
624
323
9
151
757
918
233
464
731
62
661
183
1131
715
635
443
14
324
98
503
305
105
572
783
1124
514
120
1115
186
31
818
263
884
467
82
1059
578
157
279
520
849
90
740
486
388
210
121
5
333
883
470
1100
499
686
573
481
449
515
1067
1083
1008
330
876
304
612
735
1064
958
461
728
874
427
550
710
625
188
544
199
878
672
343
64
547
601
354
721
386
707
936
332
606
68
488
130
714
821
1110
135
724
113
716
156
907
420
794
985
829
371
288
771
827
638
892
548
517
169
789
571
650
466
528
1060
1119
893
172
375
359
97
373
394
739
393
425
253
840
722
855
976
26
931
665
482
182
978
372
814
194
611
518
563
148
144
198
28
63
851
583
400
300
1111
678
963
321
235
331
248
205
310
382
104
154
863
314
937
927
790
228
398
316
39
176
670
1074
758
689
1043
1050
885
777
640
494
1076
553
531
78
123
76
589
621
1046
697
806
904
397
846
1075
24
498
951
92
699
826
249
221
1068
940
335
384
217
