0 11
0 120
0 125
0 133
0 142
0 155
0 171
0 181
11 13
11 48
11 70
11 120
11 121
11 198
11 213
11 226
120 85
120 125
120 133
120 171
120 181
133 1
133 43
133 98
133 99
133 126
133 127
133 148
133 181
133 191
133 218
133 248
133 257
142 205
142 233
142 234
171 129
171 170
181 43
181 218
13 48
13 198
13 226
48 191
48 83
48 104
48 107
48 110
48 119
48 135
48 150
48 157
48 175
48 178
48 198
48 226
48 229
48 237
48 246
121 86
198 191
198 88
198 7
198 83
198 110
198 175
198 106
198 182
198 196
198 207
198 226
198 229
198 260
213 226
226 191
226 7
226 83
226 110
226 175
226 46
226 68
226 72
226 101
226 104
226 107
226 117
226 119
226 135
226 146
226 150
226 157
226 178
226 208
226 219
226 229
226 231
226 237
226 246
226 247
226 255
1 98
1 126
1 191
1 218
43 148
43 191
43 218
43 248
98 21
98 126
98 158
98 251
99 127
126 191
148 218
191 7
191 83
191 110
191 119
191 150
191 158
191 160
191 175
191 178
191 193
191 195
191 218
191 219
191 229
191 231
191 237
191 242
191 246
191 257
218 248
234 243
234 253
234 44
234 78
129 4
129 84
129 144
129 256
21 100
21 136
21 158
21 185
21 242
158 100
158 136
158 193
158 242
7 83
7 110
7 175
7 229
83 110
83 175
110 157
110 175
110 229
119 178
119 246
160 242
160 193
175 229
178 237
193 242
195 242
219 237
219 189
231 107
237 253
237 132
237 258
237 263
242 87
242 162
242 108
242 100
242 136
242 185
2 73
2 130
2 206
73 130
73 206
130 206
130 252
206 74
206 131
206 136
206 185
206 252
131 58
131 96
131 12
131 111
131 18
131 51
131 56
131 57
131 102
131 138
131 143
131 227
131 230
136 100
136 42
136 185
185 42
3 32
3 76
3 137
32 76
32 103
32 166
32 176
32 203
32 217
32 238
32 240
32 241
76 103
76 137
76 241
137 103
137 81
137 166
137 203
137 223
103 37
103 38
103 62
103 81
103 166
103 203
103 223
103 241
166 203
176 217
217 10
217 87
217 134
217 28
217 31
217 65
217 91
217 238
217 240
238 240
240 134
240 91
37 62
38 81
81 96
81 161
81 200
81 159
81 115
81 216
81 223
223 161
223 200
223 95
4 35
4 84
4 151
4 256
35 151
84 144
151 15
256 144
5 88
5 90
5 141
88 29
88 106
88 141
88 260
90 29
90 141
141 29
106 182
106 260
260 182
6 17
6 58
6 114
6 180
6 187
17 180
17 187
58 8
58 114
58 123
58 204
58 212
58 224
58 249
58 262
180 187
8 204
8 212
123 262
204 212
212 34
249 197
249 262
135 157
196 207
46 72
46 208
68 72
68 208
72 208
101 59
101 117
101 199
101 247
117 146
117 247
146 45
146 59
146 199
146 247
247 59
247 199
34 22
34 39
34 47
34 188
34 222
34 244
9 96
9 259
96 19
96 26
96 27
96 60
96 82
96 94
96 156
96 186
96 194
96 216
96 250
96 259
259 94
259 250
19 27
19 60
19 164
19 186
26 152
27 94
27 164
27 186
60 94
60 164
60 186
82 216
94 156
94 164
94 186
186 164
186 139
10 87
10 134
10 162
87 134
87 162
134 25
134 31
134 91
134 162
134 177
25 140
25 177
31 91
91 95
91 66
91 109
91 115
91 122
28 65
12 63
12 108
12 192
12 230
230 55
230 56
230 57
230 77
230 168
56 102
56 227
57 33
57 102
102 202
102 227
55 77
55 168
14 161
14 165
14 200
161 61
161 165
161 172
161 184
161 214
165 200
165 220
200 24
200 95
200 153
200 154
200 211
200 220
200 232
172 95
172 113
184 16
184 95
214 115
24 154
95 16
95 41
95 92
95 115
95 159
95 211
153 154
154 211
232 79
16 36
16 112
16 128
16 167
16 169
16 183
16 215
16 236
16 254
36 128
36 167
36 183
112 169
112 215
112 236
112 254
128 167
128 183
167 183
169 183
169 215
169 236
169 254
215 236
215 254
41 92
92 64
92 75
92 80
92 93
159 49
159 23
159 189
159 210
20 49
20 124
49 189
49 210
49 261
124 145
189 210
210 23
210 67
22 47
22 188
22 245
47 188
188 174
188 222
188 245
245 222
39 244
140 116
140 50
140 209
50 97
50 209
209 97
30 52
30 71
30 149
30 202
52 71
52 202
71 149
71 179
71 202
149 179
149 202
202 179
66 109
122 190
40 243
40 253
243 44
243 53
243 253
243 263
253 44
253 69
253 89
253 118
253 132
253 228
253 239
253 263
253 264
53 69
53 89
53 118
53 228
53 239
53 263
53 264
263 105
263 132
263 147
263 163
263 173
263 201
263 225
69 228
69 239
69 264
118 228
118 239
118 264
228 239
228 264
239 264
64 75
64 80
64 93
75 80
75 93
80 93
258 235
105 173
105 201
105 225
105 147
105 163
147 173
147 225
163 173
163 201
163 225
173 54
173 201
173 225
201 54
201 221
201 225
225 54
225 221
