32
146
288
316
289
322
252
82
299
314
45
48
56
129
137
135
270
242
94
138
192
308
209
303
75
38
229
20
145
245
295
100
67
261
50
24
66
230
114
258
325
27
307
29
296
10
217
65
173
12
300
133
120
311
60
196
139
49
3
207
290
159
256
225
232
191
69
321
107
244
310
157
276
87
315
304
151
292
141
301
126
28
62
161
119
305
326
80
263
30
234
193
11
324
298
95
291
190
294
71
255
57
177
15
198
246
219
297
319
320
153
306
302
83
169
98
125
7
110
317
162
239
55
61
224
33
201
36
279
152
272
274
312
241
18
199
222
323
182
200
64
21
16
231
318
227
116
31
77
293
14
103
278
166
8
309
1
26
0
108
148
74
313
