540
179
178
79
309
583
631
299
105
59
570
225
235
63
637
418
498
528
439
372
462
614
438
268
122
228
419
693
256
611
443
610
665
326
66
320
647
213
646
110
457
366
431
166
197
221
341
405
343
169
237
106
38
523
436
580
77
19
375
623
415
338
60
402
451
659
407
551
639
258
317
475
176
481
27
447
140
706
363
157
112
296
710
601
57
334
353
573
586
537
240
442
50
571
590
572
520
143
224
525
458
502
26
164
310
562
58
136
382
319
422
69
561
118
598
592
564
643
265
593
28
633
349
466
563
324
390
308
358
83
362
602
501
464
625
569
399
527
160
479
487
344
251
577
421
210
518
534
339
455
454
400
591
679
374
271
377
594
331
557
34
529
386
325
351
307
547
376
567
565
582
195
494
260
229
357
404
603
232
612
543
51
370
550
206
511
11
276
295
336
425
615
667
177
499
54
243
497
180
242
512
257
477
364
684
642
354
420
356
321
161
606
461
496
315
410
401
584
575
553
617
285
429
541
67
311
417
621
158
335
387
578
430
616
226
508
170
391
513
187
342
347
558
361
576
201
467
152
16
554
473
581
460
165
683
219
482
298
463
634
589
99
514
500
29
350
269
424
629
239
378
61
587
388
114
175
507
566
333
365
596
406
385
231
283
480
392
648
456
254
599
658
613
465
355
459
435
638
680
205
624
75
340
123
620
531
452
316
579
619
515
691
104
556
371
297
313
426
472
30
671
323
483
585
522
539
384
100
524
632
555
544
46
322
669
530
292
635
526
403
207
535
504
330
568
107
244
56
408
441
379
503
398
609
80
490
