494
74
657
545
391
677
496
507
5
633
243
155
186
223
17
668
331
313
248
669
559
471
341
47
108
184
569
311
481
442
574
522
301
193
20
349
167
272
141
207
239
10
650
162
237
296
615
499
696
230
593
136
579
329
227
52
463
182
54
72
483
377
667
405
276
264
211
265
400
596
247
561
618
35
200
348
325
217
519
504
538
710
172
632
269
617
119
290
472
158
339
570
621
541
637
181
388
22
606
263
303
666
414
609
283
236
345
93
493
486
501
640
362
46
297
465
23
355
15
169
670
139
376
385
159
347
451
350
546
7
244
440
9
530
551
601
28
3
462
671
382
279
702
238
708
199
537
443
700
610
420
512
203
542
433
523
454
185
4
232
240
441
417
429
467
273
699
480
476
539
291
622
613
592
55
392
180
566
145
582
34
387
578
228
2
249
197
12
252
275
86
205
683
222
11
703
256
436
315
56
320
302
692
71
262
624
660
381
231
415
612
513
324
246
168
337
488
49
202
37
241
51
600
639
161
36
676
213
408
416
553
152
105
515
576
413
611
629
466
327
479
219
280
271
679
690
607
321
535
399
580
242
354
21
448
304
410
33
662
502
340
439
689
426
528
406
663
190
89
460
176
300
314
60
490
678
204
62
682
614
394
505
517
456
19
171
196
342
549
319
450
277
29
685
270
6
659
310
474
693
599
424
261
208
18
8
14
485
407
284
398
198
498
378
584
27
26
452
92
335
625
245
619
469
13
375
299
506
524
278
154
370
390
608
623
225
403
386
430
16
317
229
533
101
603
41
497
328
177
567
595
124
380
254
602
358
157
698
251
214
556
288
491
218
287
661
484
30
425
59
260
255
45
187
24
307
206
351
90
357
121
583
648
432
234
688
31
50
80
40
605
620
455
658
336
221
43
308
423
165
550
643
461
675
170
38
68
540
534
359
665
39
226
67
649
489
356
645
42
673
527
83
53
318
209
0
233
526
146
575
88
568
57
672
201
285
91
453
253
268
437
459
581
383
322
384
44
482
346
111
478
511
175
514
179
495
48
188
598
164
257
220
73
353
421
588
360
64
292
457
75
298
402
704
711
444
183
58
333
326
475
194
32
61
79
65
401
174
189
332
653
379
160
446
646
78
66
87
195
334
372
85
69
281
652
572
585
594
631
532
644
697
487
586
503
651
70
597
364
84
520
435
312
1
25
76
641
531
367
306
82
210
656
529
428
587
361
95
77
626
352
267
397
395
212
525
216
156
565
691
473
548
63
81
627
636
178
470
309
604
590
422
343
173
94
589
215
293
635
674
