536
782
21
1
764
6
853
747
915
801
572
501
517
418
4
15
894
318
433
565
559
2
974
91
503
700
727
913
11
520
50
509
7
174
328
473
456
201
409
810
405
193
134
577
767
830
386
293
419
655
649
233
496
438
629
276
643
568
751
466
567
888
441
663
884
605
623
259
285
510
31
27
323
244
199
541
964
190
373
93
741
819
60
811
214
461
345
169
585
923
256
752
168
301
918
188
368
921
812
321
856
485
137
475
48
245
488
327
232
36
489
597
553
240
535
808
208
847
164
305
117
183
821
508
637
384
44
499
231
928
173
604
870
676
598
956
965
347
374
787
104
611
647
573
196
195
203
616
226
417
85
294
197
836
356
103
550
886
497
315
556
458
785
796
178
82
634
797
584
640
167
187
909
944
395
548
330
845
788
558
471
176
851
699
399
576
170
8
24
490
108
828
569
338
642
310
152
366
645
538
296
277
701
595
628
831
89
513
866
288
133
135
439
364
863
652
144
99
832
264
476
349
18
580
61
685
807
385
869
262
404
331
271
469
257
635
657
263
462
910
795
354
606
413
1003
94
491
641
400
300
922
357
422
110
996
754
986
112
369
9
596
308
324
525
132
213
274
794
586
498
445
223
316
398
359
769
562
733
648
800
618
65
0
375
335
561
53
826
728
737
529
482
115
20
204
73
333
457
528
887
816
161
958
86
365
470
872
632
160
479
783
423
711
449
574
892
883
971
429
309
239
895
575
477
298
838
745
241
917
121
621
90
976
194
63
937
677
675
704
743
724
425
670
698
114
83
756
211
507
166
593
552
746
432
17
361
450
116
234
124
220
67
984
464
758
340
235
776
633
763
673
659
850
229
5
434
656
563
907
200
312
287
790
401
212
952
128
351
272
617
614
523
303
902
515
630
56
975
447
537
358
158
991
770
184
835
949
653
295
914
916
749
950
777
465
622
153
216
610
225
566
59
492
472
967
317
500
660
142
88
908
39
275
693
171
13
625
875
719
440
336
157
730
278
284
230
962
978
901
540
282
46
684
757
842
406
1001
283
102
74
844
530
227
682
521
885
802
778
426
192
766
755
664
180
861
840
989
402
725
143
45
995
378
236
852
410
129
818
147
545
177
377
534
42
145
437
678
994
76
679
80
155
524
382
533
527
420
123
775
1002
815
43
396
322
639
106
823
238
14
163
119
514
814
189
10
100
182
859
570
81
397
546
860
624
72
742
716
806
84
765
494
443
981
590
205
146
403
381
683
694
839
760
483
690
722
873
638
370
779
980
105
581
181
600
665
407
478
68
862
33
16
793
973
715
47
940
877
125
75
636
348
589
111
97
248
455
734
172
955
708
846
311
868
140
932
897
854
376
560
57
688
337
