14
186
181
310
103
393
356
292
349
82
301
384
408
323
299
109
3
407
433
127
289
229
87
119
204
306
372
132
23
438
105
350
144
365
61
364
258
290
300
210
417
10
434
116
48
311
223
285
339
79
298
425
195
284
297
190
447
286
104
167
296
49
131
374
166
83
72
19
437
47
198
36
196
215
94
143
419
415
440
436
142
5
57
125
18
76
81
388
101
170
155
80
375
182
307
271
41
389
266
12
342
448
171
217
112
37
180
59
153
156
352
260
89
187
291
70
421
426
380
302
183
11
172
7
118
295
216
17
168
428
173
106
35
305
308
111
400
317
316
68
398
151
42
435
370
275
114
209
159
309
304
137
235
58
336
293
383
391
34
115
228
234
276
237
43
207
8
98
117
430
280
91
394
139
67
185
157
416
62
230
345
20
381
97
439
84
73
199
22
312
30
255
21
24
256
130
445
96
163
431
410
178
184
385
451
44
399
387
287
405
231
175
331
227
236
443
420
386
263
99
341
100
353
245
129
288
191
78
145
86
222
69
315
338
294
152
25
27
277
138
177
92
9
121
232
346
169
395
126
6
363
265
16
15
150
382
134
401
77
322
413
351
149
140
220
246
452
248
226
278
197
39
450
108
335
270
40
95
348
46
314
257
13
0
148
334
113
194
281
411
369
102
2
136
93
347
373
146
272
261
192
90
367
45
88
379
344
154
74
32
206
201
51
219
313
123
268
