0 5
0 30
0 69
0 78
0 112
5 30
5 78
5 112
30 57
30 71
30 72
30 78
30 106
30 108
30 112
78 71
78 112
112 28
57 108
71 106
71 103
71 108
72 2
72 65
72 8
72 27
72 46
106 67
106 29
106 101
106 42
106 108
108 111
1 24
1 26
1 44
1 52
1 63
1 76
1 82
1 84
1 86
1 91
24 26
24 44
24 51
24 76
24 86
26 44
26 52
26 82
26 84
26 86
44 63
44 76
44 86
44 91
52 82
52 84
63 7
63 36
63 85
63 91
76 86
82 84
84 7
84 18
84 33
84 36
84 37
84 39
84 43
84 70
84 75
84 77
84 79
84 85
84 92
84 103
86 51
51 14
7 36
7 85
36 25
36 50
36 54
36 62
36 74
36 79
36 85
36 97
36 110
85 43
85 79
18 37
18 16
18 33
18 35
18 39
18 45
18 70
18 75
18 92
33 37
33 39
33 75
33 35
33 70
33 92
37 3
37 38
37 39
37 41
37 60
37 68
37 70
37 75
37 92
37 100
39 77
39 16
39 31
39 35
39 41
39 45
39 70
39 75
39 83
39 88
39 92
39 100
39 103
43 54
43 74
43 79
43 97
70 35
70 92
75 77
75 16
75 45
75 31
75 35
75 41
75 83
75 92
75 100
77 59
77 12
77 47
77 73
77 103
79 54
79 74
79 97
92 35
2 65
65 15
65 40
15 40
8 46
8 27
27 46
46 4
46 11
46 53
46 61
46 64
46 66
46 95
46 102
3 38
3 60
3 68
38 60
38 68
60 68
68 17
68 87
41 100
100 62
100 88
17 87
17 94
87 94
4 64
4 95
95 11
95 53
95 61
95 66
95 102
11 53
11 61
11 66
11 102
53 61
53 66
53 102
61 66
61 98
61 102
66 102
6 32
6 55
6 59
6 99
6 105
32 20
32 12
32 55
32 59
32 89
32 99
32 105
55 20
55 89
55 99
55 105
59 12
59 13
59 19
59 34
59 104
59 107
99 20
99 89
99 105
105 20
105 89
20 89
13 10
13 34
13 104
13 107
19 10
19 21
19 34
19 49
19 104
19 107
34 104
34 107
104 10
104 107
107 10
107 21
107 49
25 110
50 54
50 62
50 81
50 90
62 81
62 90
9 67
67 29
67 101
29 101
10 21
47 73
16 45
31 83
22 56
22 58
22 80
22 109
56 58
56 80
56 109
58 23
58 80
58 96
58 109
80 109
109 93
23 96
96 48
93 90
