606
1045
764
111
885
840
99
155
821
167
1007
381
256
941
424
761
965
786
106
383
655
633
59
790
574
361
623
723
758
992
1040
1096
60
876
456
457
11
605
686
86
429
174
1032
141
9
315
740
931
1101
713
31
699
785
211
234
325
28
528
326
678
358
814
143
163
51
731
799
474
1044
666
407
680
166
859
84
882
639
425
1100
562
39
183
119
811
1080
124
1090
336
724
212
13
809
535
1014
744
599
254
583
351
594
19
681
788
519
776
68
898
79
851
559
893
38
843
135
334
203
1071
716
30
394
129
609
985
863
614
179
1046
687
1108
276
503
335
448
795
576
948
1021
611
796
1048
375
205
602
664
1077
782
232
65
483
929
233
209
807
104
1116
64
393
1119
411
476
412
608
156
828
771
45
878
1003
540
290
995
187
379
1095
87
266
1012
214
181
632
210
261
182
641
275
628
682
993
689
29
892
169
652
1118
585
8
547
991
819
642
484
669
627
591
972
1068
1023
56
649
26
12
552
154
951
725
881
871
873
524
887
464
554
1016
835
1082
797
