0 45
0 47
0 50
0 75
0 88
0 129
0 182
0 186
0 249
0 421
0 528
0 590
0 631
0 639
0 693
1 124
1 464
1 739
2 128
3 55
3 486
3 576
4 6
4 51
4 111
4 144
4 190
4 214
4 476
4 488
4 557
4 742
5 15
5 28
5 96
5 103
5 128
5 169
5 289
5 350
5 474
5 483
5 541
5 584
6 91
6 244
6 277
6 355
6 564
6 580
6 649
6 657
6 689
7 90
7 173
7 349
7 363
7 459
7 565
7 758
7 760
8 98
8 345
8 364
8 751
8 787
9 93
9 102
9 171
9 172
9 179
9 243
9 255
9 281
9 307
9 358
9 373
9 381
9 401
9 419
9 432
9 434
9 474
9 477
9 485
9 487
9 507
9 512
9 525
9 539
9 552
9 579
9 591
9 602
9 610
9 694
9 731
9 748
9 786
10 136
10 231
10 233
10 292
10 323
10 342
10 415
10 427
10 433
10 621
10 660
10 757
11 377
11 598
11 654
12 95
12 420
12 453
12 524
12 754
13 38
13 114
13 116
13 121
13 187
13 200
13 249
13 262
13 265
13 278
13 296
13 308
13 320
13 373
13 436
13 518
13 531
13 541
13 570
13 610
13 656
13 723
13 773
14 55
14 103
14 140
14 171
14 179
14 237
14 255
14 265
14 286
14 307
14 373
14 419
14 443
14 474
14 496
14 512
14 525
14 602
14 632
14 700
14 731
14 735
14 763
15 28
15 55
15 96
15 103
15 128
15 247
15 274
15 281
15 438
15 447
15 521
15 525
15 541
15 584
15 588
15 608
15 610
15 707
15 735
15 753
16 41
16 52
16 65
16 149
16 258
16 288
16 303
16 352
16 363
16 381
16 499
16 565
16 633
16 689
16 772
17 33
17 61
17 98
17 207
17 245
17 494
17 535
17 539
17 582
17 677
18 284
18 412
18 462
18 503
18 622
18 665
18 789
19 20
19 61
19 126
19 184
19 186
19 273
19 279
19 286
19 339
19 408
19 425
19 450
19 465
19 504
19 535
19 574
19 603
19 666
20 87
20 95
20 108
20 138
20 154
20 341
20 390
20 413
20 442
20 469
20 528
20 532
20 553
20 733
20 740
21 26
21 73
21 75
21 200
21 230
21 279
21 325
21 451
21 544
21 730
21 759
22 91
22 394
23 92
23 162
23 230
23 403
23 412
23 503
23 665
24 42
24 50
24 88
24 113
24 124
24 129
24 135
24 311
24 325
24 341
24 343
24 378
24 386
24 427
24 456
24 466
24 473
24 525
24 529
24 571
24 646
24 648
24 747
24 750
25 160
25 225
25 263
26 45
26 166
26 171
26 200
26 257
26 288
26 303
26 338
26 417
26 494
26 522
26 573
26 634
26 689
26 730
27 115
27 364
28 96
28 103
28 247
28 438
28 521
28 553
28 574
28 584
28 719
28 750
28 753
29 96
29 238
29 265
29 274
29 474
29 512
29 623
29 691
29 694
29 726
29 729
30 98
30 264
30 308
30 448
30 751
30 775
31 98
31 610
31 726
32 174
32 267
33 49
33 494
33 536
34 128
34 278
34 352
34 397
34 724
34 753
35 65
35 90
35 119
35 149
35 634
35 744
36 43
36 82
36 123
36 138
36 196
36 199
36 223
36 244
36 266
36 361
36 464
36 520
36 530
36 532
36 554
36 571
36 582
36 590
36 592
36 647
36 663
36 681
37 109
37 137
37 310
37 430
37 448
37 513
37 600
37 618
37 742
37 751
37 773
38 153
38 349
38 373
38 435
38 570
38 632
39 184
39 205
39 239
39 330
39 413
39 549
40 63
40 93
40 153
40 169
40 357
40 438
40 584
40 588
40 610
40 630
40 645
41 67
41 69
41 113
41 129
41 152
41 214
41 228
41 253
41 255
41 270
41 288
41 291
41 303
41 315
41 316
41 334
41 373
41 397
41 406
41 414
41 442
41 444
41 457
41 479
41 528
41 534
41 543
41 548
41 594
41 598
41 626
41 667
41 677
41 700
41 718
41 734
41 742
41 779
42 45
42 47
42 48
42 88
42 182
42 188
42 214
42 222
42 244
42 250
42 402
42 502
42 545
42 649
42 684
43 266
43 494
43 530
43 545
43 689
43 729
44 97
44 354
44 437
45 88
45 188
45 222
45 414
45 539
45 629
45 641
45 763
45 785
46 209
46 261
47 50
47 73
47 197
47 421
47 425
47 649
47 657
47 667
47 777
48 182
48 250
48 316
48 321
48 502
48 616
48 786
48 792
49 99
49 117
49 174
49 185
49 193
49 336
49 439
49 557
49 572
49 578
49 764
50 60
50 87
50 222
50 260
50 261
50 286
50 312
50 331
50 341
50 421
50 446
50 451
50 479
50 528
50 597
50 616
50 644
50 743
50 786
51 111
51 488
51 536
52 65
52 75
52 113
52 119
52 258
52 270
52 288
52 303
52 352
52 381
52 397
52 402
52 456
52 482
52 492
52 499
52 573
52 633
52 685
52 695
52 699
52 772
53 134
53 196
54 86
54 261
54 316
54 321
54 455
54 466
54 490
55 103
55 121
55 140
55 171
55 265
55 305
55 307
55 350
55 373
55 401
55 486
55 496
55 525
55 537
55 632
55 709
55 716
55 729
55 763
55 786
56 81
56 126
56 138
56 186
56 199
56 229
56 262
56 375
56 386
56 510
56 587
57 205
57 224
57 286
57 287
57 354
57 390
57 420
57 422
57 442
57 617
57 786
58 198
58 204
58 239
58 243
58 249
58 262
58 373
58 434
58 485
58 520
58 532
58 556
58 581
58 608
58 773
59 293
59 321
59 378
59 569
59 641
59 792
60 73
60 88
60 138
60 203
60 244
60 286
60 312
60 520
60 671
60 711
61 189
62 331
63 93
63 153
63 229
63 289
63 329
63 357
63 443
63 476
63 584
63 588
63 589
63 610
63 632
63 645
64 110
64 118
64 192
64 370
64 450
64 598
64 727
65 90
65 94
65 119
65 132
65 191
65 208
65 215
65 220
65 286
65 289
65 309
65 315
65 343
65 372
65 381
65 384
65 416
65 431
65 504
65 565
65 573
65 633
65 668
65 772
66 149
66 248
66 260
66 338
66 465
66 477
66 583
66 743
67 253
67 315
67 406
67 454
67 667
67 734
67 742
68 180
68 231
68 359
68 380
68 415
68 427
68 441
69 176
69 177
69 291
69 364
69 397
69 401
69 545
69 626
69 718
69 726
69 750
69 751
70 621
71 99
71 107
71 158
71 219
71 236
71 411
71 481
71 505
71 553
71 568
71 572
71 713
71 762
72 281
72 630
72 720
73 81
73 100
73 173
73 351
73 487
73 499
73 548
73 564
73 689
73 762
74 321
74 479
75 84
75 86
75 108
75 113
75 126
75 129
75 164
75 208
75 304
75 312
75 325
75 371
75 401
75 402
75 419
75 425
75 451
75 464
75 477
75 485
75 530
75 545
75 580
75 587
75 612
75 646
75 686
75 730
75 740
75 762
75 767
75 773
76 204
76 245
76 265
76 350
76 486
76 533
76 591
76 602
76 613
76 671
76 773
76 790
77 88
77 150
77 182
77 291
77 427
77 445
77 470
77 473
77 493
77 525
78 83
78 191
78 368
78 374
78 381
78 504
78 545
78 640
78 675
78 690
78 744
78 762
79 267
79 288
79 391
79 417
79 578
79 668
80 308
80 407
80 419
80 460
80 507
80 567
80 574
80 615
80 730
81 88
81 126
81 138
81 164
81 186
81 286
81 375
81 396
81 402
81 762
82 134
82 590
82 592
82 681
83 90
83 94
83 112
83 114
83 127
83 133
83 215
83 299
83 315
83 326
83 340
83 372
83 417
83 457
83 489
83 504
83 608
83 683
83 690
84 293
84 321
84 391
84 479
84 569
84 612
84 641
84 652
85 98
85 662
86 302
86 325
86 455
86 490
86 591
86 664
87 149
87 161
87 228
87 263
87 279
87 294
87 301
87 332
87 341
87 364
87 465
87 477
87 529
87 535
87 593
87 743
88 150
88 182
88 188
88 232
88 244
88 250
88 445
88 451
88 515
88 528
88 532
88 597
88 616
89 106
89 138
89 186
89 362
89 477
89 522
89 591
90 119
90 127
90 173
90 208
90 273
90 363
90 372
90 382
90 446
90 459
90 504
90 528
90 565
90 758
90 771
91 383
92 162
92 198
92 230
92 322
92 412
92 503
92 622
92 665
92 729
92 773
93 109
93 153
93 221
93 246
93 265
93 274
93 329
93 357
93 366
93 419
93 474
93 525
93 541
93 584
93 645
93 697
93 763
94 112
94 114
94 127
94 132
94 191
94 220
94 289
94 299
94 326
94 340
94 374
94 382
94 417
94 457
94 497
94 504
94 565
94 638
94 683
94 690
94 742
95 108
95 182
95 239
95 442
95 453
95 470
95 524
95 692
96 103
96 128
96 149
96 265
96 274
96 278
96 281
96 350
96 419
96 435
96 447
96 474
96 489
96 541
96 584
96 700
97 738
98 105
98 176
98 214
98 235
98 246
98 291
98 310
98 430
98 465
98 473
98 531
98 546
98 600
98 610
98 637
98 646
98 662
98 682
98 700
98 734
98 749
98 775
98 780
98 787
99 158
99 174
99 179
99 193
99 267
99 372
99 391
99 403
99 414
99 578
99 611
99 651
99 792
100 188
100 219
100 371
100 564
101 206
101 406
102 552
102 591
102 707
103 128
103 217
103 247
103 265
103 435
103 438
103 496
103 521
103 584
103 632
103 735
103 753
104 138
104 152
104 186
104 214
104 246
104 308
104 355
104 373
104 396
104 465
104 477
104 522
104 531
104 610
104 726
104 743
105 312
105 323
105 343
105 448
105 486
105 618
105 705
105 751
105 787
106 135
106 168
106 173
106 362
106 374
106 467
106 613
106 689
106 729
106 773
107 159
107 185
107 186
107 195
107 209
107 219
107 239
107 339
107 383
107 391
107 403
107 411
107 505
107 523
107 755
107 762
108 154
108 155
108 188
108 199
108 330
108 354
108 356
108 358
108 420
108 426
108 442
108 449
108 453
108 524
108 560
108 747
108 761
109 281
109 307
109 310
109 430
109 474
109 525
109 600
109 610
109 645
109 735
110 118
110 192
110 370
110 377
110 450
110 497
110 598
110 727
111 190
111 244
111 277
111 355
111 639
112 127
112 132
112 191
112 226
112 262
112 289
112 299
112 315
112 326
112 391
112 417
112 504
112 581
112 690
113 159
113 244
113 271
113 302
113 333
113 374
113 414
113 415
113 451
113 466
113 499
113 504
113 562
113 575
113 599
113 644
113 652
113 667
113 684
113 714
113 750
113 777
114 127
114 191
114 299
114 326
114 340
114 417
114 457
114 504
114 683
114 690
115 139
115 148
115 479
115 517
116 229
116 433
116 482
116 528
116 541
116 567
116 731
116 756
117 174
117 267
117 314
117 403
117 418
117 439
117 611
118 126
118 168
118 370
118 427
118 559
118 598
119 186
119 220
119 263
119 270
119 295
119 341
119 364
119 417
119 528
119 532
119 536
119 565
119 593
119 597
119 744
119 749
120 165
120 181
120 256
120 305
120 308
120 434
120 567
120 621
120 706
121 187
121 320
121 373
121 436
121 518
121 656
121 723
121 773
122 169
122 226
122 540
122 608
122 680
122 720
122 727
122 767
123 571
123 669
123 681
124 424
124 444
124 464
124 599
124 629
124 667
124 669
125 166
125 169
125 304
125 594
125 612
125 674
126 138
126 173
126 186
126 230
126 279
126 286
126 373
126 375
126 381
126 427
126 477
126 494
126 499
126 531
126 556
126 574
126 585
126 689
126 714
126 730
126 762
127 132
127 173
127 208
127 220
127 289
127 299
127 315
127 326
127 340
127 372
127 382
127 417
127 431
127 457
127 504
127 659
127 668
127 683
127 690
127 693
127 729
127 756
127 778
128 265
128 281
128 435
128 541
128 584
128 610
128 709
129 142
129 160
129 209
129 255
129 286
129 300
129 321
129 386
129 451
129 484
129 525
129 532
129 596
129 601
129 700
129 747
129 763
129 786
130 315
130 418
130 494
130 530
130 616
130 687
130 729
130 781
131 391
131 528
131 606
132 262
132 289
132 346
132 374
132 417
132 504
132 529
132 690
132 778
133 214
133 417
134 196
134 614
134 627
134 701
135 256
135 303
135 305
135 334
135 339
135 373
135 492
135 685
135 716
135 731
135 735
137 149
137 214
137 245
137 434
137 465
137 520
137 622
137 693
138 171
138 182
138 186
138 244
138 250
138 261
138 294
138 339
138 341
138 355
138 375
138 381
138 396
138 400
138 427
138 455
138 477
138 499
138 544
138 545
138 571
138 577
138 590
138 599
138 615
138 650
138 657
138 667
138 685
138 694
138 714
138 730
138 762
138 777
138 786
139 261
139 355
139 391
139 615
139 684
139 748
139 774
139 792
140 217
140 265
140 278
140 281
140 537
140 541
140 610
140 632
140 729
141 158
141 199
141 529
141 532
141 747
142 397
142 444
142 545
142 548
142 599
142 700
142 709
142 734
142 769
143 188
143 238
143 246
143 310
143 472
143 586
143 697
143 749
143 751
144 173
144 200
144 223
144 244
144 681
144 714
145 640
145 727
146 198
146 320
146 550
146 581
146 653
146 700
147 545
147 689
148 333
148 437
148 468
148 545
148 742
149 152
149 161
149 214
149 248
149 260
149 279
149 465
149 477
149 610
149 637
149 700
149 743
149 747
150 156
150 182
150 445
150 470
150 555
150 557
150 617
150 788
151 157
151 196
151 311
151 402
151 403
151 404
151 462
151 762
152 183
152 214
152 248
152 260
152 301
152 318
152 341
152 395
152 424
152 465
152 477
152 521
152 571
152 610
152 713
152 726
152 734
152 743
152 782
153 278
153 307
153 349
153 357
153 438
153 496
153 584
153 588
153 645
154 236
154 356
154 358
154 420
154 426
154 442
154 524
154 759
154 773
155 356
155 728
155 773
156 422
156 463
156 470
156 677
156 733
157 404
157 462
157 614
157 627
157 701
158 179
158 195
158 236
158 403
158 505
158 523
158 568
158 572
158 651
158 713
158 762
158 764
159 185
159 195
159 239
159 339
159 391
159 403
159 505
159 652
159 755
159 762
159 777
160 228
160 314
160 331
160 406
160 494
160 510
160 528
160 545
160 597
160 717
161 199
161 244
161 301
161 341
161 437
161 464
161 528
161 571
161 628
162 314
162 322
162 403
163 446
163 506
163 758
164 186
164 214
164 318
164 365
164 381
164 485
164 591
164 613
164 689
164 773
165 181
165 361
165 419
165 567
165 608
166 297
166 594
167 179
167 261
167 264
167 297
167 353
167 360
167 427
167 522
167 630
167 641
167 651
167 656
167 778
167 785
168 211
168 220
168 237
168 377
168 381
168 431
168 450
168 654
168 686
168 689
168 756
169 226
169 229
169 269
169 291
169 337
169 462
169 608
169 693
169 767
170 315
170 461
170 758
171 186
171 265
171 373
171 481
171 486
171 525
171 528
171 550
171 610
171 623
171 691
171 694
171 707
171 709
171 723
171 731
171 735
171 763
172 246
172 249
172 255
172 349
172 399
172 419
172 591
172 602
172 630
172 694
172 731
172 735
173 179
173 191
173 198
173 200
173 289
173 351
173 363
173 391
173 399
173 427
173 446
173 459
173 499
173 502
173 565
173 659
173 689
173 690
173 729
173 748
173 758
173 771
174 185
174 205
174 267
174 336
174 439
174 505
174 533
174 713
174 721
174 762
175 667
176 246
176 291
176 626
176 646
176 702
176 718
176 726
176 750
177 626
177 682
177 702
177 726
177 787
178 193
178 411
178 471
178 692
179 264
179 314
179 353
179 534
179 587
179 631
179 651
179 719
179 763
179 773
180 238
180 415
180 472
180 697
181 308
181 567
181 721
182 185
182 188
182 193
182 230
182 250
182 286
182 312
182 355
182 401
182 445
182 466
182 470
182 502
182 535
182 545
182 574
182 585
182 615
182 618
182 639
182 649
182 689
182 693
182 733
182 772
182 777
183 437
183 766
184 204
184 549
184 617
184 747
185 195
185 199
185 339
185 439
185 528
185 762
185 764
186 209
186 233
186 243
186 249
186 279
186 286
186 373
186 375
186 396
186 410
186 465
186 477
186 507
186 510
186 522
186 531
186 562
186 591
186 667
186 679
186 709
186 730
186 731
186 762
186 767
187 373
187 656
188 232
188 386
188 470
188 532
188 535
188 545
188 554
188 571
188 596
188 597
188 781
189 201
189 324
189 468
189 528
189 595
190 302
190 400
190 488
190 664
190 689
191 198
191 208
191 315
191 374
191 417
191 504
191 542
191 574
191 659
191 668
191 675
191 686
191 690
191 773
192 237
192 589
192 598
193 267
193 411
193 471
193 528
193 566
193 692
193 713
194 328
194 371
194 392
195 236
195 239
195 260
195 339
195 364
195 391
195 403
195 439
195 465
195 477
195 523
195 535
195 553
195 603
195 651
195 743
195 755
195 762
196 311
196 582
196 713
197 283
197 360
197 606
197 742
198 199
198 204
198 229
198 262
198 296
198 319
198 362
198 377
198 381
198 485
198 509
198 520
198 581
198 733
198 773
199 203
199 228
199 250
199 262
199 273
199 348
199 354
199 369
199 419
199 433
199 464
199 504
199 509
199 567
199 608
199 639
199 670
199 728
199 731
199 756
199 762
200 230
200 286
200 338
200 346
200 417
200 427
200 462
200 489
200 615
200 662
200 689
200 719
200 730
200 748
200 773
200 787
201 234
201 324
201 549
201 595
202 313
202 450
202 480
202 483
202 515
202 561
202 625
203 301
203 312
203 471
203 571
203 580
204 243
204 353
204 362
204 373
204 377
204 397
204 442
204 456
204 509
204 575
204 581
204 608
204 613
204 667
204 767
204 770
204 773
205 287
205 354
205 390
205 422
205 442
205 484
205 754
206 639
207 245
207 575
208 215
208 244
208 382
208 431
208 515
208 520
208 532
208 598
208 686
208 690
208 756
208 758
209 219
209 251
209 379
209 548
209 564
209 582
209 596
209 737
210 320
210 395
210 619
210 667
211 220
211 237
211 372
211 377
211 381
211 431
211 450
211 497
211 504
211 654
211 686
211 689
212 246
212 646
213 776
214 246
214 248
214 260
214 279
214 355
214 363
214 403
214 465
214 477
214 601
214 610
214 743
215 286
215 346
215 399
215 501
215 504
215 561
215 565
215 580
215 634
215 773
216 233
216 393
216 757
217 244
217 265
217 373
217 496
217 632
217 763
218 313
218 444
218 476
218 668
219 369
219 383
219 658
219 692
220 226
220 315
220 339
220 360
220 372
220 381
220 417
220 431
220 480
220 483
220 504
220 540
220 545
220 561
220 573
220 625
220 675
220 693
220 744
220 758
220 772
221 307
221 366
221 525
222 255
222 316
222 323
222 360
222 406
222 430
222 442
222 575
222 641
222 674
222 684
222 763
223 400
223 530
223 556
223 582
223 681
224 422
224 449
224 484
225 242
225 263
226 533
226 608
226 634
226 650
226 720
226 727
226 767
227 403
227 611
228 341
228 360
228 399
228 669
228 693
228 734
228 785
229 263
229 312
229 321
229 362
229 369
229 417
229 509
229 587
229 691
229 701
229 740
229 750
230 242
230 270
230 406
230 430
230 503
230 580
230 665
230 689
230 730
230 745
230 772
230 778
231 323
231 342
231 380
231 547
231 587
231 595
231 605
232 371
232 383
232 564
232 596
232 742
233 286
233 323
233 342
233 380
233 425
233 427
233 433
233 528
233 587
233 621
233 719
233 755
233 773
234 239
234 324
234 354
234 442
234 470
234 549
234 595
235 246
235 260
235 546
235 610
235 637
235 734
235 751
236 239
236 336
236 470
236 498
236 505
236 523
236 568
236 572
236 692
236 713
236 727
236 764
237 377
237 431
237 450
237 468
237 497
237 516
237 589
237 598
237 654
237 689
237 776
238 274
238 310
238 472
238 697
239 336
239 339
239 356
239 391
239 403
239 421
239 449
239 470
239 498
239 505
239 572
239 595
239 692
239 755
239 762
240 273
240 502
241 466
241 534
241 612
241 719
242 263
242 269
242 290
242 545
242 581
243 373
243 485
243 487
243 512
243 556
243 613
243 679
243 735
243 773
244 264
244 307
244 321
244 333
244 373
244 464
244 488
244 494
244 520
244 528
244 534
244 574
244 597
244 606
244 615
244 667
244 689
244 690
244 735
245 255
245 373
245 401
245 419
245 486
245 550
245 602
245 655
246 260
246 291
246 308
246 327
246 329
246 350
246 359
246 364
246 380
246 425
246 448
246 465
246 473
246 491
246 563
246 578
246 600
246 610
246 637
246 646
246 673
246 716
246 718
246 751
246 755
246 757
246 763
246 780
246 787
247 285
247 438
247 521
248 465
248 477
248 528
248 606
248 637
248 646
248 660
249 318
249 353
249 373
249 407
249 507
249 521
249 529
249 552
249 556
249 613
249 623
249 730
249 773
250 586
251 371
252 541
253 543
253 742
253 779
254 286
254 415
254 427
255 307
255 308
255 318
255 373
255 397
255 419
255 447
255 450
255 451
255 460
255 472
255 474
255 477
255 486
255 487
255 507
255 512
255 539
255 567
255 588
255 591
255 602
255 667
255 707
255 709
255 710
255 736
255 763
255 778
256 286
256 303
256 339
256 350
256 373
256 376
256 381
256 559
256 591
256 610
256 685
256 709
256 716
257 278
257 443
257 584
257 610
257 735
258 352
258 416
258 499
258 573
258 633
259 324
259 354
259 390
259 413
259 442
259 520
259 556
259 732
260 279
260 341
260 465
260 477
260 535
260 544
260 551
260 610
260 637
260 726
260 743
261 316
261 391
261 468
261 748
261 786
262 286
262 289
262 318
262 373
262 417
262 539
262 561
262 565
262 581
262 653
263 510
263 528
263 585
263 747
264 353
264 508
264 544
264 651
265 274
265 281
265 307
265 349
265 350
265 357
265 366
265 373
265 435
265 541
265 579
265 584
265 610
265 630
265 691
265 703
265 735
265 763
266 556
266 635
267 270
267 391
267 414
267 439
267 506
267 684
267 713
267 721
267 776
267 792
268 481
268 493
268 575
268 777
269 290
269 404
269 462
269 533
269 581
269 640
269 772
270 288
270 303
270 315
270 352
270 434
270 495
270 499
270 573
270 604
270 633
270 742
270 772
271 612
271 684
272 309
272 558
272 659
272 686
273 540
273 593
273 756
274 281
274 310
274 366
274 435
274 472
274 474
274 541
274 689
274 691
274 697
274 700
274 710
275 527
275 569
275 652
276 305
276 585
277 295
277 302
277 355
277 612
278 373
279 286
279 341
279 408
279 465
279 477
279 535
279 574
279 743
280 323
280 415
280 425
281 357
281 366
281 435
281 447
281 472
281 474
281 525
281 539
281 541
281 552
281 579
281 584
281 610
281 687
281 691
282 313
282 360
282 744
282 750
283 311
283 314
283 360
283 406
283 494
283 687
283 717
283 742
283 745
284 503
284 665
284 687
285 323
286 302
286 334
286 465
286 477
286 505
286 525
286 538
286 545
286 556
286 574
286 585
286 593
286 621
286 646
286 647
286 660
286 667
286 686
286 689
286 700
286 716
286 730
286 734
286 762
287 300
287 354
287 442
287 484
287 692
287 754
288 303
288 339
288 352
288 439
288 451
288 456
288 468
288 482
288 499
288 573
288 633
288 742
288 744
288 772
289 307
289 350
289 372
289 504
289 541
289 558
289 565
289 753
289 778
290 322
290 503
291 600
291 618
291 626
291 667
291 718
291 726
291 742
291 755
292 380
292 393
292 415
292 427
292 531
292 757
293 306
293 321
293 355
293 414
293 437
293 479
293 534
293 569
293 612
293 641
293 737
293 750
293 768
294 297
294 304
294 316
294 333
294 341
294 528
294 529
294 562
294 580
294 612
294 674
294 684
295 466
295 475
296 318
296 353
297 594
298 620
298 703
299 326
299 340
299 417
299 457
299 504
299 683
299 690
300 596
301 464
302 316
302 325
302 355
302 379
302 391
302 402
302 445
302 455
302 481
302 493
302 499
302 591
302 601
302 612
302 664
302 667
302 684
302 714
302 777
303 334
303 352
303 397
303 456
303 482
303 492
303 499
303 526
303 559
303 598
303 666
303 704
303 708
303 725
303 729
303 772
303 779
304 348
304 451
304 606
304 612
305 608
305 610
305 673
305 691
305 709
305 755
305 767
306 316
306 321
306 355
306 468
306 479
306 527
306 612
306 737
307 357
307 373
307 474
307 486
307 525
307 579
307 600
307 689
307 694
307 697
307 735
307 763
307 773
308 366
308 443
308 447
308 460
308 465
308 474
308 486
308 525
308 567
308 576
308 602
308 610
308 637
308 694
308 726
308 736
309 367
309 368
309 384
309 387
309 558
310 435
310 474
310 525
310 600
310 618
310 697
311 745
312 354
312 422
312 571
312 755
312 762
312 777
312 783
313 384
313 483
313 489
313 501
313 515
313 516
313 561
313 625
314 403
314 468
314 717
314 784
315 344
315 363
315 381
315 382
315 391
315 406
315 417
315 457
315 461
315 504
315 675
315 689
315 690
315 713
315 744
315 758
315 771
315 772
315 776
316 360
316 414
316 437
316 486
316 545
316 562
316 571
316 641
316 684
317 352
317 365
317 397
317 622
317 624
318 521
318 602
318 671
319 320
319 482
319 704
319 708
319 772
320 358
320 361
320 373
320 509
320 520
320 545
320 575
320 630
320 666
320 733
320 773
321 355
321 378
321 414
321 451
321 479
321 517
321 527
321 532
321 534
321 569
321 612
321 641
321 672
321 737
321 744
321 747
321 768
322 687
323 342
323 415
323 425
323 427
323 587
323 729
323 755
323 773
324 330
324 427
324 442
324 595
324 732
325 402
325 499
325 514
325 545
325 575
325 613
325 786
326 340
326 417
326 457
326 504
326 683
326 690
327 415
327 425
327 605
328 392
328 468
328 791
329 539
329 553
329 755
330 356
330 442
330 449
330 453
330 649
330 692
330 732
330 754
331 388
331 494
332 341
333 355
333 454
333 532
333 601
333 612
333 684
333 792
334 339
334 352
334 397
334 456
334 482
334 526
334 598
334 622
334 666
334 704
334 708
334 725
334 772
335 520
335 580
335 714
336 339
336 422
336 439
336 524
336 572
336 595
337 461
338 353
338 354
338 419
338 525
338 676
338 693
338 729
338 785
339 391
339 397
339 439
339 456
339 492
339 523
339 553
339 598
339 685
339 755
339 762
339 772
340 417
340 457
340 504
340 589
340 683
340 690
341 364
341 421
341 465
341 477
341 528
341 532
341 535
341 544
341 554
341 585
341 593
341 699
341 747
341 751
342 467
342 610
342 642
343 346
343 372
343 528
343 571
343 690
343 744
344 382
344 446
345 471
345 553
345 755
346 374
346 409
346 499
346 634
346 719
347 385
347 445
348 481
348 554
348 606
349 435
349 476
350 373
350 486
350 602
350 643
350 735
351 398
351 548
352 365
352 397
352 416
352 456
352 482
352 495
352 573
352 622
352 633
352 666
352 685
352 695
352 708
352 744
352 772
353 494
353 535
353 643
353 651
353 785
354 390
354 442
354 470
354 498
354 532
354 549
354 575
354 677
354 693
354 733
355 379
355 445
355 481
355 532
355 534
355 544
355 575
355 580
355 612
355 641
355 672
355 684
355 714
356 420
356 426
356 449
356 524
356 677
356 692
356 761
357 373
357 438
357 443
357 541
357 579
357 584
357 610
357 645
357 723
357 735
358 420
358 524
358 759
359 380
359 410
359 465
359 637
360 406
360 410
360 430
360 442
360 449
360 534
360 641
360 674
360 684
360 693
360 711
361 468
361 689
361 729
362 510
362 581
363 382
363 565
363 633
363 760
363 771
364 389
364 415
364 427
364 528
364 546
364 563
364 597
364 637
364 646
364 648
364 660
364 712
364 726
364 747
364 750
365 437
365 492
365 669
366 468
366 541
366 584
366 610
366 691
366 735
367 368
367 384
367 533
367 659
367 727
368 384
368 533
369 580
369 658
369 781
370 377
370 404
370 450
370 468
370 589
370 598
371 387
371 392
371 532
371 564
371 791
372 381
372 431
372 459
372 504
372 515
372 561
372 615
372 625
372 659
373 399
373 419
373 435
373 436
373 443
373 468
373 476
373 485
373 487
373 507
373 512
373 518
373 522
373 525
373 539
373 550
373 552
373 567
373 574
373 591
373 602
373 610
373 630
373 656
373 689
373 700
373 707
373 709
373 723
373 729
373 731
373 735
373 742
373 773
373 786
374 377
374 417
374 504
374 558
374 565
374 668
374 675
374 686
375 485
375 499
375 613
375 689
375 730
375 767
377 431
377 450
377 468
377 497
377 561
377 581
377 589
377 598
377 654
377 659
377 675
377 689
377 742
377 773
378 517
378 527
378 534
378 768
379 468
379 481
379 493
379 548
379 650
380 425
380 441
380 464
380 587
380 726
381 382
381 417
381 431
381 480
381 483
381 504
381 532
381 545
381 561
381 565
381 573
381 577
381 581
381 613
381 659
381 686
381 689
381 690
381 744
381 751
381 758
381 772
382 686
382 758
383 609
383 688
385 714
385 773
386 601
387 786
388 539
388 591
388 786
389 755
389 775
390 413
390 422
390 442
390 677
391 403
391 455
391 478
391 505
391 523
391 568
391 575
391 578
391 674
391 755
391 762
391 764
391 770
391 772
393 757
394 770
395 424
395 444
395 464
395 599
395 619
395 620
395 629
395 669
395 703
395 734
395 739
395 746
395 765
396 596
397 432
397 456
397 468
397 482
397 499
397 559
397 581
397 626
397 664
397 666
397 667
397 678
397 685
397 690
397 734
397 742
397 779
399 417
399 666
399 686
399 762
400 635
400 681
401 498
401 505
401 520
401 535
401 539
401 554
401 556
401 677
402 403
402 406
402 532
402 556
402 591
402 644
402 745
403 406
403 523
403 541
403 566
403 611
403 644
403 648
403 713
403 745
403 755
403 762
404 452
404 462
404 614
404 701
405 651
406 451
406 667
406 693
406 745
406 773
406 785
407 427
407 531
408 465
409 501
410 415
411 471
411 692
412 665
413 442
413 449
413 498
413 520
413 538
413 711
413 732
413 786
414 479
414 569
414 641
414 737
415 427
415 547
415 587
415 605
415 755
415 757
416 573
416 695
417 457
417 504
417 577
417 683
417 690
417 729
417 756
417 758
417 766
417 773
418 494
418 545
418 687
419 421
419 450
419 460
419 507
419 522
419 525
419 529
419 531
419 532
419 567
419 579
419 602
419 630
419 646
419 693
419 694
419 709
419 744
419 763
420 426
420 442
420 524
420 538
420 759
420 788
421 571
421 585
421 590
421 631
421 646
421 744
422 449
422 463
422 773
423 670
424 464
424 520
424 619
424 669
424 752
425 433
425 509
425 511
425 587
425 605
425 646
425 677
425 693
426 442
426 556
426 759
427 461
427 509
427 519
427 556
427 559
427 573
427 581
427 587
427 591
427 642
427 689
427 729
427 748
427 750
427 757
427 787
428 509
428 587
428 612
428 666
428 731
428 756
429 525
430 600
430 618
430 751
430 787
431 450
431 497
431 516
431 561
431 565
431 589
431 654
431 675
431 689
431 742
431 747
431 773
431 776
432 525
432 539
432 552
432 579
432 591
432 598
432 624
432 773
433 519
433 532
433 581
433 587
433 646
433 726
434 525
434 610
435 472
435 474
435 496
435 521
435 541
435 579
435 584
435 600
435 608
435 610
435 620
435 645
435 691
435 697
435 709
435 723
435 727
435 735
435 763
436 558
437 464
437 527
437 545
437 571
437 628
437 647
437 669
437 746
437 765
438 443
438 521
438 525
438 645
438 736
439 611
440 491
440 597
440 606
440 712
442 449
442 453
442 468
442 470
442 538
442 549
442 641
442 692
442 732
442 733
442 740
442 759
442 773
443 468
443 485
443 522
443 525
443 584
443 588
443 602
443 610
443 620
443 645
443 706
443 735
443 750
444 464
444 599
444 619
444 667
444 734
444 739
444 742
444 746
444 782
445 470
445 569
445 612
446 459
446 506
446 760
447 460
447 588
447 735
448 473
448 546
448 726
448 749
448 775
448 780
449 451
449 575
449 649
449 692
449 733
449 740
450 483
450 486
450 497
450 516
450 561
450 598
450 654
450 675
450 689
450 729
450 744
450 776
451 456
451 498
451 544
451 571
451 587
451 612
451 613
451 646
451 684
451 715
451 730
451 744
451 748
451 762
452 494
453 524
454 747
455 562
455 612
455 714
455 769
455 777
456 499
456 559
456 615
456 633
456 678
456 685
456 772
457 504
457 598
457 683
457 690
458 624
458 704
459 565
459 758
459 760
460 486
460 567
460 588
460 602
460 694
461 489
461 634
461 758
463 498
463 549
463 617
463 692
463 733
463 788
464 468
464 532
464 599
464 629
464 667
464 669
464 699
464 739
464 741
464 746
464 752
464 765
465 477
465 535
465 544
465 610
465 613
465 633
465 726
465 734
465 743
466 493
466 580
466 714
467 642
468 474
468 569
468 573
468 574
468 598
468 614
468 642
468 669
468 700
468 701
468 738
468 752
468 781
469 711
470 617
470 733
471 553
471 566
471 692
471 721
471 755
472 586
472 588
472 691
472 697
472 703
472 721
473 486
473 618
473 662
473 734
473 749
473 750
473 751
473 775
473 787
474 522
474 525
474 579
474 600
474 620
474 645
474 697
474 709
475 528
476 573
476 632
476 641
476 694
476 729
476 772
477 478
477 507
477 535
477 544
477 556
477 577
477 591
477 610
477 633
477 637
477 667
477 686
477 689
477 730
477 743
477 762
477 786
479 517
479 527
479 534
479 641
479 737
480 483
480 515
480 561
480 625
481 556
481 564
481 606
481 714
482 492
482 633
482 685
482 695
482 772
483 515
483 561
483 589
483 625
484 500
484 669
484 754
485 487
485 581
485 602
485 613
485 689
485 735
485 750
485 773
486 550
486 567
486 662
486 709
486 736
486 778
487 502
487 602
487 613
487 616
487 679
487 731
489 504
489 506
489 689
490 641
490 714
490 777
491 563
491 577
491 606
491 646
492 499
492 678
492 693
492 772
494 530
494 573
494 627
494 687
494 772
496 525
496 632
496 709
497 516
497 561
497 589
497 598
497 654
497 689
497 776
498 549
498 692
498 733
499 562
499 573
499 575
499 590
499 591
499 604
499 622
499 639
499 664
499 667
499 684
499 685
499 689
499 714
499 730
499 762
499 772
499 777
499 786
500 530
500 582
500 590
500 761
502 545
502 785
503 665
503 748
504 561
504 683
504 690
504 756
504 772
504 773
505 523
505 528
505 553
505 568
505 572
505 648
505 713
505 755
505 762
507 591
507 602
507 637
507 729
507 736
507 790
509 510
509 581
509 653
509 726
509 757
510 531
510 567
512 539
515 561
515 625
516 589
516 598
516 654
516 689
517 534
518 610
518 656
518 726
518 736
519 545
519 587
519 757
520 534
520 535
520 556
520 643
521 541
521 735
521 753
522 545
522 602
522 613
522 706
522 773
523 568
523 572
523 611
523 651
523 692
523 713
523 755
523 762
524 759
525 531
525 545
525 552
525 579
525 600
525 602
525 610
525 645
525 693
525 694
525 707
525 716
525 731
525 735
525 736
525 773
526 559
526 704
527 737
527 748
528 529
528 532
528 536
528 544
528 571
528 585
528 593
528 602
528 641
528 648
528 693
528 711
528 735
528 744
528 747
528 751
529 561
529 597
529 606
529 763
529 778
530 545
530 571
530 590
530 729
530 773
531 630
531 646
531 709
531 716
531 755
532 535
532 540
532 567
532 571
532 593
532 612
532 646
532 731
532 744
533 558
533 598
533 640
533 727
534 545
534 569
534 615
534 641
534 667
534 729
534 737
534 768
535 544
535 545
535 556
535 743
537 550
537 637
537 691
538 549
538 617
539 552
539 579
539 610
539 709
539 735
539 763
540 561
540 573
540 585
540 593
540 608
540 648
540 720
540 730
540 767
541 552
541 584
541 610
541 632
541 691
542 598
542 678
543 586
543 742
543 779
544 730
544 738
544 743
544 744
545 574
545 587
545 595
545 654
545 663
545 686
545 704
545 782
546 718
546 751
548 582
548 791
549 711
549 733
549 788
550 689
550 694
550 700
550 707
550 709
551 598
551 743
552 735
553 572
553 721
553 722
553 755
554 646
554 747
555 649
556 559
556 574
556 599
556 613
556 644
556 649
556 667
556 684
556 689
556 730
556 770
556 773
557 649
558 608
558 640
558 659
558 686
559 598
559 685
561 598
561 625
561 675
561 689
561 742
561 755
562 580
562 641
562 770
562 783
562 786
563 610
563 637
563 726
563 751
564 580
564 791
565 573
565 634
565 654
565 744
565 758
565 760
566 692
567 588
567 736
568 572
568 713
569 641
569 734
569 737
569 768
571 628
571 647
571 663
571 747
571 782
572 578
572 603
572 607
572 651
572 713
573 633
573 758
573 772
574 750
574 777
575 583
575 606
575 613
575 677
575 777
577 587
577 762
578 611
578 713
579 610
579 620
579 691
579 735
580 606
580 669
580 784
581 613
581 667
581 684
581 772
581 773
582 590
582 636
584 588
584 610
584 645
584 691
584 709
584 723
584 763
585 593
585 648
585 767
587 591
587 623
587 664
587 724
587 729
587 730
587 742
587 750
588 591
589 776
590 613
590 631
590 777
591 667
591 689
591 707
591 717
591 755
591 762
593 608
593 720
594 667
595 605
595 692
595 732
596 781
597 613
597 657
597 670
598 675
598 678
598 685
598 686
598 690
598 727
598 742
598 756
598 776
599 667
599 730
599 734
599 739
599 742
600 618
600 646
600 700
600 747
600 751
602 610
602 679
602 707
602 709
602 747
602 763
602 778
604 708
604 772
606 612
606 637
606 674
606 714
606 783
607 649
607 713
608 630
608 659
608 720
608 727
608 756
608 767
609 688
610 630
610 632
610 637
610 694
610 709
610 726
610 731
610 735
612 652
612 684
612 714
612 744
613 639
613 667
613 773
614 627
614 701
615 660
615 689
615 773
615 777
616 679
616 781
617 711
617 788
618 623
618 726
618 747
618 750
618 751
619 739
619 742
619 746
619 782
620 703
620 706
621 646
621 747
622 708
622 725
622 729
624 633
624 654
624 725
626 702
626 718
627 701
629 742
630 735
630 744
632 700
632 726
632 763
633 715
633 772
634 689
634 776
635 681
635 713
637 646
637 726
637 734
638 690
638 776
639 669
639 689
639 785
639 786
640 727
641 737
641 770
641 777
642 660
642 719
642 757
642 787
644 745
644 772
645 697
645 736
646 747
646 750
646 751
646 775
648 730
649 738
649 745
650 720
650 767
652 714
654 689
655 700
656 723
659 668
659 686
660 682
660 748
660 750
660 787
661 700
662 749
663 681
663 713
665 729
665 789
666 685
666 748
666 772
667 742
667 773
667 786
668 686
669 713
669 765
673 716
677 711
678 685
682 702
682 751
682 787
683 690
684 777
686 689
688 742
689 690
689 730
689 748
689 773
690 720
690 756
690 758
691 727
692 733
693 694
693 709
694 700
694 707
694 716
694 735
694 736
694 763
695 765
695 766
696 719
697 700
698 761
700 707
700 751
700 763
700 769
702 718
702 751
703 721
703 726
703 790
707 709
707 710
707 731
707 735
707 775
709 716
709 731
709 755
709 763
711 733
713 752
714 737
716 731
716 735
718 726
719 729
719 792
720 727
720 767
723 763
724 729
724 753
726 751
726 763
726 787
727 767
729 763
730 773
730 777
731 735
731 744
731 763
731 778
733 788
734 742
734 779
735 763
735 778
737 768
739 746
742 752
742 758
742 779
748 767
748 777
748 791
749 751
749 775
749 780
749 787
750 751
750 773
751 775
751 780
751 787
752 765
754 788
755 762
755 787
758 760
758 771
759 761
769 783
772 773
773 787
777 786
786 792
