30
56
131
20
180
218
236
260
272
117
235
119
72
5
188
298
245
160
125
88
165
72
298
259
100
206
98
135
260
141
56
271
21
271
45
196
142
131
297
170
152
271
171
117
227
182
205
298
180
17
272
260
218
260
108
312
162
71
141
246
174
260
190
170
206
105
30
301
8
9
301
282
168
298
251
218
249
180
98
135
26
272
95
268
152
231
193
307
41
217
142
96
103
324
76
107
72
165
72
2
301
310
165
285
260
212
260
92
260
259
288
8
159
165
16
194
183
60
131
235
64
25
274
32
17
98
218
174
271
260
57
38
80
140
260
98
249
6
125
316
6
292
259
260
284
98
301
15
72
312
183
309
299
301
235
162
205
48
204
126
142
293
263
122
260
41
272
122
148
75
107
180
103
45
67
158
116
109
293
114
95
135
249
50
122
83
239
139
43
98
231
165
6
77
111
6
205
138
227
193
40
324
187
160
83
260
41
30
6
142
1
174
6
285
170
298
98
122
196
178
260
77
98
30
298
260
260
41
