73
321
6
300
125
12
88
286
231
303
193
188
309
276
148
91
131
253
264
153
298
212
182
57
245
167
39
294
137
304
21
159
30
120
189
275
305
34
204
26
166
205
1
127
136
63
38
319
191
249
101
158
162
214
266
70
107
103
4
256
48
235
87
50
37
257
174
61
134
25
9
74
130
106
135
145
220
221
143
93
42
225
201
75
244
2
316
161
20
285
197
183
306
113
177
260
237
147
171
55
267
217
16
117
277
169
270
85
157
31
263
209
311
279
64
115
284
242
97
224
240
46
66
295
150
100
96
108
186
211
3
122
89
76
233
43
251
129
312
216
200
52
83
218
281
78
24
247
215
179
44
165
301
114
128
192
261
323
152
18
227
324
81
252
170
109
325
175
123
138
84
223
318
29
132
234
142
164
126
67
194
250
62
124
144
273
185
228
292
210
206
291
268
280
51
7
104
68
326
320
49
8
168
310
196
27
322
139
47
19
203
195
102
317
121
239
180
69
313
65
172
307
308
116
146
133
255
72
248
238
15
163
28
296
202
265
118
80
22
98
213
288
287
14
99
259
10
58
230
315
151
105
59
110
154
314
32
119
187
54
181
71
5
272
241
92
208
94
140
0
41
173
40
13
283
79
297
112
254
274
293
278
11
302
178
33
282
258
246
90
199
36
35
45
