0 4
0 15
0 19
0 61
0 69
0 110
0 143
0 191
0 192
1 89
1 90
1 157
1 187
2 59
2 112
2 139
2 161
2 204
2 209
3 43
3 97
4 5
4 15
4 21
4 23
4 41
4 52
4 61
4 69
4 71
4 93
4 110
4 126
4 137
4 143
4 162
4 177
4 190
4 191
5 11
5 15
5 23
5 34
5 55
5 56
5 61
5 63
5 64
5 69
5 71
5 76
5 78
5 85
5 86
5 93
5 109
5 115
5 118
5 122
5 127
5 140
5 143
5 146
5 151
5 155
5 162
5 172
5 174
5 192
5 195
5 202
6 10
6 47
6 63
6 67
6 69
6 76
6 78
6 93
6 110
6 122
6 126
6 127
6 143
6 162
6 190
6 192
6 202
7 66
7 151
8 14
8 45
9 118
10 15
10 19
10 47
10 61
10 67
10 69
10 72
10 76
10 78
10 86
10 93
10 110
10 115
10 127
10 137
10 143
10 162
10 172
10 190
10 191
10 192
10 202
11 37
11 75
11 94
11 109
11 135
11 174
11 193
11 206
12 95
12 96
12 104
12 106
12 116
12 121
12 169
12 198
13 16
13 57
13 132
13 139
13 145
13 167
15 19
15 21
15 23
15 47
15 55
15 56
15 61
15 63
15 64
15 67
15 69
15 71
15 73
15 76
15 78
15 85
15 86
15 93
15 98
15 110
15 115
15 127
15 143
15 162
15 190
15 191
15 192
15 202
16 57
16 125
16 132
16 139
16 145
16 167
17 42
17 51
17 102
17 161
17 171
17 179
18 120
18 167
18 178
19 21
19 41
19 52
19 61
19 69
19 71
19 76
19 93
19 110
19 126
19 137
19 143
19 190
19 191
19 192
20 21
20 63
20 122
21 41
21 52
21 61
21 69
21 71
21 76
21 78
21 93
21 110
21 122
21 124
21 126
21 137
21 143
21 162
21 177
21 190
21 191
22 65
22 74
22 88
22 176
22 183
22 200
23 61
23 63
23 73
23 93
23 115
23 143
24 93
24 110
24 190
24 191
25 51
25 62
25 68
25 103
25 201
26 43
27 49
27 99
27 107
27 112
28 36
28 77
28 208
29 50
29 107
30 40
30 129
30 136
30 168
31 55
31 142
31 202
32 46
32 53
32 77
32 141
32 154
32 163
32 166
32 182
32 197
33 75
33 158
33 175
34 54
34 56
34 126
34 127
34 131
34 140
34 151
35 96
35 153
35 185
36 46
36 53
36 77
36 94
36 144
36 154
36 163
36 166
36 168
36 182
36 186
36 197
36 208
37 171
37 179
38 47
38 67
38 70
38 76
38 85
38 162
38 202
39 50
39 82
39 130
39 207
40 46
40 77
40 79
40 129
40 136
40 160
40 163
40 166
40 168
40 182
40 189
41 52
41 61
41 71
41 93
41 122
41 126
41 172
41 177
41 190
41 191
42 102
42 179
43 48
43 133
44 74
44 135
44 156
44 194
45 171
46 53
46 58
46 65
46 77
46 94
46 108
46 136
46 141
46 144
46 154
46 160
46 163
46 166
46 168
46 182
46 189
46 197
46 208
47 56
47 61
47 69
47 78
47 85
47 93
47 110
47 115
47 122
47 126
47 127
47 131
47 143
47 162
47 170
47 172
47 190
47 192
47 202
49 103
50 82
51 62
51 147
52 71
52 85
52 93
52 110
52 124
52 126
52 137
52 162
52 190
52 191
53 77
53 94
53 141
53 144
53 154
53 160
53 163
53 166
53 168
53 182
53 197
53 205
53 208
54 111
54 127
54 131
54 192
54 202
55 61
55 72
55 78
55 85
55 94
55 115
55 122
55 126
55 131
55 142
55 143
55 146
55 170
55 174
55 192
55 202
55 206
56 61
56 64
56 76
56 86
56 93
56 98
56 110
56 115
56 122
56 127
56 143
56 155
56 162
56 190
56 195
56 202
56 203
57 132
57 139
57 145
57 167
58 77
58 81
58 160
58 163
58 189
59 112
59 139
59 209
60 61
60 113
60 128
60 190
61 63
61 69
61 71
61 73
61 76
61 78
61 85
61 86
61 93
61 94
61 110
61 115
61 122
61 126
61 131
61 137
61 143
61 155
61 162
61 172
61 174
61 177
61 190
61 191
61 192
61 195
61 202
61 206
62 68
62 103
62 105
63 67
63 69
63 78
63 85
63 115
63 122
63 126
63 131
63 143
63 162
63 188
63 190
63 192
64 70
64 143
64 155
64 162
64 190
65 77
65 81
65 163
65 183
65 189
66 75
66 86
66 151
66 175
67 69
67 76
67 78
67 85
67 86
67 93
67 110
67 122
67 126
67 143
67 162
67 170
67 190
67 191
67 192
67 202
68 103
68 105
68 201
69 71
69 76
69 78
69 85
69 86
69 93
69 110
69 115
69 122
69 127
69 133
69 137
69 143
69 148
69 162
69 172
69 177
69 191
69 192
69 202
70 78
70 131
71 76
71 85
71 93
71 110
71 115
71 122
71 126
71 127
71 137
71 138
71 143
71 162
71 190
71 191
72 170
73 115
73 143
73 174
74 83
74 114
74 123
74 135
74 156
74 184
74 194
75 86
75 100
75 115
75 119
75 135
75 146
75 158
75 174
75 175
76 78
76 85
76 86
76 93
76 110
76 115
76 122
76 126
76 127
76 131
76 137
76 143
76 146
76 162
76 165
76 170
76 172
76 190
76 191
76 192
76 202
77 94
77 108
77 129
77 136
77 144
77 154
77 160
77 163
77 166
77 168
77 182
77 183
77 186
77 189
77 193
77 197
77 208
78 85
78 86
78 92
78 93
78 115
78 122
78 126
78 127
78 131
78 137
78 143
78 146
78 155
78 162
78 190
78 192
78 202
79 160
79 168
80 103
80 149
81 183
81 189
83 134
83 156
83 184
84 89
84 90
84 157
84 187
85 86
85 93
85 110
85 122
85 126
85 127
85 131
85 137
85 143
85 155
85 162
85 190
85 191
85 202
86 93
86 98
86 109
86 110
86 115
86 127
86 131
86 143
86 146
86 147
86 162
86 190
86 192
86 202
87 119
89 90
89 157
89 187
90 157
90 187
91 94
92 142
92 146
92 170
92 199
93 110
93 115
93 122
93 126
93 127
93 128
93 131
93 137
93 143
93 148
93 162
93 165
93 170
93 172
93 190
93 191
93 192
93 202
94 109
94 115
94 144
94 163
94 166
94 174
94 182
94 194
94 197
94 208
95 198
96 121
96 169
96 198
97 172
97 181
98 115
98 143
98 162
99 107
99 112
99 180
101 130
102 171
102 179
103 149
103 150
103 201
104 198
106 121
106 198
108 144
108 166
108 182
108 197
109 135
109 155
109 174
109 195
109 200
109 202
109 206
110 126
110 127
110 137
110 138
110 143
110 147
110 162
110 172
110 177
110 190
110 191
110 192
111 131
111 162
112 130
112 139
112 161
112 204
112 209
114 123
114 184
115 122
115 126
115 127
115 128
115 135
115 137
115 140
115 143
115 155
115 162
115 174
115 190
115 192
115 195
115 202
115 203
115 206
116 198
117 152
117 165
118 172
119 158
120 139
120 145
120 167
120 178
121 198
122 126
122 127
122 131
122 137
122 143
122 162
122 190
122 191
122 192
122 202
123 184
124 137
124 143
124 190
125 139
126 127
126 131
126 137
126 138
126 143
126 146
126 162
126 190
126 191
126 192
126 202
127 128
127 143
127 162
127 190
127 191
127 192
127 202
127 206
128 131
128 162
128 165
128 191
128 192
129 136
129 160
129 163
129 168
131 155
131 162
131 172
131 190
131 191
131 192
131 202
132 139
132 145
132 167
133 143
133 173
133 176
134 196
135 156
135 174
135 194
135 200
135 206
136 160
136 163
136 166
136 168
136 182
136 189
137 143
137 148
137 162
137 172
137 190
137 191
137 192
139 145
139 167
139 209
140 143
140 159
141 144
141 154
141 163
141 166
141 182
141 197
142 170
142 202
143 155
143 159
143 162
143 172
143 190
143 191
143 192
143 202
143 206
144 154
144 160
144 163
144 166
144 168
144 182
144 186
144 197
144 205
144 208
145 167
145 178
146 151
146 162
146 175
146 199
146 202
151 199
154 160
154 163
154 166
154 182
154 197
154 205
155 162
155 195
155 203
156 184
157 187
160 163
160 166
160 168
160 182
160 189
160 197
160 208
161 209
162 172
162 190
162 191
162 192
162 202
162 203
163 166
163 168
163 182
163 189
163 193
163 197
163 208
164 187
165 202
166 168
166 182
166 186
166 197
166 205
166 208
167 178
168 182
168 186
168 189
168 197
168 208
170 202
171 179
172 177
172 190
172 191
173 176
174 206
176 187
176 198
182 186
182 197
182 205
182 208
183 189
186 197
190 191
190 202
191 202
192 202
194 206
197 208
199 202
202 206
204 209
