39
619
419
101
190
907
328
681
554
968
491
787
1003
937
179
237
21
749
352
976
387
737
680
78
791
2
77
832
185
140
500
758
762
163
581
15
378
630
469
109
838
522
528
778
1002
102
10
262
9
974
420
141
947
150
542
343
135
68
6
157
649
685
271
944
736
37
75
995
232
720
526
83
257
76
511
496
194
49
727
95
28
706
704
91
465
181
909
551
846
170
25
277
842
133
850
182
52
199
556
893
821
395
123
925
255
65
396
962
580
7
38
572
79
13
316
462
709
987
169
894
606
82
11
56
495
611
623
12
265
703
197
946
397
8
218
574
303
14
831
193
840
545
283
785
81
504
306
862
248
381
33
69
984
796
848
327
714
931
449
525
342
960
16
964
333
110
88
759
166
921
148
116
341
600
189
900
812
590
137
752
670
828
18
730
17
698
154
653
293
44
684
176
924
227
215
136
973
969
29
290
708
27
337
445
961
983
640
251
450
441
889
970
142
22
360
331
436
899
573
604
836
530
34
23
297
941
26
560
43
42
815
172
300
701
765
30
267
510
35
99
798
160
32
777
951
103
569
359
783
155
570
225
986
254
36
100
107
71
458
40
209
191
41
269
898
208
118
186
763
610
702
94
731
615
792
47
203
53
48
733
84
913
50
86
235
669
249
385
927
383
124
793
438
217
350
544
918
55
745
63
936
57
868
975
410
389
524
272
207
202
212
58
250
347
313
723
67
59
824
692
60
618
365
62
175
64
97
66
119
205
188
896
318
73
70
742
315
994
818
98
126
769
697
282
437
688
707
665
651
0
873
699
3
861
319
4
981
245
344
803
80
74
895
912
46
512
85
827
598
788
972
92
561
543
546
487
87
655
675
668
230
398
112
405
90
388
509
301
196
294
5
926
280
115
578
440
273
158
335
516
540
304
486
480
93
482
96
712
51
718
24
279
819
1001
715
884
933
662
104
105
394
596
539
219
106
641
811
498
985
757
700
216
644
915
111
274
635
520
382
919
614
725
794
855
866
113
233
183
263
117
886
130
497
247
770
451
538
648
860
120
252
121
122
211
523
125
740
127
364
128
291
325
281
231
129
505
206
266
131
455
132
682
376
502
134
432
54
656
324
589
138
674
139
452
270
145
417
286
244
147
296
213
442
149
781
810
253
430
151
869
743
597
238
256
31
939
609
156
164
295
467
178
532
809
477
484
159
506
338
464
161
162
756
515
214
278
165
943
167
168
89
348
171
229
173
174
755
750
575
180
143
673
184
801
694
922
379
761
153
456
887
1
239
501
307
195
356
198
200
201
475
234
645
204
246
61
890
260
732
177
880
998
748
439
535
19
336
276
935
979
220
221
222
223
224
872
226
980
228
258
534
192
691
507
567
883
236
661
802
508
418
240
875
241
518
210
729
243
825
664
463
20
582
529
444
882
114
346
892
843
259
45
261
949
433
309
299
776
797
314
268
377
322
536
856
329
914
275
461
108
885
633
284
285
334
287
288
406
612
144
292
187
863
786
72
298
311
807
766
910
956
302
242
847
774
305
308
782
310
264
312
317
320
321
323
599
326
289
351
330
820
835
332
930
339
340
881
345
152
768
349
146
