1100
142
601
467
725
998
269
955
1130
464
157
927
682
230
172
807
744
324
631
953
548
825
117
201
856
62
384
18
735
970
849
1008
559
56
273
1014
619
1035
385
639
40
1056
876
605
336
466
373
153
326
910
951
323
705
950
902
689
724
487
469
1020
32
997
387
482
1122
130
662
1076
1086
1132
702
814
54
389
239
123
912
226
1010
627
99
309
437
448
260
198
678
1060
713
353
875
895
304
769
636
742
120
561
922
851
191
205
312
1096
831
426
1094
583
977
829
182
411
943
345
340
1022
1129
302
560
1088
1029
978
684
925
407
1099
259
537
10
109
546
211
554
1044
338
892
848
870
169
105
352
1131
372
386
804
864
634
388
1115
313
335
534
393
937
441
680
1068
618
162
570
298
179
878
798
227
499
524
972
716
881
354
439
459
557
435
939
252
293
275
872
102
310
288
979
664
343
528
726
455
589
648
224
920
604
24
1033
529
777
1018
612
131
483
749
720
830
1017
516
197
770
832
714
183
503
797
110
586
247
873
404
907
801
600
108
253
931
9
640
1079
697
264
244
78
194
1
710
67
14
398
584
1087
1009
748
1097
1039
306
568
300
1095
412
973
926
630
1059
249
745
231
991
771
468
533
1120
866
97
81
401
1003
767
1052
904
869
4
222
1031
46
28
658
278
419
121
391
151
350
818
305
890
1043
63
935
332
764
328
485
846
454
945
763
140
806
625
582
206
72
711
125
732
39
235
26
159
563
606
517
539
145
894
673
390
1038
431
982
774
577
296
357
1026
756
292
42
21
896
453
788
406
967
1037
522
30
445
71
985
360
421
1108
64
980
915
544
128
623
92
940
987
1049
189
906
282
414
836
879
1025
826
855
655
337
262
314
277
721
126
1085
965
914
599
898
671
236
461
984
649
867
329
58
242
166
322
805
1061
1072
924
609
666
1098
50
596
637
686
841
217
311
681
1126
368
751
629
79
541
808
650
964
1116
782
674
723
520
148
731
318
812
327
593
657
402
695
144
220
941
450
258
549
346
114
921
1046
449
149
936
8
1074
911
778
1119
507
860
661
608
351
410
1019
11
442
248
480
139
704
715
1105
722
316
283
91
624
536
597
488
513
371
1114
822
728
839
1050
400
268
917
432
34
827
635
665
175
816
737
755
315
13
1091
1024
420
165
540
963
481
104
884
65
573
375
436
615
213
397
954
200
504
473
683
59
408
647
193
70
800
858
100
670
90
1065
498
333
585
270
986
394
161
886
1047
887
1055
202
1034
403
730
550
699
757
358
417
89
621
835
509
685
566
975
494
1075
739
1042
374
569
1064
181
440
794
900
1083
656
218
538
883
25
263
981
155
652
696
1067
1058
1040
115
75
511
383
261
942
470
968
1109
49
370
221
447
82
331
187
452
750
228
1000
562
616
571
1089
199
150
959
463
727
1012
1002
572
5
679
733
893
885
783
106
718
240
976
36
12
22
416
948
317
196
76
460
276
113
152
502
909
1092
427
382
611
1090
489
154
638
643
415
287
94
947
853
167
392
758
73
210
186
135
934
1106
837
60
1123
396
362
486
515
325
241
579
497
857
701
116
688
433
863
184
462
693
531
377
245
587
319
168
204
999
811
443
77
133
348
279
923
43
399
958
87
274
854
880
957
581
188
356
820
687
41
195
692
784
929
1110
762
180
1077
1124
719
565
535
88
510
1015
98
246
85
918
96
761
359
1069
1111
177
68
547
852
736
813
773
37
156
176
781
495
690
518
344
578
158
700
850
379
523
651
840
759
803
525
553
789
423
1006
712
31
1070
930
675
865
1102
810
1118
772
1093
15
672
556
330
69
828
707
438
821
285
891
51
1013
321
592
740
842
233
281
874
422
992
225
792
342
425
698
514
2
990
254
