0 40
0 113
1 25
1 146
2 12
2 68
2 97
3 29
3 30
3 53
3 54
3 102
3 104
3 148
4 98
4 139
5 61
5 119
5 132
5 141
6 24
7 27
7 57
7 96
8 66
8 143
8 147
9 59
9 80
9 106
10 14
10 18
10 20
10 33
10 43
10 45
10 46
10 47
10 75
10 78
10 81
10 87
10 91
10 92
10 94
10 107
10 109
10 116
10 131
10 132
10 138
10 150
11 108
11 137
12 68
12 97
13 46
13 67
13 95
13 109
13 112
13 121
13 143
14 33
14 47
14 91
14 150
15 34
15 77
15 89
15 120
16 75
16 92
16 94
17 130
18 43
18 47
18 48
18 72
18 91
18 131
18 132
18 138
19 53
20 46
20 87
20 109
21 80
21 107
21 123
22 26
22 28
22 118
22 119
23 108
23 113
24 120
24 129
25 146
26 28
26 118
26 119
27 52
27 57
27 62
27 90
27 96
27 105
27 124
27 128
27 135
27 145
27 146
28 118
28 119
29 30
29 148
30 53
30 54
30 102
30 148
31 32
31 71
31 76
31 80
31 106
31 149
32 71
32 76
32 80
32 106
32 149
33 47
33 91
33 150
34 77
34 89
34 120
35 80
35 99
35 111
36 58
36 74
36 133
37 50
37 111
38 45
38 46
38 55
38 94
38 95
38 116
39 42
39 49
39 103
39 108
39 110
39 113
39 130
40 113
41 51
41 135
41 142
42 103
43 47
43 91
43 131
43 132
43 138
44 49
44 108
44 130
45 94
45 116
46 55
46 67
46 87
46 95
46 109
46 112
47 48
47 72
47 83
47 91
47 98
47 107
47 131
47 132
47 138
47 150
48 72
48 91
49 108
49 130
50 70
50 79
50 100
50 111
51 142
52 105
52 109
52 124
52 135
53 54
53 102
54 102
55 95
56 115
56 127
57 96
57 135
57 146
58 74
58 93
58 133
59 74
59 108
59 136
60 108
60 109
60 113
61 119
61 132
61 141
62 128
63 68
63 104
64 80
64 123
65 70
65 75
65 92
65 94
65 100
66 143
66 144
66 147
67 95
67 109
67 112
67 121
67 143
68 96
68 97
68 104
69 139
70 73
70 94
70 98
70 100
70 134
71 76
71 80
71 106
71 149
72 91
73 77
73 100
73 114
74 93
74 133
74 136
75 92
75 94
75 101
75 116
76 80
76 106
76 149
77 89
77 114
77 120
78 91
78 107
78 148
80 99
80 106
80 107
80 111
80 117
80 123
80 149
81 109
82 86
82 88
82 108
83 91
83 98
83 132
84 108
84 109
85 91
85 98
86 88
86 108
87 109
88 108
89 120
90 135
90 146
91 98
91 107
91 115
91 126
91 127
91 131
91 132
91 138
91 150
92 94
92 101
92 116
94 100
94 101
94 116
95 109
95 112
96 145
98 100
98 132
98 139
99 106
99 111
99 117
99 123
100 134
102 125
103 108
103 110
103 122
104 146
105 109
105 124
105 135
106 123
106 149
107 123
107 150
108 109
108 113
108 130
108 137
108 143
109 112
115 126
115 127
118 119
119 132
119 141
120 129
121 143
124 135
126 127
131 132
131 138
132 138
132 141
135 146
140 143
143 144
143 147
