129
13
245
42
374
8
372
133
81
240
206
91
248
193
191
273
12
149
43
138
189
76
221
241
23
41
127
331
11
373
15
332
326
274
167
32
275
213
347
3
95
351
100
289
312
132
151
200
203
249
45
276
89
268
313
61
130
270
46
175
269
159
180
131
113
235
219
222
325
304
243
14
348
6
246
267
322
109
356
77
375
121
330
244
261
1
292
256
75
148
118
194
101
293
90
64
211
44
223
128
198
376
352
84
139
228
353
176
4
117
238
136
152
177
134
58
370
357
17
190
225
229
279
262
207
358
59
271
205
150
36
242
303
182
354
302
181
346
37
10
187
28
7
0
188
114
40
192
224
2
57
