138
224
193
171
61
279
261
186
247
133
121
54
174
105
220
71
140
115
207
68
20
172
190
24
27
180
128
81
253
230
112
141
244
97
39
266
90
161
59
26
187
280
164
307
251
275
158
185
163
248
153
95
228
157
165
223
113
245
242
12
181
236
131
227
63
147
44
146
70
58
216
109
198
80
42
103
238
231
226
85
139
177
13
309
285
211
101
257
48
272
28
4
200
232
178
250
188
78
142
120
130
219
30
213
73
287
119
23
259
93
217
107
47
201
277
18
75
202
40
215
60
45
241
191
303
72
221
148
102
98
129
240
8
3
62
237
16
229
258
53
57
5
11
205
127
182
225
179
66
87
169
204
325
149
25
17
194
123
100
273
313
43
208
79
155
33
166
235
151
89
304
137
36
67
189
167
82
117
184
6
108
9
22
295
212
282
52
110
252
35
46
7
162
49
124
69
32
209
159
92
55
239
88
255
132
286
74
114
144
264
76
34
143
210
41
134
94
1
234
104
274
15
196
0
51
168
154
38
233
276
294
136
195
262
263
152
135
278
192
77
293
260
106
175
254
173
64
267
99
322
126
14
183
170
37
283
84
31
29
176
65
