333
222
121
5
265
9
46
193
203
244
9
245
49
349
222
70
353
89
0
355
333
112
59
209
151
208
38
208
222
10
66
174
258
202
223
39
333
90
193
208
325
69
89
8
37
46
252
2
333
6
171
3
198
144
39
10
70
202
239
302
256
333
121
37
51
131
171
213
89
132
213
69
141
354
8
333
130
212
89
221
43
201
71
37
17
58
2
203
244
132
68
135
112
203
58
244
51
239
57
151
353
43
71
333
193
151
57
193
258
258
252
55
132
71
51
356
137
37
75
213
252
144
297
203
252
281
43
173
5
210
43
44
212
36
151
135
44
37
121
71
210
112
212
2
202
360
52
101
357
36
43
213
142
333
355
169
52
258
144
89
10
70
70
211
37
303
89
9
151
71
36
38
2
10
237
43
208
112
131
223
151
354
99
6
144
17
39
203
333
