296
314
114
176
684
306
605
558
178
129
696
380
559
645
546
389
609
111
640
408
666
434
184
219
157
78
628
565
456
452
388
190
486
336
331
492
55
355
34
276
144
662
342
159
70
626
47
697
239
81
294
220
57
665
438
612
197
90
543
354
345
625
147
163
457
327
269
366
247
201
695
179
138
41
658
375
19
548
251
270
566
343
642
341
330
571
460
437
429
383
48
491
102
622
236
411
86
373
0
692
160
507
694
477
252
295
503
153
54
118
226
277
672
58
319
188
137
703
458
587
633
578
165
439
590
146
224
663
474
227
292
175
611
586
656
561
185
119
446
623
649
490
395
404
367
156
256
285
621
361
250
435
271
24
639
394
72
323
598
340
450
624
581
569
424
607
667
588
631
209
654
683
555
674
465
418
596
13
297
344
328
676
617
363
374
50
599
161
85
583
350
386
79
403
249
225
442
461
710
255
242
537
577
462
211
206
21
244
322
387
463
334
470
427
487
358
700
234
307
528
544
155
381
143
229
562
693
303
317
196
320
699
552
595
290
702
610
140
203
688
522
489
339
634
436
601
509
604
614
134
390
167
646
679
498
365
495
170
707
195
154
405
95
482
12
613
17
213
690
104
479
64
627
63
494
682
547
212
384
372
189
476
669
273
536
228
556
506
359
567
655
698
338
480
10
497
549
513
414
91
502
364
67
217
501
630
511
473
399
299
428
109
360
278
353
169
32
518
315
283
382
112
284
515
274
168
39
592
173
4
449
60
123
263
391
447
459
183
172
210
584
40
376
362
238
521
120
499
527
30
597
589
264
620
514
421
23
481
572
348
616
519
84
568
158
311
670
483
412
106
675
563
478
701
208
448
573
533
441
75
430
1
619
600
516
45
258
661
245
709
550
293
289
704
171
579
51
301
35
422
33
385
508
712
117
16
82
261
407
664
406
488
444
602
532
560
56
266
302
356
76
496
526
541
643
377
309
152
125
352
564
216
162
49
262
632
524
510
318
637
282
177
680
333
538
207
677
88
451
575
466
648
708
523
368
347
534
542
324
574
192
164
133
500
186
685
205
313
267
529
300
191
3
214
397
711
18
659
77
471
215
706
357
603
136
200
398
426
505
420
400
553
233
484
26
223
410
199
525
475
260
204
97
454
5
570
202
585
222
606
265
691
582
272
69
286
349
618
101
594
235
281
241
608
615
332
591
520
231
392
402
423
128
304
371
472
705
53
316
329
20
325
83
445
246
540
512
467
180
166
181
27
531
545
124
268
288
194
99
647
409
132
485
650
419
413
73
312
145
346
535
433
193
221
416
321
464
425
378
396
62
351
107
187
298
370
240
254
415
469
440
517
417
326
668
681
673
182
644
379
576
660
657
455
335
28
636
248
275
25
551
638
401
131
257
651
337
635
493
557
243
369
539
310
287
232
687
174
580
530
105
237
71
308
291
593
305
453
468
504
31
