199
571
421
341
203
48
386
426
524
146
444
494
174
50
366
169
519
316
247
224
237
215
315
652
461
556
338
160
561
121
411
631
457
493
58
172
140
397
302
227
376
285
704
189
293
504
546
394
442
430
269
372
30
657
143
698
320
513
547
331
153
456
343
266
234
659
488
603
205
492
401
213
292
367
212
118
91
644
38
136
410
46
328
195
555
103
294
491
611
288
287
503
218
329
666
705
429
675
37
446
612
647
483
41
52
551
167
145
353
348
339
387
565
161
596
344
119
434
229
170
583
708
283
380
486
309
374
81
477
312
55
8
424
244
476
557
291
560
402
598
668
445
562
628
233
478
206
141
123
144
276
399
158
364
648
357
250
391
326
536
470
239
576
157
649
78
31
384
420
82
246
594
98
577
350
423
697
358
351
566
689
183
267
306
208
502
308
163
159
694
584
681
178
279
220
209
466
179
60
262
305
479
419
321
507
253
706
188
95
417
187
475
510
405
202
166
230
590
669
606
453
109
439
481
496
550
615
228
191
12
413
607
260
617
601
298
529
609
604
542
627
147
435
110
274
613
383
548
33
300
7
549
533
19
9
335
197
526
122
467
322
677
66
22
226
447
575
497
610
59
340
396
200
623
148
337
284
398
164
642
518
409
416
587
232
280
354
217
152
282
323
500
553
181
450
654
414
407
626
569
485
240
346
336
184
408
641
194
415
261
395
451
334
11
614
662
574
360
370
42
633
664
580
515
371
499
406
330
355
154
543
347
463
498
332
352
304
597
559
495
520
600
535
268
18
625
655
474
534
487
595
14
608
699
2
295
578
165
632
531
310
558
460
57
616
465
622
472
69
568
511
582
319
0
572
646
39
640
385
418
235
523
480
680
695
645
254
361
49
540
660
501
516
342
210
363
455
484
325
225
458
289
185
579
272
506
252
378
489
539
107
61
690
333
581
273
139
436
452
198
314
469
248
182
422
650
532
35
77
299
400
684
512
635
257
527
214
517
156
255
242
605
667
76
193
471
567
637
593
286
392
231
618
89
243
265
211
149
296
428
651
317
710
180
356
403
468
404
514
90
207
324
440
661
201
359
538
177
131
290
75
4
563
388
368
636
307
530
249
586
438
175
482
602
311
20
150
382
508
79
137
541
441
639
171
108
80
696
155
473
51
522
528
505
117
303
176
173
196
373
318
433
573
544
554
679
222
369
619
40
454
570
671
245
216
219
674
585
223
464
379
190
390
630
389
537
263
425
301
115
271
258
624
509
564
599
256
588
638
462
656
327
634
192
162
521
459
241
377
278
