352
362
65
149
126
134
17
351
243
98
166
32
211
5
222
109
171
92
291
131
22
16
353
209
25
214
130
215
107
242
248
374
360
29
177
7
219
4
288
302
93
184
41
135
35
221
357
340
247
355
261
354
375
223
308
78
157
335
129
195
103
66
336
301
20
155
44
21
307
364
303
39
201
300
14
43
59
333
71
270
91
28
241
15
376
97
124
210
329
34
185
258
125
299
51
320
365
144
319
33
31
228
95
298
193
297
265
175
26
67
50
218
151
217
183
260
64
203
262
321
106
309
293
75
341
12
127
205
292
123
367
249
115
188
118
169
296
30
110
179
23
94
132
104
73
257
343
168
269
112
79
290
190
216
331
206
148
233
46
313
361
116
9
133
366
212
13
82
3
139
6
99
159
273
356
363
96
264
358
289
306
224
220
178
359
0
339
317
117
