422
20
974
939
1060
703
621
11
244
989
1044
730
13
572
802
15
684
1132
688
455
132
691
1052
817
716
120
427
726
977
267
410
1078
395
934
1001
734
1003
1081
102
324
949
938
959
1025
352
913
606
331
79
332
209
736
392
1022
632
136
242
662
458
238
94
986
722
482
28
710
409
644
1084
153
552
843
591
328
689
205
97
146
860
694
181
570
215
1038
1005
798
770
101
946
739
862
446
1041
618
160
193
1090
650
874
1066
964
212
952
151
1007
134
902
64
505
925
774
675
418
360
546
900
801
947
357
343
85
284
1124
616
839
765
1055
233
113
1018
129
918
525
300
777
483
762
227
177
622
848
207
173
596
803
634
892
793
54
625
66
126
291
578
487
161
225
532
1006
1095
9
266
478
908
43
608
34
60
338
863
194
201
955
223
1128
769
82
235
1115
1035
571
991
867
670
772
583
548
960
629
881
111
819
711
778
1098
994
35
1061
948
83
813
518
327
474
941
620
582
551
683
524
1010
31
1072
187
408
822
970
131
39
221
631
598
1112
86
349
791
241
514
558
117
351
927
973
520
435
337
378
1033
656
84
983
7
1101
543
103
868
367
864
873
978
865
760
109
512
540
278
322
260
75
190
170
911
639
539
626
595
961
851
180
1011
840
263
1028
895
147
354
593
556
398
1049
87
391
211
1123
993
401
788
249
767
600
184
648
935
461
55
937
480
370
279
172
250
12
1032
690
742
615
220
733
794
957
707
497
674
437
447
414
1125
624
1053
523
517
922
399
1023
501
230
660
909
887
445
627
764
975
906
432
226
340
875
412
658
737
530
893
785
121
812
245
1056
806
1105
963
346
197
574
451
612
369
1009
979
936
714
237
1058
95
985
820
635
145
152
175
527
642
677
356
645
856
1065
687
700
1104
309
423
965
846
454
731
308
202
982
189
110
1106
312
218
755
397
757
361
894
602
492
992
253
718
792
336
32
303
536
163
45
921
671
681
450
22
623
850
335
554
51
372
206
168
750
560
430
143
830
827
781
80
738
1013
1030
924
628
599
747
495
763
741
779
47
647
713
496
36
58
37
576
282
1131
394
1050
789
1091
547
510
673
712
685
825
1076
557
258
108
795
1059
805
99
17
945
256
838
290
533
577
371
735
745
436
1099
334
176
374
1031
889
112
1073
139
698
561
724
580
477
29
1042
1034
686
93
508
77
641
1092
297
649
333
96
243
826
311
1093
1086
494
162
943
654
534
1079
415
42
589
515
748
62
467
441
920
157
50
529
444
1089
915
594
743
70
1080
488
969
421
1062
566
302
845
138
469
917
149
475
499
33
636
407
882
513
406
998
696
861
274
425
389
871
294
516
776
708
1110
550
1036
807
768
5
252
265
240
473
751
901
464
883
667
277
669
1069
837
130
1122
907
325
217
1054
637
931
174
597
758
1118
191
1000
320
699
950
178
1103
3
6
319
847
565
897
1074
640
886
651
1120
835
283
416
1094
259
251
456
269
740
1008
155
968
40
375
115
462
728
402
944
962
643
198
1020
232
663
366
393
879
923
150
990
18
720
780
929
997
1114
257
154
988
165
659
759
509
68
1075
321
1039
930
723
261
633
463
869
388
403
1019
457
141
528
167
1017
956
816
400
833
796
69
49
841
1097
125
72
301
604
752
761
404
1048
603
715
347
67
262
1111
348
511
281
732
386
506
323
1109
852
682
179
124
1051
775
1113
439
1015
229
19
756
376
821
709
304
452
148
298
1016
585
584
484
666
783
575
433
954
365
307
832
613
1119
940
609
364
754
953
264
434
431
38
316
1045
800
272
507
486
156
359
30
27
25
619
44
679
14
228
491
661
107
295
123
128
1116
1046
373
951
1108
341
562
1070
592
380
1026
569
287
426
693
1082
966
653
828
2
559
119
1024
984
317
411
468
460
1064
834
567
880
53
857
288
854
200
470
926
665
808
106
453
142
753
1043
424
586
1085
188
345
296
891
196
59
73
248
1068
885
1102
942
858
503
1107
555
78
171
601
544
339
553
831
996
485
91
672
836
92
564
306
286
519
195
744
784
186
855
490
158
605
1129
231
116
581
884
809
417
932
617
442
1029
607
476
928
236
877
76
4
114
541
705
787
280
368
273
199
270
21
135
1117
443
790
899
219
797
204
100
88
914
814
1067
192
362
771
727
587
98
122
1088
853
919
1040
61
16
1121
638
697
185
203
246
980
678
967
381
829
183
466
878
428
502
545
630
1002
127
717
353
396
1077
169
224
729
363
164
811
823
657
387
329
8
1071
358
1047
590
706
976
465
318
799
133
719
849
842
313
859
995
355
652
903
471
1021
448
326
1083
254
537
910
702
676
377
749
310
292
413
81
614
247
573
786
438
890
41
1037
449
182
239
916
568
611
588
844
459
1
870
987
1014
500
1130
504
818
526
1027
1012
981
214
429
972
971
905
344
804
498
383
299
379
489
521
89
56
563
773
692
118
725
350
276
664
271
481
479
701
958
71
52
390
1127
872
10
65
579
24
1004
384
655
57
285
23
1087
522
646
305
213
933
104
896
105
342
268
610
898
293
1100
1096
535
222
695
866
810
405
538
440
74
315
531
26
330
668
255
721
472
912
385
420
782
0
46
680
419
999
888
140
1057
314
704
275
137
48
216
90
542
876
289
210
746
166
144
208
815
1126
159
382
1063
824
904
234
63
493
766
549
