0 3
0 4
0 15
0 33
0 39
0 59
0 74
0 82
0 85
0 97
0 100
0 111
0 120
0 132
0 149
0 162
0 168
0 169
0 170
0 175
0 181
0 194
0 196
0 213
0 229
0 233
0 238
0 243
0 248
0 258
0 282
0 303
0 309
0 311
0 329
0 336
0 340
0 366
0 371
0 376
0 385
0 398
0 405
0 406
0 411
0 413
0 414
0 416
0 419
0 420
0 423
0 435
0 455
0 457
0 463
0 485
0 493
0 505
0 517
0 521
0 528
0 545
0 550
0 554
0 558
0 559
0 561
0 565
0 569
0 573
0 593
0 599
0 621
0 623
0 626
0 628
0 629
0 631
0 640
0 641
0 648
0 650
0 657
0 660
0 663
0 674
0 696
0 735
0 738
0 744
0 746
0 751
0 753
0 770
0 776
0 784
0 787
0 800
3 4
3 8
3 15
3 17
3 39
3 71
3 117
3 139
3 144
3 149
3 175
3 196
3 281
3 311
3 327
3 336
3 397
3 398
3 401
3 416
3 426
3 455
3 469
3 506
3 514
3 517
3 521
3 558
3 559
3 577
3 583
3 599
3 603
3 629
3 648
3 657
3 663
3 715
3 735
3 753
3 770
3 776
3 784
4 8
4 15
4 196
4 281
4 469
4 657
4 715
4 784
15 17
15 33
15 39
15 149
15 162
15 175
15 194
15 196
15 281
15 282
15 311
15 327
15 336
15 397
15 398
15 401
15 413
15 416
15 514
15 517
15 521
15 558
15 577
15 599
15 629
15 648
15 657
15 663
15 669
15 715
15 742
15 776
15 800
33 12
33 35
33 59
33 62
33 74
33 82
33 85
33 97
33 100
33 111
33 115
33 132
33 137
33 162
33 169
33 170
33 196
33 213
33 233
33 238
33 243
33 258
33 265
33 281
33 295
33 303
33 340
33 352
33 366
33 376
33 385
33 402
33 406
33 411
33 416
33 419
33 435
33 485
33 505
33 511
33 545
33 550
33 554
33 558
33 559
33 563
33 569
33 572
33 573
33 593
33 597
33 621
33 631
33 657
33 674
33 696
33 700
33 735
33 744
33 751
33 753
33 787
39 8
39 144
39 149
39 175
39 194
39 196
39 235
39 281
39 311
39 327
39 336
39 398
39 401
39 416
39 426
39 455
39 457
39 514
39 517
39 521
39 545
39 603
39 628
39 629
39 648
39 657
39 663
39 673
39 715
39 732
39 770
39 776
39 784
39 800
59 12
59 25
59 62
59 74
59 82
59 97
59 111
59 120
59 132
59 142
59 162
59 169
59 170
59 229
59 233
59 238
59 258
59 295
59 303
59 329
59 366
59 376
59 385
59 402
59 406
59 416
59 419
59 473
59 485
59 505
59 511
59 520
59 545
59 554
59 565
59 569
59 573
59 623
59 631
59 640
59 643
59 674
59 738
59 744
59 751
59 787
74 62
74 82
74 97
74 111
74 132
74 137
74 162
74 169
74 170
74 196
74 213
74 229
74 233
74 238
74 258
74 282
74 295
74 303
74 329
74 340
74 352
74 366
74 385
74 402
74 406
74 411
74 414
74 416
74 419
74 435
74 463
74 485
74 505
74 511
74 528
74 545
74 554
74 559
74 565
74 569
74 572
74 573
74 593
74 621
74 623
74 631
74 660
74 674
74 696
74 735
74 738
74 744
74 751
74 753
82 25
82 35
82 62
82 85
82 97
82 111
82 117
82 132
82 135
82 149
82 162
82 169
82 170
82 196
82 213
82 229
82 233
82 238
82 243
82 258
82 265
82 282
82 295
82 303
82 329
82 340
82 352
82 366
82 376
82 385
82 402
82 406
82 411
82 414
82 419
82 435
82 465
82 485
82 505
82 511
82 528
82 545
82 554
82 558
82 559
82 563
82 572
82 573
82 593
82 597
82 621
82 623
82 631
82 640
82 657
82 660
82 674
82 696
82 700
82 735
82 738
82 744
82 751
82 753
82 787
85 35
85 97
85 111
85 120
85 132
85 169
85 170
85 180
85 196
85 213
85 233
85 238
85 295
85 303
85 322
85 329
85 340
85 352
85 366
85 376
85 385
85 402
85 406
85 435
85 465
85 485
85 505
85 511
85 528
85 545
85 554
85 558
85 569
85 573
85 621
85 623
85 626
85 631
85 640
85 660
85 674
85 696
85 735
85 738
85 751
85 753
97 25
97 51
97 62
97 71
97 89
97 102
97 104
97 111
97 117
97 120
97 132
97 135
97 149
97 162
97 169
97 170
97 180
97 193
97 196
97 220
97 229
97 233
97 238
97 239
97 249
97 258
97 265
97 282
97 295
97 303
97 329
97 331
97 335
97 340
97 344
97 352
97 366
97 376
97 385
97 402
97 406
97 409
97 411
97 414
97 416
97 419
97 434
97 435
97 443
97 463
97 465
97 471
97 473
97 485
97 489
97 505
97 511
97 520
97 528
97 529
97 530
97 542
97 545
97 554
97 558
97 559
97 563
97 565
97 569
97 573
97 593
97 597
97 602
97 621
97 623
97 626
97 631
97 640
97 643
97 645
97 647
97 660
97 674
97 678
97 682
97 696
97 697
97 700
97 735
97 738
97 744
97 746
97 751
97 753
97 756
97 763
97 778
97 785
97 787
100 196
100 229
100 233
100 238
100 352
100 385
100 405
100 411
100 416
100 545
100 554
100 558
100 559
100 565
100 621
100 674
111 62
111 120
111 132
111 137
111 162
111 170
111 196
111 213
111 229
111 233
111 238
111 258
111 295
111 303
111 329
111 340
111 365
111 366
111 376
111 385
111 402
111 406
111 411
111 419
111 435
111 465
111 473
111 485
111 505
111 511
111 528
111 545
111 554
111 563
111 565
111 569
111 573
111 597
111 621
111 623
111 631
111 674
111 700
111 735
111 738
111 744
111 751
111 787
120 12
120 62
120 132
120 142
120 229
120 238
120 303
120 329
120 366
120 376
120 385
120 406
120 473
120 485
120 511
120 554
120 565
120 573
120 623
120 631
120 738
120 744
120 751
120 787
132 12
132 62
132 115
132 149
132 162
132 169
132 170
132 181
132 196
132 213
132 229
132 233
132 238
132 258
132 265
132 281
132 282
132 295
132 303
132 309
132 329
132 340
132 365
132 366
132 376
132 385
132 402
132 406
132 411
132 414
132 416
132 419
132 435
132 463
132 465
132 473
132 485
132 505
132 511
132 528
132 545
132 550
132 554
132 558
132 559
132 563
132 565
132 569
132 572
132 573
132 593
132 597
132 618
132 621
132 623
132 631
132 640
132 643
132 657
132 660
132 674
132 696
132 700
132 703
132 735
132 738
132 744
132 746
132 751
132 753
132 787
149 17
149 35
149 91
149 117
149 133
149 146
149 157
149 162
149 175
149 181
149 194
149 196
149 213
149 238
149 243
149 248
149 282
149 295
149 309
149 311
149 337
149 340
149 366
149 385
149 397
149 406
149 413
149 414
149 419
149 463
149 465
149 469
149 485
149 493
149 505
149 506
149 521
149 528
149 532
149 545
149 554
149 558
149 559
149 565
149 569
149 572
149 597
149 599
149 621
149 626
149 640
149 641
149 647
149 650
149 655
149 657
149 660
149 663
149 669
149 674
149 700
149 715
149 735
149 738
149 746
149 753
149 770
149 784
162 17
162 35
162 117
162 138
162 155
162 169
162 181
162 194
162 196
162 213
162 233
162 238
162 243
162 258
162 265
162 281
162 282
162 295
162 303
162 309
162 311
162 336
162 340
162 352
162 366
162 378
162 385
162 397
162 402
162 406
162 413
162 414
162 419
162 465
162 485
162 505
162 528
162 545
162 558
162 559
162 565
162 569
162 572
162 593
162 599
162 621
162 626
162 631
162 640
162 641
162 657
162 660
162 669
162 674
162 700
162 735
162 746
162 751
162 753
162 776
162 787
168 36
168 181
168 194
168 309
168 466
168 551
168 558
168 561
168 628
169 17
169 35
169 51
169 117
169 133
169 135
169 196
169 213
169 258
169 281
169 295
169 303
169 311
169 340
169 352
169 366
169 376
169 385
169 402
169 406
169 411
169 414
169 416
169 419
169 435
169 463
169 465
169 485
169 505
169 545
169 554
169 558
169 559
169 565
169 569
169 572
169 573
169 621
169 623
169 626
169 631
169 640
169 655
169 660
169 674
169 678
169 700
169 711
169 735
169 738
169 744
169 751
169 753
169 763
169 778
170 25
170 115
170 196
170 213
170 233
170 238
170 258
170 282
170 295
170 329
170 340
170 352
170 366
170 376
170 385
170 402
170 406
170 419
170 435
170 465
170 473
170 485
170 505
170 545
170 558
170 559
170 565
170 569
170 572
170 573
170 593
170 621
170 623
170 626
170 631
170 640
170 660
170 735
170 738
170 744
170 751
170 787
175 8
175 139
175 144
175 194
175 196
175 281
175 311
175 327
175 336
175 397
175 398
175 401
175 416
175 426
175 455
175 514
175 517
175 521
175 577
175 599
175 603
175 628
175 629
175 648
175 657
175 663
175 669
175 715
175 770
175 776
175 784
175 800
181 150
181 196
181 213
181 258
181 282
181 336
181 366
181 423
181 435
181 466
181 558
181 621
181 623
181 751
194 36
194 196
194 281
194 309
194 311
194 336
194 416
194 521
194 551
194 558
194 599
194 628
194 648
194 657
194 674
194 715
194 770
194 784
194 800
196 84
196 104
196 117
196 157
196 213
196 229
196 233
196 238
196 243
196 248
196 258
196 281
196 282
196 295
196 303
196 309
196 311
196 329
196 336
196 340
196 366
196 371
196 385
196 401
196 406
196 411
196 416
196 419
196 423
196 435
196 445
196 463
196 465
196 469
196 482
196 485
196 493
196 505
196 511
196 521
196 528
196 545
196 550
196 554
196 558
196 565
196 569
196 572
196 573
196 593
196 597
196 599
196 621
196 623
196 626
196 629
196 631
196 640
196 641
196 647
196 648
196 657
196 660
196 669
196 674
196 696
196 700
196 715
196 735
196 738
196 744
196 746
196 751
196 753
196 770
196 776
196 784
196 787
196 800
213 117
213 233
213 238
213 243
213 281
213 282
213 295
213 303
213 340
213 366
213 385
213 402
213 406
213 414
213 416
213 463
213 485
213 493
213 505
213 511
213 528
213 529
213 545
213 554
213 558
213 559
213 565
213 572
213 573
213 593
213 597
213 621
213 623
213 631
213 640
213 647
213 660
213 674
213 700
213 711
213 735
213 738
213 744
213 746
213 751
213 753
213 776
213 787
229 137
229 233
229 238
229 303
229 329
229 366
229 376
229 385
229 406
229 411
229 419
229 473
229 485
229 505
229 528
229 545
229 558
229 565
229 569
229 573
229 621
229 623
229 631
229 640
229 643
229 660
229 674
229 744
229 751
229 787
233 12
233 62
233 135
233 238
233 258
233 265
233 281
233 282
233 295
233 303
233 329
233 340
233 352
233 366
233 376
233 385
233 402
233 406
233 411
233 414
233 416
233 419
233 435
233 463
233 465
233 482
233 485
233 505
233 511
233 520
233 550
233 554
233 558
233 559
233 563
233 565
233 569
233 572
233 573
233 593
233 621
233 631
233 640
233 645
233 647
233 660
233 674
233 700
233 738
233 744
233 751
233 753
233 787
238 35
238 62
238 71
238 91
238 115
238 117
238 135
238 137
238 249
238 258
238 295
238 303
238 329
238 340
238 352
238 366
238 385
238 402
238 406
238 409
238 411
238 414
238 416
238 419
238 420
238 435
238 463
238 465
238 485
238 505
238 511
238 528
238 529
238 545
238 554
238 558
238 559
238 563
238 565
238 569
238 572
238 573
238 593
238 597
238 621
238 623
238 631
238 640
238 655
238 660
238 674
238 696
238 700
238 735
238 738
238 744
238 746
238 751
238 753
238 763
238 787
238 794
243 35
243 117
243 133
243 258
243 281
243 282
243 295
243 340
243 366
243 371
243 402
243 406
243 413
243 414
243 416
243 419
243 422
243 465
243 480
243 485
243 511
243 528
243 558
243 559
243 561
243 565
243 572
243 621
243 626
243 640
243 641
243 650
243 657
243 660
243 674
243 722
243 738
243 746
243 753
243 800
248 416
248 545
248 558
248 559
248 609
248 765
258 35
258 62
258 71
258 193
258 226
258 281
258 282
258 303
258 329
258 335
258 340
258 366
258 376
258 385
258 402
258 406
258 411
258 419
258 435
258 463
258 471
258 485
258 489
258 505
258 511
258 520
258 532
258 545
258 554
258 558
258 559
258 563
258 565
258 569
258 572
258 573
258 593
258 597
258 621
258 623
258 631
258 640
258 647
258 657
258 660
258 678
258 696
258 700
258 711
258 735
258 738
258 744
258 746
258 751
258 753
258 763
258 778
282 281
282 35
282 295
282 303
282 309
282 340
282 385
282 406
282 414
282 416
282 419
282 423
282 482
282 485
282 511
282 528
282 545
282 550
282 554
282 558
282 559
282 565
282 569
282 572
282 573
282 621
282 640
282 641
282 660
282 674
282 735
282 746
282 753
282 784
303 12
303 62
303 115
303 265
303 295
303 329
303 340
303 352
303 365
303 366
303 376
303 385
303 406
303 411
303 419
303 435
303 463
303 465
303 473
303 485
303 511
303 545
303 559
303 563
303 565
303 569
303 572
303 573
303 621
303 623
303 631
303 640
303 660
303 674
303 696
303 700
303 735
303 738
303 744
303 751
303 753
303 787
309 36
309 311
309 406
309 407
309 551
309 558
309 561
309 628
309 746
311 281
311 17
311 71
311 89
311 117
311 295
311 322
311 327
311 336
311 340
311 398
311 407
311 413
311 416
311 419
311 455
311 457
311 485
311 506
311 529
311 530
311 554
311 558
311 577
311 599
311 623
311 626
311 628
311 648
311 657
311 711
311 715
311 746
311 753
311 776
311 778
311 784
329 62
329 98
329 142
329 295
329 366
329 376
329 406
329 411
329 419
329 473
329 485
329 505
329 511
329 545
329 554
329 563
329 565
329 569
329 573
329 621
329 623
329 631
329 640
329 643
329 738
329 751
329 787
336 281
336 8
336 17
336 139
336 327
336 397
336 398
336 401
336 416
336 426
336 455
336 456
336 457
336 514
336 517
336 521
336 530
336 558
336 577
336 599
336 603
336 628
336 648
336 657
336 663
336 669
336 715
336 742
336 746
336 770
336 776
336 784
336 800
340 281
340 1
340 71
340 91
340 95
340 104
340 180
340 226
340 249
340 295
340 322
340 331
340 335
340 337
340 344
340 366
340 402
340 406
340 409
340 411
340 414
340 416
340 419
340 420
340 434
340 435
340 463
340 465
340 476
340 485
340 489
340 493
340 505
340 528
340 529
340 530
340 545
340 554
340 558
340 559
340 569
340 572
340 573
340 579
340 593
340 602
340 621
340 623
340 626
340 631
340 640
340 647
340 650
340 655
340 657
340 660
340 674
340 678
340 696
340 697
340 700
340 711
340 735
340 738
340 744
340 746
340 751
340 753
340 760
340 763
340 778
340 794
366 12
366 35
366 62
366 91
366 135
366 295
366 337
366 341
366 352
366 365
366 376
366 385
366 402
366 406
366 411
366 414
366 416
366 419
366 435
366 463
366 465
366 485
366 505
366 528
366 545
366 550
366 554
366 559
366 563
366 569
366 572
366 573
366 593
366 597
366 623
366 631
366 640
366 647
366 660
366 674
366 696
366 700
366 735
366 738
366 744
366 751
366 753
366 787
371 126
371 155
371 167
371 223
371 253
371 337
371 416
371 422
371 445
371 607
371 641
371 683
371 722
371 731
371 746
376 12
376 62
376 142
376 295
376 385
376 402
376 406
376 411
376 419
376 485
376 505
376 511
376 545
376 554
376 559
376 563
376 565
376 569
376 573
376 593
376 621
376 623
376 631
376 645
376 700
376 735
376 738
376 744
376 751
376 787
385 12
385 35
385 62
385 69
385 71
385 84
385 115
385 117
385 137
385 180
385 220
385 265
385 295
385 352
385 402
385 406
385 411
385 414
385 416
385 419
385 435
385 463
385 465
385 473
385 485
385 505
385 511
385 528
385 529
385 545
385 554
385 558
385 559
385 563
385 565
385 569
385 572
385 573
385 593
385 597
385 623
385 626
385 631
385 640
385 660
385 668
385 674
385 700
385 711
385 735
385 738
385 744
385 751
385 753
385 778
385 787
385 794
398 281
398 8
398 17
398 139
398 327
398 401
398 416
398 426
398 455
398 457
398 514
398 517
398 521
398 577
398 599
398 628
398 629
398 648
398 657
398 663
398 669
398 673
398 715
398 732
398 770
398 776
398 784
398 800
405 157
405 545
405 559
405 569
405 674
406 402
406 62
406 115
406 265
406 295
406 352
406 411
406 414
406 416
406 419
406 435
406 473
406 485
406 505
406 511
406 528
406 545
406 554
406 558
406 559
406 565
406 569
406 573
406 597
406 621
406 623
406 631
406 640
406 643
406 660
406 674
406 696
406 700
406 735
406 738
406 744
406 746
406 751
406 753
411 62
411 117
411 265
411 335
411 352
411 414
411 416
411 419
411 435
411 465
411 485
411 511
411 545
411 554
411 558
411 559
411 565
411 569
411 572
411 573
411 593
411 621
411 623
411 626
411 631
411 640
411 645
411 660
411 674
411 735
411 738
411 744
411 746
411 751
411 760
411 763
411 787
413 117
413 397
413 416
413 506
413 566
413 657
413 669
414 281
414 402
414 51
414 71
414 84
414 91
414 95
414 104
414 117
414 133
414 220
414 249
414 295
414 331
414 337
414 344
414 416
414 420
414 463
414 465
414 485
414 505
414 528
414 529
414 530
414 554
414 559
414 565
414 572
414 573
414 597
414 602
414 621
414 623
414 626
414 640
414 647
414 655
414 657
414 660
414 674
414 678
414 696
414 697
414 700
414 711
414 735
414 738
414 746
414 751
414 760
414 763
416 281
416 402
416 17
416 117
416 157
416 295
416 352
416 397
416 419
416 455
416 469
416 485
416 493
416 505
416 511
416 514
416 517
416 521
416 528
416 545
416 554
416 558
416 559
416 561
416 569
416 573
416 593
416 607
416 621
416 626
416 631
416 640
416 648
416 657
416 674
416 700
416 715
416 722
416 744
416 746
416 751
416 753
416 776
416 784
416 787
419 281
419 402
419 1
419 5
419 62
419 71
419 89
419 91
419 95
419 101
419 102
419 104
419 117
419 133
419 135
419 137
419 180
419 193
419 220
419 226
419 239
419 249
419 295
419 322
419 331
419 335
419 337
419 341
419 344
419 409
419 434
419 435
419 443
419 463
419 465
419 467
419 469
419 471
419 476
419 489
419 505
419 506
419 511
419 528
419 529
419 530
419 532
419 545
419 550
419 554
419 558
419 559
419 561
419 563
419 565
419 569
419 572
419 573
419 593
419 597
419 602
419 621
419 623
419 626
419 631
419 640
419 645
419 647
419 655
419 657
419 660
419 668
419 674
419 678
419 682
419 696
419 697
419 700
419 711
419 735
419 738
419 744
419 746
419 751
419 753
419 756
419 760
419 763
419 778
419 787
419 794
420 84
420 117
420 133
420 499
420 572
420 621
420 626
420 640
420 650
420 674
420 753
423 735
435 402
435 35
435 135
435 193
435 226
435 295
435 352
435 485
435 489
435 532
435 554
435 563
435 569
435 572
435 573
435 593
435 597
435 621
435 623
435 626
435 631
435 647
435 655
435 660
435 678
435 696
435 735
435 738
435 744
435 753
435 756
435 760
435 763
435 794
455 281
455 8
455 139
455 174
455 327
455 401
455 426
455 457
455 483
455 514
455 517
455 521
455 577
455 599
455 603
455 628
455 629
455 648
455 663
455 715
455 770
455 776
455 784
457 514
457 521
457 558
457 628
457 663
457 715
457 770
457 784
463 402
463 71
463 117
463 249
463 295
463 352
463 465
463 480
463 485
463 505
463 511
463 545
463 554
463 565
463 572
463 573
463 593
463 621
463 623
463 631
463 640
463 660
463 700
463 738
463 744
463 751
485 281
485 402
485 35
485 84
485 117
485 265
485 295
485 352
485 465
485 482
485 505
485 511
485 528
485 532
485 545
485 550
485 554
485 558
485 559
485 563
485 565
485 569
485 572
485 573
485 593
485 597
485 621
485 623
485 631
485 640
485 657
485 660
485 674
485 696
485 700
485 735
485 738
485 744
485 751
485 753
485 787
493 65
493 146
493 150
493 157
493 290
493 545
493 559
493 569
493 626
493 650
493 714
493 746
505 402
505 62
505 295
505 316
505 352
505 465
505 511
505 528
505 545
505 554
505 558
505 559
505 563
505 565
505 569
505 572
505 573
505 593
505 621
505 631
505 643
505 645
505 660
505 674
505 700
505 735
505 738
505 744
505 746
505 751
505 753
505 787
517 281
517 8
517 139
517 327
517 397
517 401
517 426
517 514
517 521
517 577
517 599
517 603
517 629
517 657
517 663
517 715
517 770
517 784
517 800
521 281
521 8
521 139
521 144
521 235
521 327
521 401
521 426
521 483
521 514
521 558
521 577
521 599
521 603
521 628
521 629
521 648
521 657
521 663
521 715
521 770
521 776
521 784
521 800
528 281
528 402
528 35
528 295
528 352
528 465
528 511
528 545
528 554
528 558
528 565
528 573
528 621
528 623
528 631
528 640
528 660
528 674
528 696
528 700
528 738
528 744
528 746
528 753
528 787
545 281
545 402
545 12
545 35
545 62
545 84
545 265
545 295
545 316
545 337
545 352
545 465
545 511
545 520
545 550
545 554
545 558
545 559
545 563
545 565
545 569
545 572
545 573
545 593
545 609
545 621
545 623
545 626
545 628
545 631
545 640
545 660
545 674
545 696
545 735
545 738
545 744
545 746
545 751
545 753
545 765
545 784
545 787
550 480
550 559
550 674
550 696
550 738
550 753
554 402
554 12
554 62
554 104
554 137
554 201
554 226
554 295
554 352
554 434
554 465
554 471
554 473
554 511
554 548
554 558
554 559
554 563
554 565
554 569
554 572
554 573
554 593
554 621
554 623
554 631
554 640
554 643
554 645
554 647
554 660
554 674
554 696
554 700
554 735
554 738
554 744
554 746
554 751
554 753
554 778
554 787
558 281
558 402
558 474
558 35
558 133
558 146
558 157
558 265
558 295
558 407
558 559
558 563
558 569
558 621
558 626
558 628
558 640
558 641
558 650
558 657
558 674
558 703
558 715
558 735
558 746
558 751
558 753
558 776
558 784
558 787
559 402
559 469
559 35
559 65
559 150
559 157
559 242
559 290
559 295
559 337
559 352
559 362
559 482
559 506
559 569
559 572
559 573
559 593
559 597
559 621
559 623
559 626
559 631
559 640
559 641
559 657
559 660
559 674
559 700
559 735
559 738
559 746
559 751
559 753
559 784
561 117
561 146
565 402
565 62
565 71
565 104
565 117
565 249
565 295
565 341
565 365
565 409
565 465
565 471
565 511
565 563
565 569
565 572
565 573
565 593
565 597
565 621
565 623
565 631
565 640
565 645
565 660
565 674
565 678
565 696
565 700
565 711
565 735
565 738
565 744
565 751
565 753
565 763
565 787
569 402
569 469
569 35
569 62
569 137
569 157
569 280
569 295
569 352
569 473
569 511
569 520
569 563
569 572
569 573
569 593
569 618
569 621
569 623
569 626
569 631
569 640
569 641
569 643
569 657
569 660
569 674
569 696
569 700
569 735
569 738
569 746
569 753
569 787
573 402
573 12
573 35
573 62
573 115
573 137
573 265
573 295
573 352
573 465
573 473
573 511
573 520
573 563
573 572
573 593
573 597
573 621
573 623
573 631
573 640
573 660
573 674
573 696
573 700
573 735
573 738
573 744
573 751
573 753
593 402
593 62
593 137
593 295
593 337
593 352
593 511
593 572
593 597
593 621
593 623
593 626
593 631
593 647
593 660
593 674
593 700
593 735
593 738
593 751
593 753
599 281
599 8
599 139
599 174
599 327
599 397
599 426
599 514
599 577
599 603
599 629
599 648
599 657
599 663
599 669
599 715
599 742
599 770
599 776
599 784
599 800
621 402
621 2
621 35
621 62
621 84
621 104
621 115
621 117
621 135
621 137
621 265
621 295
621 352
621 409
621 465
621 473
621 511
621 563
621 572
621 597
621 623
621 631
621 640
621 655
621 657
621 660
621 678
621 696
621 735
621 738
621 744
621 746
621 751
621 753
621 763
621 787
623 402
623 62
623 115
623 226
623 295
623 352
623 465
623 471
623 489
623 511
623 572
623 626
623 631
623 640
623 660
623 678
623 735
623 738
623 744
623 751
623 785
623 787
623 794
626 469
626 51
626 71
626 95
626 102
626 104
626 117
626 157
626 180
626 220
626 239
626 249
626 322
626 331
626 335
626 344
626 396
626 434
626 472
626 480
626 489
626 529
626 602
626 631
626 640
626 655
626 657
626 674
626 678
626 711
626 735
626 746
626 756
626 760
626 763
626 778
626 794
628 36
628 514
628 629
628 663
628 784
629 281
629 139
629 327
629 397
629 401
629 426
629 514
629 577
629 603
629 648
629 657
629 663
629 715
629 770
629 776
629 800
631 281
631 402
631 57
631 62
631 117
631 295
631 352
631 439
631 458
631 465
631 473
631 529
631 572
631 597
631 640
631 660
631 674
631 696
631 700
631 735
631 738
631 744
631 746
631 751
631 753
631 787
631 791
640 281
640 402
640 17
640 35
640 71
640 91
640 104
640 117
640 180
640 295
640 322
640 331
640 352
640 434
640 465
640 473
640 489
640 529
640 566
640 572
640 579
640 655
640 657
640 674
640 697
640 700
640 711
640 735
640 738
640 746
640 751
640 753
640 763
640 787
640 794
641 281
641 35
641 607
641 650
641 746
648 281
648 469
648 17
648 139
648 144
648 327
648 397
648 401
648 514
648 577
648 657
648 663
648 715
648 742
648 746
648 770
648 784
650 469
650 35
650 55
650 65
650 146
650 148
650 150
650 157
650 242
650 289
650 290
650 298
650 384
650 507
650 562
650 619
650 657
650 746
657 281
657 402
657 469
657 8
657 17
657 71
657 139
657 157
657 180
657 249
657 327
657 337
657 397
657 401
657 422
657 426
657 506
657 514
657 533
657 577
657 602
657 655
657 660
657 663
657 669
657 711
657 715
657 735
657 738
657 746
657 753
657 770
657 776
657 784
657 800
660 281
660 402
660 35
660 71
660 91
660 117
660 135
660 249
660 265
660 295
660 335
660 337
660 352
660 465
660 489
660 511
660 572
660 647
660 674
660 696
660 700
660 735
660 738
660 744
660 751
660 753
660 794
663 281
663 8
663 139
663 144
663 235
663 327
663 401
663 426
663 514
663 577
663 603
663 715
663 770
663 776
663 784
674 281
674 402
674 36
674 62
674 137
674 265
674 295
674 337
674 352
674 465
674 511
674 572
674 696
674 700
674 735
674 738
674 746
674 753
674 787
696 402
696 35
696 135
696 265
696 499
696 700
696 735
696 738
696 744
696 751
696 753
735 281
735 402
735 35
735 71
735 91
735 117
735 135
735 180
735 265
735 295
735 322
735 352
735 465
735 511
735 529
735 572
735 700
735 711
735 738
735 744
735 746
735 751
735 753
735 787
738 402
738 62
738 91
738 95
738 115
738 117
738 295
738 337
738 352
738 434
738 465
738 471
738 473
738 489
738 499
738 511
738 532
738 563
738 572
738 647
738 700
738 711
738 751
738 753
738 763
738 787
744 402
744 12
744 62
744 135
744 295
744 365
744 465
744 473
744 502
744 511
744 563
744 572
744 643
744 645
744 700
744 751
744 753
744 787
746 281
746 17
746 35
746 117
746 126
746 133
746 146
746 150
746 223
746 295
746 337
746 422
746 465
746 482
746 532
746 566
746 572
746 597
746 607
746 655
746 753
746 776
746 784
751 281
751 402
751 12
751 265
751 295
751 352
751 365
751 465
751 473
751 476
751 511
751 563
751 572
751 618
751 643
751 647
751 700
751 753
751 787
751 800
753 281
753 402
753 117
753 295
753 397
753 465
753 506
753 511
753 529
753 533
753 700
753 742
770 281
770 715
770 8
770 139
770 144
770 235
770 327
770 397
770 401
770 426
770 483
770 514
770 577
770 603
770 669
770 776
770 784
770 800
776 281
776 715
776 17
776 117
776 139
776 172
776 195
776 292
776 299
776 327
776 426
776 514
776 577
776 784
784 281
784 715
784 8
784 139
784 144
784 327
784 397
784 401
784 426
784 514
784 577
784 583
784 603
784 669
784 742
787 474
787 62
787 295
787 362
787 473
787 511
787 785
800 281
800 715
800 138
800 351
800 378
800 397
800 401
800 426
800 483
800 533
800 669
8 281
8 715
8 139
8 327
8 426
8 514
8 583
8 603
17 281
17 249
17 602
17 95
17 322
17 443
17 397
17 506
17 529
17 655
71 117
71 239
71 249
71 331
71 335
71 602
71 678
71 697
71 763
71 778
71 794
71 51
71 89
71 95
71 102
71 104
71 146
71 180
71 220
71 295
71 322
71 344
71 443
71 465
71 471
71 506
71 522
71 530
71 572
71 655
71 668
71 711
71 760
117 281
117 1
117 2
117 5
117 50
117 51
117 89
117 91
117 95
117 102
117 104
117 146
117 157
117 180
117 220
117 239
117 249
117 295
117 322
117 331
117 335
117 344
117 396
117 397
117 434
117 443
117 465
117 471
117 506
117 522
117 529
117 530
117 533
117 572
117 602
117 647
117 655
117 678
117 682
117 697
117 711
117 760
117 763
117 778
117 794
139 281
139 715
139 144
139 327
139 426
139 514
139 577
144 514
281 295
281 327
281 352
281 397
281 401
281 402
281 426
281 469
281 514
281 572
281 577
281 669
281 715
327 715
327 235
327 426
327 514
327 577
327 603
327 732
397 715
397 456
397 669
401 715
401 426
401 514
426 715
426 235
426 514
469 58
469 157
469 186
469 245
469 275
469 284
469 374
469 516
469 644
469 712
469 714
469 755
506 146
506 157
506 240
506 242
506 566
514 715
514 235
514 577
514 603
514 673
514 732
577 715
577 603
577 673
577 732
603 715
603 673
603 732
715 483
715 669
669 138
669 351
669 533
35 21
35 65
35 223
35 236
35 253
35 255
35 265
35 313
35 349
35 353
35 422
35 482
35 536
35 607
35 722
35 781
62 137
62 700
115 402
265 402
265 135
295 402
295 104
295 711
295 655
295 91
295 337
295 409
295 465
295 511
295 563
295 700
352 402
352 25
352 341
352 465
402 145
402 341
402 409
402 511
402 572
402 700
511 356
511 365
511 465
511 563
511 572
511 643
511 700
511 785
563 201
563 473
563 572
563 643
563 700
563 703
572 331
572 763
572 102
572 104
572 180
572 322
572 344
572 655
572 91
572 337
572 489
572 700
597 409
597 618
700 57
700 396
700 465
673 732
473 622
473 643
135 91
465 249
465 104
465 529
465 91
180 239
180 249
180 331
180 335
180 602
180 678
180 697
180 763
180 778
180 794
180 2
180 51
180 95
180 102
180 104
180 89
180 91
180 220
180 322
180 344
180 443
180 471
180 529
180 530
180 668
180 682
180 711
322 239
322 249
322 331
322 602
322 697
322 763
322 778
322 794
322 2
322 51
322 95
322 102
322 104
322 89
322 344
322 434
322 443
322 489
322 529
322 530
322 655
322 711
51 239
51 249
51 331
51 335
51 602
51 678
51 697
51 763
51 778
51 794
51 2
51 50
51 89
51 95
51 102
51 220
51 226
51 344
51 434
51 443
51 471
51 489
51 530
51 655
51 668
51 682
51 711
51 760
89 249
89 602
89 678
89 697
89 763
89 778
89 794
89 102
89 104
89 443
89 711
89 434
89 530
102 239
102 249
102 331
102 335
102 602
102 678
102 697
102 778
102 794
102 2
102 95
102 50
102 344
102 434
102 443
102 471
102 489
102 530
102 668
102 682
102 711
102 760
104 249
104 331
104 335
104 602
104 678
104 697
104 763
104 778
104 794
104 2
104 5
104 226
104 396
104 434
104 471
104 489
104 682
104 711
104 756
193 678
193 763
193 5
193 38
193 542
193 756
220 239
220 249
220 678
220 697
220 763
220 778
220 344
220 443
220 668
220 711
220 362
220 447
220 775
239 1
239 2
239 95
239 249
239 331
239 335
239 344
239 434
239 443
239 471
239 489
239 602
239 668
239 678
239 682
239 697
239 711
239 760
239 778
239 794
249 1
249 2
249 50
249 95
249 331
249 335
249 344
249 396
249 434
249 471
249 489
249 522
249 529
249 530
249 602
249 655
249 678
249 682
249 697
249 711
249 760
249 763
249 778
249 794
331 1
331 95
331 335
331 344
331 396
331 434
331 443
331 471
331 489
331 529
331 602
331 678
331 682
331 697
331 711
331 760
331 763
331 778
331 794
335 1
335 2
335 5
335 38
335 101
335 344
335 443
335 467
335 471
335 489
335 602
335 678
335 682
335 697
335 756
335 760
335 763
335 778
335 794
344 602
344 678
344 697
344 763
344 778
344 794
344 2
344 95
344 434
344 443
344 471
344 489
344 530
344 668
344 682
344 711
344 760
409 343
434 602
434 678
434 697
434 763
434 778
434 794
434 95
434 443
434 711
434 50
434 579
443 602
443 678
443 763
443 778
443 794
443 2
443 95
443 5
443 471
443 489
443 530
443 655
443 668
443 682
443 760
471 678
471 697
471 763
471 778
471 794
471 95
471 711
471 760
471 5
471 101
471 226
471 467
471 489
471 682
489 602
489 678
489 697
489 763
489 778
489 794
489 95
489 711
489 760
489 101
489 226
489 682
489 756
489 467
489 604
489 530
529 778
529 794
529 95
529 711
529 530
529 579
529 655
530 602
530 678
530 697
530 763
530 778
530 794
530 95
530 668
530 711
530 655
530 522
542 763
542 5
542 38
602 1
602 2
602 50
602 95
602 604
602 655
602 668
602 678
602 682
602 697
602 711
602 760
602 763
602 794
645 678
645 760
647 678
647 763
647 778
647 756
647 341
647 532
678 1
678 2
678 5
678 38
678 50
678 95
678 101
678 226
678 467
678 604
678 668
678 682
678 697
678 711
678 756
678 760
678 763
678 778
678 794
682 697
682 763
682 778
682 794
682 95
682 668
682 711
682 760
682 5
682 38
682 101
682 226
682 467
682 604
697 2
697 50
697 95
697 226
697 467
697 668
697 711
697 760
697 763
697 778
697 794
756 763
756 794
756 760
756 5
756 38
756 101
756 226
756 467
756 479
756 604
763 1
763 5
763 38
763 50
763 95
763 101
763 226
763 467
763 479
763 480
763 604
763 668
763 711
763 760
763 778
763 794
778 1
778 2
778 95
778 226
778 467
778 604
778 655
778 711
778 760
778 794
618 642
703 386
133 146
133 150
133 157
133 499
146 215
146 244
146 395
146 492
146 568
146 585
146 664
146 757
146 22
146 65
146 150
146 151
146 157
146 242
146 450
146 762
157 65
157 150
157 242
157 290
337 223
337 253
337 607
337 722
337 126
337 445
532 480
655 794
655 95
138 378
155 31
155 119
155 253
155 263
155 270
155 422
155 541
155 608
155 683
155 731
378 533
711 794
711 2
711 668
711 579
711 760
150 65
150 242
150 290
150 526
150 714
84 499
445 253
445 422
445 607
445 126
794 1
794 2
794 5
794 50
794 95
794 101
794 226
794 467
794 604
794 668
794 760
422 683
422 223
422 126
422 167
422 607
422 722
722 223
722 607
722 126
722 167
609 571
765 41
765 44
765 73
765 106
765 450
765 571
765 752
226 760
226 5
226 38
226 101
226 467
226 476
226 508
226 604
407 387
95 2
95 668
95 760
476 7
476 508
760 2
760 38
760 101
760 467
760 479
126 223
126 253
126 607
126 167
167 223
167 253
167 607
223 253
223 607
253 607
607 683
683 31
683 119
683 263
683 270
683 541
683 731
731 31
731 119
731 263
731 270
731 541
731 415
69 20
69 40
69 57
69 261
69 359
69 439
69 458
69 552
69 564
69 591
69 688
69 689
69 718
69 767
668 2
145 23
145 88
145 112
145 286
145 367
145 370
145 392
145 399
145 462
145 604
566 240
5 38
5 101
101 38
101 467
101 604
101 759
467 38
467 479
467 604
499 182
499 254
58 16
58 42
58 94
58 143
58 245
58 284
58 374
58 516
58 644
58 649
58 712
58 723
58 725
58 737
58 769
58 782
186 16
186 42
186 18
186 22
186 43
186 75
186 94
186 116
186 143
186 190
186 211
186 215
186 244
186 245
186 250
186 259
186 275
186 284
186 290
186 347
186 374
186 379
186 395
186 432
186 490
186 492
186 494
186 510
186 516
186 555
186 568
186 585
186 644
186 649
186 664
186 667
186 680
186 701
186 712
186 724
186 725
186 737
186 757
186 777
186 782
186 801
245 42
245 374
245 516
245 644
245 649
245 725
245 755
245 18
245 75
245 116
245 190
245 211
245 215
245 244
245 43
245 94
245 143
245 250
245 259
245 275
245 290
245 347
245 379
245 395
245 432
245 490
245 492
245 494
245 510
245 555
245 568
245 585
245 606
245 664
245 680
245 701
245 712
245 716
245 719
245 723
245 724
245 737
245 754
245 757
245 777
245 782
245 801
275 374
275 516
275 644
275 649
275 18
275 75
275 116
275 166
275 190
275 211
275 215
275 43
275 143
275 250
275 259
275 288
275 290
275 347
275 348
275 360
275 379
275 432
275 486
275 492
275 494
275 510
275 524
275 555
275 568
275 585
275 606
275 664
275 667
275 680
275 701
275 712
275 723
275 724
275 737
275 745
275 777
275 782
275 801
284 16
284 42
284 75
284 94
284 143
284 190
284 374
284 494
284 516
284 644
284 649
284 712
284 716
284 723
284 725
284 737
284 754
284 755
284 769
284 782
284 801
374 16
374 75
374 94
374 143
374 190
374 290
374 490
374 494
374 516
374 644
374 649
374 712
374 716
374 725
374 737
374 754
374 755
374 769
374 782
516 94
516 143
516 644
516 649
516 712
516 716
516 723
516 725
516 737
516 754
516 755
516 769
516 777
516 782
644 16
644 42
644 75
644 94
644 143
644 190
644 290
644 490
644 494
644 649
644 712
644 716
644 725
644 737
644 754
644 755
644 769
644 782
712 649
712 725
712 755
712 190
712 347
712 723
712 782
712 94
712 719
712 737
712 754
714 65
714 242
714 290
714 305
714 408
755 16
755 42
755 649
755 725
755 94
755 143
755 190
755 290
755 716
755 723
755 737
755 754
755 782
65 242
65 290
65 496
65 526
290 649
290 75
290 190
290 347
290 494
290 724
290 782
290 143
290 737
290 242
290 161
290 246
290 250
290 259
290 288
290 348
290 379
290 408
290 486
290 524
290 606
290 680
290 691
290 745
316 399
316 391
316 535
316 596
316 686
201 501
201 774
242 246
242 289
242 305
242 408
242 418
472 26
472 204
472 178
472 269
472 274
472 345
472 358
472 452
472 507
472 531
472 675
57 20
57 40
57 261
57 359
57 439
57 458
57 564
57 591
57 688
57 689
57 718
57 767
57 791
439 20
439 40
439 261
439 359
439 140
439 208
439 312
439 458
439 552
439 564
439 591
439 688
439 689
439 718
439 767
439 773
439 796
439 798
458 20
458 40
458 261
458 359
458 552
458 564
458 591
458 688
458 689
458 767
458 791
791 20
791 261
791 359
791 552
791 591
791 688
791 254
791 706
55 298
55 384
55 619
148 298
148 384
148 562
148 619
148 436
148 507
289 410
298 384
298 436
298 562
298 619
384 436
384 507
384 562
384 619
507 562
507 436
562 436
562 619
619 436
41 9
41 44
41 96
41 158
41 177
41 437
41 553
41 574
41 726
41 734
41 752
41 758
44 9
44 96
44 158
44 177
44 437
44 553
44 574
44 726
44 734
44 752
44 758
106 450
571 537
571 269
752 9
752 96
752 158
752 177
752 380
752 437
752 553
752 734
752 758
172 54
172 195
172 203
172 225
172 292
172 338
172 487
172 588
172 624
172 702
172 786
195 121
195 54
195 80
195 225
195 292
195 299
195 338
195 487
195 588
195 624
195 702
292 54
292 80
292 203
292 225
292 338
292 487
292 588
292 624
292 702
292 786
299 54
299 80
299 203
299 225
299 338
299 487
299 588
299 702
299 786
522 232
522 440
604 357
604 462
604 479
240 580
759 70
759 103
759 198
759 707
759 83
759 114
759 393
759 543
508 7
6 121
6 417
6 444
6 451
6 620
6 693
6 705
6 741
121 92
121 417
121 444
121 451
121 459
121 518
121 620
121 693
121 705
121 741
417 92
417 444
417 451
417 459
417 620
417 693
417 705
417 741
444 125
444 202
444 251
444 361
444 372
444 428
444 451
444 523
444 557
444 584
444 693
444 705
444 709
444 741
444 799
451 92
451 459
451 518
451 620
451 693
451 705
620 92
620 518
620 693
620 705
620 741
693 92
693 459
693 518
693 705
693 741
705 92
705 459
705 518
705 741
741 92
741 459
92 459
92 518
459 518
125 11
125 185
125 187
125 202
125 207
125 228
125 256
125 260
125 266
125 276
125 350
125 361
125 372
125 428
125 470
125 523
125 557
125 584
125 627
125 666
125 690
125 709
125 727
125 761
125 799
202 727
202 428
202 251
202 361
202 372
202 523
202 557
202 584
202 709
202 799
251 361
251 372
251 523
251 557
251 709
251 799
361 228
361 350
361 727
361 185
361 266
361 310
361 372
361 523
361 557
361 584
361 630
361 690
361 709
361 799
372 727
372 428
372 523
372 557
372 584
372 709
372 799
428 634
428 24
428 86
428 129
428 273
428 355
428 442
428 523
428 584
428 590
428 633
428 654
428 692
428 720
428 733
428 750
428 790
428 799
523 556
523 727
523 557
523 584
523 709
557 584
557 709
557 799
584 556
584 709
584 799
709 727
709 799
799 350
799 727
799 185
799 207
799 266
799 310
799 690
799 612
799 630
9 96
9 158
9 177
9 234
9 380
9 437
9 553
9 574
9 726
9 734
9 758
96 158
96 177
96 324
96 380
96 387
96 410
96 446
96 596
96 686
96 726
96 734
96 758
158 177
158 380
158 437
158 553
158 574
158 726
158 734
158 758
177 380
177 437
177 574
177 726
177 734
177 758
234 380
234 734
234 758
380 437
380 553
380 574
380 726
380 734
380 758
437 553
437 574
437 726
437 734
437 758
553 574
553 726
553 734
553 758
574 726
574 734
574 758
726 734
726 758
734 758
324 596
387 596
410 347
410 161
410 250
410 288
410 348
410 524
410 606
410 680
410 408
410 596
410 691
446 596
446 686
596 189
596 686
10 19
10 47
10 52
10 67
10 77
10 164
10 183
10 188
10 222
10 300
10 308
10 354
10 368
10 389
10 421
10 460
10 556
10 589
10 651
10 676
10 679
10 729
19 47
19 52
19 67
19 77
19 164
19 183
19 188
19 222
19 300
19 308
19 354
19 368
19 389
19 421
19 460
19 547
19 556
19 589
19 634
19 651
19 676
19 679
19 729
47 52
47 60
47 67
47 77
47 164
47 183
47 188
47 216
47 222
47 300
47 308
47 354
47 368
47 389
47 421
47 460
47 547
47 556
47 589
47 634
47 651
47 676
47 679
47 720
47 729
47 750
52 67
52 77
52 164
52 183
52 188
52 216
52 222
52 300
52 308
52 354
52 368
52 389
52 421
52 460
52 547
52 556
52 589
52 651
52 676
52 679
52 729
67 60
67 77
67 164
67 183
67 188
67 222
67 300
67 308
67 354
67 368
67 389
67 460
67 547
67 556
67 589
67 651
67 676
67 729
77 164
77 183
77 188
77 216
77 222
77 300
77 308
77 354
77 368
77 389
77 421
77 460
77 547
77 556
77 589
77 651
77 676
77 679
77 729
164 183
164 188
164 216
164 300
164 308
164 354
164 368
164 389
164 421
164 676
164 729
183 188
183 216
183 222
183 300
183 308
183 354
183 368
183 389
183 421
183 460
183 547
183 556
183 589
183 676
183 729
188 216
188 222
188 300
188 308
188 354
188 368
188 389
188 421
188 460
188 547
188 556
188 589
188 676
188 679
188 729
222 216
222 300
222 354
222 368
222 389
222 421
222 460
222 547
222 556
222 589
222 651
222 676
222 679
222 729
300 60
300 216
300 308
300 354
300 368
300 389
300 421
300 460
300 547
300 556
300 589
300 634
300 676
300 679
300 729
308 216
308 354
308 368
308 421
308 460
308 547
308 589
308 651
308 676
308 679
308 729
354 216
354 368
354 389
354 421
354 460
354 547
354 589
354 634
354 651
354 676
354 679
354 729
368 216
368 389
368 421
368 460
368 547
368 556
368 589
368 634
368 651
368 676
368 679
368 720
368 729
368 750
389 216
389 421
389 460
389 547
389 556
389 651
389 676
389 729
421 216
421 460
421 547
421 556
421 589
421 634
421 651
421 676
421 679
421 729
460 216
460 547
460 556
460 589
460 651
460 676
460 679
460 729
556 634
556 676
556 720
556 729
556 790
589 547
589 216
589 651
589 676
589 679
589 729
651 216
651 676
651 679
651 729
676 547
676 216
676 634
676 679
676 720
676 729
679 547
679 216
679 729
729 547
729 216
547 216
634 24
634 86
634 129
634 237
634 296
634 334
634 355
634 442
634 509
634 590
634 595
634 633
634 654
634 720
634 733
634 750
720 86
720 129
720 237
720 273
720 296
720 334
720 355
720 442
720 590
720 605
720 633
720 654
720 61
720 199
720 509
720 595
720 695
720 733
720 750
720 790
750 24
750 86
750 129
750 273
750 296
750 334
750 355
750 442
750 590
750 605
750 633
750 654
750 733
750 199
750 790
790 24
790 129
790 237
790 273
790 296
790 334
790 355
790 442
790 590
790 605
790 633
790 654
790 733
790 509
790 595
11 187
11 228
11 260
11 276
11 350
11 470
11 627
187 228
187 256
187 260
187 276
187 470
187 627
187 666
187 727
228 185
228 207
228 256
228 260
228 276
228 310
228 342
228 350
228 470
228 612
228 625
228 627
228 638
228 666
228 727
228 761
260 256
260 627
260 666
260 727
260 761
276 29
276 108
276 113
276 256
276 291
276 306
276 350
276 448
276 461
276 462
276 470
276 495
276 549
276 581
276 615
276 627
276 666
276 671
276 721
276 740
350 32
350 185
350 197
350 207
350 256
350 266
350 310
350 342
350 470
350 527
350 612
350 625
350 627
350 630
350 635
350 666
350 727
350 761
470 627
470 666
470 727
470 761
627 256
627 666
627 727
627 761
185 207
185 266
185 310
185 612
185 625
207 266
207 310
207 612
256 666
256 727
256 761
266 310
266 612
266 630
266 690
666 727
666 761
690 310
690 630
727 13
727 141
727 218
727 320
727 30
727 307
727 310
727 454
727 527
727 613
727 625
727 635
727 749
310 612
310 630
29 28
29 109
29 184
29 210
29 544
29 581
29 617
108 772
108 63
108 113
108 227
108 306
108 403
108 448
108 461
108 462
108 495
108 549
108 570
108 615
108 671
108 721
113 764
113 491
113 772
113 63
113 68
113 127
113 209
113 227
113 278
113 291
113 302
113 306
113 328
113 330
113 403
113 453
113 461
113 462
113 495
113 513
113 549
113 594
113 611
113 615
113 659
113 671
113 708
113 710
113 721
113 780
113 797
291 772
291 63
291 227
291 306
291 403
291 461
291 462
291 495
291 549
291 570
291 615
291 671
291 721
306 772
306 63
306 227
306 448
306 461
306 462
306 495
306 549
306 570
306 615
306 671
448 764
448 491
448 772
448 63
448 403
448 68
448 127
448 209
448 227
448 278
448 301
448 302
448 328
448 330
448 400
448 453
448 461
448 462
448 495
448 513
448 549
448 594
448 611
448 615
448 659
448 671
448 708
448 710
448 721
448 780
461 772
461 63
461 403
461 227
461 462
461 495
461 549
461 570
461 615
461 671
461 721
462 764
462 772
462 63
462 403
462 112
462 227
462 367
462 452
462 495
462 549
462 570
462 615
462 671
462 721
495 772
495 63
495 403
495 227
495 549
495 570
495 615
495 671
495 721
549 772
549 63
549 403
549 227
549 570
549 615
549 671
549 721
581 28
581 109
581 184
581 210
581 544
581 124
581 136
581 173
581 200
581 277
581 283
581 304
581 315
581 323
581 325
581 430
581 578
581 617
581 635
581 793
615 772
615 63
615 227
615 671
615 721
671 764
671 491
671 772
671 63
671 403
671 68
671 127
671 209
671 278
671 301
671 302
671 328
671 400
671 453
671 513
671 594
671 659
671 708
671 710
671 721
671 780
671 797
721 63
721 403
721 227
740 28
740 109
740 210
740 617
740 325
740 497
32 160
32 173
32 294
32 304
32 314
32 323
32 491
32 527
32 546
32 692
197 173
197 527
197 692
197 70
197 103
197 87
197 123
197 217
197 252
197 333
197 338
197 412
197 578
197 635
197 656
527 173
527 304
527 314
527 323
527 103
527 124
527 136
527 200
527 277
527 412
527 519
527 578
527 635
527 692
527 728
527 780
635 173
635 323
635 692
635 103
635 356
13 141
13 218
13 320
13 665
141 78
141 153
141 218
141 320
141 539
141 613
141 658
218 122
218 134
218 153
218 159
218 320
218 326
218 613
218 658
218 749
320 30
320 151
320 307
320 326
320 665
320 749
78 153
78 613
153 613
539 613
539 658
613 658
658 346
159 107
749 152
749 268
749 653
30 307
151 762
151 698
307 48
307 762
454 37
454 685
14 46
14 189
14 424
14 488
46 189
46 488
189 317
189 424
189 488
424 297
424 488
488 317
297 373
16 42
16 649
16 725
42 94
42 649
42 723
42 725
42 782
649 18
649 43
649 75
649 94
649 116
649 143
649 190
649 211
649 215
649 244
649 250
649 347
649 379
649 395
649 432
649 490
649 492
649 494
649 510
649 555
649 568
649 585
649 664
649 701
649 723
649 724
649 737
649 777
649 782
725 94
725 143
725 723
725 782
94 75
94 723
94 782
94 754
94 769
723 75
723 116
723 190
723 211
723 347
723 432
723 490
723 492
723 494
723 259
723 264
723 279
723 360
723 379
723 777
723 782
723 801
782 18
782 75
782 116
782 190
782 211
782 347
782 432
782 490
782 492
782 494
782 555
782 724
782 777
782 143
782 250
782 259
782 279
782 288
782 360
782 379
782 486
782 606
782 680
782 737
782 754
782 801
143 75
143 116
143 190
143 211
143 432
143 490
143 492
143 494
143 555
143 724
143 777
143 801
143 259
143 360
143 379
143 737
737 190
737 777
737 801
737 719
18 75
18 116
18 166
18 190
18 211
18 244
18 347
18 395
18 432
18 490
18 492
18 494
18 510
18 555
18 568
18 585
18 664
18 724
18 757
18 777
18 801
22 116
22 215
22 244
22 395
22 492
22 555
22 568
22 585
22 664
22 777
22 801
43 347
43 492
43 555
43 724
43 801
75 116
75 161
75 190
75 211
75 215
75 244
75 250
75 259
75 288
75 347
75 379
75 395
75 432
75 486
75 490
75 492
75 494
75 504
75 524
75 555
75 568
75 585
75 606
75 664
75 680
75 701
75 724
75 745
75 777
75 801
116 166
116 190
116 215
116 244
116 347
116 379
116 395
116 432
116 490
116 492
116 494
116 510
116 555
116 568
116 585
116 664
116 724
116 777
116 801
190 259
190 279
190 347
190 360
190 379
190 432
190 490
190 492
190 494
190 555
190 724
190 754
190 777
190 801
211 347
211 348
211 486
211 701
211 724
211 801
215 244
215 285
215 347
215 395
215 432
215 492
215 555
215 568
215 585
215 664
215 667
215 757
215 777
215 801
244 105
244 285
244 347
244 395
244 492
244 555
244 568
244 585
244 664
244 757
244 777
244 801
250 347
250 492
250 724
250 801
250 288
250 348
250 379
250 486
250 524
250 606
250 701
250 745
250 792
259 347
259 490
259 492
259 494
259 801
259 279
347 161
347 288
347 348
347 379
347 395
347 432
347 492
347 494
347 524
347 555
347 568
347 585
347 606
347 664
347 667
347 680
347 701
347 724
347 745
347 792
347 801
379 492
379 494
379 724
379 777
379 801
379 161
379 288
379 348
379 486
379 524
379 606
379 680
379 701
379 745
395 105
395 555
395 568
395 585
395 664
395 757
395 777
395 801
432 166
432 285
432 490
432 492
432 494
432 510
432 555
432 568
432 585
432 724
432 801
490 279
490 492
490 494
490 555
490 724
490 777
490 801
492 166
492 285
492 494
492 510
492 555
492 568
492 585
492 664
492 667
492 701
492 724
492 757
492 777
492 801
494 279
494 360
494 555
494 724
494 777
494 801
510 166
510 555
510 585
510 801
555 166
555 568
555 585
555 664
555 667
555 724
555 801
568 585
568 664
568 667
568 757
568 801
585 105
585 285
585 664
585 667
585 724
585 757
585 777
585 801
664 105
664 757
664 777
664 801
667 724
667 757
667 285
680 724
680 288
680 348
680 486
680 524
680 606
680 701
680 745
701 724
701 801
701 161
701 288
701 348
701 486
701 606
724 161
724 288
724 348
724 486
724 504
724 524
724 606
724 745
724 777
724 792
724 801
777 285
777 369
777 801
801 285
161 288
161 348
161 486
161 524
161 606
288 348
288 486
288 524
288 606
288 745
486 348
486 524
486 606
486 745
524 348
524 606
524 745
606 348
606 745
606 792
745 348
348 792
24 86
24 129
24 237
24 273
24 296
24 334
24 355
24 442
24 590
24 605
24 633
24 654
24 733
86 61
86 129
86 237
86 273
86 296
86 334
86 355
86 442
86 509
86 590
86 595
86 605
86 633
86 654
86 695
86 733
129 199
129 237
129 273
129 334
129 355
129 442
129 509
129 590
129 633
129 654
129 733
237 61
237 296
237 355
237 509
237 590
237 595
237 605
237 633
296 273
296 61
296 334
296 355
296 442
296 590
296 595
296 605
296 633
296 654
296 695
334 273
334 199
334 355
334 442
334 633
334 654
334 733
355 273
355 61
355 199
355 509
355 590
355 595
355 605
355 633
355 654
355 733
442 273
442 590
442 633
442 654
442 733
509 590
509 633
509 61
509 595
509 695
590 273
590 61
590 595
590 605
590 633
590 654
590 695
590 733
595 605
595 61
595 695
633 273
633 605
633 199
633 654
633 733
654 273
654 733
733 273
733 605
20 40
20 261
20 359
20 552
20 564
20 591
20 688
20 689
20 718
20 767
40 261
40 272
40 359
40 552
40 564
40 591
40 688
40 689
40 767
261 359
261 552
261 564
261 591
261 688
261 689
261 767
359 552
359 564
359 591
359 688
359 689
359 767
552 564
552 688
552 689
552 767
564 688
564 689
564 767
591 689
591 767
688 689
689 718
689 767
272 212
140 208
140 312
140 713
140 773
140 796
140 798
208 312
208 713
208 796
208 798
312 713
312 773
312 796
312 798
796 713
796 798
798 713
254 182
254 706
706 182
21 34
21 49
21 72
21 99
21 128
21 147
21 191
21 230
21 255
21 267
21 313
21 319
21 321
21 349
21 353
21 390
21 404
21 438
21 503
21 515
21 536
21 639
21 670
21 687
21 699
21 781
34 49
34 72
34 99
34 128
34 147
34 191
34 313
34 319
34 349
34 353
34 404
34 438
34 503
34 515
34 536
34 670
34 687
34 699
34 781
49 72
49 99
49 128
49 147
49 191
49 255
49 267
49 319
49 321
49 349
49 353
49 390
49 438
49 503
49 515
49 536
49 639
49 687
49 699
49 781
72 90
72 99
72 128
72 147
72 191
72 230
72 255
72 267
72 313
72 319
72 321
72 349
72 353
72 404
72 438
72 464
72 503
72 515
72 536
72 639
72 687
72 699
72 781
99 128
99 147
99 191
99 255
99 267
99 313
99 319
99 321
99 349
99 353
99 404
99 438
99 515
99 536
99 639
99 687
99 699
99 781
128 90
128 147
128 191
128 230
128 255
128 267
128 313
128 319
128 321
128 349
128 353
128 404
128 438
128 464
128 503
128 515
128 536
128 639
128 687
128 699
128 781
147 191
147 230
147 255
147 267
147 313
147 319
147 321
147 349
147 353
147 404
147 438
147 503
147 536
147 639
147 687
147 699
147 781
191 230
191 255
191 267
191 313
191 319
191 321
191 349
191 353
191 390
191 404
191 438
191 503
191 515
191 536
191 639
191 670
191 687
191 699
230 255
230 313
230 349
230 353
230 404
230 515
230 536
230 639
230 687
230 699
230 781
255 267
255 313
255 319
255 349
255 353
255 404
255 438
255 503
255 515
255 536
255 639
255 687
255 699
255 781
267 313
267 319
267 321
267 349
267 353
267 404
267 438
267 515
267 536
267 639
267 687
267 699
267 781
313 90
313 319
313 321
313 353
313 390
313 404
313 438
313 503
313 515
313 536
313 639
313 670
313 687
313 699
313 781
319 349
319 353
319 404
319 438
319 503
319 515
319 536
319 639
319 687
319 699
319 781
321 349
321 353
321 404
321 515
321 536
321 639
321 670
321 687
321 699
321 781
349 404
349 438
349 503
349 515
349 687
349 699
349 781
353 404
353 438
353 464
353 503
353 515
353 536
353 639
353 687
353 699
353 781
390 781
404 438
404 464
404 503
404 536
404 639
404 687
404 699
404 781
438 503
438 515
438 536
438 639
438 670
438 687
438 699
438 781
503 515
503 536
503 639
503 699
503 781
515 639
515 670
515 687
515 699
515 781
536 90
536 639
536 687
536 699
536 781
639 464
639 687
639 699
639 781
687 567
687 781
699 781
236 56
236 318
236 364
236 431
236 498
236 576
236 582
236 747
236 748
236 789
762 771
23 88
23 704
88 274
88 367
274 526
274 178
274 601
274 672
274 675
367 399
367 764
367 81
367 357
367 286
367 392
112 357
112 535
112 717
286 535
286 156
286 370
370 535
370 501
370 598
392 399
392 81
392 357
392 165
399 27
399 357
399 383
605 61
61 695
692 160
692 173
692 304
692 314
692 323
692 491
692 103
692 124
692 136
692 200
692 519
692 578
26 484
26 531
26 537
484 531
531 537
537 269
537 768
178 358
178 675
269 783
345 526
345 675
345 205
345 477
345 500
345 560
345 575
358 287
358 332
358 500
358 694
452 675
452 795
452 500
452 560
452 575
452 616
675 205
675 247
675 500
675 694
357 81
357 383
357 795
383 81
383 394
383 681
28 109
28 184
28 210
28 544
28 617
109 184
109 210
109 325
109 497
109 544
109 617
184 210
184 497
184 544
184 617
210 544
210 617
544 124
544 136
544 200
544 277
544 283
544 304
544 315
544 323
544 325
544 430
544 578
544 587
544 617
544 793
617 497
325 304
325 323
325 124
325 136
325 200
325 277
325 315
325 430
325 578
325 587
325 684
325 793
124 173
124 304
124 323
124 136
124 200
124 277
124 283
124 315
124 430
124 578
124 587
136 173
136 304
136 323
136 200
136 277
136 283
136 315
136 430
136 578
136 587
136 684
136 793
200 160
200 173
200 304
200 323
200 277
200 283
200 315
200 430
200 578
200 587
200 684
200 793
277 304
277 323
277 283
277 315
277 430
277 578
277 587
277 793
283 304
283 323
283 315
283 430
283 578
283 587
283 684
283 793
304 160
304 314
304 315
304 323
304 430
304 578
304 587
304 684
304 793
315 323
315 430
315 587
315 684
315 793
323 173
323 314
323 278
323 412
323 430
323 578
323 587
323 684
323 793
430 587
430 684
430 793
578 160
578 173
578 587
578 684
578 793
587 684
587 793
793 684
173 314
48 736
31 119
31 263
31 270
31 541
31 764
119 263
119 270
119 541
263 270
263 541
270 541
764 209
764 257
764 301
764 330
764 400
764 403
764 453
764 611
764 708
764 710
415 637
209 491
209 403
209 68
209 127
209 278
209 301
209 302
209 328
209 330
209 453
209 513
209 594
209 611
209 659
209 708
209 710
209 780
257 632
257 66
257 441
257 795
301 403
301 710
301 330
301 400
301 513
301 611
301 708
330 403
330 710
330 453
330 513
330 611
330 708
400 403
403 491
403 63
403 68
403 127
403 278
403 453
403 513
403 594
403 659
403 708
403 710
403 780
453 710
453 513
453 611
453 708
611 513
611 708
708 710
708 513
710 491
710 68
710 127
710 278
710 302
710 328
710 594
710 659
710 513
710 780
710 797
160 103
160 198
160 314
160 491
294 314
294 546
314 519
314 546
491 127
491 278
491 302
491 328
491 481
491 594
491 659
491 780
491 797
546 154
546 662
103 70
103 198
103 333
103 412
198 70
198 707
278 68
278 127
278 302
278 328
278 594
278 659
278 780
278 797
412 338
412 87
412 123
412 252
412 656
127 68
127 302
127 328
127 594
127 659
127 780
127 797
302 68
302 328
302 594
302 659
302 780
302 797
328 68
328 594
328 659
328 780
328 797
594 68
594 659
594 780
594 797
659 68
659 780
659 797
780 68
780 797
797 68
154 662
154 743
496 388
496 433
496 475
496 743
496 779
526 616
56 318
56 364
56 431
56 498
56 576
56 582
56 747
56 748
56 789
318 364
318 498
318 576
318 582
318 747
318 748
318 789
364 431
364 498
364 576
364 582
364 747
364 748
364 789
431 498
431 576
431 747
431 748
431 789
498 576
498 582
498 747
498 748
498 789
576 582
576 747
576 748
576 789
582 747
582 748
582 789
747 748
747 789
748 789
37 685
685 363
363 802
212 231
212 677
45 468
45 610
468 110
468 610
468 772
610 772
772 227
736 478
53 179
53 525
53 534
53 632
53 636
53 766
179 525
179 534
179 540
179 636
179 766
525 534
525 632
525 636
525 766
534 632
534 636
534 766
632 540
632 636
632 766
636 540
636 766
766 540
203 338
203 80
203 225
203 487
203 588
203 786
225 338
225 80
225 487
225 588
225 786
338 70
338 80
338 588
338 656
338 786
487 80
487 588
487 786
588 80
588 656
588 786
624 131
786 80
64 171
64 206
64 449
171 165
171 219
171 221
171 377
171 449
171 614
171 739
449 427
165 219
165 221
165 339
165 377
165 614
165 661
165 739
219 221
219 377
219 739
221 614
221 739
377 661
377 739
614 661
614 739
739 661
427 425
246 76
246 224
246 305
246 408
305 408
408 76
408 224
408 176
408 293
418 93
388 262
388 433
388 475
388 600
388 779
433 262
433 475
433 600
433 779
475 600
475 779
779 262
779 600
66 441
795 192
70 707
333 87
87 123
87 252
87 656
87 788
123 252
123 656
123 788
217 788
217 538
252 656
252 788
83 393
114 543
232 440
440 592
76 130
76 224
130 241
224 176
224 293
176 293
79 391
391 382
391 501
391 535
501 535
501 332
81 394
81 586
81 681
394 586
394 681
586 681
681 375
601 672
343 652
118 163
118 192
118 429
163 192
152 268
152 653
287 500
287 694
500 477
500 694
500 730
694 730
477 271
477 730
560 381
560 575
575 381
231 646
231 677
677 646
646 512
214 580
262 600
