341
64
253
3
9
105
112
93
1
11
94
46
272
32
123
127
363
62
195
266
28
312
285
2
116
109
276
61
220
86
68
232
263
361
66
35
63
29
327
104
251
151
79
75
51
134
335
260
373
231
273
176
340
6
65
25
328
80
193
13
342
333
83
237
55
71
43
153
267
247
30
203
175
4
165
118
199
23
249
250
136
99
128
192
16
5
135
168
67
323
238
246
21
326
103
74
196
235
60
184
19
297
163
171
126
8
166
110
277
50
256
82
236
85
301
321
22
45
362
194
339
73
306
329
230
290
34
239
234
33
284
20
197
69
257
349
370
169
31
244
366
343
322
7
265
307
372
248
49
41
278
100
70
95
92
14
190
130
12
313
106
200
300
108
96
164
198
98
347
305
258
97
167
365
40
0
125
10
152
201
378
44
84
245
15
81
87
159
218
