151
273
246
312
131
116
188
182
208
289
233
4
77
56
54
178
162
253
42
106
147
62
205
272
219
129
203
41
74
105
83
213
284
298
288
318
183
172
292
281
268
300
63
173
212
247
299
302
154
160
244
52
87
66
86
135
48
189
275
175
176
32
260
195
144
69
113
310
196
159
76
167
193
222
230
214
254
93
262
155
186
282
198
128
311
7
140
164
317
277
216
303
148
286
117
218
226
235
28
241
103
255
270
287
323
249
96
234
142
210
225
266
25
97
206
280
201
211
21
324
197
228
53
259
95
165
137
85
184
38
59
161
20
220
242
0
27
9
271
251
223
2
100
47
72
124
81
91
163
120
102
285
325
238
191
39
267
153
232
3
68
134
180
6
114
13
132
23
125
1
240
51
126
166
22
19
296
82
111
11
123
248
322
37
279
204
269
8
202
309
315
139
46
306
236
308
145
169
224
290
320
321
283
58
156
231
152
79
112
84
194
16
187
256
304
221
14
243
10
130
190
146
118
40
261
34
150
319
265
278
258
122
99
57
264
108
185
257
307
200
89
181
127
17
109
88
297
168
149
171
245
229
305
237
141
110
250
60
276
64
326
