0 66
0 260
0 362
0 370
0 430
0 457
0 475
0 611
0 644
66 33
66 53
66 118
66 196
66 205
66 290
66 351
66 362
66 374
66 412
66 434
66 507
66 644
260 368
260 400
260 557
362 93
362 168
362 268
362 288
362 330
362 351
362 370
362 430
362 457
362 475
362 541
362 547
362 578
362 644
370 93
370 33
370 71
370 161
370 168
370 175
370 229
370 240
370 350
370 430
370 455
370 475
370 477
370 501
370 503
370 547
370 555
370 578
370 617
370 636
430 93
430 3
430 33
430 196
430 229
430 351
430 439
430 475
430 495
430 503
430 567
430 611
430 675
457 3
457 40
457 64
457 80
457 85
457 240
457 290
457 412
457 453
457 458
457 475
457 569
457 584
457 594
457 639
457 667
457 675
475 93
475 3
475 33
475 55
475 168
475 171
475 205
475 238
475 240
475 330
475 374
475 384
475 447
475 478
475 525
475 541
475 555
611 541
611 33
611 53
611 198
611 330
611 385
611 439
611 444
611 501
611 547
611 578
611 616
611 644
611 656
644 541
644 3
644 118
644 161
644 196
644 206
644 258
644 288
644 305
644 330
644 477
644 501
644 592
33 55
33 330
33 492
33 547
33 567
33 578
53 93
53 351
53 42
53 374
53 548
53 606
118 3
118 55
118 71
118 107
118 64
118 80
118 137
118 240
118 242
118 290
118 322
118 374
118 412
118 441
118 470
118 471
118 477
118 513
118 542
118 547
118 592
118 594
118 625
118 669
118 675
196 374
205 635
205 253
205 220
205 478
205 461
205 44
205 280
205 292
205 357
205 514
205 617
205 658
290 93
290 71
290 107
290 385
290 407
290 650
290 587
290 503
290 175
290 441
290 501
351 93
351 2
351 27
351 45
351 237
351 434
351 606
374 541
374 71
374 107
374 477
374 592
374 412
374 57
374 240
374 471
374 288
374 117
374 218
374 552
374 168
374 270
374 397
374 441
374 503
374 513
374 617
412 437
412 6
412 64
412 80
412 240
412 513
412 567
412 667
434 93
434 656
434 368
507 437
507 471
507 16
507 268
507 301
507 525
93 107
93 385
93 455
93 594
93 606
107 3
107 64
107 80
107 122
107 168
107 175
107 240
107 385
107 437
107 501
107 560
107 567
107 575
107 580
107 594
107 625
107 675
385 16
385 198
385 455
385 501
385 594
455 240
455 168
455 594
594 103
594 198
606 471
606 103
606 288
368 451
400 519
400 185
400 378
400 499
400 96
400 194
400 164
400 253
400 297
400 108
400 568
400 381
400 607
400 299
400 408
400 411
400 639
557 32
557 221
557 378
557 452
557 505
557 40
557 164
557 189
557 298
557 352
557 386
557 387
557 411
557 423
557 591
168 437
168 547
168 569
168 64
168 675
168 407
168 618
168 491
168 567
168 122
168 126
168 175
168 366
168 384
168 513
168 575
268 541
268 16
268 169
268 288
268 617
288 541
288 71
288 477
288 547
288 240
288 471
288 16
288 198
288 384
288 575
330 229
330 477
330 478
330 175
330 525
330 587
541 16
541 39
541 80
541 175
541 240
541 258
541 332
541 338
541 341
541 367
541 435
541 453
541 471
541 477
541 501
541 569
541 576
541 578
541 587
541 592
541 617
541 619
541 659
547 3
547 16
547 103
547 491
547 592
578 470
578 519
578 161
71 3
71 85
71 117
71 240
71 258
71 267
71 447
71 477
71 492
71 513
71 592
161 501
175 258
175 245
175 85
175 270
175 513
175 317
175 575
175 667
229 3
229 245
229 407
240 453
240 13
240 519
240 569
240 492
240 326
240 64
240 42
240 56
240 80
240 81
240 95
240 100
240 117
240 132
240 154
240 171
240 237
240 253
240 284
240 301
240 336
240 365
240 367
240 384
240 397
240 471
240 537
240 542
240 567
240 575
240 617
240 624
240 675
350 238
350 525
350 474
350 125
350 416
477 568
501 407
503 453
503 64
503 656
503 491
503 85
503 636
555 103
555 552
555 171
555 264
617 531
617 675
617 552
617 423
636 64
636 314
636 542
636 253
636 162
636 85
636 336
636 301
636 637
3 55
3 238
3 258
3 267
3 437
3 439
3 447
3 470
3 519
3 592
439 656
439 674
495 467
495 622
495 44
495 524
567 267
567 447
567 519
567 322
567 435
567 499
567 573
567 61
567 76
567 482
567 639
567 667
675 349
675 586
675 64
675 92
675 126
675 165
675 176
675 336
675 347
675 365
675 423
675 460
675 461
675 513
40 343
40 505
40 242
40 117
40 60
40 189
40 568
64 258
64 558
64 100
64 270
64 365
64 471
64 548
64 552
64 624
80 258
80 57
80 585
80 17
80 423
80 441
80 461
80 528
80 552
80 624
85 437
85 470
85 313
85 57
85 176
85 119
85 212
85 336
85 402
85 575
85 669
453 1
453 59
453 179
453 301
453 315
453 323
453 378
458 2
458 79
458 195
458 224
458 248
458 301
458 335
458 355
458 405
458 432
458 491
458 504
458 520
458 559
458 572
458 575
458 584
458 587
458 671
569 258
569 6
569 95
569 142
569 305
569 366
569 399
584 585
584 482
584 419
584 441
639 96
639 242
639 573
639 303
639 472
667 492
667 336
55 247
55 267
55 482
171 103
171 616
238 416
238 471
238 474
384 616
384 650
447 77
447 525
447 607
478 162
478 36
478 49
478 87
478 182
478 184
478 280
478 292
525 77
525 469
16 471
16 105
16 656
16 662
39 96
39 491
39 61
39 332
39 482
39 576
258 100
258 122
258 301
258 315
258 365
258 397
258 513
258 566
258 568
258 624
332 664
332 435
332 112
332 491
332 308
332 338
332 341
332 401
332 415
332 576
332 628
332 659
338 664
338 470
338 158
338 505
338 96
338 91
338 314
338 97
338 482
338 341
338 125
338 308
338 401
338 415
338 551
338 613
338 628
338 659
341 664
341 437
341 158
341 435
341 492
341 505
341 326
341 396
341 473
341 585
341 97
341 433
341 112
341 347
341 576
341 269
341 43
341 133
341 262
341 301
341 308
341 415
341 537
341 551
341 613
341 628
367 616
367 125
367 669
367 284
435 558
435 7
435 97
435 112
435 218
435 401
435 551
435 613
435 659
471 13
471 519
471 27
471 431
471 100
471 575
576 470
576 586
576 96
576 540
576 491
576 228
576 482
576 125
576 261
576 365
576 613
587 323
587 514
587 59
592 267
592 247
592 481
592 609
659 231
659 499
659 546
659 279
659 482
659 444
659 551
659 628
659 358
659 613
659 114
659 345
444 664
444 421
444 564
444 403
444 405
444 559
444 79
444 186
444 224
444 300
444 306
444 404
444 420
616 470
616 467
616 56
616 42
616 360
616 394
656 324
656 493
656 38
656 57
656 74
656 417
656 496
656 596
656 621
206 34
206 244
206 295
206 476
305 188
305 533
305 187
305 544
59 470
59 431
179 255
179 269
179 49
179 640
301 437
301 255
301 610
301 473
301 579
301 620
301 568
301 365
301 552
301 262
301 98
301 358
315 43
315 51
315 61
315 193
315 214
315 220
315 242
315 285
315 296
315 311
315 314
315 324
315 343
315 358
315 398
315 417
315 433
315 480
315 528
315 595
315 596
323 671
323 5
323 115
323 378
323 441
378 185
378 343
378 49
378 164
378 299
378 407
378 452
378 499
378 521
378 591
378 640
2 94
2 110
2 436
2 553
2 572
2 634
2 645
94 87
94 110
94 204
94 262
94 263
94 300
94 317
94 572
110 135
110 204
110 300
110 490
110 559
110 572
436 334
436 634
553 191
553 270
553 316
553 433
553 528
553 590
553 605
553 614
572 79
572 87
572 133
572 224
572 262
572 263
572 275
572 300
572 399
572 405
572 527
572 559
572 625
634 166
634 633
87 664
87 561
87 140
87 73
87 204
87 224
87 263
87 300
204 664
204 122
204 262
204 224
204 276
204 300
204 504
262 664
262 671
262 185
262 326
262 403
262 585
262 405
262 625
262 218
262 347
262 461
262 81
262 559
262 275
262 79
262 101
262 133
262 191
262 224
262 480
262 504
262 527
263 405
263 224
300 595
300 149
300 112
300 522
300 275
300 224
300 655
317 279
317 540
317 620
317 269
317 631
135 414
135 73
135 75
135 101
135 131
135 275
135 487
135 538
490 664
559 393
559 166
559 561
559 405
559 92
559 50
559 154
559 140
559 673
559 79
559 232
559 504
559 506
559 527
27 54
27 61
27 105
27 207
27 228
27 237
27 265
27 278
27 297
27 313
27 443
27 451
27 483
27 586
45 467
45 146
45 122
45 195
45 597
237 243
237 326
237 242
237 625
237 165
237 269
237 316
237 425
237 628
334 228
334 248
79 671
79 278
79 405
79 101
79 527
195 255
195 542
195 585
195 451
195 625
195 111
195 274
195 517
195 270
195 445
195 571
224 664
224 405
224 276
224 420
248 155
248 255
248 313
248 467
248 481
248 542
248 61
248 482
248 125
248 325
248 446
248 450
335 267
335 499
335 194
335 610
335 491
335 54
335 265
335 482
335 88
335 125
335 137
335 169
335 381
355 170
405 664
405 671
405 221
405 38
405 21
405 23
405 109
405 131
405 141
405 159
405 287
405 504
405 527
405 545
432 349
432 194
432 20
432 51
432 176
432 311
432 418
432 49
432 285
432 344
432 417
432 535
432 575
432 596
491 267
491 313
491 25
491 54
491 61
491 70
491 77
491 88
491 228
491 261
491 331
491 441
491 482
491 517
491 552
504 433
504 461
504 423
520 443
520 654
520 243
520 105
520 241
520 197
520 227
520 633
575 176
575 270
575 513
575 441
575 560
671 664
671 49
671 51
671 73
671 101
671 221
671 316
671 387
671 433
671 452
671 487
191 343
270 230
270 539
270 558
270 654
270 499
270 117
270 612
270 465
270 202
270 340
270 423
270 101
270 308
270 383
270 488
270 528
270 601
316 326
316 585
316 176
316 517
316 417
316 83
316 415
316 628
433 158
433 255
433 185
433 610
433 326
433 242
433 473
433 585
433 582
433 199
433 117
433 23
433 123
433 147
433 303
433 308
433 380
433 388
433 406
433 480
433 486
433 513
433 537
433 581
433 629
433 668
528 158
528 322
528 586
528 152
528 582
528 241
528 279
528 202
528 577
528 154
528 550
528 192
528 423
528 665
528 98
528 121
528 364
528 415
528 426
590 536
590 661
590 241
590 47
590 277
605 428
605 561
605 47
605 140
605 241
605 534
605 604
133 322
133 326
133 625
133 202
133 601
275 536
275 162
275 101
275 131
275 487
399 243
399 561
399 297
399 269
399 442
399 336
399 415
399 462
527 664
527 479
625 322
625 586
625 654
625 324
625 96
625 243
625 396
625 467
625 242
625 585
625 22
625 43
625 123
625 156
625 202
625 269
625 388
625 441
625 483
625 601
625 620
166 393
166 148
166 19
166 663
633 485
633 461
633 406
664 228
664 415
228 158
228 255
228 558
228 586
228 97
228 125
228 177
228 297
228 373
228 483
228 602
228 665
415 158
415 243
415 242
415 97
415 608
415 269
415 391
415 442
415 142
415 308
415 551
415 628
49 519
49 499
49 194
49 635
49 176
49 162
49 108
49 568
49 43
49 130
49 184
49 225
49 344
49 387
49 535
49 550
49 674
51 221
51 324
51 595
51 20
51 35
51 74
51 193
51 214
51 280
51 285
51 296
51 311
51 321
51 398
51 417
51 418
51 423
51 535
51 596
51 651
51 658
51 665
73 603
73 506
101 243
101 461
101 468
101 487
221 189
221 219
221 324
221 343
221 346
221 387
221 408
221 417
221 497
221 505
221 542
387 499
387 164
387 298
387 521
387 591
387 640
452 519
452 343
452 189
452 194
452 219
452 287
452 423
452 487
452 499
452 505
452 632
487 414
487 420
267 61
267 265
267 558
437 57
437 84
437 126
437 176
437 322
437 336
437 365
437 499
437 548
437 552
437 560
437 618
437 624
437 632
470 125
470 165
470 293
470 513
519 18
519 47
519 120
519 149
519 189
519 215
519 363
519 383
519 404
519 533
519 545
519 577
519 580
519 598
13 242
13 314
13 531
13 542
13 585
13 593
242 128
242 231
242 234
242 243
242 43
242 56
242 67
242 212
242 297
242 347
242 451
242 465
242 506
242 518
242 532
242 608
314 610
314 42
314 100
314 115
314 147
314 253
314 269
314 358
314 397
314 542
314 624
314 632
531 181
531 255
531 57
531 122
531 249
531 276
531 284
531 440
531 651
542 638
542 492
542 421
542 396
542 467
542 14
542 42
542 47
542 56
542 100
542 115
542 122
542 151
542 154
542 193
542 218
542 247
542 253
542 257
542 285
542 347
542 358
542 408
542 425
542 509
542 556
542 568
542 604
542 650
542 661
542 668
585 610
585 326
585 396
585 473
585 42
585 113
585 147
585 302
585 358
585 380
585 388
585 397
585 514
585 516
585 612
585 665
593 492
593 250
593 396
593 467
593 37
593 189
593 193
593 366
593 460
593 570
492 255
492 638
492 11
492 18
492 38
492 43
492 52
492 67
492 100
492 108
492 117
492 130
492 147
492 176
492 214
492 243
492 285
492 358
492 389
492 396
492 398
492 518
492 566
492 570
492 580
492 595
492 668
247 194
247 61
247 265
247 70
247 589
247 607
482 313
482 586
482 96
482 54
482 177
482 119
482 124
482 139
482 142
482 170
482 174
482 293
482 402
482 450
117 231
117 278
117 539
117 610
117 582
117 540
117 22
117 209
117 223
117 249
117 532
117 577
117 602
117 668
513 443
513 552
513 441
513 669
122 38
122 131
122 320
122 404
560 397
580 214
580 398
580 130
580 344
580 67
580 285
137 255
137 313
137 539
137 243
137 140
137 235
137 126
137 307
137 286
322 5
322 10
322 192
322 345
322 347
322 465
322 516
322 537
322 558
322 612
322 632
441 331
245 451
245 265
245 42
407 145
407 451
407 18
407 34
407 190
407 298
407 321
407 365
407 518
407 523
407 532
407 556
474 96
474 149
474 41
474 303
474 429
474 472
474 577
100 147
100 154
100 408
100 604
100 624
365 42
365 165
397 154
397 269
397 624
397 438
566 255
566 38
566 467
566 600
566 164
566 199
566 483
566 514
566 409
566 632
624 512
61 158
61 313
61 481
61 77
61 124
61 125
61 170
61 177
61 265
61 293
61 297
61 450
61 498
61 657
265 313
265 558
265 243
265 481
265 402
558 5
558 158
558 22
558 83
558 192
558 285
558 340
558 462
558 489
558 586
57 11
57 321
57 496
84 601
176 638
176 82
176 130
176 184
176 225
176 285
176 344
176 398
176 423
176 535
336 142
499 278
499 9
499 47
499 48
499 88
499 96
499 112
499 194
499 201
499 212
499 297
499 381
499 421
499 448
499 502
499 595
499 642
499 646
499 674
548 112
548 42
548 68
548 183
548 257
548 358
552 81
552 42
618 231
618 654
618 481
618 21
618 47
618 159
618 212
618 366
618 651
632 539
632 586
632 654
632 421
632 250
632 451
632 561
632 663
632 102
632 347
632 192
632 423
632 308
632 494
674 595
674 108
674 44
674 74
674 193
674 304
674 360
674 417
674 459
674 543
77 608
77 167
77 254
77 450
607 194
125 112
125 297
125 88
125 70
125 446
165 396
165 419
293 170
293 70
18 56
18 178
18 582
47 31
47 148
47 241
47 140
47 144
47 156
47 200
47 208
47 282
47 440
47 466
47 651
47 653
47 660
120 201
120 329
120 615
120 153
120 163
120 286
120 626
149 10
149 294
149 485
149 577
189 255
189 32
189 185
189 324
189 493
189 219
189 295
189 296
189 386
189 658
215 152
215 207
215 48
215 192
215 212
215 329
215 409
363 283
383 653
383 506
383 256
404 414
404 465
404 150
404 244
533 12
533 172
533 188
533 526
533 116
533 187
533 523
533 565
545 212
545 379
545 537
577 181
577 318
577 610
577 582
577 294
577 218
577 347
577 41
577 429
577 472
577 72
577 571
598 302
598 608
598 34
598 512
481 11
481 651
4 337
337 211
211 479
211 389
500 371
500 440
371 278
371 185
371 23
371 197
371 212
371 392
371 440
371 537
440 279
440 207
440 192
440 201
440 212
440 319
440 329
440 366
440 532
440 626
440 651
5 155
5 158
5 181
5 231
5 255
5 278
5 313
5 318
5 339
5 349
5 353
5 443
5 539
5 583
5 586
5 654
155 119
155 297
155 450
158 72
158 92
158 112
158 202
158 308
158 392
158 462
158 628
158 654
231 98
231 102
231 218
231 243
231 464
231 539
231 581
231 608
255 38
255 111
255 269
255 326
255 408
255 419
255 451
255 467
255 524
255 653
255 670
278 21
278 91
278 102
278 185
278 199
278 201
278 303
278 343
278 382
278 426
278 610
278 629
313 96
313 119
313 170
313 450
313 642
318 472
339 244
339 403
339 422
339 522
339 564
349 42
349 97
349 392
349 496
353 345
353 608
443 102
443 243
443 282
539 157
539 218
539 235
539 243
539 271
539 366
539 388
539 602
539 612
583 153
583 192
583 359
583 361
583 626
586 92
586 139
586 144
586 170
586 462
586 613
654 22
654 26
654 48
654 92
654 97
654 291
654 512
654 537
654 602
654 612
54 297
54 381
54 498
105 526
105 169
105 192
105 193
105 273
105 451
105 604
207 152
207 279
207 222
207 48
207 192
207 329
207 626
297 88
297 381
451 396
451 17
451 111
451 127
451 347
451 395
451 480
451 517
451 571
483 668
128 21
128 98
128 185
128 347
128 537
128 579
128 620
128 652
21 185
21 56
21 190
21 199
21 233
21 241
21 253
21 279
21 540
21 663
98 343
98 421
98 564
98 620
98 347
98 269
98 563
185 7
185 32
185 38
185 147
185 219
185 298
185 326
185 343
185 346
185 395
185 515
185 537
185 610
347 250
347 396
347 485
347 31
347 152
347 579
347 556
347 517
347 612
347 218
347 43
347 52
347 358
347 494
347 550
347 615
347 630
537 610
537 660
537 677
537 246
579 23
579 395
620 610
620 152
620 199
620 279
620 102
620 23
620 286
620 345
620 395
620 424
620 629
119 467
119 450
119 174
450 124
450 167
450 70
450 642
72 343
92 26
92 320
92 601
92 612
112 96
112 24
112 236
112 551
112 613
202 97
202 36
202 210
202 364
202 601
202 658
308 396
308 279
308 218
308 423
308 249
392 152
392 97
392 102
392 312
392 159
392 426
392 494
462 582
462 608
628 250
628 326
230 324
230 402
230 423
230 515
230 596
324 7
324 74
324 259
324 272
324 285
324 309
324 343
324 413
324 425
324 493
324 496
324 505
324 550
324 595
324 596
423 493
423 152
423 218
423 192
423 227
423 665
515 467
515 382
515 496
515 570
596 157
596 418
596 220
596 259
596 321
596 44
596 417
596 131
596 285
102 152
102 279
102 212
102 222
102 426
218 243
218 250
218 396
218 31
218 241
218 192
218 380
243 11
243 78
243 140
243 199
243 235
243 286
243 581
243 608
243 677
464 564
464 148
464 663
464 26
464 89
464 269
464 389
581 461
581 254
581 677
581 123
608 31
608 140
608 264
608 271
608 366
608 602
38 546
38 8
38 78
38 108
38 115
38 180
38 259
38 291
38 296
38 321
38 326
38 467
38 604
38 648
111 25
111 274
269 610
269 326
269 396
269 208
269 303
269 42
269 154
269 442
326 11
326 147
326 295
326 388
326 396
326 670
408 638
408 234
408 104
408 253
408 604
408 154
408 621
408 273
408 239
467 11
467 250
467 396
467 193
467 508
467 668
524 296
524 484
524 570
653 148
653 282
653 256
653 506
653 673
670 398
91 11
91 104
91 219
91 234
91 295
199 396
199 23
199 123
199 486
199 668
201 48
201 192
201 212
201 329
201 366
303 194
303 41
303 472
343 7
343 219
343 505
343 530
343 665
382 638
382 493
382 115
382 43
382 272
382 74
382 193
382 417
382 496
382 535
426 489
426 152
426 279
426 146
426 672
610 9
610 194
610 421
610 26
610 253
610 472
629 152
629 279
629 540
629 329
96 472
170 70
642 167
472 194
472 429
472 136
10 15
10 369
10 536
192 152
192 279
192 48
192 329
192 409
192 532
192 626
192 677
465 421
465 295
465 35
465 151
465 113
516 302
516 449
516 329
516 676
516 379
612 42
612 320
612 366
612 486
115 473
115 69
115 273
244 194
244 421
244 564
244 295
244 651
244 422
244 427
244 599
403 12
403 172
403 188
403 190
403 508
403 522
403 563
422 564
422 529
522 582
522 449
522 187
522 549
564 421
564 11
564 529
42 396
42 154
42 391
97 22
97 95
97 239
97 340
97 551
496 108
496 321
496 74
496 193
496 417
496 621
282 148
282 50
282 660
157 20
157 311
157 418
157 550
157 622
235 203
235 140
235 286
271 194
271 121
388 358
602 665
22 485
22 222
83 428
83 253
83 232
285 638
285 493
285 194
285 662
285 550
285 225
285 344
285 535
285 67
340 234
340 46
340 99
340 113
340 217
340 601
340 665
489 9
153 329
153 532
153 307
359 99
359 529
361 48
361 532
613 540
613 401
26 517
48 329
48 409
48 649
291 173
291 180
291 213
291 328
291 509
512 34
512 677
6 638
638 67
638 184
638 194
638 214
638 220
638 253
638 344
638 398
638 535
638 604
638 662
142 449
142 295
142 562
67 493
67 214
67 398
67 130
67 344
67 574
184 136
184 344
194 74
194 219
194 296
194 299
194 448
194 511
194 646
214 43
214 398
214 417
220 29
220 272
220 321
220 357
220 425
253 154
253 391
253 514
253 604
344 662
344 130
344 225
398 635
398 43
535 595
535 425
604 129
604 154
604 273
604 394
604 497
662 20
662 225
7 32
7 493
7 505
32 60
32 386
32 505
493 74
493 180
493 213
493 259
493 509
493 546
493 570
493 665
505 219
505 530
505 574
147 396
147 514
219 595
219 11
219 346
219 544
219 643
219 665
298 129
298 65
298 411
298 591
346 591
395 281
417 595
417 635
417 461
417 259
417 74
417 143
417 193
417 304
417 543
417 621
497 56
497 521
497 591
43 81
43 425
43 272
43 647
193 328
193 595
193 635
193 81
193 296
193 321
193 425
193 44
193 143
193 52
193 287
193 360
193 459
193 543
193 621
193 665
296 173
296 180
296 213
296 648
296 108
296 259
296 550
311 20
311 82
311 418
358 217
358 352
595 546
595 8
595 328
595 9
595 34
595 44
595 108
595 225
595 621
74 108
74 321
74 44
74 304
74 360
74 459
74 543
259 173
259 328
259 648
259 44
259 321
259 509
259 665
272 321
272 287
309 622
309 413
309 554
413 29
413 209
413 246
413 357
425 108
425 360
425 550
550 442
665 488
164 17
164 56
299 646
521 134
521 252
401 233
401 460
11 421
11 90
11 129
11 145
11 250
11 396
11 485
52 356
52 377
52 424
108 635
108 36
108 321
108 360
108 459
108 543
108 621
389 485
389 279
389 424
396 250
396 658
518 582
518 295
570 280
570 225
668 222
668 532
180 8
180 213
180 509
180 648
213 546
213 8
213 509
509 546
546 8
546 328
546 648
9 421
9 511
9 646
88 177
88 498
212 222
212 294
212 677
212 502
381 446
381 498
421 348
421 651
448 646
502 286
502 319
574 134
574 252
574 411
574 627
8 173
8 328
8 648
328 173
328 648
352 294
352 411
78 677
321 44
321 304
321 360
321 459
34 295
44 143
44 360
44 543
621 280
621 304
621 543
511 136
651 663
651 532
651 534
651 599
15 148
15 536
15 678
369 449
369 463
369 486
369 556
536 232
536 241
536 661
148 31
148 200
148 663
678 200
678 333
678 603
294 222
294 236
294 28
294 409
294 429
294 672
485 279
485 380
485 540
449 178
449 582
449 302
449 24
449 310
463 393
463 266
486 582
486 251
486 556
486 320
486 666
556 582
556 24
556 289
556 295
232 428
241 428
241 140
241 460
241 461
241 673
661 663
90 129
90 150
90 600
90 623
129 145
129 150
129 372
129 600
129 623
145 375
145 410
145 623
250 466
150 372
600 65
600 454
623 65
104 234
104 182
104 226
104 454
104 508
234 46
234 454
295 75
295 116
295 391
372 454
375 65
410 65
410 354
46 99
140 203
140 286
140 673
286 279
677 630
466 208
466 333
658 292
658 514
658 109
508 12
508 65
508 169
279 152
279 138
279 424
279 532
380 442
380 75
380 538
540 159
540 197
540 494
540 631
529 461
529 442
12 188
188 190
188 354
188 526
182 357
172 526
526 116
526 187
526 354
526 565
190 563
354 116
354 565
169 280
169 292
169 514
169 456
169 484
116 187
187 523
187 549
56 442
56 650
81 217
132 357
154 257
154 442
284 650
506 256
473 273
273 69
249 391
249 276
276 391
276 131
14 31
14 327
14 393
151 35
151 356
151 377
302 23
302 210
514 280
514 292
514 601
37 138
37 312
37 456
460 391
460 76
461 31
461 327
461 635
461 582
461 631
31 50
31 333
31 393
31 468
31 663
393 50
393 58
393 63
393 208
393 603
50 63
50 277
333 58
333 603
663 660
58 603
63 561
603 200
603 76
20 622
17 152
152 23
152 424
152 494
494 456
494 631
517 390
517 445
517 571
571 106
571 261
571 342
571 376
178 62
178 582
582 24
582 251
582 289
442 660
442 406
442 599
24 236
24 251
251 510
289 222
19 203
19 428
19 561
428 156
428 534
428 673
561 660
156 660
534 406
673 256
622 82
622 418
35 377
35 414
280 36
391 394
131 146
131 141
131 420
159 456
239 160
223 114
223 641
210 588
406 227
329 409
25 274
70 177
70 124
70 167
261 342
498 446
498 657
657 446
429 41
672 649
29 162
29 554
162 357
162 554
357 647
36 292
30 479
479 86
469 106
469 342
476 414
75 488
414 420
420 306
360 143
360 304
360 543
459 143
459 304
543 304
121 283
121 588
121 676
163 216
114 281
283 588
