997
569
926
544
840
238
765
659
927
491
469
715
1013
585
144
322
384
82
342
116
1015
4
5
839
437
1024
520
620
681
967
416
142
692
192
609
187
1028
276
907
1129
9
641
47
1039
338
965
846
353
201
122
125
1132
110
1
1044
985
157
1010
225
425
162
326
790
366
503
204
505
335
900
325
1005
684
792
547
1019
896
611
414
920
756
571
732
465
222
87
978
198
1084
340
178
221
862
727
279
1099
1009
720
42
733
467
319
272
935
1007
261
106
1061
296
670
1018
330
53
770
968
421
583
524
233
206
1055
375
747
331
440
758
1106
674
226
757
761
165
949
1101
28
767
1036
821
848
91
60
1127
99
993
832
746
118
1027
1020
278
859
1113
76
836
370
10
895
150
576
79
540
525
781
637
855
246
1087
494
285
417
352
791
1072
145
447
541
945
472
650
517
593
473
399
22
136
70
812
596
867
383
820
1049
640
391
750
560
759
664
489
724
827
769
180
690
273
604
412
297
849
26
738
415
710
740
755
463
742
1064
995
838
671
349
602
901
107
648
1063
652
911
1030
441
167
943
567
108
799
682
100
529
713
975
990
300
873
498
772
404
958
962
324
186
36
224
446
951
323
143
628
918
179
395
468
1022
745
422
698
430
662
336
1120
459
1125
182
1075
511
78
572
981
283
303
828
680
462
333
30
435
879
586
1111
885
73
573
739
293
317
476
232
96
921
697
800
546
658
1074
649
3
274
1071
34
1021
996
809
170
356
507
80
253
1096
623
1076
314
941
388
1003
362
947
2
479
146
568
1012
955
908
215
553
277
816
1109
910
460
410
354
92
743
1130
508
105
797
408
357
802
922
90
561
587
1046
419
819
264
327
663
16
606
972
1118
218
707
41
311
616
174
257
675
1102
563
288
622
653
883
661
183
737
310
223
843
695
306
199
639
15
961
786
679
860
244
451
725
434
646
548
1085
564
644
1119
523
65
344
374
482
874
814
891
599
887
970
169
298
1079
159
45
1128
1048
704
448
977
615
666
133
841
549
431
919
801
466
788
810
280
423
77
193
337
373
200
1057
766
84
677
678
551
938
372
851
959
387
