0 2
0 7
0 11
0 14
0 29
0 38
0 46
0 60
0 61
0 65
0 73
0 83
0 111
0 121
0 123
0 132
0 134
0 138
0 139
0 180
0 199
1 3
1 5
1 32
1 35
1 37
1 62
1 82
1 96
1 116
1 142
1 172
1 197
2 7
2 11
2 14
2 29
2 38
2 46
2 60
2 61
2 65
2 71
2 73
2 79
2 83
2 111
2 123
2 132
2 134
2 138
2 139
2 180
2 199
3 5
3 32
3 35
3 37
3 42
3 62
3 82
3 96
3 105
3 115
3 116
3 142
3 172
3 188
3 191
3 197
4 27
4 33
4 45
4 74
4 89
4 95
4 103
4 124
4 159
4 164
4 168
5 35
5 37
5 42
5 62
5 82
5 96
5 116
5 142
5 172
5 197
6 114
6 120
6 140
6 182
7 11
7 14
7 16
7 29
7 38
7 46
7 60
7 61
7 65
7 73
7 79
7 83
7 111
7 121
7 123
7 132
7 134
7 138
7 139
7 180
7 199
8 13
8 21
8 23
8 24
8 41
8 56
8 68
8 78
8 81
8 86
8 101
8 107
8 109
8 112
8 150
8 155
8 174
8 176
9 17
9 19
9 26
9 28
9 31
9 33
9 39
9 45
9 48
9 55
9 66
9 72
9 74
9 76
9 84
9 88
9 89
9 92
9 95
9 97
9 102
9 103
9 124
9 143
9 145
9 152
9 154
9 159
9 164
9 165
9 168
9 183
9 196
10 25
10 80
10 91
10 98
10 122
10 141
10 161
10 186
10 189
10 195
11 14
11 38
11 46
11 61
11 65
11 73
11 83
11 111
11 123
11 132
11 134
11 139
11 180
11 199
12 40
12 43
12 51
12 57
12 85
12 106
12 108
12 113
12 117
12 129
12 151
12 175
12 181
13 21
13 24
13 41
13 56
13 101
13 107
13 112
13 176
14 29
14 38
14 46
14 60
14 61
14 65
14 73
14 83
14 111
14 121
14 123
14 132
14 134
14 138
14 139
14 180
14 199
15 36
15 131
15 146
15 158
15 167
15 192
15 193
15 198
16 54
16 79
16 123
16 126
16 148
16 169
16 177
16 180
16 199
17 19
17 28
17 74
17 84
17 95
17 97
17 102
17 103
17 152
17 165
17 168
17 183
17 196
18 20
18 34
18 77
18 104
18 119
18 133
18 137
18 156
18 165
18 166
18 187
18 194
19 28
19 74
19 84
19 95
19 97
19 102
19 103
19 152
19 164
19 165
19 168
19 183
19 196
20 34
20 50
20 100
20 104
20 119
20 133
20 137
20 147
20 149
20 157
20 166
20 194
21 23
21 24
21 41
21 56
21 68
21 78
21 81
21 101
21 107
21 109
21 112
21 155
21 174
21 176
22 52
22 77
22 90
22 162
23 24
23 41
23 56
23 78
23 81
23 86
23 101
23 107
23 109
23 112
23 150
23 155
23 176
24 41
24 56
24 78
24 81
24 86
24 101
24 107
24 109
24 112
24 131
24 150
24 155
24 163
24 174
24 176
25 80
25 91
25 98
25 122
25 141
25 161
25 186
25 189
25 195
26 31
26 48
26 55
26 66
26 70
26 72
26 74
26 76
26 88
26 93
26 103
26 143
26 154
26 173
26 190
27 33
27 45
27 74
27 89
27 95
27 103
27 124
27 159
27 164
27 168
28 74
28 84
28 95
28 97
28 102
28 103
28 152
28 164
28 165
28 168
28 183
28 196
29 46
29 60
29 61
29 65
29 73
29 79
29 83
29 111
29 123
29 132
29 134
29 138
29 139
29 177
29 180
29 199
30 37
30 113
30 117
30 129
30 130
30 163
31 39
31 48
31 55
31 66
31 72
31 74
31 76
31 88
31 92
31 103
31 143
31 154
31 164
31 184
31 190
32 35
32 37
32 82
32 96
32 105
32 116
32 142
32 172
32 188
32 197
33 45
33 74
33 89
33 95
33 103
33 124
33 125
33 143
33 145
33 159
33 164
33 168
34 50
34 100
34 104
34 119
34 133
34 137
34 147
34 149
34 157
34 166
34 194
35 37
35 62
35 82
35 96
35 115
35 116
35 142
35 172
35 188
35 197
36 81
36 131
36 146
36 158
36 192
36 193
36 198
37 42
37 62
37 81
37 82
37 96
37 105
37 115
37 116
37 131
37 142
37 163
37 172
37 188
37 193
37 197
38 46
38 61
38 65
38 73
38 83
38 111
38 123
38 132
38 134
38 138
38 139
38 180
38 199
39 48
39 55
39 66
39 72
39 74
39 76
39 88
39 103
39 143
39 154
39 164
40 43
40 51
40 57
40 85
40 106
40 108
40 113
40 117
40 129
40 151
40 175
40 181
41 49
41 56
41 68
41 78
41 81
41 86
41 101
41 107
41 109
41 112
41 150
41 155
41 174
41 176
42 81
42 96
42 115
42 131
42 142
42 172
42 193
42 197
43 51
43 57
43 85
43 106
43 108
43 113
43 117
43 129
43 151
43 175
43 181
44 53
44 67
44 73
44 118
44 170
45 74
45 89
45 95
45 103
45 124
45 159
45 164
45 168
46 60
46 61
46 65
46 73
46 79
46 83
46 111
46 123
46 132
46 134
46 138
46 139
46 180
46 199
47 100
48 55
48 66
48 72
48 74
48 76
48 88
48 92
48 103
48 143
48 154
48 164
48 190
49 56
49 78
49 81
49 86
49 107
49 112
49 155
49 174
49 193
50 75
50 87
50 92
50 100
50 104
50 110
50 119
50 127
50 128
50 133
50 137
50 144
50 147
50 149
50 157
50 166
50 178
50 194
51 57
51 85
51 106
51 108
51 113
51 117
51 129
51 151
51 175
51 181
52 77
52 90
52 92
52 136
53 67
53 73
53 118
53 170
54 79
54 126
54 148
54 169
54 177
55 66
55 72
55 74
55 76
55 88
55 92
55 103
55 143
55 154
55 164
55 190
56 78
56 81
56 86
56 101
56 107
56 109
56 112
56 150
56 155
56 174
56 176
57 85
57 106
57 108
57 113
57 117
57 129
57 151
57 175
57 181
58 125
58 153
58 158
58 167
59 122
59 161
59 186
59 189
60 61
60 65
60 73
60 83
60 111
60 123
60 132
60 134
60 138
60 139
60 180
60 199
61 65
61 73
61 79
61 83
61 111
61 123
61 132
61 134
61 138
61 139
61 180
61 199
62 81
62 82
62 96
62 115
62 142
62 172
62 197
63 173
64 156
64 171
64 185
64 187
65 73
65 79
65 83
65 111
65 121
65 123
65 132
65 134
65 138
65 139
65 180
65 199
66 72
66 74
66 76
66 88
66 92
66 103
66 143
66 154
66 164
66 184
66 190
67 73
67 118
67 170
68 101
68 107
68 109
68 155
68 174
69 99
69 160
69 181
70 93
70 173
71 143
72 74
72 76
72 88
72 92
72 103
72 143
72 154
72 164
72 184
72 190
73 83
73 111
73 118
73 121
73 123
73 132
73 134
73 138
73 139
73 170
73 180
73 199
74 76
74 84
74 88
74 89
74 92
74 95
74 97
74 102
74 103
74 124
74 143
74 152
74 154
74 159
74 164
74 165
74 168
74 183
74 190
74 196
75 87
75 92
75 100
75 110
75 127
75 128
75 144
75 157
75 178
76 88
76 92
76 103
76 143
76 154
76 164
76 184
76 190
77 90
77 92
77 136
77 187
78 81
78 86
78 101
78 107
78 109
78 112
78 150
78 155
78 174
78 176
79 83
79 111
79 123
79 126
79 134
79 139
79 148
79 169
79 177
79 180
79 199
80 91
80 98
80 122
80 141
80 161
80 186
80 189
80 195
81 82
81 86
81 101
81 107
81 109
81 112
81 115
81 131
81 142
81 155
81 174
81 176
81 193
81 197
82 96
82 115
82 116
82 142
82 172
82 197
83 111
83 121
83 123
83 132
83 134
83 138
83 139
83 180
83 199
84 95
84 97
84 102
84 103
84 152
84 164
84 165
84 168
84 179
84 183
84 196
85 106
85 108
85 113
85 117
85 129
85 151
85 175
85 181
86 101
86 107
86 109
86 112
86 155
86 176
87 100
87 110
87 127
87 128
87 144
87 178
88 92
88 103
88 143
88 154
88 164
88 184
88 190
89 95
89 103
89 124
89 145
89 159
89 164
89 168
91 122
91 141
91 161
91 186
91 189
91 195
92 103
92 110
92 143
92 154
93 173
94 114
94 120
94 140
94 162
94 182
95 97
95 103
95 124
95 152
95 159
95 164
95 165
95 168
95 183
95 196
96 105
96 116
96 142
96 172
96 188
96 197
97 102
97 103
97 133
97 152
97 164
97 165
97 168
97 183
97 196
98 122
98 141
98 156
98 161
98 186
98 187
98 189
98 195
99 135
99 160
99 181
100 104
100 110
100 119
100 127
100 128
100 133
100 137
100 144
100 147
100 149
100 157
100 166
100 178
100 194
101 107
101 109
101 112
101 150
101 155
101 174
101 176
102 152
102 165
102 168
102 183
102 196
103 124
103 143
103 145
103 152
103 154
103 159
103 164
103 165
103 168
103 183
103 190
103 196
104 119
104 133
104 137
104 147
104 149
104 157
104 166
104 187
104 194
105 142
105 172
105 197
106 108
106 113
106 117
106 129
106 151
106 175
106 181
107 109
107 112
107 150
107 155
107 163
107 174
107 176
108 113
108 117
108 129
108 151
108 175
108 181
109 112
109 150
109 155
109 174
109 176
110 127
110 128
110 144
110 178
111 121
111 123
111 132
111 134
111 138
111 139
111 180
111 199
112 150
112 155
112 174
112 176
113 117
113 129
113 151
113 175
113 181
114 120
114 140
114 162
114 182
115 131
115 142
115 163
115 172
115 193
116 142
116 172
116 188
116 197
117 129
117 151
117 175
117 181
118 170
119 133
119 137
119 147
119 149
119 157
119 166
119 194
120 140
120 162
120 182
121 134
121 180
122 141
122 161
122 186
122 189
122 195
123 132
123 134
123 138
123 139
123 180
123 199
124 159
124 164
124 168
125 153
125 158
125 167
126 148
126 169
126 177
127 128
127 144
127 178
128 144
128 178
129 151
129 175
129 181
130 163
131 142
131 163
131 193
131 198
132 134
132 138
132 139
132 180
132 199
133 137
133 147
133 149
133 156
133 157
133 166
133 194
134 138
134 139
134 180
134 199
135 160
135 163
135 181
137 147
137 149
137 157
137 166
137 187
137 194
138 139
138 180
138 199
139 180
139 199
140 162
140 182
140 186
141 186
141 189
141 195
142 172
142 176
142 193
142 197
143 154
143 164
143 184
143 190
144 157
144 178
145 164
146 192
146 198
147 149
147 166
147 194
148 169
148 177
149 157
149 166
149 194
150 155
150 176
151 175
151 181
152 165
152 168
152 183
152 196
153 158
153 167
154 164
154 184
154 190
155 174
155 176
156 171
156 185
156 187
157 166
157 194
158 167
158 198
159 164
159 168
160 181
161 186
161 189
161 195
162 182
163 176
163 193
164 165
164 168
164 183
164 196
165 168
165 183
165 196
166 194
168 183
168 196
169 177
171 185
171 187
172 197
174 176
177 180
177 199
180 199
183 196
185 187
186 189
186 195
189 195
191 193
192 193
192 198
