821
786
67
719
331
205
552
6
575
521
400
295
803
994
571
951
737
386
24
983
405
806
1103
358
520
4
745
31
371
437
45
51
799
893
12
695
40
215
27
560
945
723
268
281
1003
478
641
961
585
696
1102
230
329
330
83
594
690
288
802
243
26
493
382
839
150
33
274
1078
23
835
170
262
263
1117
1049
299
308
166
1005
15
687
937
668
489
427
237
20
333
29
827
869
336
56
277
1124
102
316
613
436
589
888
910
618
5
586
75
159
971
300
182
1128
18
258
990
278
1080
241
192
155
1076
1072
275
383
617
392
681
559
445
732
519
819
675
253
973
380
107
257
384
716
21
195
60
698
527
255
515
1118
1012
428
1038
1105
1125
682
850
958
125
440
1065
81
464
222
906
734
715
119
591
469
363
180
254
494
790
1091
650
398
140
725
143
483
777
694
126
1123
1032
391
404
297
1068
616
397
1114
1018
351
280
190
1122
1
676
730
247
364
553
880
747
62
465
124
96
813
44
1013
48
505
1126
924
153
677
474
1119
110
693
864
449
211
448
3
861
633
286
447
972
1009
526
0
748
1127
1100
699
1021
354
152
818
858
285
39
999
203
1008
442
1014
122
541
133
162
636
298
1041
161
70
595
135
252
1094
758
587
367
1067
876
857
348
77
610
362
576
103
424
602
28
334
794
749
446
882
328
471
468
551
357
431
34
887
376
196
1083
809
908
10
766
93
1121
546
957
1054
1030
540
65
713
702
787
875
2
452
63
17
165
845
722
1106
831
756
46
935
612
868
697
91
991
98
64
59
661
1023
955
789
7
350
244
1115
1019
433
873
665
246
32
454
691
390
84
319
615
808
337
512
996
194
632
94
356
890
614
1086
707
1047
61
1059
735
187
322
43
171
223
417
680
156
656
121
497
992
22
339
733
388
30
1051
178
603
200
731
704
975
929
101
663
1028
852
608
197
118
1075
600
8
989
13
139
19
506
251
14
249
76
727
783
250
389
516
11
218
797
1046
423
111
432
765
232
959
9
66
85
644
106
649
361
313
338
412
927
776
38
892
743
1002
42
762
37
112
420
68
711
370
58
606
57
146
538
1064
655
948
287
224
800
130
109
173
35
368
291
36
854
502
314
204
885
309
1063
978
138
72
599
73
1007
685
915
323
402
573
74
881
54
1101
764
188
174
701
79
128
807
212
781
525
353
549
912
487
435
726
456
242
406
522
315
479
570
500
769
620
210
395
720
411
555
225
822
635
950
172
41
889
302
461
793
213
631
772
115
419
829
269
630
453
134
430
422
742
259
266
638
771
136
1024
860
557
596
1120
671
486
899
326
191
954
270
117
78
964
1092
305
82
824
621
678
292
904
69
583
283
1066
648
327
922
578
647
463
770
753
261
55
814
896
634
609
306
53
849
931
689
533
844
933
956
498
482
50
637
245
49
865
317
394
558
721
97
1132
52
923
324
342
977
710
80
231
651
396
345
123
462
132
837
921
584
508
528
228
114
605
293
949
89
673
658
346
792
940
385
604
47
1033
201
939
365
1073
240
360
99
919
16
746
176
206
607
375
529
826
387
366
408
812
898
1090
163
25
642
71
177
1037
1056
148
507
859
434
622
