388
255
667
140
607
59
580
104
64
465
314
441
231
329
128
583
84
492
402
482
619
176
339
454
232
615
671
46
317
296
521
463
418
584
78
485
500
459
54
298
600
547
324
61
466
235
512
229
220
635
705
612
639
554
60
627
242
706
515
316
269
167
458
241
660
85
408
213
376
659
522
456
624
385
338
684
149
618
455
483
374
121
340
163
335
398
582
18
152
479
425
337
306
325
308
123
171
422
224
11
205
631
386
625
225
676
351
275
80
419
183
451
486
291
481
243
462
372
31
636
30
442
570
207
506
464
261
56
378
265
511
401
34
12
404
541
83
41
69
647
240
537
333
569
616
572
122
438
430
493
389
632
601
52
392
257
409
266
589
245
614
502
457
73
573
535
82
175
106
633
273
136
219
315
318
447
260
190
507
49
58
514
62
581
174
528
150
352
390
222
165
553
256
51
347
98
202
99
57
585
391
362
66
50
208
550
710
143
86
77
387
26
523
