482
312
176
78
695
528
210
315
122
317
453
75
415
567
592
85
634
513
409
6
266
461
351
581
377
119
36
206
693
155
350
370
198
235
610
690
50
478
632
4
1
582
667
58
115
39
111
283
80
53
76
43
319
372
543
136
354
659
228
2
663
443
286
57
569
103
550
688
495
62
161
229
469
566
24
99
37
480
267
220
9
369
324
464
264
538
408
185
59
296
171
48
445
49
30
481
470
381
474
152
188
329
505
61
660
701
133
143
273
172
500
51
504
712
73
257
625
232
616
442
373
591
219
65
459
444
331
683
128
173
455
356
559
268
231
322
425
241
499
182
626
440
69
467
684
213
595
139
124
260
383
164
169
91
419
130
397
515
211
27
605
648
276
212
215
64
314
534
707
134
680
11
175
687
564
240
279
295
159
23
121
26
313
530
112
428
34
558
140
22
275
387
562
476
160
214
285
410
333
96
320
618
479
386
597
209
635
137
366
404
174
82
594
28
589
318
624
328
113
462
32
475
463
457
10
35
60
422
390
477
447
217
606
402
568
116
700
79
189
0
123
388
246
254
38
244
126
56
202
631
407
661
12
535
151
658
414
580
29
177
87
107
493
105
81
46
403
458
375
702
633
157
576
376
344
106
497
262
21
384
25
711
361
84
183
