103
78
290
310
337
377
125
289
260
66
3
191
236
57
301
94
9
25
43
37
42
299
238
134
194
311
20
251
96
169
288
23
351
19
312
60
40
186
284
240
128
138
306
16
205
67
30
45
90
341
178
112
62
21
1
183
361
79
327
5
231
304
104
209
92
18
87
274
56
362
50
46
152
185
69
359
64
245
313
271
88
72
167
163
24
220
265
59
342
41
170
184
329
279
164
367
107
322
7
239
0
241
325
219
171
28
275
317
83
195
318
120
215
106
292
148
4
330
159
76
230
356
156
352
256
198
89
80
58
212
221
97
269
302
314
257
160
331
177
228
276
282
244
253
334
233
199
222
132
123
91
84
145
35
291
333
263
179
254
146
252
85
323
321
283
242
122
133
74
33
98
26
110
165
12
353
347
77
136
118
6
371
151
368
68
99
354
44
81
348
188
237
8
223
61
357
338
346
319
360
114
124
29
17
248
189
71
140
261
63
55
196
86
266
10
369
363
296
249
161
258
206
13
15
53
364
166
355
262
307
264
308
121
155
255
315
75
113
211
216
187
162
153
309
158
218
82
336
365
285
210
297
147
202
303
214
149
129
373
376
175
273
213
280
105
116
300
298
200
370
126
2
93
54
197
235
192
100
51
65
102
372
259
246
201
157
374
11
130
247
22
232
366
27
176
335
137
324
204
224
154
277
52
250
278
95
316
190
39
229
34
349
14
268
207
49
358
294
320
70
115
36
295
350
139
168
234
375
127
111
101
31
32
203
243
131
332
135
217
109
267
