1028
382
205
467
15
474
109
312
894
468
41
233
324
789
80
994
553
41
240
371
459
382
135
169
670
809
177
392
809
307
406
388
146
15
713
205
761
545
670
623
935
584
354
297
443
422
157
387
264
625
707
371
118
177
210
421
338
286
713
226
90
604
159
1020
257
90
503
710
183
152
1007
874
388
388
1070
620
714
357
371
1007
794
197
920
710
391
233
503
491
714
109
789
994
911
264
388
1034
713
354
678
68
42
1012
809
105
622
860
159
839
675
970
841
659
408
452
391
382
421
707
24
1
22
68
714
503
233
627
910
879
608
911
166
68
809
150
126
333
177
427
879
909
1099
68
1007
860
388
991
663
1099
467
152
68
678
105
305
68
1007
41
421
396
529
258
714
152
582
710
620
936
714
68
809
68
828
326
58
920
671
503
631
813
491
710
77
761
809
177
596
177
714
406
541
145
426
159
1109
860
894
860
421
637
659
87
22
210
58
313
740
60
809
766
747
503
809
711
710
68
421
77
589
1007
126
894
1028
388
604
933
538
910
177
846
503
933
766
6
280
127
406
707
608
146
152
627
1048
24
421
4
427
994
22
68
256
789
306
672
291
160
396
1052
623
105
68
503
206
306
177
90
15
582
474
312
15
1007
541
503
970
531
233
627
41
910
135
313
894
789
177
714
166
331
994
740
80
714
467
1034
354
582
517
306
166
421
497
95
160
909
740
796
371
467
1
157
269
178
354
574
17
177
675
215
24
874
182
591
503
740
114
233
1064
529
169
470
911
503
920
4
714
828
761
1094
600
58
177
474
177
553
474
608
910
467
426
459
80
474
839
333
6
894
58
680
426
157
106
4
682
90
486
391
474
714
1080
421
233
809
426
205
994
426
503
894
713
206
293
582
945
474
6
1052
894
1054
206
407
503
371
1048
58
201
497
169
769
421
421
41
1048
46
695
503
920
58
206
603
714
1068
910
910
503
879
205
4
150
670
80
1099
103
920
372
841
293
1028
835
599
1080
301
467
118
201
503
740
768
839
60
87
526
169
1007
177
933
659
382
60
553
491
911
365
970
371
68
707
109
1007
67
6
421
1099
58
467
672
58
503
503
547
354
297
382
421
140
620
169
233
933
426
503
841
297
503
354
177
105
152
233
503
245
101
177
541
632
421
188
32
220
177
382
68
90
210
94
584
90
406
920
1099
474
503
769
408
392
791
114
1048
920
503
215
994
917
24
333
109
177
291
283
410
714
421
396
145
118
264
459
421
357
127
146
177
714
305
58
177
1099
422
421
491
481
152
80
150
426
769
529
471
710
761
42
407
1070
842
671
406
354
1007
