994
196
491
1110
845
1040
354
1077
1057
624
341
898
1098
20
1048
123
163
844
488
337
936
592
250
609
311
1047
1031
698
145
316
614
544
493
528
176
330
460
296
621
574
510
334
937
906
669
658
647
957
700
1081
382
927
92
659
603
836
481
248
896
497
1010
943
1027
32
501
522
976
1052
963
277
95
406
516
1107
881
383
822
155
834
171
554
148
431
457
177
477
612
867
401
632
349
52
151
13
1050
323
257
1015
885
479
930
336
75
329
661
765
866
521
615
80
97
345
830
585
495
297
1033
1032
876
952
764
580
192
1116
254
1036
953
150
744
318
166
734
1028
109
333
762
1114
417
701
317
1013
139
435
260
986
565
604
806
1026
791
535
117
813
157
710
1088
304
299
947
942
1128
631
1035
636
389
619
776
292
273
557
1042
405
923
967
88
1131
51
882
990
562
893
99
193
1002
149
1100
121
559
642
980
28
348
1094
533
870
60
981
755
843
158
182
23
227
455
860
325
808
31
805
875
1
968
635
793
211
655
828
796
56
997
194
832
686
696
735
959
