157
110
103
133
38
260
333
262
371
176
44
346
98
356
219
125
291
7
83
112
279
209
359
106
16
86
225
312
374
144
308
129
85
242
293
249
11
45
357
15
171
81
366
25
48
8
261
102
59
79
340
234
332
6
211
109
10
248
132
256
364
4
298
247
200
130
128
297
131
3
107
365
135
349
180
181
21
321
183
65
92
238
127
23
5
104
116
175
182
126
375
264
50
72
22
193
99
13
20
184
158
139
67
330
214
29
115
17
177
105
97
300
159
358
216
258
64
78
354
378
353
75
185
117
87
14
94
377
0
223
363
96
166
343
57
270
46
222
155
236
313
367
154
41
169
51
123
360
273
82
339
376
224
230
194
331
39
199
195
93
88
168
325
257
43
80
212
188
215
299
84
119
237
306
228
274
334
206
9
296
149
186
205
239
233
12
134
203
49
