337
136
30
364
215
211
328
323
130
377
174
216
23
19
24
51
163
119
288
96
187
218
142
312
152
145
56
117
347
36
179
291
22
214
46
115
334
40
63
37
11
237
307
368
141
315
367
210
232
244
21
313
165
99
254
147
59
189
122
26
236
180
204
182
267
221
332
292
86
113
106
304
177
188
60
257
290
68
281
245
83
296
335
333
79
156
329
203
42
294
293
217
116
372
250
159
4
61
175
295
84
378
114
362
201
239
102
72
270
50
280
140
31
57
224
160
339
318
325
219
305
234
343
376
226
74
90
0
112
118
273
2
124
67
275
65
10
137
134
349
297
303
373
246
200
298
149
249
338
207
289
128
265
268
34
277
157
101
369
154
27
306
252
82
15
48
94
41
317
199
196
311
7
123
52
131
194
371
331
169
358
212
374
167
256
263
274
14
125
285
192
12
5
223
365
238
241
248
181
43
208
271
139
148
302
300
319
150
366
77
73
346
6
235
47
213
9
247
228
55
76
310
170
322
111
54
1
242
227
355
348
95
78
195
88
251
80
168
143
87
32
66
70
375
260
324
45
357
64
144
71
363
81
350
354
121
282
162
28
18
342
258
17
243
190
146
353
284
104
100
231
138
108
62
327
120
233
287
276
205
352
266
39
75
202
191
49
110
8
89
220
320
193
109
209
356
25
58
185
176
336
321
33
301
361
151
229
255
29
253
222
314
330
35
278
279
135
206
44
198
269
97
286
309
129
370
20
178
133
85
53
3
158
69
316
359
16
161
13
230
38
