0 397
0 416
1 36
1 177
1 193
1 505
1 531
2 46
2 191
2 335
2 545
3 27
3 202
3 205
3 237
3 239
3 243
3 284
3 290
3 309
3 313
3 362
3 367
3 385
3 459
3 482
3 534
4 146
4 155
4 274
4 335
4 470
4 551
5 256
5 335
5 459
5 495
6 82
6 142
6 168
6 250
6 366
6 370
6 421
6 424
6 476
6 500
7 24
7 125
7 166
7 177
7 282
7 312
7 368
7 414
7 430
7 474
8 362
8 367
8 475
9 337
9 342
9 374
9 390
9 396
9 425
9 428
9 501
9 558
9 569
10 215
10 325
10 377
10 467
10 520
11 17
11 261
11 419
11 488
12 19
12 35
12 147
12 253
12 513
12 540
13 14
13 28
13 53
13 109
13 153
13 214
13 232
13 273
13 280
13 348
13 357
13 369
13 455
13 459
13 502
13 524
14 28
14 53
14 214
14 241
14 273
14 348
14 357
14 455
14 461
15 85
15 346
16 126
16 185
16 191
16 208
16 264
16 533
17 119
17 151
17 261
17 263
17 294
17 314
17 333
17 398
17 417
17 423
18 426
18 457
18 543
19 34
19 61
19 74
19 114
19 118
19 253
19 341
19 349
19 361
19 422
19 426
19 440
19 457
19 493
19 550
20 293
20 340
20 352
20 542
21 31
21 200
21 373
21 381
21 435
22 140
22 193
22 297
22 300
22 358
22 364
22 529
23 51
23 67
23 267
23 289
23 304
23 371
23 396
23 425
23 428
23 491
23 523
23 558
24 60
24 99
24 116
24 200
24 282
24 312
24 363
24 368
24 460
24 474
25 151
25 263
25 333
26 46
26 149
26 431
26 448
27 202
27 205
27 237
27 290
27 385
28 53
28 59
28 81
28 214
28 222
28 232
28 241
28 273
28 348
28 357
28 455
28 461
28 569
29 131
29 159
29 170
29 252
29 291
29 325
29 442
29 567
30 195
30 206
30 210
30 319
30 350
30 392
30 538
31 200
31 368
31 373
31 381
31 405
31 435
31 511
32 101
32 376
32 528
33 156
33 298
33 351
33 508
33 549
34 118
35 179
35 279
35 294
35 329
35 346
35 552
35 568
36 177
36 193
36 331
36 505
37 59
37 130
37 181
37 182
37 189
37 197
37 237
37 295
37 308
37 309
37 396
37 541
38 386
38 474
38 478
38 529
39 221
39 297
39 328
39 359
39 486
40 111
40 126
40 164
40 245
40 310
41 212
41 437
42 45
42 85
42 268
43 178
43 247
43 254
43 300
43 386
43 430
43 438
43 561
44 349
45 61
45 85
46 62
46 71
46 76
46 124
46 148
46 149
46 173
46 180
46 317
46 325
46 335
46 374
46 431
46 442
46 448
46 545
47 69
47 186
47 220
47 322
47 383
48 137
48 297
48 326
49 207
49 217
49 323
49 351
49 375
49 427
50 65
50 113
50 198
50 343
50 355
51 67
51 267
51 304
51 371
51 376
51 415
51 491
51 523
52 104
52 227
52 503
52 512
53 81
53 124
53 125
53 138
53 149
53 214
53 232
53 241
53 273
53 348
53 350
53 357
53 396
53 412
53 461
53 555
54 65
54 294
54 379
55 93
55 371
55 376
55 388
56 92
56 94
56 139
56 159
56 180
56 325
57 538
58 175
59 81
59 108
59 144
59 182
59 189
59 197
59 222
59 256
59 267
59 295
59 365
59 396
59 450
59 496
59 569
60 116
60 363
60 368
60 531
61 253
61 314
61 349
61 398
61 457
61 546
62 159
62 173
62 344
62 479
62 501
62 509
62 528
62 545
63 269
63 352
63 387
63 391
63 448
64 539
65 113
65 198
65 240
65 294
65 343
65 354
65 456
65 552
66 203
66 304
67 86
67 214
67 289
67 304
67 327
67 371
67 491
67 523
68 198
68 341
68 465
68 497
68 518
69 186
69 220
70 108
70 116
70 128
70 199
70 216
70 320
70 396
70 435
70 460
70 496
71 234
71 267
71 274
71 374
71 463
71 485
71 509
71 510
72 79
72 100
72 107
72 143
72 187
72 231
72 255
72 270
72 275
72 404
72 406
72 411
72 466
73 76
73 219
73 293
73 420
73 448
74 253
74 294
74 398
74 563
75 294
75 314
75 465
75 493
76 148
76 420
76 448
77 373
77 388
77 458
77 472
77 549
78 423
78 452
78 471
78 544
79 88
79 107
79 126
79 143
79 215
79 231
79 255
79 311
79 324
79 411
79 418
79 477
79 533
79 554
79 569
80 110
80 436
80 476
81 87
81 222
81 256
81 273
81 304
81 374
81 376
81 388
81 396
81 411
81 428
81 523
81 569
82 315
82 366
82 370
82 476
83 413
84 94
84 124
84 389
84 429
84 442
84 522
84 527
85 224
85 257
85 278
85 398
85 423
85 444
85 471
85 539
86 186
86 202
86 213
86 248
86 276
86 304
86 327
86 338
86 382
86 445
86 491
86 521
86 547
87 95
87 122
87 183
87 186
87 220
87 304
87 306
87 323
87 374
87 376
87 388
87 428
87 441
87 521
87 566
88 215
88 477
89 90
89 344
89 501
90 99
90 132
90 226
90 344
90 373
90 405
90 492
90 501
90 511
90 528
91 232
91 266
91 348
91 396
91 494
91 502
92 94
92 180
92 325
93 97
93 101
93 105
93 109
93 159
93 165
93 249
93 267
93 283
93 337
93 342
93 356
93 371
93 374
93 376
93 388
93 393
93 415
93 425
93 458
93 463
93 494
93 548
93 549
93 558
94 109
94 159
94 317
94 325
94 527
95 186
95 441
95 521
95 566
96 101
96 129
96 167
96 176
96 322
96 327
96 374
96 376
96 388
96 431
96 560
97 109
97 125
97 234
97 356
97 393
97 494
98 297
98 336
98 359
98 474
98 478
98 562
98 564
99 226
99 373
99 492
99 501
99 511
99 528
100 231
100 270
100 275
100 377
100 402
100 404
100 466
101 105
101 129
101 165
101 176
101 201
101 283
101 337
101 342
101 374
101 376
101 388
101 415
101 425
101 428
101 458
101 528
101 548
101 549
101 558
102 156
102 353
103 125
103 146
103 208
103 274
103 318
103 374
103 411
103 414
103 470
103 523
103 551
104 192
104 471
104 514
104 516
104 525
105 132
105 201
105 283
105 337
105 342
105 373
105 388
105 458
105 472
105 549
105 562
106 116
106 454
107 143
107 223
107 231
107 255
107 308
108 125
108 128
108 166
108 197
108 200
108 216
108 223
108 295
108 320
108 342
108 365
108 414
108 464
108 484
108 487
108 569
109 159
109 271
109 325
109 356
109 369
109 393
109 494
109 555
110 451
110 476
111 126
111 128
111 164
111 185
111 223
111 230
111 245
111 264
111 305
111 310
111 533
112 205
112 237
112 256
112 290
112 524
114 341
115 135
115 421
115 476
116 272
116 454
116 460
117 130
117 396
117 408
117 463
117 535
118 349
118 397
118 546
119 398
119 423
120 282
120 312
120 474
120 501
121 497
121 518
122 306
122 441
123 159
123 168
123 296
123 378
123 424
124 136
124 139
124 149
124 232
124 316
124 352
124 389
124 391
124 429
124 522
124 527
125 166
125 234
125 245
125 264
125 273
125 318
125 320
125 363
125 374
125 406
125 411
125 414
125 474
125 531
125 533
126 154
126 164
126 185
126 245
126 264
126 305
126 310
126 533
127 138
127 152
127 229
127 241
127 327
127 348
128 216
128 223
128 318
128 365
128 435
128 460
128 487
128 569
129 176
129 322
129 374
129 376
129 388
130 181
130 197
130 237
130 308
130 309
130 396
130 408
130 463
130 535
130 541
131 170
131 252
131 291
131 330
131 352
131 389
131 420
131 442
132 200
132 344
132 373
132 374
132 405
132 496
132 501
132 562
133 180
134 266
134 443
134 481
135 174
135 476
135 498
136 192
136 221
136 328
136 352
137 297
137 326
137 328
137 364
138 152
138 217
138 229
138 241
138 306
138 348
138 396
139 159
139 232
139 325
140 297
140 529
141 150
141 160
141 261
141 343
142 192
142 307
142 336
142 421
143 184
143 215
143 231
143 255
143 270
143 411
143 533
144 197
144 365
145 490
145 537
146 155
146 274
146 301
146 335
146 470
146 510
146 551
147 540
148 149
148 369
148 374
148 378
148 545
148 564
149 159
149 232
149 269
149 317
149 352
149 369
149 378
149 391
149 393
149 415
149 429
149 432
149 442
149 448
149 489
149 527
149 528
149 555
150 419
151 169
151 261
151 263
151 400
152 229
152 241
152 348
153 262
153 502
154 191
154 233
154 245
154 406
155 191
155 274
155 335
155 470
155 551
156 298
156 351
156 353
156 399
156 508
156 549
157 215
157 231
158 224
159 232
159 271
159 325
159 339
159 494
159 504
159 545
160 261
161 314
162 181
162 222
162 308
162 450
162 535
162 569
163 172
163 190
163 246
163 286
163 288
163 361
163 540
163 546
164 185
164 245
164 264
164 305
164 310
164 533
165 201
165 376
165 388
165 425
165 428
165 548
165 549
165 558
166 223
166 320
166 414
167 382
167 445
167 521
168 380
169 261
170 252
170 330
170 409
170 567
171 366
171 500
172 188
172 190
172 286
172 288
172 361
172 426
172 439
172 519
173 344
173 501
173 509
174 191
174 370
174 436
174 451
175 263
175 278
176 302
176 374
176 376
176 388
176 415
176 528
177 193
177 312
177 331
177 358
177 474
177 505
178 247
178 254
178 430
178 438
178 501
178 561
179 279
180 325
180 522
181 197
181 308
181 535
181 541
182 189
182 209
182 243
182 295
182 433
183 220
183 241
183 322
183 323
183 350
183 526
184 215
184 411
185 191
185 208
185 245
185 264
185 305
185 310
185 533
186 202
186 207
186 213
186 220
186 276
186 327
186 338
186 383
186 441
186 521
186 526
186 547
186 566
187 231
187 238
187 275
187 320
187 404
187 406
187 411
188 314
188 439
188 449
189 295
189 392
190 286
190 288
190 361
191 208
191 233
191 245
191 264
191 297
191 318
191 324
191 335
191 345
191 406
191 413
191 533
191 553
192 227
192 307
192 444
192 512
192 516
192 565
193 312
193 358
194 213
194 283
194 351
194 365
194 441
194 547
195 206
195 210
195 241
195 319
195 538
196 198
196 493
196 563
197 200
197 223
197 236
197 295
197 308
197 365
197 396
197 408
197 487
197 541
197 569
198 465
198 497
199 216
199 320
199 396
199 496
200 295
200 368
200 373
200 374
200 381
200 435
200 458
200 460
200 496
200 511
201 342
201 373
201 376
201 388
201 425
201 428
201 472
201 549
202 205
202 213
202 237
202 256
202 276
202 284
202 290
202 309
202 385
202 459
202 521
202 547
203 415
204 243
204 321
204 534
205 237
205 256
205 284
205 290
205 309
205 362
205 385
205 459
205 475
205 524
206 210
206 319
206 538
207 214
207 217
207 322
207 323
207 338
207 351
207 375
207 427
207 526
208 245
208 264
208 406
208 411
208 505
208 533
209 243
209 259
209 392
210 241
210 319
210 350
210 538
211 380
211 420
212 543
212 544
213 276
213 283
213 441
213 521
213 547
214 232
214 241
214 322
214 357
214 461
214 526
215 231
215 238
215 275
215 287
215 325
215 377
215 411
215 418
215 520
216 320
216 411
216 464
216 484
216 487
217 306
217 323
217 351
217 375
217 427
217 441
217 482
217 538
217 559
218 333
218 343
218 355
218 395
218 419
219 387
219 420
220 323
221 297
221 328
221 486
222 308
222 450
222 569
223 308
223 320
223 365
224 346
224 546
225 278
225 539
226 373
226 492
226 511
227 261
227 265
227 410
227 423
227 512
227 516
227 557
228 423
228 444
229 241
229 348
230 243
230 272
230 384
231 255
231 270
231 275
231 404
231 411
231 418
231 466
231 477
231 533
231 569
232 248
232 258
232 348
232 352
232 389
232 391
232 494
233 245
233 406
233 413
234 274
235 292
235 437
236 408
236 463
236 569
237 239
237 243
237 256
237 284
237 290
237 308
237 309
237 313
237 362
237 385
237 459
237 524
237 541
238 287
238 320
238 377
238 404
238 464
238 477
238 520
239 313
239 362
239 367
239 475
239 536
240 343
240 354
240 456
240 552
241 319
241 348
241 350
241 357
241 441
241 461
242 561
243 260
243 388
243 392
243 433
243 472
243 482
243 549
244 430
244 474
244 501
245 251
245 264
245 305
245 310
245 318
245 406
245 531
245 533
246 539
246 546
247 254
247 430
247 438
247 501
247 561
248 327
249 374
249 388
250 372
250 498
251 345
252 330
253 294
253 349
253 361
253 449
253 513
254 430
254 438
254 545
254 561
255 311
255 324
255 411
255 533
256 273
256 290
256 309
256 325
256 401
256 433
256 443
256 447
256 450
256 453
256 459
256 495
256 524
257 400
257 407
257 480
258 494
260 277
260 490
260 534
261 263
261 403
261 419
261 530
262 502
263 268
263 333
263 395
263 462
263 512
264 305
264 310
264 318
264 533
265 410
265 512
265 557
266 285
266 443
266 481
266 494
267 304
267 376
267 396
267 425
267 428
267 450
267 463
267 485
267 496
267 523
267 558
268 462
269 352
269 391
269 415
269 429
269 448
270 275
270 404
270 466
270 533
271 303
271 459
271 494
272 384
273 285
273 357
273 396
273 412
273 450
273 461
273 468
273 524
274 335
274 470
274 551
275 404
275 411
275 466
276 521
276 547
277 490
278 397
278 539
280 313
280 350
280 392
280 475
280 524
281 351
281 365
281 508
282 312
282 368
282 474
282 501
283 388
283 441
283 547
283 549
284 290
284 309
284 362
284 459
284 475
285 443
285 524
286 288
286 334
286 540
287 325
287 377
287 433
287 467
287 520
288 314
288 449
288 519
289 371
290 309
290 362
290 385
290 446
290 459
290 475
290 524
290 569
291 389
292 437
294 314
294 329
294 349
294 422
294 552
294 568
295 308
295 392
295 396
296 378
296 424
296 504
297 328
297 336
297 359
297 364
297 529
297 545
298 399
299 339
299 494
300 364
300 386
301 504
302 528
304 327
304 371
304 374
304 376
304 388
304 415
304 428
304 491
304 523
305 310
305 533
306 323
306 441
307 421
308 309
308 396
308 414
308 450
308 463
308 487
308 541
308 569
309 447
309 459
309 541
310 533
311 324
311 411
311 533
312 358
312 368
312 474
312 501
312 561
313 362
313 367
313 473
313 475
313 494
313 507
313 524
313 536
314 334
314 361
314 398
314 426
314 439
314 449
314 471
314 519
316 522
317 325
317 442
317 489
317 499
318 324
318 414
318 487
318 533
319 538
320 404
320 414
321 534
322 327
322 383
322 526
323 350
323 351
323 375
323 427
324 411
324 484
324 533
325 339
325 377
325 394
325 431
325 467
325 504
325 520
327 415
327 547
328 359
328 364
328 545
329 349
329 379
329 422
330 442
331 505
332 350
332 392
332 441
332 464
332 538
332 559
333 419
335 459
335 470
335 551
336 359
336 372
337 342
337 388
337 425
337 428
337 458
337 549
337 558
338 382
338 445
338 526
339 394
339 459
339 494
339 504
340 542
341 518
342 365
342 388
342 425
342 428
342 458
342 549
342 558
343 419
344 501
344 509
346 398
346 400
347 476
348 357
348 412
348 455
349 397
349 517
350 392
351 365
351 375
351 427
351 508
351 549
352 387
352 389
352 391
352 429
352 448
354 456
354 552
356 393
356 494
357 455
357 461
360 432
360 448
360 483
360 555
361 426
361 437
361 519
362 367
362 475
363 368
363 496
364 545
365 388
365 508
366 370
367 475
367 536
368 430
368 435
368 474
368 496
368 531
369 374
369 411
369 448
369 474
369 545
370 451
370 476
371 376
371 388
371 491
371 523
372 498
373 374
373 381
373 388
373 405
373 435
373 458
373 472
373 492
373 511
374 376
374 388
374 390
374 393
374 415
374 428
374 458
374 501
374 523
374 558
374 569
375 427
376 388
376 415
376 425
376 428
376 523
376 528
376 549
377 402
377 520
378 424
378 451
379 422
380 420
381 405
381 435
382 445
383 441
385 446
385 569
386 478
386 529
386 564
387 555
388 415
388 425
388 428
388 458
388 472
388 509
388 549
389 522
390 569
391 429
391 448
392 473
392 494
393 494
395 556
396 408
396 414
396 425
396 428
396 450
396 463
396 468
396 496
396 502
396 535
396 558
397 469
398 539
400 407
400 480
401 453
403 512
404 411
404 466
405 435
406 411
407 480
408 463
408 535
408 569
409 518
409 567
410 423
410 512
410 557
411 533
412 461
413 553
415 523
415 528
415 555
416 469
418 477
418 554
418 569
420 555
421 500
422 513
422 532
422 568
423 444
423 471
423 525
423 557
425 428
425 458
425 548
425 549
425 558
426 437
426 449
426 519
428 549
428 558
429 448
429 522
430 474
430 509
430 531
430 561
431 445
432 483
434 437
435 460
436 451
438 501
438 561
439 449
441 521
441 547
441 559
441 566
442 489
442 498
442 499
442 527
443 447
443 481
443 524
444 512
444 565
445 560
446 569
447 459
448 555
449 471
449 519
450 496
450 569
454 537
456 552
457 543
458 549
463 485
463 535
464 477
464 484
464 487
465 493
465 518
465 550
467 520
470 551
471 525
472 549
473 494
473 507
473 524
474 496
474 501
474 531
475 536
477 554
477 569
478 529
478 564
479 528
482 559
483 555
484 487
487 569
489 499
489 527
491 523
492 511
493 563
494 507
494 524
496 531
497 518
501 509
501 528
501 558
505 531
506 515
507 524
508 549
509 531
509 561
512 557
512 565
513 532
513 568
514 525
515 556
521 547
521 566
522 527
531 561
531 564
532 568
538 559
540 546
543 544
548 558
552 568
561 564
562 564
