345
24
354
703
197
53
28
304
89
125
487
181
132
19
355
33
292
384
675
391
51
60
388
420
654
64
335
334
42
440
610
398
587
320
124
166
59
567
149
189
455
239
599
46
594
11
14
340
103
365
485
688
343
683
366
431
35
26
546
407
165
445
0
230
482
309
201
231
76
13
205
370
404
39
497
3
417
361
295
305
318
357
376
673
469
428
588
267
499
401
484
48
529
21
56
2
73
5
496
626
352
347
238
430
408
456
375
387
477
380
544
436
69
620
495
80
687
287
632
399
294
77
568
104
690
451
616
597
504
612
17
581
677
29
43
41
98
631
448
139
461
569
586
591
333
188
314
63
528
32
592
291
221
116
664
117
6
600
559
406
606
72
505
439
20
627
88
8
427
214
302
34
293
356
79
604
311
30
78
508
416
549
31
488
707
10
535
40
444
281
625
437
127
325
263
62
260
575
658
643
49
541
15
328
184
573
222
50
71
206
536
45
331
506
315
613
23
270
540
489
285
422
676
518
605
322
650
483
453
129
119
636
578
491
501
602
44
74
227
410
112
4
490
18
394
289
27
360
593
378
36
273
500
70
665
644
630
585
150
243
476
282
446
22
405
90
621
522
396
99
470
371
409
346
145
344
154
217
393
510
550
424
66
288
530
118
397
310
668
486
601
523
671
645
596
519
174
414
317
290
471
373
82
545
660
75
86
413
479
463
472
526
457
435
52
114
534
158
561
553
312
351
628
411
648
65
452
377
533
678
321
419
689
115
175
667
342
542
402
326
507
303
580
81
386
195
297
171
527
1
152
478
54
509
55
458
12
57
415
83
135
58
454
554
465
136
327
337
608
61
372
570
283
359
241
229
16
106
385
560
524
551
576
240
502
590
618
670
473
622
113
284
368
494
358
623
85
679
680
105
481
367
67
329
9
37
480
7
87
464
474
247
349
521
220
572
466
319
539
421
167
242
498
634
120
84
91
515
558
603
262
94
348
579
681
38
374
475
25
277
108
565
390
562
213
100
92
101
96
330
443
172
364
95
629
661
426
97
93
307
441
493
467
637
68
236
261
624
669
313
607
537
278
442
47
557
271
449
589
102
381
215
109
207
248
577
110
111
107
425
516
234
216
582
429
547
403
513
450
