0 4
0 39
0 78
0 104
39 11
39 18
39 23
39 60
39 63
39 74
39 84
39 94
39 95
78 14
78 45
78 46
104 18
104 103
11 55
11 56
11 57
11 74
11 92
18 61
18 76
23 32
23 5
23 22
23 38
23 74
60 47
60 76
60 24
60 94
60 96
63 32
63 88
63 84
74 64
74 90
74 95
74 91
94 96
94 71
94 79
95 32
95 64
95 10
95 33
95 44
95 106
14 55
14 52
45 51
45 107
45 54
45 46
45 28
45 98
46 51
46 107
46 15
103 52
103 40
1 51
1 81
1 107
51 28
51 30
51 49
51 72
51 81
81 19
28 88
28 30
30 20
30 49
49 88
49 72
72 92
19 54
19 24
2 9
2 32
2 50
2 64
2 101
2 102
9 64
9 101
32 10
32 22
64 62
64 90
64 101
102 43
102 105
10 89
22 6
22 7
22 35
22 82
22 83
22 111
62 82
90 100
90 5
90 25
90 41
90 43
90 67
90 69
90 29
90 37
90 58
90 59
90 87
90 112
43 5
43 25
43 29
43 67
43 77
43 99
105 85
105 67
105 93
105 29
3 85
85 25
85 41
85 44
85 47
85 69
85 93
25 100
25 5
25 21
25 29
25 58
25 87
25 93
41 5
41 29
41 36
41 38
41 48
41 58
41 67
41 69
41 75
41 99
41 110
44 12
44 36
47 12
47 13
47 52
47 76
47 79
69 5
69 48
69 67
69 8
69 29
69 77
69 99
93 5
93 48
93 99
5 48
5 77
5 88
48 21
48 58
88 76
38 7
38 54
38 58
38 61
21 57
21 12
21 17
21 99
21 108
21 109
29 67
29 57
29 27
29 99
58 27
87 27
87 37
87 59
87 112
36 67
36 99
67 110
75 8
75 110
99 70
110 89
76 54
76 96
37 112
59 112
6 7
6 35
6 73
6 82
6 83
7 35
7 54
7 82
7 83
35 83
82 83
111 55
111 68
89 27
89 91
26 17
26 106
17 27
17 108
106 80
55 16
55 56
56 42
56 52
57 92
92 13
16 42
42 52
13 34
68 66
12 97
97 109
109 66
79 96
79 70
34 98
40 24
15 86
86 65
65 31
96 24
53 80
