264
305
170
93
262
60
31
51
96
17
242
86
212
53
238
61
214
16
245
257
272
8
67
97
9
195
85
69
127
225
83
207
172
156
99
87
221
188
122
108
204
135
163
6
252
173
105
314
81
103
324
131
197
268
178
315
309
234
285
3
94
320
111
304
325
100
21
219
50
125
23
250
236
29
74
34
286
63
0
233
302
77
256
148
27
235
310
59
171
265
169
255
12
201
141
323
154
120
133
78
42
36
26
299
271
147
316
211
73
140
76
109
303
44
227
258
65
185
208
279
82
289
75
200
151
136
261
216
54
295
110
273
28
306
281
181
278
2
249
232
203
45
277
274
79
239
84
165
174
138
22
313
7
101
114
95
159
56
321
24
259
150
263
244
199
13
240
39
317
247
134
280
144
132
300
176
115
182
167
190
160
33
196
92
57
91
52
322
30
72
128
290
64
294
119
284
