0 6
0 54
0 256
0 322
0 361
0 388
0 454
0 534
0 565
0 610
0 679
0 695
0 723
0 729
6 5
54 15
54 38
54 42
54 45
54 99
54 126
54 132
54 146
54 178
54 180
54 187
54 275
54 319
54 328
54 342
54 352
54 389
54 418
54 472
54 551
54 559
54 562
54 608
54 609
54 613
54 784
256 5
256 265
256 322
256 349
256 610
256 695
256 723
256 743
322 203
322 361
322 424
322 454
322 497
322 619
322 765
361 16
361 41
361 70
361 286
361 316
361 340
361 454
361 610
361 671
361 705
361 718
388 185
388 349
388 469
388 487
388 547
388 567
388 619
388 628
454 16
454 101
454 102
454 116
454 133
454 159
454 359
454 406
454 461
454 497
454 511
454 610
454 660
454 695
454 736
534 265
534 28
534 32
534 33
534 39
534 42
534 93
534 126
534 131
534 153
534 161
534 178
534 207
534 254
534 299
534 303
534 328
534 331
534 340
534 344
534 363
534 375
534 456
534 495
534 511
534 526
534 551
534 557
534 562
534 596
534 641
534 642
534 671
534 727
534 743
565 102
565 121
565 187
565 189
565 194
565 200
565 224
565 266
565 296
565 328
565 363
565 418
565 445
565 459
565 469
565 519
565 523
565 541
565 610
565 660
565 690
565 704
565 732
565 756
565 778
565 788
610 294
610 41
610 76
610 102
610 208
610 323
610 569
610 723
679 110
679 116
679 153
679 211
679 323
679 692
679 758
679 767
695 5
695 41
695 42
695 65
695 102
695 153
695 177
695 222
695 251
695 275
695 286
695 323
695 349
695 497
695 519
695 529
695 549
695 564
695 620
695 628
695 660
695 668
695 683
695 736
695 747
695 770
723 141
723 171
729 1
729 53
729 78
729 94
729 122
729 132
729 201
729 217
729 224
729 240
729 293
729 319
729 334
729 360
729 363
729 424
729 431
729 435
729 449
729 496
729 526
729 546
729 568
729 615
729 620
729 641
729 666
729 685
729 705
729 765
729 774
5 349
5 469
5 497
5 633
15 37
15 267
15 233
15 122
15 209
15 272
15 429
38 413
38 138
38 275
38 214
38 499
42 356
42 37
42 571
42 686
42 437
42 559
42 131
42 177
42 275
42 331
42 375
42 511
42 529
42 551
42 671
42 683
42 704
45 294
45 33
45 559
45 549
45 789
45 90
45 95
45 167
45 431
45 504
45 616
45 688
45 768
99 559
99 554
99 18
99 94
99 681
99 708
99 740
99 768
126 190
126 171
126 16
126 328
126 272
126 28
126 51
126 84
126 151
126 167
126 178
126 204
126 207
126 275
126 334
126 345
126 375
126 434
126 504
126 523
126 615
126 634
126 654
126 660
126 683
126 745
132 698
132 24
132 161
132 687
132 709
132 424
132 481
132 53
132 321
132 435
132 449
132 520
132 615
132 620
132 641
132 673
146 294
146 262
146 308
146 559
146 352
146 511
146 480
146 681
146 375
146 201
146 768
146 312
146 654
146 222
178 190
178 469
178 171
178 568
178 56
178 615
178 619
178 84
178 671
178 52
178 204
178 270
178 303
178 334
178 476
178 567
178 603
178 634
178 745
180 294
180 571
180 16
180 551
187 71
187 111
187 602
187 47
187 714
187 325
187 143
187 160
187 188
187 300
187 378
187 389
187 527
187 557
187 640
187 697
187 705
275 33
275 37
275 200
275 344
275 267
275 437
275 328
275 330
275 495
275 537
275 374
275 272
275 511
275 774
275 27
275 55
275 72
275 133
275 137
275 167
275 221
275 266
275 389
275 562
275 563
275 584
275 613
275 615
275 739
275 761
319 662
319 52
319 239
319 609
319 749
328 37
328 200
328 778
328 732
328 16
328 11
328 28
328 266
328 292
328 293
328 297
328 410
328 418
328 445
328 523
328 535
328 541
328 606
328 629
328 660
328 690
342 1
342 172
342 286
342 435
342 613
342 704
352 344
352 16
352 360
352 452
352 518
352 538
352 632
352 705
352 718
389 147
389 171
389 195
389 559
389 47
389 51
389 642
389 596
389 188
389 300
389 148
389 160
389 221
389 359
389 640
418 778
418 732
418 445
418 756
418 293
418 409
418 541
418 589
418 609
418 629
418 690
472 551
472 504
472 239
551 648
551 613
551 297
551 608
551 360
559 294
559 556
559 323
559 71
559 171
559 262
559 540
559 780
559 13
559 402
559 18
559 32
559 51
559 58
559 93
559 94
559 101
559 105
559 143
559 148
559 188
559 224
559 228
559 247
559 272
559 300
559 310
559 327
559 345
559 351
559 374
559 399
559 431
559 460
559 465
559 486
559 496
559 554
559 596
559 600
559 642
559 654
559 683
559 688
559 697
559 714
559 740
559 757
562 474
562 456
562 374
562 272
562 185
562 345
562 101
562 496
562 716
562 375
562 152
562 194
562 231
562 259
562 584
562 660
562 740
562 768
608 554
608 784
608 613
608 683
608 768
609 408
609 232
609 386
609 179
609 238
609 239
609 301
609 515
609 763
613 292
613 32
613 433
784 16
784 384
784 137
784 271
784 277
784 378
784 415
784 526
784 747
784 766
265 348
265 441
265 558
349 102
349 633
349 704
743 519
743 736
743 746
743 334
743 55
743 620
348 408
348 273
348 693
348 537
348 288
348 39
348 315
348 370
348 615
348 431
348 457
348 620
348 634
348 668
558 17
558 56
558 150
558 66
558 82
558 95
558 378
558 658
558 697
294 2
294 16
294 21
294 55
294 116
294 154
294 203
294 223
294 247
294 254
294 284
294 310
294 338
294 343
294 346
294 375
294 385
294 448
294 474
294 511
294 519
294 520
294 554
294 649
294 657
294 681
294 736
294 740
294 768
294 775
2 24
2 37
2 168
2 190
2 200
2 203
2 291
2 299
2 317
2 344
2 385
2 420
2 436
2 493
2 512
2 556
2 571
2 686
2 687
2 709
2 712
16 33
16 408
16 687
16 11
16 49
16 138
16 196
16 207
16 229
16 288
16 314
16 340
16 413
16 429
16 461
16 511
16 576
16 647
16 648
16 728
16 789
21 288
21 108
21 206
21 391
21 448
21 458
21 510
21 656
55 493
55 374
55 470
55 716
55 683
55 153
116 104
116 51
116 136
116 160
116 177
116 439
116 535
116 538
116 642
116 716
154 203
154 571
154 343
154 554
154 292
154 428
154 145
154 172
154 524
154 681
154 740
203 79
203 32
203 60
203 172
203 181
203 286
203 343
203 453
203 487
203 554
203 571
203 681
203 717
203 740
203 768
223 712
223 53
223 186
223 468
223 725
223 667
247 33
247 477
247 780
247 124
247 145
247 460
247 467
247 524
254 161
254 385
254 138
254 647
254 121
254 673
254 734
254 465
254 550
254 776
284 436
284 262
284 51
284 96
284 181
284 660
284 621
284 713
310 147
310 376
310 540
310 374
310 345
310 51
310 94
310 90
310 96
310 412
310 596
310 370
310 683
310 188
310 155
310 197
310 221
310 787
338 147
338 47
338 431
338 140
338 740
338 757
343 3
343 273
343 101
343 121
343 305
343 365
343 490
343 508
343 575
343 621
343 683
343 694
343 720
343 740
343 790
346 82
346 480
346 681
346 300
375 453
375 229
375 511
375 648
375 34
375 331
375 65
375 145
375 499
375 703
385 161
385 53
385 85
385 87
385 121
385 193
385 216
385 292
385 362
385 365
385 410
385 427
385 429
385 478
385 520
385 552
385 571
385 707
385 709
385 712
385 722
385 734
385 755
385 790
448 269
448 122
448 288
448 728
448 106
448 158
448 170
448 242
448 379
448 458
448 496
448 510
448 524
448 553
448 569
448 646
448 676
448 727
448 740
448 750
448 770
448 774
474 1
474 259
474 461
474 496
474 569
474 648
474 686
474 696
474 705
474 732
511 686
511 413
511 461
511 330
511 568
511 153
511 470
511 584
511 683
511 685
511 701
519 469
519 702
519 76
519 396
519 482
519 81
519 153
519 476
519 619
519 746
520 571
520 709
520 193
520 323
520 406
520 314
520 32
520 427
520 40
520 85
520 87
520 133
520 153
520 216
520 362
520 365
520 367
520 403
520 465
520 478
520 707
520 722
520 734
520 737
520 792
554 738
554 51
554 94
554 681
554 708
554 736
554 768
649 36
649 192
649 101
649 412
649 315
649 370
649 396
649 295
649 603
657 11
657 158
657 170
657 333
657 371
657 422
657 438
657 721
657 727
681 424
681 82
681 445
681 32
681 740
736 36
736 406
736 429
736 340
736 157
736 315
736 482
736 446
736 473
736 620
736 668
740 493
740 439
740 181
740 467
740 277
740 172
740 457
768 698
768 461
768 401
768 452
768 467
768 761
768 113
768 708
775 227
775 401
775 479
775 246
775 417
775 582
775 689
424 408
424 571
424 118
424 10
424 227
424 17
424 185
424 269
424 340
424 360
424 481
424 537
424 560
424 576
424 641
424 647
424 648
424 693
424 701
619 286
619 171
619 244
619 36
619 56
619 306
619 157
619 52
619 81
619 151
619 160
619 182
619 194
619 289
619 399
619 473
619 504
619 597
619 620
765 317
765 7
765 17
765 143
765 406
765 780
41 675
70 269
70 206
70 467
70 158
70 422
70 443
70 666
286 292
286 635
340 36
340 461
340 64
340 318
340 334
340 434
340 476
340 668
340 704
340 789
671 200
671 774
671 131
671 331
671 46
671 457
705 344
705 572
705 709
705 789
705 596
705 221
705 603
705 271
705 106
705 423
718 217
718 330
718 499
718 395
718 632
185 413
185 374
185 75
185 128
185 129
185 152
185 205
185 240
185 311
185 462
185 483
185 563
185 584
185 605
185 663
185 694
469 9
469 83
469 140
469 151
469 175
469 289
469 295
469 312
469 318
469 357
469 370
469 434
469 473
469 476
469 482
469 504
469 557
469 583
469 620
469 745
547 567
567 434
567 628
628 102
628 282
101 397
101 273
101 696
101 40
101 68
101 128
101 194
101 259
101 302
101 311
101 395
101 403
101 496
101 584
101 604
101 621
101 638
101 670
102 282
102 620
133 571
133 318
159 323
159 651
359 306
359 315
406 166
406 195
406 11
406 172
406 271
406 536
406 728
461 408
461 397
461 413
461 170
461 217
461 345
461 360
461 398
461 429
461 481
461 537
461 568
461 659
461 693
461 747
660 37
660 456
660 117
660 648
660 120
660 345
660 51
660 167
660 475
660 640
660 654
660 683
28 408
28 568
28 363
28 526
32 376
32 780
32 714
32 121
32 427
32 480
32 635
32 673
33 1
33 118
33 119
33 157
33 207
33 279
33 302
33 325
33 331
33 344
33 354
33 410
33 436
33 561
33 571
33 596
33 605
33 650
33 664
33 706
33 709
33 716
33 717
39 374
39 138
39 84
39 767
93 408
93 97
93 36
93 652
93 642
93 325
93 221
93 260
93 630
93 634
93 640
131 228
131 423
153 686
153 780
153 683
153 692
153 616
153 552
153 772
161 53
161 168
161 190
161 230
161 304
161 403
161 427
161 447
161 546
161 571
161 647
161 687
161 712
161 722
161 755
207 365
207 465
207 621
207 647
207 683
207 700
207 720
207 722
207 725
207 790
299 200
299 291
299 63
299 181
299 276
299 317
299 335
299 394
299 493
299 512
299 585
299 621
299 627
299 706
303 494
303 496
303 577
303 325
303 175
303 181
303 52
303 259
303 311
303 434
303 476
303 483
303 584
331 330
331 374
331 470
331 694
331 722
344 11
344 118
344 119
344 176
344 227
344 229
344 251
344 293
344 315
344 329
344 330
344 360
344 383
344 413
344 499
344 524
344 553
344 639
344 664
344 683
344 686
344 791
363 229
363 771
363 212
363 280
363 442
363 445
363 459
363 535
363 685
363 690
363 719
456 37
456 778
456 10
456 176
456 227
456 437
456 453
456 117
456 164
456 179
456 209
456 401
456 407
456 429
456 573
456 648
456 762
495 217
495 390
495 145
495 297
495 374
495 578
495 666
526 435
526 516
526 615
526 632
526 641
526 701
557 224
557 596
557 704
557 143
557 221
596 408
596 171
596 583
596 56
596 125
596 51
596 224
596 642
596 94
596 251
596 90
596 96
596 412
596 143
596 188
596 221
596 370
596 423
596 431
596 485
596 514
596 527
596 593
596 640
596 688
596 704
596 787
641 46
641 84
641 277
641 415
641 615
641 701
641 749
642 611
642 147
642 243
642 244
642 789
642 345
642 18
642 90
642 94
642 143
642 160
642 173
642 188
642 431
642 527
642 688
727 269
727 272
727 158
727 782
121 571
121 709
121 19
121 224
121 89
121 183
121 201
121 234
121 421
121 490
121 508
121 621
121 683
121 701
121 755
189 166
189 583
189 714
189 459
194 251
194 496
194 157
194 315
194 476
194 271
194 773
194 289
194 473
200 181
200 248
200 293
200 371
200 394
200 397
200 445
200 493
200 523
200 541
200 572
200 697
200 709
224 540
224 738
224 789
224 47
224 345
224 18
224 160
224 221
224 688
266 481
266 445
266 535
296 390
296 242
296 459
296 507
445 732
445 206
445 771
445 31
445 242
445 170
445 329
445 354
445 371
445 398
445 442
445 503
445 541
445 553
445 632
445 690
459 774
459 442
459 523
459 758
459 629
459 369
459 744
523 732
523 35
523 151
523 204
523 293
523 535
523 541
523 620
523 756
541 778
541 643
541 429
541 293
541 690
690 778
690 732
690 719
704 780
704 460
704 476
704 504
732 104
732 778
732 7
732 29
732 136
732 169
732 278
732 336
732 505
732 535
732 631
732 636
732 648
732 685
732 745
732 756
756 35
756 771
756 242
756 442
756 535
756 280
756 719
778 27
778 78
778 103
778 136
778 177
778 196
778 268
778 467
778 607
778 674
778 737
76 11
76 47
76 86
76 295
76 315
76 476
76 546
208 215
323 291
323 556
323 4
323 63
323 123
323 124
323 160
323 177
323 188
323 210
323 243
323 306
323 428
323 450
323 650
323 716
569 453
569 217
569 122
569 345
569 119
569 396
569 467
569 160
569 106
569 518
569 607
211 10
211 716
211 791
692 37
692 427
692 365
692 546
758 111
758 236
758 326
758 173
758 215
758 760
767 272
767 253
767 268
767 136
767 639
65 291
65 493
65 72
65 181
65 529
65 585
65 621
177 37
177 376
177 677
177 747
177 673
177 664
177 40
177 113
177 163
177 216
177 220
177 297
177 339
177 362
177 465
177 595
177 667
177 683
177 711
177 722
222 470
251 691
251 22
251 383
251 482
529 575
529 88
529 305
529 621
529 720
549 14
549 35
549 439
549 27
549 43
549 202
549 416
549 460
549 600
549 612
564 712
564 40
564 550
564 552
620 698
620 357
620 615
620 781
620 84
620 685
668 408
668 217
668 429
668 401
668 119
668 482
668 615
668 201
668 546
668 152
668 360
668 433
668 791
683 37
683 168
683 571
683 712
683 273
683 611
683 97
683 374
683 314
683 98
683 450
683 452
683 44
683 113
683 124
683 216
683 550
683 573
683 616
683 720
683 790
747 330
747 51
747 27
747 268
747 91
747 380
747 426
770 379
770 354
770 703
141 113
171 166
171 7
171 26
171 71
171 111
171 147
171 51
171 52
171 56
171 82
171 94
171 96
171 143
171 175
171 221
171 243
171 244
171 357
171 378
171 399
171 412
171 431
171 434
171 460
171 476
171 489
171 540
171 593
171 634
171 665
171 688
171 697
171 714
171 745
171 780
1 80
1 104
1 283
1 356
1 494
1 698
1 748
53 647
53 673
53 46
53 59
53 67
53 100
53 163
53 186
53 220
53 362
53 667
53 711
53 725
53 755
94 71
94 139
94 147
94 262
94 489
94 413
94 374
94 714
94 96
94 173
94 221
94 394
94 412
94 460
94 640
94 665
94 688
122 196
122 227
122 754
122 330
122 106
122 109
122 209
122 226
122 515
122 518
201 698
201 267
201 789
201 427
201 43
201 160
201 228
217 698
217 748
217 11
217 27
217 84
217 151
217 204
217 226
217 272
217 615
217 632
217 667
217 779
240 537
240 374
240 292
240 605
240 615
240 634
240 663
293 103
293 212
293 248
334 237
334 52
334 270
334 434
334 745
360 264
360 118
360 176
360 374
360 234
360 119
360 383
360 518
360 739
431 738
431 789
431 56
431 345
431 669
431 51
431 480
431 43
431 140
431 160
431 312
431 543
431 640
431 688
431 757
435 717
435 84
435 149
449 184
496 494
496 24
496 168
496 397
496 712
496 209
496 429
496 345
496 52
496 109
496 181
496 226
496 231
496 259
496 289
496 301
496 311
496 621
496 792
546 481
546 537
546 216
546 755
568 227
568 413
568 481
568 14
568 151
568 204
568 615
615 494
615 267
615 52
615 61
615 64
615 84
615 151
666 646
666 524
666 525
666 782
685 548
774 84
774 524
774 553
80 107
104 169
104 580
104 694
104 696
283 169
283 709
356 23
356 374
356 439
356 443
356 450
356 561
356 598
356 616
356 650
356 696
494 84
494 106
494 202
494 368
494 462
494 465
698 118
698 162
698 374
698 618
748 73
118 662
118 64
118 119
118 129
118 239
118 288
118 329
118 451
118 518
118 536
118 537
118 638
119 413
119 374
119 648
119 499
119 518
119 739
119 745
157 36
157 229
157 81
157 181
157 473
279 537
279 52
279 604
302 560
302 694
302 444
325 408
325 181
325 301
325 311
325 584
354 242
354 371
410 571
410 481
410 12
410 490
436 190
436 512
436 627
436 687
561 4
561 23
561 169
571 168
571 19
571 40
571 183
571 216
571 273
571 425
571 521
571 673
571 677
571 687
571 709
571 712
571 725
571 755
571 790
605 754
605 537
605 209
605 380
605 75
605 263
605 484
605 684
650 4
650 450
650 498
650 537
650 586
650 678
650 761
664 413
664 202
664 466
664 708
706 291
706 477
706 585
709 19
709 40
709 106
709 183
709 273
709 362
709 421
709 481
709 701
709 712
709 720
709 755
709 766
716 227
716 693
716 754
716 374
716 682
716 577
716 106
716 145
716 226
716 491
716 699
717 79
717 686
107 599
107 699
169 253
169 212
169 336
694 397
694 575
694 611
694 662
694 489
694 27
694 124
694 179
694 181
694 462
694 577
694 621
694 622
694 631
694 688
694 759
696 23
696 106
696 278
696 395
696 432
696 505
696 625
172 167
172 197
172 113
23 26
23 751
374 237
374 560
374 693
374 22
374 44
374 145
374 216
374 327
374 353
374 429
374 455
374 563
374 647
374 753
439 14
439 35
439 202
439 287
439 423
443 214
443 757
443 476
443 614
443 763
450 563
598 135
598 252
598 501
598 570
598 622
616 291
616 423
616 518
616 550
616 665
408 164
408 239
408 272
408 290
408 345
408 430
408 693
164 433
239 662
239 430
272 37
272 330
272 51
272 188
272 387
272 452
272 639
290 462
290 438
290 676
290 539
290 678
345 381
345 25
345 47
345 120
345 18
345 20
345 43
345 51
345 90
345 160
345 181
345 480
345 508
345 548
345 640
345 669
345 691
345 708
345 714
345 757
430 676
693 10
693 196
693 227
693 413
693 481
693 109
693 226
693 380
693 515
693 682
693 699
693 754
259 712
259 670
648 687
648 199
648 278
686 24
686 29
686 43
686 91
686 123
686 138
686 278
686 396
686 428
84 60
84 61
84 204
84 228
84 634
84 663
106 453
106 209
106 396
106 395
106 170
202 452
462 138
462 483
462 719
462 152
465 312
162 57
162 318
618 292
618 626
24 37
24 82
24 190
24 253
24 291
24 366
24 712
37 63
37 72
37 168
37 181
37 291
37 297
37 330
37 397
37 401
37 420
37 429
37 437
37 452
37 453
37 467
37 493
37 572
37 687
37 761
168 130
168 163
168 190
168 291
168 397
168 634
168 673
168 687
190 112
190 130
190 163
190 317
190 397
190 512
190 659
190 687
190 713
291 181
291 276
291 317
291 335
291 394
291 512
291 572
291 585
291 621
291 687
291 697
317 397
317 512
317 572
317 687
420 335
493 397
493 72
493 181
493 512
493 661
493 687
512 397
512 63
512 156
512 181
512 335
512 651
556 68
556 166
556 221
556 244
556 592
687 572
687 72
687 130
687 181
687 429
712 4
712 40
712 163
712 216
712 220
712 250
712 362
712 490
712 581
712 595
712 719
712 734
712 737
712 792
82 603
253 581
253 453
253 109
253 136
253 212
253 241
253 248
253 369
253 411
253 719
366 532
63 428
63 156
63 276
63 298
63 335
63 603
72 181
72 394
72 621
72 661
72 697
181 156
181 651
181 661
181 773
297 386
297 451
330 453
330 467
330 513
330 761
330 764
397 248
397 481
401 117
401 467
401 689
401 742
429 437
429 453
429 643
429 109
429 365
429 467
429 584
429 791
437 227
437 353
437 355
437 513
437 515
437 643
437 791
452 292
452 255
452 753
453 10
453 227
453 267
453 268
453 560
467 227
467 269
467 170
467 210
467 347
467 742
467 764
572 394
572 484
572 661
761 538
761 563
761 624
761 632
761 763
79 271
79 425
79 772
271 142
271 440
271 277
271 258
271 364
271 766
271 772
425 314
772 298
772 235
772 199
772 570
772 606
230 634
403 193
403 376
403 427
403 673
403 737
403 216
403 725
403 362
403 734
403 85
403 87
403 365
403 478
403 707
403 722
403 792
427 376
427 43
427 216
427 362
427 365
647 273
647 40
647 145
647 216
647 234
647 362
647 367
647 621
647 722
722 737
722 216
722 707
722 134
755 273
755 376
755 677
755 234
755 421
755 136
755 186
755 362
755 734
755 790
130 627
163 59
163 220
634 236
634 413
634 52
634 151
634 270
634 434
634 603
634 745
673 273
673 376
673 481
673 59
673 186
673 365
673 468
673 550
713 156
713 276
248 212
248 336
371 656
371 771
371 442
371 212
394 697
394 105
394 113
394 378
697 140
60 165
335 477
621 218
621 575
621 581
621 611
621 384
621 508
621 216
621 367
621 88
621 305
621 414
621 661
621 792
11 233
11 537
176 10
176 227
176 329
176 383
176 577
227 10
227 44
227 179
227 268
227 504
227 560
227 745
227 754
227 762
229 51
229 145
229 188
229 398
229 757
315 192
315 370
315 396
329 269
329 771
329 383
329 422
329 313
329 524
329 782
383 62
383 313
383 422
383 506
383 782
413 10
413 237
413 255
413 269
413 288
413 481
499 379
499 44
499 62
499 170
499 278
499 332
524 269
524 242
524 422
524 170
524 398
524 502
524 525
524 721
553 288
553 656
553 242
553 733
553 750
639 264
639 209
639 49
791 321
791 407
85 193
85 216
85 734
85 87
85 478
85 792
87 193
87 737
87 216
87 362
87 734
87 478
87 707
87 792
193 3
193 707
193 734
193 792
216 362
216 415
216 478
216 734
216 792
292 269
292 390
292 288
292 789
292 17
292 46
292 143
292 277
292 285
292 367
292 522
292 563
292 739
362 273
362 376
362 677
362 737
362 725
362 43
362 134
362 478
362 707
362 734
362 792
365 587
365 113
478 737
478 734
478 707
478 792
552 752
552 734
552 241
707 780
707 792
734 737
734 277
734 792
790 273
790 611
790 508
790 720
481 10
481 143
481 508
481 516
481 632
481 789
661 414
156 484
651 602
651 486
651 760
68 44
68 184
68 353
68 455
68 573
68 710
68 753
166 3
166 111
166 120
166 155
166 244
166 258
166 376
166 514
166 540
166 688
166 783
221 789
221 56
221 125
221 669
221 51
221 306
221 160
221 312
221 640
244 7
244 243
244 58
244 160
244 173
244 188
244 274
244 327
244 527
592 752
592 134
19 3
19 183
19 281
19 421
19 508
19 752
40 59
40 67
40 220
40 250
40 468
40 786
183 234
183 281
183 421
273 3
273 490
273 508
273 581
273 611
273 720
521 508
677 8
677 277
677 587
725 595
725 645
29 91
29 123
29 428
43 376
43 47
43 143
91 751
91 123
91 298
91 428
123 751
123 298
123 324
123 428
123 509
138 237
138 267
138 390
138 44
138 355
138 386
138 769
278 599
278 625
396 36
396 412
396 370
396 476
428 509
421 234
421 281
701 46
701 277
720 611
720 508
720 367
766 277
766 364
766 415
766 550
4 264
4 662
490 508
581 3
581 508
595 59
595 67
595 186
595 100
595 653
719 771
719 442
719 535
719 533
719 52
719 212
719 280
719 332
719 629
27 209
27 268
103 771
103 535
136 109
136 212
136 336
136 411
136 629
196 10
196 577
196 643
196 754
607 237
607 267
3 218
3 575
3 611
218 88
218 611
575 235
575 508
611 508
611 653
281 234
281 89
281 508
281 752
508 789
508 47
508 88
508 305
752 234
111 26
111 120
111 142
111 147
111 148
111 155
111 160
111 173
111 195
111 236
111 258
111 326
111 489
111 514
111 540
111 602
111 665
111 688
120 381
120 17
120 20
120 155
120 688
155 540
155 583
155 58
155 258
155 485
155 486
155 514
155 590
258 540
258 514
258 460
258 485
376 7
376 142
376 140
376 587
376 731
376 760
514 71
514 540
514 583
514 652
514 125
514 412
514 688
514 485
540 147
540 96
540 148
540 583
540 688
688 56
688 95
688 191
688 485
88 384
305 384
305 77
235 252
235 545
235 570
235 606
653 236
653 160
653 115
264 708
662 522
26 7
26 20
26 51
26 71
26 90
26 96
26 97
26 127
26 147
26 195
26 236
26 243
26 249
26 262
26 326
26 381
26 412
26 489
26 532
26 602
751 298
751 501
708 51
708 143
708 543
124 150
124 563
124 777
160 147
160 583
160 691
160 143
160 188
160 492
160 148
160 446
160 518
188 147
188 243
188 402
188 47
188 173
188 378
188 527
188 601
210 199
210 570
210 606
243 7
243 147
243 486
306 97
306 147
306 195
306 236
306 90
498 563
498 353
498 219
498 763
537 390
537 52
537 209
537 263
537 632
586 563
586 52
586 624
586 684
586 741
586 763
678 785
522 238
522 488
282 381
282 652
282 726
9 114
9 192
9 381
9 594
9 652
9 702
9 726
140 142
140 236
140 47
151 175
151 52
151 204
151 270
151 591
151 745
175 434
175 476
175 781
289 655
289 781
289 773
289 473
295 702
295 174
295 482
295 781
312 51
312 143
312 460
312 590
318 237
318 357
357 36
357 434
370 192
370 90
370 412
370 476
370 593
370 742
434 237
434 56
434 654
434 601
473 655
473 476
473 773
476 192
476 594
476 702
476 174
476 482
476 746
476 781
476 307
476 745
476 198
476 416
482 36
482 702
482 47
482 307
504 52
504 204
504 745
583 97
583 489
583 51
583 90
583 412
583 652
583 789
745 52
745 603
7 71
7 97
7 139
7 147
7 236
7 249
7 274
7 308
7 326
7 489
7 602
7 731
7 738
7 780
71 58
71 90
71 96
71 147
71 148
71 173
71 191
71 195
71 236
71 277
71 308
71 381
71 384
71 527
71 602
71 652
97 90
97 147
97 195
97 236
97 381
97 652
97 680
97 726
139 150
139 195
147 96
147 173
147 182
147 236
147 249
147 327
147 489
147 590
147 602
147 780
236 142
236 20
236 90
236 173
236 326
236 486
236 602
236 731
249 327
249 489
274 262
274 527
308 52
308 173
308 215
308 326
308 760
326 142
326 20
326 173
326 215
326 277
326 485
326 602
326 760
489 195
489 56
489 446
489 787
602 142
602 74
602 173
602 566
731 90
738 142
738 195
738 143
738 277
780 13
780 56
780 58
780 148
780 351
780 402
780 486
780 600
20 56
20 669
51 262
51 789
51 18
51 90
51 143
51 391
51 475
51 543
51 654
51 714
90 142
90 652
90 96
90 191
90 412
96 195
96 714
96 191
96 373
127 415
127 460
195 378
195 381
195 384
195 601
262 475
381 114
381 182
381 369
381 652
381 726
412 593
532 135
532 570
532 622
58 590
148 402
148 600
173 142
173 215
173 327
173 485
173 527
173 760
191 483
191 182
191 724
277 384
277 587
277 367
277 129
277 364
277 378
277 415
277 460
384 12
384 415
384 771
527 327
652 416
652 726
680 640
726 192
665 486
150 789
150 17
182 483
182 144
182 369
182 724
182 730
590 59
590 536
52 480
52 204
52 483
52 663
56 174
56 17
56 47
56 66
56 125
56 470
56 658
56 669
143 309
143 640
378 245
460 789
593 197
714 228
714 518
714 543
601 300
475 640
215 485
485 125
587 12
587 13
587 700
446 789
446 637
789 17
789 423
789 632
789 669
789 757
336 636
505 145
535 35
535 771
535 442
535 629
17 25
17 125
17 470
17 658
17 669
17 691
13 402
351 402
351 600
402 600
114 739
594 702
702 36
702 528
36 174
36 655
36 746
36 781
174 14
655 81
655 746
655 773
746 81
739 382
64 563
288 269
288 31
288 34
288 170
288 206
288 261
288 379
288 391
288 510
288 656
288 750
288 785
451 576
451 386
451 238
518 128
638 576
638 386
638 409
369 658
369 212
10 237
10 267
10 372
10 440
10 560
10 754
10 762
237 233
237 285
237 372
267 209
267 372
267 560
372 285
372 440
372 588
372 742
440 231
440 464
754 109
754 515
754 577
754 682
762 44
762 314
762 321
762 710
762 753
49 390
576 213
576 387
576 426
728 170
577 109
577 515
643 30
44 69
44 386
44 710
179 137
179 301
179 407
233 630
209 47
309 367
742 689
255 735
269 398
269 423
269 438
269 525
269 676
269 703
353 219
355 145
513 117
515 682
515 380
515 226
231 612
407 764
573 710
573 455
573 542
573 753
170 206
170 242
170 379
170 646
170 261
398 771
398 242
398 579
398 646
398 525
398 721
632 538
30 350
30 380
109 226
226 444
226 491
682 22
699 491
710 753
753 555
47 25
47 300
47 307
204 270
667 67
667 186
667 468
667 100
667 241
667 645
667 711
423 270
438 158
438 539
438 676
525 506
525 721
525 392
525 502
676 242
676 539
703 646
703 145
703 158
606 741
606 199
606 545
606 570
629 771
629 442
629 238
629 280
629 507
145 646
145 287
145 599
145 603
158 400
158 646
158 531
422 721
721 506
721 313
721 782
12 358
415 364
415 137
771 31
771 242
771 280
771 442
105 404
228 691
228 500
300 640
300 757
654 125
654 470
757 603
757 614
14 35
14 463
35 715
455 184
563 48
563 219
563 624
563 741
563 763
563 777
386 426
584 483
584 311
167 113
75 483
75 311
75 604
75 623
128 483
152 311
152 77
152 205
152 419
205 483
311 77
311 623
483 604
31 206
31 242
31 379
31 579
31 646
34 206
34 510
206 242
206 400
206 510
206 579
206 785
379 242
379 539
379 750
391 108
391 458
391 656
510 108
510 458
510 656
510 733
656 458
656 579
656 733
750 733
785 458
785 530
689 479
470 669
213 320
213 759
426 759
658 66
307 198
66 492
46 466
480 337
548 95
108 458
458 393
242 238
242 411
242 506
242 507
242 644
646 503
733 539
280 442
442 332
625 599
625 544
298 324
501 252
501 570
501 545
604 623
670 77
241 786
411 507
411 644
301 339
301 763
135 252
135 622
135 624
135 741
570 252
570 622
570 545
622 252
622 545
759 320
749 320
238 409
238 488
506 313
506 502
506 782
507 644
503 457
59 100
59 186
59 468
186 468
468 100
81 773
444 517
597 144
773 599
339 341
711 67
347 270
624 219
763 777
763 741
763 377
763 555
457 782
67 786
100 405
69 409
69 589
197 471
533 219
533 542
219 542
741 672
777 377
777 555
50 149
313 502
782 502
782 392
555 377
364 92
623 419
479 417
776 617
377 574
225 225
225 257
246 582
