144
685
43
403
305
991
86
195
498
469
316
303
377
295
328
638
796
974
14
362
324
473
887
188
657
248
407
385
676
465
553
137
485
252
897
199
423
310
479
757
548
810
333
840
910
586
389
529
652
488
364
673
503
636
427
625
937
470
244
962
419
700
420
41
779
800
402
831
103
724
790
558
914
886
282
426
5
860
190
852
181
335
235
308
995
432
233
396
836
145
767
575
167
510
543
621
184
795
727
464
336
932
751
180
764
828
286
4
499
45
309
123
318
819
628
7
277
119
65
965
408
491
20
542
126
639
671
406
996
155
386
225
699
641
346
381
756
894
294
449
866
382
523
375
256
730
73
278
300
58
370
844
30
106
634
535
121
875
429
107
600
769
475
158
221
570
433
737
518
472
497
787
204
606
776
742
556
298
437
116
566
212
501
29
120
916
978
478
723
231
441
440
245
785
68
50
573
545
102
17
67
770
640
361
157
197
635
91
964
793
725
649
213
409
376
74
596
585
782
26
494
183
763
2
418
477
217
64
203
486
862
201
27
845
59
272
47
842
276
683
229
861
630
1001
589
694
124
574
708
374
576
390
178
853
482
344
907
365
514
417
315
975
869
629
340
587
466
112
44
765
500
808
569
527
512
261
240
269
16
670
949
22
525
663
133
509
9
476
684
610
522
541
81
401
134
439
15
536
311
366
778
399
90
750
458
166
821
648
373
171
129
193
581
227
474
923
838
660
356
580
182
524
379
104
192
40
777
242
296
369
902
868
196
618
537
117
397
101
830
487
33
110
704
802
368
241
189
392
747
293
846
859
100
149
614
434
788
351
562
775
633
214
885
359
48
378
23
380
93
211
56
398
741
873
301
517
125
450
327
513
76
230
754
928
909
239
492
140
114
108
87
832
682
260
870
138
160
161
611
168
422
