0 42
0 53
0 145
0 174
0 189
0 220
0 229
0 270
42 53
42 125
42 145
42 174
42 270
42 290
53 1
53 125
53 145
53 220
53 290
145 125
145 174
145 189
145 220
145 229
145 270
174 125
174 229
189 270
220 125
220 290
229 125
270 26
270 36
270 86
270 164
270 255
1 125
1 290
125 290
26 48
26 88
26 172
26 297
36 86
36 57
36 164
36 255
86 3
86 83
86 105
86 122
86 154
86 164
86 180
86 183
86 201
86 223
86 231
86 255
86 273
86 275
164 255
255 57
255 91
255 195
2 186
2 250
2 259
186 5
186 27
186 44
186 132
186 193
186 249
186 266
250 259
5 193
27 193
27 44
27 132
44 193
44 122
44 132
132 193
193 113
193 134
193 167
193 249
193 266
193 276
249 266
249 167
249 134
266 106
266 254
266 258
266 283
266 299
83 183
83 275
105 122
122 130
122 90
122 232
122 16
122 123
122 161
122 199
122 203
122 223
122 246
154 57
154 223
154 281
180 28
183 275
201 10
201 18
201 22
201 41
201 56
201 72
201 121
201 169
201 208
201 217
201 225
201 228
201 251
201 288
231 6
231 57
231 147
231 260
273 12
273 221
273 17
273 64
273 140
273 163
273 207
273 212
273 215
273 240
273 279
57 260
281 60
4 38
38 33
38 43
38 69
38 120
38 139
38 141
38 159
38 175
38 182
38 188
38 197
38 210
38 236
38 243
33 121
33 61
33 120
33 158
33 168
33 176
33 243
33 254
33 262
33 280
33 293
33 298
43 243
43 141
43 210
69 159
69 210
120 243
139 160
139 175
139 182
139 188
139 197
141 243
141 210
159 175
159 210
175 128
175 182
175 236
182 71
182 81
182 102
182 115
182 188
182 197
182 268
182 287
188 197
197 115
197 268
210 243
236 82
236 178
236 271
113 276
167 257
167 52
167 73
167 187
167 241
167 294
167 296
106 283
254 158
254 45
254 114
254 285
254 293
254 300
258 299
7 133
7 146
7 269
7 272
133 79
133 130
133 219
133 230
133 244
133 269
133 272
146 79
146 123
146 161
146 242
269 130
269 244
269 272
272 130
272 31
272 227
272 244
79 130
130 16
130 47
130 54
130 77
130 84
130 148
130 152
130 161
130 171
130 199
130 246
130 261
130 277
130 291
47 77
47 54
47 261
47 84
47 126
47 148
47 171
47 233
54 94
54 77
54 55
54 84
54 126
54 136
54 142
54 148
54 171
54 233
54 261
54 284
54 291
77 40
77 94
77 165
77 55
77 84
77 126
77 136
77 142
77 148
77 149
77 152
77 171
77 209
77 233
77 234
77 256
77 261
77 284
77 291
84 261
84 148
84 171
148 126
148 171
152 55
152 291
161 90
161 232
161 123
161 199
161 203
161 242
161 246
171 261
171 126
199 246
261 40
261 142
261 126
261 138
261 247
291 94
291 55
219 13
219 40
219 98
219 157
219 244
219 264
219 301
230 135
123 90
123 232
123 203
123 242
8 59
8 90
8 97
8 129
8 184
8 200
8 232
59 92
59 184
90 203
90 232
97 232
184 92
200 92
232 203
9 32
9 65
32 24
32 65
32 226
65 24
65 62
65 95
65 109
65 121
65 226
24 109
24 165
24 226
226 196
62 95
62 202
95 109
95 202
109 202
121 11
121 100
121 158
121 166
121 187
121 217
121 262
121 285
10 288
288 213
288 228
18 49
18 213
18 225
22 208
72 213
169 144
169 213
169 251
225 213
225 251
251 49
251 213
213 49
11 100
100 46
100 101
100 274
46 274
101 274
158 61
158 262
158 286
158 298
158 300
166 257
187 262
187 52
187 73
187 241
187 294
187 296
262 257
12 63
12 74
12 108
12 124
12 137
12 177
12 221
63 70
63 137
74 137
74 206
108 177
124 137
137 70
137 206
221 212
221 215
70 206
212 215
17 127
17 207
17 240
64 14
64 19
64 163
64 216
64 292
207 240
279 15
279 119
13 20
13 40
13 157
13 264
40 29
40 107
40 142
40 253
157 25
157 58
157 153
157 156
264 238
264 302
107 237
25 15
25 39
25 58
25 103
238 78
238 204
238 211
238 302
14 19
14 292
19 216
19 292
15 21
15 35
15 39
15 51
15 94
15 96
15 103
15 104
15 119
15 131
15 179
15 282
21 94
21 96
35 96
39 96
39 103
39 119
39 265
51 104
51 119
51 131
51 179
94 23
94 96
94 165
96 112
96 118
96 119
96 162
96 191
96 214
96 263
104 119
104 131
104 179
104 282
119 131
119 179
119 282
131 179
131 282
179 282
23 295
112 214
112 118
112 162
118 191
118 263
118 162
162 191
162 214
162 263
191 68
191 214
191 263
214 68
214 263
263 68
263 170
196 37
48 172
48 289
48 297
88 289
88 297
172 289
297 289
136 233
149 99
149 209
149 234
149 239
149 267
209 234
209 256
234 111
234 256
234 267
256 111
256 267
30 117
30 257
117 257
257 52
257 150
257 224
257 241
257 294
257 296
52 73
150 76
150 224
224 76
241 294
296 73
61 168
61 298
176 280
280 67
300 80
300 87
300 198
300 222
300 181
300 185
300 218
300 248
45 50
45 93
45 114
45 143
45 278
34 75
34 78
75 78
75 190
78 204
78 252
204 211
204 252
252 211
195 116
37 89
128 160
71 66
71 102
71 194
71 268
71 287
81 115
81 235
102 66
102 115
102 268
102 287
115 66
115 194
115 235
115 268
115 287
268 194
268 155
268 205
268 287
287 66
287 194
287 85
287 110
287 173
287 245
82 178
82 271
178 271
138 247
50 93
50 143
50 278
143 278
66 194
155 205
85 110
85 151
85 173
85 245
110 151
110 173
173 151
173 245
99 239
80 87
80 198
80 222
87 198
87 222
198 222
198 248
248 181
248 185
248 192
248 218
181 192
181 218
185 192
185 218
218 192
