0 14
0 22
0 37
0 51
0 69
0 84
0 97
1 36
1 57
1 91
2 16
2 23
2 25
2 35
2 39
2 40
2 63
2 72
2 86
2 87
2 93
3 4
3 12
3 98
3 101
4 64
4 112
5 93
5 97
6 45
6 49
6 55
6 60
6 61
6 62
6 71
6 72
6 92
6 97
6 98
7 8
7 32
7 50
7 96
8 18
8 28
8 57
8 88
8 89
8 93
8 94
8 97
9 42
9 47
9 48
9 68
10 27
10 86
10 100
11 53
11 64
11 73
11 112
12 61
12 64
13 102
13 110
14 20
14 42
14 61
14 69
14 97
15 59
16 25
16 35
16 36
16 39
16 58
16 91
16 109
16 110
17 108
18 60
18 64
18 67
18 71
18 74
18 87
18 88
18 92
18 99
19 43
19 59
19 60
19 62
19 92
19 99
20 21
20 36
20 56
20 59
20 69
20 78
20 92
20 107
21 36
21 44
22 31
22 47
22 91
23 39
24 34
24 43
24 85
24 95
24 103
25 33
25 35
25 36
25 37
25 65
25 78
25 81
25 84
25 89
25 106
26 66
26 88
27 70
27 86
27 100
28 57
28 78
28 88
29 52
29 72
29 111
30 31
30 44
31 70
32 42
32 50
32 57
32 89
32 93
32 94
32 106
33 39
33 74
33 81
33 106
34 95
34 103
35 39
35 43
35 58
35 74
35 84
35 91
35 97
35 109
35 110
36 39
36 43
36 56
36 74
36 81
36 88
37 65
37 84
38 54
38 55
38 76
39 63
39 81
39 84
39 91
39 105
39 109
40 53
40 55
40 63
40 64
40 97
41 101
42 48
42 52
42 55
42 57
42 63
42 66
42 87
42 94
42 99
43 81
43 84
43 92
45 47
45 49
45 60
45 62
45 92
45 99
46 70
46 74
46 105
47 55
47 60
47 62
47 71
47 85
47 99
48 53
48 85
49 98
50 57
50 94
51 59
51 69
52 67
52 83
52 111
53 67
53 76
53 89
54 87
56 77
57 78
57 88
57 93
57 94
58 102
59 71
59 92
59 99
59 108
60 71
60 72
60 82
60 99
61 64
61 87
62 90
62 92
62 99
63 86
63 87
64 87
64 88
64 112
67 85
68 75
71 92
71 95
71 98
71 99
71 103
72 108
72 111
73 87
73 112
74 109
75 101
78 88
78 98
79 80
79 90
79 94
80 101
81 84
81 91
81 109
82 99
85 99
86 96
86 100
87 93
87 112
88 93
88 94
90 103
90 109
93 94
94 97
95 103
99 111
102 104
102 105
104 110
108 111
