79
74
207
14
237
31
265
57
332
128
235
138
299
139
335
118
55
149
312
578
700
121
515
351
607
577
38
182
435
77
536
124
140
514
87
389
91
640
673
461
76
283
39
117
24
419
108
555
463
626
240
523
697
35
469
251
340
54
421
106
43
110
223
406
122
70
467
481
159
120
171
643
132
404
430
5
556
437
601
81
651
442
484
12
639
315
650
497
241
491
360
568
6
593
426
572
492
551
83
26
126
566
48
71
82
405
258
130
227
325
395
225
105
511
16
67
297
345
507
119
129
664
606
1
397
52
205
470
413
134
287
357
148
661
36
599
201
9
342
209
63
147
66
331
316
569
686
166
56
34
84
64
51
392
212
137
367
131
478
143
47
60
594
371
123
53
248
169
226
329
579
145
522
175
61
313
163
252
103
98
557
191
361
203
307
162
244
33
107
112
198
29
75
228
571
7
59
197
414
88
260
521
691
194
563
506
294
180
42
99
298
483
152
344
189
101
196
327
261
96
192
229
533
15
622
324
322
25
509
50
534
23
372
276
65
113
85
30
22
370
567
630
90
669
263
488
391
574
296
246
575
195
104
363
527
532
111
429
512
100
354
474
157
526
535
538
396
164
623
366
230
529
58
208
564
97
543
350
610
80
73
27
172
300
472
326
213
109
116
102
530
92
206
295
125
495
573
0
28
72
13
600
11
32
165
462
3
136
161
89
487
306
10
181
376
94
45
439
333
62
394
453
127
471
482
520
40
464
17
417
528
49
222
41
18
513
20
193
95
69
78
144
232
4
19
438
407
501
2
21
86
37
211
46
150
537
