234
160
124
188
220
166
119
21
207
142
122
201
260
255
83
239
94
221
120
242
26
125
107
55
77
95
14
265
44
29
246
293
322
223
103
219
247
25
24
289
317
199
54
301
282
193
64
53
27
256
5
227
61
114
131
152
112
13
258
273
281
324
233
209
70
60
20
30
93
34
108
210
308
236
195
135
204
326
290
269
86
173
237
216
312
296
292
184
132
294
240
92
206
38
98
245
8
109
82
176
291
121
99
49
47
19
69
116
7
263
113
123
139
288
52
309
165
259
297
156
65
68
144
62
31
307
315
174
104
287
314
268
271
178
134
323
304
235
191
9
143
2
197
286
196
75
313
194
318
319
90
182
305
147
224
91
133
175
270
272
57
303
321
