0 5
0 11
0 17
0 20
0 33
0 37
0 71
0 75
0 77
0 78
0 93
0 96
0 109
0 117
0 131
0 132
0 134
0 148
0 165
0 184
5 1
5 2
5 17
5 20
5 33
5 37
5 44
5 62
5 69
5 73
5 75
5 77
5 79
5 82
5 84
5 86
5 96
5 108
5 109
5 118
5 128
5 129
5 131
5 134
5 148
5 149
5 157
5 161
5 162
5 165
5 169
5 175
5 177
5 182
11 17
11 20
11 33
11 37
11 66
11 75
11 78
11 87
11 89
11 93
11 96
11 109
11 118
11 134
11 148
11 149
11 154
11 157
11 162
11 165
11 182
11 184
17 12
17 33
17 50
17 55
17 61
17 64
17 66
17 69
17 75
17 77
17 78
17 87
17 89
17 96
17 109
17 131
17 148
17 149
17 154
17 157
17 175
17 184
20 12
20 19
20 33
20 37
20 50
20 66
20 69
20 75
20 77
20 78
20 87
20 93
20 99
20 108
20 109
20 114
20 117
20 123
20 134
20 154
20 157
20 165
20 169
20 182
20 184
33 2
33 3
33 4
33 16
33 18
33 19
33 26
33 37
33 39
33 44
33 50
33 52
33 62
33 69
33 72
33 75
33 77
33 78
33 86
33 87
33 89
33 93
33 96
33 99
33 109
33 118
33 131
33 141
33 148
33 149
33 154
33 156
33 157
33 162
33 165
33 173
33 175
33 180
33 182
33 184
33 189
37 42
37 66
37 69
37 75
37 78
37 89
37 93
37 96
37 117
37 123
37 131
37 134
37 148
37 149
37 154
37 157
37 162
37 165
37 170
37 182
37 184
71 1
71 7
71 15
71 27
71 51
71 55
71 64
71 72
71 77
71 82
71 98
71 106
71 109
71 112
71 114
71 116
71 140
71 152
71 157
71 189
71 194
75 7
75 42
75 45
75 50
75 66
75 69
75 77
75 78
75 79
75 87
75 89
75 93
75 96
75 109
75 118
75 134
75 148
75 149
75 153
75 154
75 160
75 162
75 163
75 173
75 182
77 42
77 54
77 69
77 78
77 79
77 89
77 93
77 96
77 98
77 100
77 109
77 117
77 123
77 131
77 132
77 139
77 148
77 149
77 154
77 161
77 165
77 173
77 182
77 186
77 192
78 39
78 42
78 50
78 66
78 73
78 86
78 89
78 96
78 109
78 117
78 118
78 129
78 131
78 132
78 134
78 148
78 154
78 156
78 157
78 162
78 165
78 173
78 184
93 42
93 66
93 87
93 89
93 96
93 100
93 111
93 117
93 118
93 131
93 134
93 148
93 149
93 154
93 162
93 165
93 182
96 28
96 42
96 50
96 54
96 66
96 87
96 89
96 123
96 131
96 134
96 148
96 149
96 154
96 157
96 182
96 184
109 98
109 2
109 8
109 19
109 26
109 34
109 39
109 50
109 87
109 89
109 91
109 114
109 117
109 123
109 131
109 149
109 154
109 161
109 162
109 175
109 182
109 184
117 26
117 45
117 48
117 50
117 79
117 86
117 87
117 89
117 100
117 111
117 118
117 134
117 149
117 154
117 157
117 161
117 162
117 163
117 182
117 184
131 2
131 15
131 26
131 34
131 56
131 79
131 87
131 89
131 141
131 148
131 157
131 162
131 175
131 182
131 184
132 2
132 4
132 22
132 26
132 27
132 39
132 42
132 44
132 54
132 73
132 79
132 86
132 87
132 128
132 134
132 156
132 162
132 173
132 192
134 26
134 50
134 66
134 69
134 87
134 89
134 99
134 118
134 123
134 148
134 149
134 157
134 175
134 182
134 184
148 34
148 42
148 45
148 50
148 69
148 70
148 87
148 89
148 121
148 154
148 157
148 165
148 175
148 182
148 184
165 157
165 26
165 42
165 50
165 72
165 84
165 85
165 87
165 89
165 118
165 154
165 162
165 175
165 182
165 184
184 157
184 175
184 182
184 36
184 44
184 69
184 87
184 89
184 129
1 4
1 15
1 22
1 26
1 36
1 48
1 53
1 54
1 73
1 79
1 86
1 103
1 112
1 128
1 129
1 130
1 140
1 156
1 160
1 173
1 187
2 98
2 15
2 53
2 103
2 112
2 3
2 6
2 12
2 18
2 25
2 46
2 58
2 60
2 62
2 67
2 81
2 89
2 91
2 104
2 105
2 107
2 116
2 127
2 133
2 155
2 159
2 181
2 189
2 191
44 4
44 22
44 26
44 36
44 38
44 54
44 79
44 86
44 112
44 128
44 129
44 130
44 160
44 173
44 187
44 192
44 181
44 32
44 68
44 122
62 53
62 86
62 139
62 161
62 12
62 46
62 8
62 19
62 24
62 30
62 31
62 47
62 52
62 59
62 65
62 72
62 85
62 95
62 97
62 102
62 105
62 108
62 115
62 124
62 125
62 135
62 141
62 144
62 147
62 159
62 164
62 169
62 179
62 185
62 188
69 182
69 42
69 67
69 89
69 50
69 118
69 66
69 102
69 123
69 149
69 154
69 162
73 4
73 15
73 22
73 26
73 38
73 39
73 54
73 3
73 12
73 21
73 32
73 45
73 67
73 68
73 72
73 79
73 81
73 86
73 103
73 122
73 128
73 130
73 146
73 149
73 156
73 160
73 166
73 173
73 187
73 192
79 157
79 4
79 22
79 26
79 36
79 38
79 42
79 54
79 32
79 63
79 86
79 112
79 122
79 128
79 129
79 130
79 139
79 156
79 160
79 173
79 187
79 192
82 98
82 15
82 46
82 58
82 80
82 152
82 159
82 9
82 27
82 29
82 43
82 55
82 59
82 106
82 114
82 142
82 143
82 145
82 164
82 194
84 139
84 170
84 95
84 101
84 108
84 121
84 137
84 138
84 177
84 186
86 157
86 4
86 26
86 36
86 38
86 42
86 54
86 72
86 94
86 129
86 130
86 156
108 38
108 128
108 139
108 87
108 91
108 170
108 45
108 85
108 95
108 97
108 100
108 101
108 121
108 138
108 163
108 186
108 188
118 26
118 87
118 89
118 50
118 153
118 162
128 175
128 22
128 26
128 36
128 38
128 39
128 53
128 54
128 129
128 130
128 146
128 156
128 173
128 187
128 192
129 22
129 26
129 36
129 38
129 39
129 53
129 54
129 3
129 13
129 83
129 87
129 114
129 122
129 130
129 146
129 156
129 160
129 172
129 173
129 186
129 187
129 192
149 157
149 48
149 12
149 87
149 50
149 30
149 115
149 135
149 154
149 162
157 98
157 42
157 50
157 54
157 87
157 116
157 175
161 182
161 48
161 139
161 8
161 12
161 28
161 45
161 46
161 63
161 70
161 72
161 74
161 76
161 85
161 90
161 111
161 119
161 141
161 147
161 151
161 169
161 179
161 188
162 175
162 182
162 87
162 89
162 50
162 170
162 154
162 66
162 123
169 34
169 105
169 72
169 27
169 28
169 49
169 65
169 74
169 76
169 85
169 95
169 97
169 119
169 138
169 167
169 183
175 26
175 87
175 89
175 143
175 182
177 170
177 121
177 101
177 172
177 186
182 12
182 45
182 87
182 89
182 99
182 106
182 154
66 42
66 173
66 87
66 89
66 50
66 154
87 36
87 54
87 139
87 146
87 173
87 192
87 34
87 45
87 50
87 83
87 89
87 95
87 100
87 101
87 121
87 122
87 154
87 155
87 185
89 42
89 53
89 173
89 19
89 52
89 99
89 137
89 154
154 42
154 50
154 7
154 153
12 48
12 53
12 130
12 140
12 13
12 19
12 24
12 30
12 34
12 47
12 49
12 50
12 72
12 74
12 85
12 92
12 94
12 102
12 105
12 110
12 113
12 115
12 124
12 125
12 135
12 141
12 155
12 159
12 179
12 190
50 34
50 106
50 119
50 193
55 15
55 112
55 140
55 58
55 107
55 116
55 127
55 155
55 159
55 189
55 64
55 16
55 27
55 51
55 151
55 168
55 41
55 9
55 31
55 43
55 59
55 114
55 126
55 142
55 145
55 193
61 53
61 105
61 159
61 72
61 63
61 8
61 28
61 70
61 76
61 92
61 111
61 119
61 135
61 141
61 153
61 167
61 188
64 98
64 112
64 3
64 6
64 67
64 91
64 104
64 116
64 159
64 178
64 195
64 13
64 16
64 21
64 29
64 40
64 56
64 83
64 120
64 151
64 158
64 166
64 168
64 171
64 172
64 174
64 176
19 48
19 53
19 81
19 91
19 147
19 31
19 47
19 49
19 102
19 110
19 115
19 119
19 135
19 137
19 179
114 98
114 15
114 42
114 53
114 140
114 25
114 46
114 58
114 80
114 81
114 91
114 105
114 133
114 152
114 159
114 195
114 170
114 121
114 27
114 150
114 7
114 59
114 9
114 29
114 43
114 85
114 106
114 126
114 143
114 145
114 164
114 166
123 139
3 98
3 15
3 103
3 112
3 14
3 18
3 23
3 81
3 88
3 91
3 107
3 116
3 120
3 127
3 133
3 147
3 189
3 195
4 26
4 36
4 39
4 54
4 68
4 83
4 122
4 130
4 156
4 160
4 173
4 192
16 112
16 6
16 23
16 104
16 107
16 178
16 189
16 120
16 13
16 40
16 51
16 56
16 113
16 150
16 166
16 168
16 172
16 193
16 194
18 15
18 112
18 140
18 14
18 8
18 25
18 35
18 41
18 80
18 91
18 94
18 104
18 107
18 116
18 127
18 133
18 138
18 155
18 159
18 164
18 181
18 189
18 191
18 195
26 15
26 22
26 8
26 54
26 83
26 121
26 122
26 130
26 138
26 143
26 160
26 163
26 173
26 181
26 187
26 192
39 22
39 36
39 32
39 54
39 72
39 83
39 130
39 138
39 156
39 173
39 187
39 192
52 53
52 72
52 24
52 30
52 31
52 49
52 102
52 115
52 124
52 135
52 141
52 167
52 179
52 188
52 190
72 98
72 48
72 156
72 160
72 173
72 34
72 105
72 191
72 88
72 24
72 28
72 47
72 70
72 74
72 76
72 85
72 95
72 115
72 119
72 136
72 141
72 166
72 167
72 179
72 183
141 36
141 53
141 103
141 139
141 34
141 88
141 121
141 21
141 63
141 150
141 70
141 24
141 30
141 47
141 49
141 74
141 102
141 110
141 115
141 124
141 125
141 76
141 111
141 136
141 153
141 180
141 188
156 36
156 54
156 130
156 32
156 83
156 121
156 160
156 173
156 187
156 192
156 195
173 22
173 36
173 54
173 112
173 130
173 160
173 45
173 51
173 124
173 187
173 192
180 159
180 121
180 24
180 31
180 47
180 49
180 65
180 110
180 124
180 135
180 28
180 111
180 144
180 167
180 190
189 14
189 25
189 80
189 81
189 116
189 127
189 133
189 155
189 10
189 47
189 51
189 90
189 145
189 195
42 152
170 139
170 105
170 45
170 70
170 95
170 100
170 101
170 111
170 121
170 138
170 185
7 15
7 58
7 152
7 159
7 195
7 27
7 113
7 41
7 59
7 90
7 145
15 98
15 9
15 27
15 29
15 38
15 40
15 41
15 46
15 58
15 59
15 70
15 81
15 85
15 90
15 103
15 116
15 133
15 140
15 142
15 143
15 164
15 166
15 171
15 176
15 181
15 191
27 98
27 22
27 112
27 6
27 14
27 58
27 60
27 152
27 147
27 41
27 59
27 106
27 113
27 164
27 176
27 179
27 188
27 194
51 98
51 6
51 23
51 67
51 91
51 104
51 107
51 159
51 120
51 40
51 10
51 56
51 90
51 150
51 151
51 158
51 166
51 168
51 171
51 172
51 174
51 194
98 25
98 43
98 58
98 59
98 90
98 91
98 95
98 104
98 106
98 112
98 116
98 126
98 142
98 143
98 159
106 140
106 46
106 194
106 59
106 143
106 164
106 43
106 126
106 142
112 103
112 10
112 14
112 23
112 25
112 60
112 80
112 81
112 91
112 94
112 116
112 121
112 127
112 133
112 140
112 147
112 151
112 155
112 159
112 181
112 191
112 195
116 38
116 140
116 14
116 25
116 80
116 91
116 94
116 107
116 10
116 56
116 127
116 168
116 181
116 191
116 193
116 195
140 130
140 6
140 9
140 24
140 29
140 41
140 43
140 56
140 58
140 67
140 70
140 74
140 80
140 91
140 94
140 104
140 107
140 113
140 138
140 142
140 143
140 155
140 158
140 164
140 166
140 168
140 172
140 194
140 195
152 130
152 58
152 9
152 41
152 43
152 59
152 159
152 164
152 186
152 188
152 194
194 54
194 6
194 155
194 159
194 195
194 147
194 113
194 151
194 9
194 10
194 43
194 90
194 119
194 143
194 145
194 164
45 48
45 139
45 121
45 95
45 111
45 137
45 163
45 97
45 100
45 185
153 70
153 119
153 167
153 188
153 76
160 36
160 48
160 146
160 32
160 68
160 81
160 122
160 147
160 192
163 54
163 139
163 29
163 95
163 111
163 185
54 36
54 38
54 100
54 130
54 192
100 139
100 187
100 121
100 137
100 138
100 188
100 185
100 97
100 186
139 28
139 101
139 105
139 137
139 183
139 185
139 186
139 192
186 121
186 95
186 179
186 111
186 137
186 138
186 119
186 185
186 101
192 22
192 36
192 38
192 53
192 130
192 146
192 83
192 88
111 48
111 103
111 34
111 195
111 147
111 63
111 70
111 85
111 74
111 92
111 179
111 28
111 119
111 137
111 167
111 185
111 188
28 105
28 88
28 63
28 70
28 92
28 144
28 188
28 76
25 48
25 103
25 35
25 60
25 80
25 90
25 91
25 94
25 104
25 125
25 127
25 133
25 155
25 159
25 191
25 195
43 46
43 58
43 80
43 159
43 40
43 176
43 41
43 59
43 90
43 164
43 29
43 126
58 130
58 46
58 41
58 90
58 94
58 113
58 142
58 147
58 151
58 159
58 164
59 46
59 159
59 181
59 176
59 41
59 9
59 29
59 90
59 142
59 143
59 145
59 164
90 46
90 91
90 155
90 159
90 147
90 121
90 113
90 9
90 29
90 126
90 142
90 145
90 164
91 48
91 103
91 14
91 60
91 67
91 80
91 81
91 10
91 35
91 94
91 95
91 133
91 137
91 143
91 145
91 155
91 181
91 191
91 195
95 146
95 147
95 121
95 56
95 101
95 188
104 130
104 23
104 67
104 13
104 21
104 40
104 56
104 113
104 120
104 143
104 150
104 151
104 158
104 159
104 166
104 171
104 178
126 159
126 88
126 41
126 143
126 9
126 29
126 142
142 159
142 41
142 143
142 164
142 9
142 29
143 80
143 81
143 159
143 41
143 9
143 164
159 130
159 146
159 46
159 80
159 94
159 155
159 8
159 9
159 21
159 24
159 29
159 40
159 47
159 63
159 70
159 74
159 113
159 147
159 150
159 164
159 166
159 171
159 176
159 178
159 195
8 70
8 85
8 183
34 63
34 92
34 119
34 167
34 183
34 188
48 31
48 53
48 81
48 103
48 124
48 137
48 147
48 151
48 179
48 183
56 6
56 67
56 178
56 120
56 13
56 63
56 110
56 145
56 150
56 158
56 166
56 172
56 176
22 38
22 130
22 155
70 105
70 120
70 74
70 85
70 92
70 119
70 167
70 188
121 101
121 137
121 138
121 185
85 105
85 47
85 49
85 65
85 74
85 97
85 119
85 136
85 138
85 167
85 183
85 188
36 32
36 68
36 83
36 122
36 187
53 13
53 24
53 30
53 31
53 49
53 60
53 65
53 110
53 119
53 124
53 125
53 135
53 144
53 147
53 179
53 188
53 190
103 38
103 14
103 67
103 80
103 81
103 107
103 127
103 137
103 191
103 195
130 38
130 46
130 68
130 83
130 88
130 146
130 166
130 195
68 32
83 38
122 38
122 146
122 195
122 32
9 46
9 41
9 164
9 29
29 80
29 178
29 41
29 145
38 81
40 6
40 67
40 133
40 178
40 13
40 24
40 150
40 164
40 171
40 174
41 46
41 145
41 185
46 13
46 80
46 145
46 150
46 164
81 80
81 10
81 127
81 133
133 80
133 127
133 119
133 191
133 195
164 105
164 21
164 151
164 145
164 115
166 23
166 67
166 178
166 195
166 13
166 113
166 150
166 151
166 174
166 176
166 171
171 23
171 67
171 107
171 13
171 21
171 150
171 158
171 168
171 174
171 176
171 24
176 6
176 67
176 155
176 120
176 150
176 151
176 158
176 168
176 172
176 76
176 193
181 146
181 60
181 107
181 178
181 10
181 35
181 151
181 174
181 191
181 195
191 14
191 23
191 80
191 94
191 107
191 168
191 195
155 14
155 23
155 60
155 80
155 94
155 35
155 195
138 185
31 147
31 24
31 30
31 47
31 49
31 65
31 115
31 124
31 135
31 179
31 190
124 147
124 24
124 30
124 47
124 49
124 65
124 102
124 110
124 115
124 125
124 135
124 136
124 179
124 188
124 190
137 105
137 88
137 147
137 101
137 119
147 47
147 135
151 6
151 67
151 120
151 13
151 150
151 158
151 168
151 172
151 174
151 193
179 105
179 30
179 47
179 102
179 110
179 190
183 49
183 110
183 144
13 23
13 178
13 120
13 150
24 105
24 30
24 49
24 102
24 115
24 125
24 188
24 190
30 47
30 49
30 65
30 102
30 110
30 115
30 125
30 135
30 190
49 105
49 65
49 92
49 102
49 110
49 115
49 125
49 135
49 144
60 6
60 23
60 80
60 94
60 107
60 127
65 47
65 102
65 110
65 135
65 144
110 47
110 125
110 135
110 144
110 190
119 150
119 158
119 172
119 47
119 74
119 92
119 76
119 97
119 167
119 188
125 120
125 47
125 102
125 115
125 144
125 167
135 47
135 102
135 76
135 190
144 47
144 115
144 190
188 88
188 120
188 63
188 92
188 76
188 101
188 136
190 88
190 47
190 102
21 6
21 23
21 67
21 178
21 158
67 113
67 150
67 158
67 178
63 6
63 105
63 88
63 74
63 76
63 92
63 167
94 14
94 23
94 10
94 107
94 127
14 10
14 80
14 127
14 172
14 195
80 35
80 107
80 127
80 178
80 195
107 35
107 120
107 127
107 167
107 168
107 193
107 195
127 195
195 23
195 10
195 57
195 74
195 113
195 172
23 6
23 57
23 113
23 150
23 158
23 168
23 172
23 174
23 193
172 6
172 120
172 174
172 193
88 105
88 74
88 76
88 92
88 167
101 136
101 185
101 97
105 76
105 92
105 97
105 113
105 167
6 113
6 120
6 150
6 158
6 168
6 174
74 92
74 136
74 167
113 178
113 120
113 150
113 168
113 193
158 178
158 150
168 120
168 150
168 174
76 150
76 92
120 178
120 174
120 193
150 178
174 178
47 92
47 102
47 115
92 115
