99
25
22
370
169
275
317
356
33
348
222
231
129
167
42
160
69
256
252
364
66
162
244
195
194
331
29
238
120
71
248
226
91
46
1
319
39
369
67
198
322
332
212
173
365
199
366
237
32
255
355
15
211
131
161
354
72
176
168
143
321
20
172
193
123
313
247
152
2
330
367
102
230
303
221
75
351
218
216
333
232
153
55
246
377
349
40
242
302
296
353
312
266
57
134
213
38
21
363
101
217
4
115
245
171
51
352
142
166
0
159
45
240
284
359
233
372
124
235
350
79
251
241
9
147
347
112
14
280
254
13
59
288
133
68
200
243
297
320
265
118
113
31
214
279
325
291
135
358
44
100
328
203
234
65
357
145
277
50
257
141
132
224
318
19
18
249
201
41
346
49
109
12
90
74
17
289
276
223
360
239
209
23
290
175
174
34
35
335
8
274
52
70
56
236
146
281
80
267
3
378
43
334
215
58
202
327
122
11
144
207
310
121
278
373
16
368
114
273
110
130
210
30
227
323
116
204
