108
652
134
245
469
479
158
187
259
124
439
122
499
132
51
372
430
243
662
240
7
307
62
123
656
271
204
355
601
150
483
303
706
587
70
145
487
688
143
389
32
484
359
47
107
410
1
120
347
202
442
314
256
247
330
97
45
318
188
545
277
444
571
105
224
520
57
6
508
358
196
412
425
334
611
614
192
533
323
155
500
199
104
153
248
172
396
526
599
559
675
116
364
191
411
223
642
20
74
515
296
580
96
9
2
8
329
222
684
293
325
130
270
238
378
437
79
543
512
332
438
494
175
205
632
0
100
693
496
630
166
184
263
278
26
660
338
221
414
149
327
622
71
454
152
415
114
214
280
572
127
369
118
345
267
320
284
138
481
690
434
129
381
702
207
563
254
390
229
683
546
409
131
361
514
453
509
475
93
162
335
147
629
539
473
522
703
570
22
181
360
606
64
451
466
704
640
659
190
388
302
282
511
337
4
482
5
485
119
285
583
237
590
309
586
315
213
236
261
111
423
397
144
3
225
262
12
16
219
657
13
643
230
609
290
686
550
63
216
625
185
710
365
529
531
588
18
286
356
521
404
551
208
10
650
498
255
567
218
544
128
76
400
252
403
95
23
450
387
203
516
11
379
340
31
87
264
272
299
14
707
61
530
182
53
663
193
651
406
83
477
474
156
405
371
456
612
644
94
467
476
250
176
165
19
54
139
210
297
215
445
552
537
471
41
257
527
528
217
103
593
579
312
375
401
298
37
681
164
472
239
416
178
171
682
319
626
649
287
506
300
135
88
331
25
67
639
42
624
604
391
38
174
641
169
490
198
676
402
669
33
183
106
366
523
170
58
29
424
592
505
200
561
333
279
623
266
273
377
211
569
160
436
672
339
670
308
140
43
209
112
486
212
680
148
542
374
380
291
260
194
399
621
52
350
565
44
142
72
418
151
126
30
92
227
408
268
289
179
69
275
294
46
491
125
220
86
637
510
493
382
81
540
276
249
370
705
328
648
558
78
35
598
56
591
146
66
701
163
549
348
553
316
269
503
133
502
497
447
311
344
195
189
265
48
136
671
455
65
110
68
102
60
342
21
73
321
534
596
460
50
600
98
295
668
673
538
615
82
525
631
173
84
304
89
635
616
463
305
692
458
422
413
310
367
228
292
91
362
373
180
343
465
407
513
440
101
595
555
568
99
636
232
384
535
306
27
349
489
109
288
117
59
113
80
581
501
664
575
34
90
448
231
428
55
394
157
376
258
313
449
507
161
197
541
24
517
186
617
638
137
547
564
363
253
85
353
167
420
206
432
168
322
532
177
548
346
40
283
605
708
594
504
242
610
393
154
398
421
324
233
226
235
589
115
274
121
678
691
677
244
674
77
658
159
141
661
75
317
597
281
351
39
234
435
251
28
241
633
452
49
443
36
15
687
679
582
395
647
301
17
326
392
478
556
574
336
341
433
201
246
