100
64
627
459
926
100
48
798
22
29
1063
876
407
6
717
1077
517
517
614
1053
100
698
57
911
585
199
641
1053
585
199
761
698
58
1063
860
550
896
1063
92
844
65
21
1033
85
961
905
22
895
412
995
935
64
990
876
412
467
961
590
517
1044
762
879
875
549
895
293
174
150
756
582
585
788
408
205
1036
288
658
879
873
1022
459
1064
153
467
64
614
1013
310
875
585
1053
879
511
844
510
10
560
697
1063
469
756
929
961
1064
141
65
857
205
288
24
698
517
857
1013
624
929
800
517
99
585
1033
585
875
197
560
929
486
293
467
193
310
555
795
408
10
806
658
1099
1013
586
1090
976
336
844
1117
1063
920
927
876
606
448
560
1099
75
1099
745
798
698
189
473
927
1109
141
288
920
550
391
756
110
396
949
0
926
992
550
606
270
174
1063
1063
806
1063
1063
885
224
955
606
22
467
659
879
387
425
698
1122
574
756
226
836
888
637
412
48
991
745
606
844
65
65
387
58
408
421
1035
615
935
585
65
141
980
425
22
10
876
1064
1063
795
1094
288
51
855
876
902
658
408
310
6
895
875
498
875
421
1007
425
857
726
1053
606
1063
90
649
427
1063
193
578
498
550
26
905
1064
905
336
145
756
57
150
550
1063
64
525
801
590
100
288
866
902
893
1063
737
387
658
1051
407
698
1
844
380
102
834
876
679
888
1099
1063
893
205
183
353
21
1063
990
22
1033
550
274
905
641
1063
698
122
205
153
1063
330
10
549
387
887
585
995
408
498
421
517
860
990
844
683
1063
946
408
498
425
585
410
873
396
1022
614
658
698
560
6
860
550
421
638
896
473
30
893
800
875
1014
756
1007
873
895
549
935
905
590
614
844
423
518
813
57
658
1028
377
1084
453
379
514
875
726
1061
144
1033
122
1063
795
408
205
1063
6
876
387
510
1063
174
756
412
425
918
976
1063
740
368
995
428
410
990
468
48
683
898
698
1022
660
10
950
288
1035
389
1033
518
920
658
1053
800
1063
1063
961
391
199
550
560
1063
1028
473
1021
422
719
876
21
698
844
48
1061
902
22
1048
875
427
955
980
887
1050
585
100
310
10
879
48
896
10
550
387
1021
1007
511
658
205
926
961
549
550
986
585
58
834
502
102
1064
102
461
1063
274
761
910
396
422
1059
935
1010
887
580
473
585
278
336
895
875
920
453
876
396
1033
547
353
550
637
585
50
576
1064
876
638
582
421
128
658
879
905
550
122
990
103
10
122
14
844
205
1064
743
310
306
739
408
920
182
683
795
1033
496
627
876
1064
887
585
150
206
330
64
274
467
550
679
1022
590
902
410
196
756
427
920
929
735
65
910
658
555
511
22
