453
586
658
393
123
118
269
947
1063
378
519
463
624
1122
360
45
821
529
850
678
675
111
1060
604
177
101
894
704
253
491
522
1076
178
650
380
518
955
839
736
283
195
883
663
36
435
571
167
442
662
320
425
1112
232
1019
565
1077
274
169
1046
275
759
602
921
1049
23
492
506
219
939
172
200
92
162
419
79
806
39
361
116
618
646
35
742
993
1061
805
291
302
1050
294
826
936
1009
1064
1004
948
391
835
1093
925
770
216
410
501
212
1072
926
840
367
848
1024
552
787
813
811
720
230
243
347
1054
259
693
1
252
558
691
679
556
241
578
574
76
776
99
215
221
438
242
616
1105
748
1018
559
217
31
227
623
164
299
622
631
1119
1051
416
511
29
898
1012
466
589
1124
340
528
959
510
316
1106
728
532
1087
477
368
1102
1003
261
1117
226
9
533
344
89
0
923
193
176
86
637
405
828
494
971
673
517
78
168
42
887
348
333
402
870
358
1029
910
309
542
34
595
988
681
1031
934
233
975
155
1039
179
667
293
659
158
2
218
1086
141
483
706
738
841
893
15
25
555
504
497
802
547
866
724
991
102
902
98
590
325
1027
432
629
642
63
54
336
779
166
1123
540
949
635
377
684
334
407
104
1034
860
778
807
801
992
995
263
125
944
627
851
489
725
397
5
723
1010
610
734
795
51
257
400
735
289
282
408
481
201
487
929
22
782
1038
1118
554
817
527
772
388
1108
864
859
343
124
107
796
881
374
579
1033
892
917
997
249
1129
308
594
329
1002
1096
70
696
401
827
254
65
729
180
539
791
498
505
19
664
768
246
951
888
403
561
356
1127
55
110
700
924
394
784
330
863
278
875
163
703
465
220
423
780
867
452
353
112
68
773
591
794
976
339
803
639
100
962
126
1068
471
204
482
973
1044
10
615
131
1103
786
640
945
1083
286
563
584
1071
80
844
1023
989
238
379
228
1047
655
730
980
84
1088
1075
727
636
1043
127
495
95
129
6
829
260
444
963
633
436
351
732
1045
830
521
538
1115
53
845
672
46
933
818
173
441
812
475
740
596
911
450
462
938
900
224
1125
60
214
628
106
861
819
264
77
341
653
277
234
525
398
503
1001
83
109
479
240
90
468
415
105
625
67
209
385
647
966
967
192
872
648
674
412
927
28
120
72
290
1126
136
701
451
44
950
964
544
96
709
469
8
753
761
332
909
458
1037
305
744
671
41
756
4
765
311
1055
381
573
205
58
886
91
188
638
915
1116
364
239
363
569
1015
697
516
824
952
908
459
843
899
560
609
203
16
694
687
1078
56
366
907
322
433
785
145
630
680
287
769
417
47
373
800
799
486
171
245
297
832
1081
741
1099
849
390
1084
873
202
295
414
461
149
181
985
507
1107
698
448
961
512
716
714
792
754
460
783
617
404
133
267
386
413
957
644
612
904
7
1006
686
762
140
652
142
715
760
313
304
972
581
862
64
244
222
1021
138
231
199
354
996
159
383
473
119
288
1016
427
32
585
223
572
1040
600
422
580
942
717
878
588
656
40
395
999
702
987
271
424
668
337
251
265
455
611
247
262
342
879
531
940
606
816
958
657
122
135
685
443
745
895
1131
43
476
1109
48
1065
763
324
194
599
117
620
152
207
1048
153
235
493
197
553
206
439
846
1073
649
708
66
814
250
891
472
296
670
645
488
317
478
85
189
484
156
255
854
1020
808
372
695
27
968
502
755
3
509
607
300
804
431
338
399
941
575
688
913
211
514
885
1014
150
143
920
789
362
713
73
26
480
148
97
626
608
198
562
310
499
665
437
943
520
790
767
882
292
37
871
256
1028
248
912
279
774
1132
922
161
266
12
570
237
165
1041
38
306
731
447
990
449
719
981
387
603
546
567
833
669
146
632
314
335
1052
485
890
508
822
809
582
838
30
1085
151
994
1111
428
1128
690
276
376
877
285
69
1017
94
919
147
954
157
998
865
1056
551
349
319
970
323
1104
810
326
187
1013
758
896
775
185
641
144
793
1098
1110
836
683
576
359
1007
13
49
440
953
541
1026
273
1067
20
345
1091
930
1030
375
1082
196
613
666
853
350
946
182
210
1005
1032
318
764
928
434
406
746
457
1090
747
186
59
931
969
593
1095
598
651
52
682
634
14
1022
750
1059
170
392
1066
357
490
328
1035
430
712
236
916
660
743
820
389
726
1057
692
50
1120
382
474
766
621
524
331
903
549
184
837
270
676
535
526
797
303
464
213
757
88
710
93
121
1074
87
906
57
935
661
421
918
978
937
298
1080
268
619
467
1058
411
842
1079
771
280
852
174
183
426
781
537
788
1113
721
454
446
876
986
699
370
737
1069
965
1130
456
1036
977
530
605
1100
587
557
139
71
190
1101
515
420
677
108
33
983
614
583
834
564
643
81
707
75
901
272
1114
