0 57
0 350
57 40
57 69
57 350
350 69
350 1
350 2
350 3
350 4
350 8
350 9
350 12
350 14
350 19
350 21
350 22
350 23
350 26
350 29
350 30
350 37
350 40
350 41
350 42
350 44
350 46
350 48
350 49
350 51
350 56
350 60
350 62
350 63
350 65
350 66
350 71
350 73
350 75
350 77
350 78
350 83
350 89
350 91
350 92
350 93
350 94
350 97
350 104
350 107
350 109
350 111
350 113
350 115
350 117
350 118
350 119
350 120
350 121
350 133
350 135
350 136
350 137
350 138
350 140
350 141
350 142
350 145
350 148
350 150
350 152
350 153
350 155
350 157
350 159
350 160
350 163
350 168
350 169
350 177
350 180
350 181
350 189
350 191
350 192
350 197
350 198
350 201
350 206
350 207
350 208
350 212
350 215
350 218
350 220
350 221
350 227
350 229
350 230
350 232
350 235
350 236
350 238
350 240
350 243
350 250
350 256
350 257
350 258
350 259
350 260
350 263
350 266
350 270
350 277
350 278
350 280
350 284
350 286
350 288
350 293
350 294
350 295
350 296
350 297
350 299
350 300
350 301
350 303
350 305
350 306
350 308
350 310
350 311
350 312
350 318
350 319
350 320
350 321
350 322
350 323
350 324
350 331
350 332
350 333
350 335
350 336
350 340
350 344
350 349
350 351
350 352
350 356
350 357
350 358
350 361
40 314
1 65
1 92
1 128
1 152
1 159
1 213
1 236
1 267
1 303
1 313
1 321
1 333
1 346
2 192
2 351
3 299
3 336
3 341
4 65
4 92
4 138
4 213
4 306
4 346
8 341
8 58
8 80
8 81
8 83
8 84
8 89
8 108
8 114
8 125
8 149
8 158
8 175
8 183
8 198
8 201
8 205
8 214
8 227
8 263
8 307
8 343
8 361
9 321
9 104
9 279
12 145
12 161
12 89
12 233
14 137
14 159
14 303
14 161
14 10
14 48
14 185
14 189
19 65
19 356
19 140
19 155
19 162
19 294
19 320
21 92
21 137
21 159
21 145
21 161
21 358
21 201
22 18
22 63
23 75
23 97
23 324
23 335
26 161
26 81
26 226
29 65
29 356
29 6
29 203
29 212
29 259
29 270
29 318
29 323
30 18
30 65
30 92
30 356
30 336
30 177
30 201
30 48
30 115
30 51
30 82
30 107
30 178
30 181
30 231
30 319
37 263
37 307
37 308
41 137
41 159
41 100
41 34
41 62
41 153
41 238
42 202
42 289
44 18
44 115
44 71
44 109
46 65
46 92
46 313
46 341
46 138
46 6
46 43
46 118
46 177
46 251
46 265
48 18
48 65
48 137
48 321
48 341
48 145
48 177
48 82
48 178
48 206
48 221
48 250
48 276
48 297
49 313
49 321
49 16
49 111
49 115
49 181
49 263
49 282
51 18
51 280
56 139
56 168
60 257
62 159
62 100
62 153
63 18
63 73
63 258
63 281
65 18
65 6
65 7
65 11
65 13
65 39
65 45
65 52
65 54
65 58
65 59
65 61
65 67
65 70
65 71
65 73
65 76
65 82
65 83
65 85
65 90
65 92
65 98
65 99
65 100
65 103
65 104
65 105
65 106
65 110
65 112
65 118
65 119
65 123
65 138
65 140
65 142
65 151
65 152
65 162
65 165
65 166
65 177
65 178
65 184
65 190
65 193
65 194
65 195
65 203
65 204
65 210
65 220
65 237
65 245
65 248
65 250
65 255
65 262
65 268
65 269
65 274
65 280
65 281
65 282
65 294
65 295
65 296
65 298
65 303
65 306
65 319
65 321
65 328
65 329
65 334
65 338
65 346
65 348
66 137
66 159
66 161
66 261
71 18
71 92
71 321
71 356
71 296
71 115
71 91
73 356
73 341
73 15
73 38
73 77
73 106
73 124
73 154
73 155
73 166
73 194
73 223
73 240
73 258
73 281
75 324
77 320
77 206
77 194
77 262
78 192
78 32
83 137
83 159
83 356
83 341
83 113
83 119
83 183
83 199
83 215
83 224
83 255
83 263
83 283
83 340
89 114
89 263
91 18
91 92
91 358
91 296
91 85
91 111
91 117
92 52
92 59
92 76
92 99
92 103
92 104
92 106
92 115
92 117
92 135
92 137
92 138
92 145
92 159
92 161
92 177
92 179
92 213
92 217
92 219
92 244
92 246
92 248
92 249
92 280
92 283
92 288
92 296
92 305
92 306
92 316
92 321
92 336
92 337
92 341
92 352
92 356
92 358
93 145
93 161
93 74
93 180
94 18
94 145
94 238
94 256
94 309
97 119
97 324
97 335
104 18
104 236
104 303
104 356
104 138
104 296
104 31
104 59
104 96
104 98
104 132
104 170
104 179
104 206
104 208
104 277
104 279
104 309
104 316
104 354
107 145
107 161
107 177
107 115
107 82
107 103
107 181
107 280
109 145
109 161
109 251
111 16
111 300
113 340
115 18
115 321
115 356
115 341
115 138
115 358
115 177
115 82
115 98
115 135
115 181
115 241
115 282
117 18
117 137
117 159
117 358
117 76
118 18
118 303
118 346
118 356
118 341
118 138
119 356
119 335
119 340
120 137
120 131
121 145
121 161
121 198
121 359
133 161
133 227
133 197
135 341
135 138
135 177
136 137
136 159
136 325
136 286
136 296
137 18
137 7
137 24
137 76
137 80
137 86
137 141
137 144
137 150
137 159
137 183
137 184
137 202
137 238
137 239
137 261
137 271
137 273
137 280
137 286
137 287
137 296
137 310
137 321
137 325
137 331
137 332
137 358
138 18
138 321
138 356
138 341
138 103
138 106
138 145
138 177
138 283
138 296
138 306
138 316
140 356
140 193
141 159
141 145
141 161
141 288
141 239
142 321
142 356
142 166
142 36
142 202
145 321
145 5
145 70
145 74
145 98
145 150
145 161
145 178
145 197
145 201
145 207
145 211
145 229
145 233
145 239
145 251
145 253
145 258
145 261
145 266
145 278
145 281
145 284
145 290
145 291
145 296
145 309
145 310
145 312
145 315
145 327
145 329
145 358
148 159
148 100
148 153
148 238
148 332
150 159
150 161
150 305
152 333
152 341
153 333
153 100
153 203
153 34
153 331
153 332
155 194
155 294
155 320
157 361
157 178
159 99
159 7
159 24
159 80
159 86
159 183
159 184
159 201
159 202
159 238
159 261
159 271
159 273
159 278
159 286
159 296
159 310
159 321
159 325
159 329
159 331
159 332
159 358
160 252
160 82
160 87
160 173
160 188
163 103
163 344
168 321
168 172
169 238
169 332
169 127
177 18
177 321
177 341
177 6
177 7
177 16
177 39
177 58
177 85
177 103
177 105
177 147
177 151
177 178
177 203
177 237
177 280
177 319
177 323
180 311
181 18
189 18
189 303
189 321
189 191
189 208
191 356
191 310
192 32
192 351
197 161
197 178
197 319
197 271
198 263
198 342
201 18
201 161
201 82
201 178
201 231
201 263
201 278
201 309
206 236
206 321
206 279
206 59
206 320
206 235
207 84
207 167
208 321
208 296
208 59
208 216
208 310
212 18
212 259
215 18
215 232
215 255
218 293
220 18
220 321
220 356
220 174
220 193
221 321
221 237
221 250
227 263
227 296
227 343
229 161
229 315
230 238
230 301
232 18
235 320
235 330
236 18
236 128
236 58
236 59
236 132
236 144
236 178
236 211
236 216
236 276
236 291
236 296
236 303
236 319
236 321
236 333
238 303
238 341
238 296
238 67
238 68
238 164
238 256
238 301
238 309
238 317
238 331
238 332
238 355
240 194
243 278
250 328
256 257
256 274
256 67
256 68
256 164
256 309
256 317
256 355
257 356
257 52
258 341
258 161
258 211
258 15
258 106
258 38
258 176
258 266
258 281
258 334
259 18
259 321
259 36
259 203
260 360
260 329
263 58
263 81
263 84
263 114
263 122
263 125
263 175
263 183
263 205
263 296
263 307
263 343
266 161
266 242
270 129
270 318
277 18
277 356
277 296
277 274
277 285
278 161
278 358
278 296
278 309
280 356
280 341
280 82
280 103
284 161
286 7
288 358
288 296
288 178
288 319
288 20
288 170
288 132
288 179
288 311
293 321
294 356
294 283
294 101
294 222
294 255
294 320
295 321
295 356
295 255
296 18
296 321
296 356
296 161
296 358
296 58
296 20
296 31
296 43
296 64
296 74
296 127
296 130
296 144
296 166
296 170
296 178
296 239
296 241
296 244
296 246
296 275
296 285
296 289
296 290
296 343
297 321
299 18
299 228
303 128
303 52
303 132
303 185
303 309
303 355
303 356
305 358
305 96
306 356
306 90
308 161
308 156
310 321
310 356
310 161
311 178
311 319
312 18
312 95
312 161
312 187
312 211
312 237
312 360
318 18
318 341
318 129
318 174
318 347
319 18
319 108
319 149
319 158
319 342
319 178
319 285
319 156
319 271
319 276
319 309
319 315
319 327
319 359
320 194
320 262
320 330
321 18
321 128
321 267
321 59
321 172
321 202
321 203
321 216
321 237
321 244
321 249
321 279
321 283
321 289
321 316
321 337
321 353
321 356
321 358
322 131
323 18
323 341
323 129
323 203
331 100
332 100
333 203
333 216
336 341
344 103
349 98
349 178
351 112
351 341
352 18
352 358
352 273
356 18
356 99
356 213
356 346
356 6
356 7
356 11
356 13
356 52
356 61
356 67
356 70
356 76
356 82
356 90
356 98
356 106
356 112
356 123
356 130
356 143
356 147
356 165
356 178
356 184
356 190
356 194
356 195
356 203
356 214
356 237
356 241
356 245
356 248
356 254
356 255
356 262
356 269
356 274
356 281
356 282
356 283
356 285
356 287
356 298
356 328
356 329
356 334
356 343
356 345
358 5
358 126
358 161
358 98
358 132
358 170
358 179
358 217
358 219
358 246
358 273
361 125
128 99
128 54
128 193
213 313
213 346
267 353
313 265
313 282
313 341
346 18
18 13
18 24
18 36
18 52
18 59
18 70
18 76
18 82
18 85
18 86
18 99
18 100
18 105
18 106
18 129
18 130
18 131
18 134
18 143
18 161
18 174
18 178
18 184
18 190
18 202
18 203
18 211
18 231
18 241
18 245
18 248
18 274
18 282
18 283
18 285
18 316
18 338
18 341
18 343
18 347
18 360
13 130
13 348
24 174
36 202
36 203
52 59
59 279
59 216
59 276
70 161
70 211
70 33
70 134
82 341
82 252
82 28
82 87
82 173
82 178
82 188
82 231
82 272
85 16
99 54
99 193
100 341
100 34
105 338
106 283
106 15
129 203
130 341
130 50
130 186
130 225
134 211
134 33
143 54
143 174
143 269
161 5
161 74
161 103
161 156
161 167
161 178
161 183
161 211
161 226
161 233
161 251
161 253
161 273
161 281
161 290
161 291
161 309
161 315
161 327
161 329
161 359
174 202
178 341
178 58
178 108
178 122
178 125
178 158
178 307
178 342
178 343
178 233
178 98
178 20
178 64
178 156
178 167
178 209
178 226
178 231
178 245
178 253
178 271
178 275
178 285
178 290
178 309
178 315
178 327
178 359
190 146
211 341
211 6
211 33
211 147
211 176
211 183
211 196
211 237
211 304
211 334
231 146
231 275
231 339
241 90
241 282
245 343
248 39
248 47
274 79
274 317
283 341
283 224
283 101
283 182
283 199
283 222
285 156
285 290
341 11
341 15
341 16
341 43
341 47
341 50
341 103
341 112
341 127
341 182
341 186
341 193
341 199
341 210
341 214
341 224
341 264
341 265
341 354
360 116
360 165
6 187
6 304
6 325
7 237
11 195
11 224
39 47
39 151
45 254
54 61
54 193
58 81
58 144
61 123
67 68
67 298
110 204
110 269
151 228
165 116
166 17
166 101
166 154
166 43
193 194
193 210
194 223
237 187
237 304
237 147
262 330
268 254
281 329
348 287
179 132
217 74
217 219
244 132
244 289
249 337
80 122
183 147
271 287
325 187
132 31
132 96
132 291
132 309
147 196
214 345
43 251
50 186
127 354
127 264
264 354
5 95
5 126
126 25
315 108
167 114
226 342
170 20
170 31
170 275
187 304
84 149
108 175
125 20
125 339
158 205
307 64
307 339
122 209
20 339
339 64
339 275
31 64
31 96
101 154
101 222
222 35
222 102
222 171
222 53
222 55
222 173
222 200
222 247
222 292
222 302
222 326
225 72
38 88
38 124
154 17
17 252
252 188
28 87
87 272
173 171
173 200
27 234
35 102
35 171
35 302
171 200
171 292
171 302
302 53
302 247
200 292
53 247
55 326
247 326
