493
822
159
334
754
557
6
142
514
863
876
148
215
326
724
70
904
421
820
600
660
86
285
389
445
752
746
356
889
507
977
190
833
601
43
413
668
100
247
318
143
651
412
202
158
555
596
524
848
431
381
3
751
998
393
462
315
226
48
736
259
60
108
436
20
861
68
599
204
510
706
647
628
51
831
748
603
556
375
263
513
508
874
97
997
444
666
947
256
726
681
580
453
988
832
618
581
180
296
248
531
351
654
458
201
304
907
470
519
731
616
739
24
155
500
606
240
502
504
172
170
503
659
339
81
218
857
624
973
19
871
82
886
597
866
549
110
329
784
369
798
705
807
104
317
803
94
437
486
768
577
494
877
632
958
407
728
340
92
374
753
552
786
303
680
195
645
550
797
709
367
595
707
916
554
34
562
87
366
99
520
903
345
372
776
166
173
250
47
950
371
360
662
178
530
652
477
137
83
821
491
102
132
783
115
505
193
767
670
991
872
230
209
388
787
849
528
532
216
319
890
766
745
198
674
404
333
279
312
678
394
622
18
335
435
609
704
210
363
373
589
220
370
255
617
400
420
835
650
55
39
985
249
923
251
896
669
258
282
631
565
205
498
473
127
571
802
460
962
25
38
732
169
823
591
992
401
277
719
495
683
291
234
443
575
838
321
740
644
737
590
994
682
331
468
23
425
284
471
553
980
963
888
868
134
403
663
353
483
567
227
133
76
846
130
642
21
694
492
286
915
815
809
623
946
120
152
710
646
943
808
548
588
1003
587
884
265
918
75
338
332
533
956
582
734
66
153
576
914
610
489
77
192
196
430
911
448
905
607
467
174
95
391
517
983
37
972
830
463
233
245
593
693
308
219
790
74
434
246
175
264
140
481
912
800
214
28
461
478
485
490
814
840
343
232
667
629
231
940
735
579
154
676
454
80
592
563
274
516
191
7
594
583
141
88
275
474
658
708
774
867
181
619
341
561
225
244
860
128
386
551
469
368
162
65
29
464
459
111
273
675
499
109
93
98
612
395
145
703
414
465
409
242
547
278
526
243
584
862
635
813
254
545
828
931
924
262
290
35
89
892
15
716
825
325
342
50
316
347
782
417
765
611
121
41
96
509
827
733
350
501
136
397
476
816
527
506
636
383
189
118
875
