0 59
0 82
0 106
0 278
0 335
0 364
0 420
0 424
0 508
0 544
0 598
0 601
0 609
0 623
59 17
59 122
59 210
59 221
59 278
59 316
59 364
59 508
82 17
82 22
82 79
82 210
82 221
82 278
82 364
82 420
82 431
82 508
82 580
82 598
106 178
106 278
106 335
106 391
106 508
106 544
106 598
278 17
278 22
278 79
278 364
278 391
278 420
278 431
278 508
278 544
278 580
278 598
278 601
278 623
335 164
335 364
335 420
335 459
335 526
335 544
335 598
335 601
335 634
364 508
364 544
364 601
364 623
420 22
420 24
420 80
420 149
420 164
420 221
420 330
420 356
420 363
420 391
420 400
420 431
420 460
420 486
420 543
420 544
420 580
420 598
420 623
424 110
424 283
424 457
424 506
424 524
424 544
424 555
424 592
424 597
424 609
424 640
508 17
508 79
508 221
508 230
508 238
508 374
508 391
508 431
508 515
508 544
508 580
508 598
508 601
544 30
544 149
544 164
544 221
544 230
544 238
544 258
544 323
544 374
544 391
544 431
544 459
544 460
544 479
544 486
544 515
544 557
544 598
544 601
544 621
544 623
598 22
598 149
598 164
598 221
598 258
598 323
598 389
598 391
598 431
598 586
598 601
598 623
601 164
601 178
601 283
601 391
601 431
601 479
601 492
601 578
601 592
601 621
601 623
609 122
609 136
609 223
609 271
609 274
609 457
609 487
609 489
609 523
609 524
609 533
609 583
609 597
609 640
623 221
623 459
623 489
623 621
17 228
17 306
17 24
17 41
17 79
17 89
17 103
17 119
17 134
17 177
17 252
17 444
17 457
17 458
17 471
17 487
17 524
17 537
17 568
17 580
17 583
17 625
122 234
122 238
122 252
122 444
122 457
122 458
122 524
122 217
122 221
122 316
122 369
122 405
122 411
122 475
122 513
122 522
122 566
122 593
122 640
210 5
210 16
210 42
210 92
210 147
210 221
210 226
210 286
210 329
210 357
210 379
210 389
210 445
210 509
210 517
210 557
210 612
221 86
221 351
221 634
221 238
221 326
221 30
221 80
221 81
221 136
221 149
221 230
221 240
221 316
221 323
221 374
221 391
221 447
221 459
221 460
221 489
221 515
221 539
22 431
79 81
79 230
79 235
79 287
79 410
79 432
79 486
79 580
431 391
580 24
580 41
580 444
580 457
580 81
580 230
580 326
580 391
580 432
178 479
178 459
178 621
391 238
391 30
391 323
391 81
391 149
391 230
391 374
391 389
391 432
391 486
391 515
391 586
164 296
164 110
164 243
164 315
459 42
459 634
459 489
459 145
459 190
459 329
459 390
459 155
459 187
459 245
459 288
459 562
459 621
526 44
526 634
526 473
634 16
634 42
634 41
634 145
634 489
24 18
24 119
24 252
24 326
24 458
24 471
24 568
80 400
80 507
80 330
80 363
80 543
149 323
149 553
149 389
149 507
149 81
149 230
149 432
149 254
149 397
149 637
330 400
330 136
330 150
330 543
356 400
356 379
356 314
356 469
356 419
356 490
356 507
356 543
356 465
356 124
356 345
356 378
356 505
356 596
356 630
363 400
363 543
400 10
400 208
400 384
400 177
400 225
400 419
400 462
400 505
400 543
400 630
486 81
486 230
486 235
486 287
486 410
486 432
543 394
543 314
543 124
543 240
543 254
543 630
110 283
110 296
110 243
110 315
283 109
283 48
283 197
283 392
283 492
283 497
283 555
283 578
283 587
283 592
457 234
457 41
457 103
457 238
457 444
457 216
457 309
457 463
457 506
457 524
457 566
506 524
524 103
524 119
524 252
524 458
524 18
524 217
524 435
524 484
524 489
524 583
524 597
555 592
592 492
592 578
597 252
597 640
597 615
597 632
597 271
597 253
597 341
597 222
640 43
640 217
640 245
640 321
640 371
640 523
230 238
230 553
230 515
230 622
230 81
230 287
230 374
230 410
230 432
230 443
238 228
238 234
238 306
238 81
238 216
238 293
238 515
238 566
374 553
374 515
515 48
515 107
515 438
515 495
515 171
515 213
515 296
515 403
515 427
515 532
30 258
30 310
30 323
30 430
30 541
30 553
30 585
258 323
258 541
323 389
323 409
479 7
479 31
479 91
479 135
479 225
479 266
479 328
479 463
479 581
479 632
479 635
479 636
557 579
557 624
557 16
557 226
557 379
557 256
557 326
389 42
389 379
389 329
389 259
389 409
389 507
389 586
389 626
492 301
492 578
578 301
136 228
136 306
136 215
136 546
136 533
136 264
136 293
136 539
136 92
136 256
136 529
136 43
136 150
136 253
136 265
136 271
136 284
136 535
223 217
223 480
223 523
223 274
271 134
271 487
271 533
271 198
271 361
271 476
271 253
271 523
274 569
274 198
274 217
274 206
274 523
487 41
487 89
487 134
487 128
487 245
487 371
487 523
487 545
489 41
489 583
489 85
489 155
489 187
489 245
489 288
489 337
489 371
489 562
523 134
523 293
523 217
533 252
533 43
533 253
533 388
533 539
583 103
583 252
583 225
583 309
583 463
1 13
1 148
1 174
1 307
1 338
1 554
13 44
13 207
13 307
13 600
148 62
148 338
148 482
148 554
148 588
148 600
174 44
174 307
174 473
307 92
338 554
554 55
554 137
554 211
554 275
554 469
554 473
554 481
554 584
554 588
554 613
44 579
44 185
44 256
44 282
44 447
44 473
207 5
207 65
207 445
207 517
207 579
207 600
207 624
600 588
62 172
62 482
62 612
482 172
482 344
482 334
482 340
482 612
588 137
588 469
588 613
473 92
473 275
473 536
92 624
92 85
92 147
92 172
92 236
92 240
92 256
92 286
92 291
92 337
92 388
92 612
55 137
55 211
55 536
55 606
55 629
137 151
137 211
137 298
137 469
137 536
137 563
137 606
137 613
211 563
211 629
275 246
275 536
275 606
275 151
275 298
275 582
469 86
469 65
469 379
469 447
469 93
469 96
469 240
469 496
481 9
481 215
481 43
481 61
481 63
481 93
481 112
481 118
481 200
481 231
481 261
481 284
481 376
481 382
481 396
481 417
481 480
481 535
481 546
481 595
481 602
481 633
584 613
584 168
613 168
2 25
2 154
2 179
2 241
2 550
2 575
25 23
25 154
25 241
25 470
25 502
25 575
154 127
154 179
154 193
154 194
154 270
154 575
179 115
179 159
179 241
179 322
179 550
179 575
241 23
241 127
241 194
241 470
241 502
241 550
550 159
550 270
550 322
550 470
550 502
550 575
575 113
575 127
575 157
575 193
575 194
575 251
575 257
575 570
575 589
23 219
23 251
23 470
23 502
470 502
502 219
502 360
502 572
127 194
193 273
193 324
193 303
193 98
193 167
270 113
270 589
270 322
270 452
270 152
270 530
115 269
115 503
159 104
159 564
322 67
322 423
322 589
322 39
322 152
322 191
322 209
322 242
322 269
322 348
322 442
322 530
113 67
113 11
113 51
113 152
113 157
113 175
113 272
113 290
113 422
113 436
113 570
157 423
157 485
257 67
257 589
257 570
257 359
257 53
257 311
570 27
570 47
570 448
570 53
570 153
570 299
570 324
570 534
589 15
589 152
589 269
589 360
3 20
3 86
3 189
3 220
3 351
20 86
20 118
20 215
20 351
86 75
86 76
86 93
86 102
86 118
86 131
86 160
86 189
86 220
86 226
86 314
86 326
86 351
86 379
86 418
86 434
86 447
86 496
86 507
86 585
189 351
220 351
351 326
351 496
118 78
118 87
118 93
118 182
118 227
118 297
118 396
118 464
118 591
215 72
215 9
215 183
215 63
215 130
215 200
215 256
215 261
215 284
215 321
215 334
215 500
215 510
215 511
215 512
215 535
215 546
215 631
75 228
75 12
75 116
75 140
75 176
75 320
75 395
75 419
75 490
75 507
75 525
75 563
75 618
76 393
76 563
102 585
102 507
102 160
131 140
131 320
131 507
131 365
131 100
131 114
131 158
131 263
131 353
131 414
131 416
131 465
160 116
160 395
160 507
160 618
160 214
160 240
160 254
160 383
160 397
160 434
160 531
226 16
226 379
314 418
314 585
314 216
314 36
314 125
314 196
314 249
314 124
314 146
314 370
314 378
314 414
314 416
314 465
314 488
314 490
314 505
314 520
314 596
326 78
326 150
379 16
379 259
379 626
418 525
418 29
418 370
418 596
434 393
434 447
434 383
447 240
447 440
447 507
447 542
447 605
507 228
507 116
507 140
507 395
507 419
507 240
507 254
507 263
507 414
507 440
507 559
507 618
585 142
4 21
4 72
4 73
4 319
21 72
21 73
21 212
21 232
21 264
21 319
21 549
72 73
72 130
72 183
72 200
72 212
72 231
72 232
72 248
72 261
72 284
72 319
72 321
72 331
72 336
72 376
72 382
72 402
72 491
72 500
72 510
72 511
72 522
72 535
72 595
72 603
72 631
72 632
73 212
73 232
73 264
73 319
73 549
319 232
319 88
319 200
319 212
319 321
319 331
319 382
319 401
319 491
319 603
319 632
212 200
212 229
212 248
212 382
212 401
212 491
212 549
212 603
264 256
264 265
264 499
264 529
264 549
264 608
549 382
130 372
130 539
130 231
130 236
130 336
183 9
183 546
200 382
200 88
200 248
200 331
200 401
200 491
200 512
200 603
231 336
248 382
261 284
261 535
261 321
261 376
261 500
261 511
261 631
284 63
284 43
284 321
284 376
284 500
284 511
284 535
284 631
321 535
321 500
321 510
321 511
321 636
331 382
331 229
331 491
331 603
376 63
376 535
382 63
382 229
382 401
382 491
382 603
402 595
491 401
491 603
500 535
500 510
500 511
500 631
510 631
511 535
511 631
522 293
522 480
522 535
522 56
522 120
522 141
522 475
522 206
522 362
522 381
522 450
522 513
522 603
522 615
522 632
535 63
535 293
535 43
535 480
535 120
535 141
535 385
535 450
535 475
535 631
595 236
603 229
603 401
632 222
632 341
632 453
632 636
5 65
5 445
5 517
5 579
5 624
65 445
65 517
65 579
445 517
517 579
517 624
579 256
579 282
579 612
579 624
624 85
624 256
624 388
16 42
16 357
42 145
42 190
42 329
42 357
42 390
42 562
286 612
286 509
329 190
329 337
329 366
329 390
329 551
329 562
509 85
509 612
509 337
509 388
612 85
612 172
612 291
612 337
612 388
612 404
256 41
256 375
256 85
256 282
256 342
256 344
256 573
85 41
85 155
85 245
85 337
85 342
85 388
85 529
388 172
388 337
388 253
6 117
6 138
6 228
6 234
6 268
6 306
6 394
6 428
6 483
117 138
117 228
117 234
117 306
117 380
117 428
117 466
138 228
138 234
138 380
138 394
138 410
138 419
138 425
138 428
138 497
138 541
228 163
228 234
228 254
228 306
228 380
228 394
228 419
228 428
228 466
228 483
228 625
234 268
234 306
234 380
234 394
234 419
234 428
234 483
234 566
268 394
268 428
268 483
306 186
306 216
306 384
306 394
306 428
306 444
306 466
394 173
394 227
394 240
394 333
394 384
394 428
394 483
394 537
428 380
428 483
483 380
483 177
483 332
483 419
483 455
483 466
483 625
380 64
380 296
380 312
380 332
380 438
380 455
380 556
380 616
380 625
410 553
410 622
410 81
410 235
410 287
410 432
419 177
419 116
419 176
419 395
419 97
419 358
419 407
419 490
425 541
425 438
425 497
425 49
497 109
497 541
497 48
497 197
497 392
497 49
497 403
497 587
541 343
541 438
541 494
541 518
541 553
163 333
163 294
163 569
163 616
163 48
163 225
163 438
254 393
254 451
254 214
254 292
625 107
625 109
625 332
625 455
625 556
566 252
566 444
566 369
186 384
186 339
216 266
216 384
216 444
216 161
216 227
216 540
216 593
216 599
216 121
216 135
216 181
216 182
216 260
216 339
216 399
216 437
216 548
216 565
384 10
384 208
384 266
384 333
384 33
384 339
384 462
384 593
384 599
444 41
444 252
444 369
64 26
64 294
64 312
64 616
296 105
296 109
296 569
296 107
296 403
296 171
296 213
296 243
296 315
296 343
296 427
296 532
312 26
312 294
312 377
312 616
332 455
332 556
438 48
438 494
438 495
455 553
455 556
616 26
616 294
616 377
173 537
173 305
227 31
227 266
227 161
227 205
227 181
227 182
227 505
227 540
227 593
227 599
227 630
240 293
333 10
333 527
537 177
537 305
177 373
7 99
99 57
57 31
57 91
31 10
31 37
31 54
31 161
31 205
31 266
31 313
31 411
31 449
31 501
31 521
31 540
31 593
31 599
31 635
91 528
135 514
135 249
135 463
225 208
225 328
225 294
225 569
225 309
266 10
266 54
266 33
266 103
266 119
266 161
266 205
266 252
266 411
266 449
266 501
266 521
266 540
266 593
266 599
328 14
328 166
328 463
328 581
463 103
463 309
581 198
635 105
635 109
636 289
636 627
8 67
8 126
8 423
126 218
126 423
423 485
218 51
218 188
218 467
218 485
218 577
485 188
485 209
485 628
9 546
9 633
546 56
546 63
546 293
546 476
633 417
63 32
63 38
63 293
63 375
63 539
334 375
334 340
512 244
43 539
43 217
43 480
61 277
61 83
61 192
61 386
61 602
112 246
112 441
396 78
396 87
396 297
396 464
396 591
480 293
480 120
480 450
602 277
602 262
56 293
56 120
56 139
56 141
56 144
56 361
56 385
56 475
56 476
56 607
56 615
293 120
293 125
293 141
293 144
293 247
293 361
293 450
293 475
293 476
293 539
476 198
476 144
476 361
476 475
10 37
10 54
10 70
10 208
10 462
10 501
10 514
10 527
37 54
37 70
37 132
37 501
37 527
54 70
54 501
54 527
70 527
208 462
501 132
501 205
501 527
501 593
501 599
514 249
527 132
527 205
527 593
527 599
161 171
161 205
161 243
161 315
161 403
161 411
161 493
161 521
161 540
161 593
161 599
161 622
205 540
205 593
205 599
411 405
411 521
411 593
449 26
521 593
521 599
540 103
540 119
540 252
540 181
540 484
540 593
540 599
593 33
593 405
593 599
599 33
103 119
103 252
103 309
103 435
103 484
119 252
119 435
119 458
119 471
119 484
119 568
252 217
252 369
252 435
252 484
252 615
339 373
339 181
339 367
339 590
505 378
505 317
505 461
630 468
249 36
249 125
249 198
249 488
249 520
51 422
51 46
51 69
51 250
51 436
51 477
51 519
51 577
152 290
152 191
152 408
175 290
175 272
175 436
175 311
175 530
272 39
272 318
272 436
272 452
290 35
290 39
422 35
436 46
436 69
436 250
12 525
525 140
525 176
525 320
525 618
116 280
116 100
116 176
116 395
116 397
116 451
116 531
116 563
116 618
140 124
140 263
176 100
176 320
176 354
176 358
320 124
320 618
395 531
395 618
490 596
563 295
618 397
15 273
15 604
273 45
273 68
273 111
273 324
273 359
273 604
273 610
604 40
45 359
45 558
68 614
68 295
68 324
68 406
68 412
111 237
111 478
111 639
324 53
324 71
324 98
324 156
324 167
324 406
324 454
359 169
359 456
359 558
359 572
359 617
610 90
610 311
610 360
269 503
360 219
360 191
360 572
40 27
145 155
145 245
145 288
190 390
190 562
390 562
562 155
259 626
41 89
41 134
41 529
89 134
89 529
134 545
458 18
458 471
458 568
471 568
568 369
568 435
529 265
529 337
529 342
81 539
81 287
81 432
287 622
287 432
435 369
435 484
373 367
373 590
615 120
615 141
615 475
128 337
128 342
128 289
128 371
245 155
245 187
245 288
245 371
371 337
539 38
539 78
539 236
539 297
539 464
539 591
539 608
107 109
107 48
107 95
107 213
109 26
109 105
109 48
109 197
109 392
109 587
475 125
475 120
475 139
475 141
475 144
475 361
475 385
475 206
475 350
475 513
475 607
513 125
513 206
513 362
19 280
280 180
280 426
426 383
78 87
78 150
78 297
78 464
78 591
87 297
87 464
87 591
182 565
297 464
297 591
464 203
464 591
499 608
499 281
499 594
608 38
608 415
608 594
219 276
219 530
276 530
530 452
26 105
26 294
26 377
26 421
26 569
105 569
294 377
48 197
48 392
48 495
48 587
197 392
197 587
392 587
27 47
27 302
27 325
27 387
27 448
27 614
47 94
47 108
302 204
302 387
302 560
325 71
325 74
325 94
325 299
325 433
325 448
325 576
387 346
387 560
448 108
448 237
614 71
614 129
614 156
614 295
614 327
614 412
614 454
614 576
94 477
94 299
94 346
94 368
204 446
204 560
560 355
71 295
71 66
71 129
71 156
71 327
71 454
299 77
433 477
433 368
433 153
346 477
346 413
346 516
237 311
237 478
237 639
153 477
129 303
129 429
156 327
156 454
295 50
295 246
295 66
295 303
327 454
28 123
28 233
28 552
123 83
123 133
123 224
123 239
123 246
123 279
123 472
123 552
123 619
233 619
552 50
552 165
552 246
83 472
83 279
83 386
83 619
133 184
133 345
133 440
224 365
224 582
239 34
239 345
279 472
279 619
279 620
472 60
472 165
472 192
472 504
165 192
370 124
370 596
596 124
310 142
310 171
310 195
430 142
553 97
553 315
553 403
553 547
553 622
142 49
142 622
171 403
171 622
171 243
171 315
171 427
171 493
171 532
195 49
195 622
343 403
343 518
518 495
518 403
518 611
97 622
315 403
315 622
315 243
315 493
403 495
403 49
403 243
403 427
403 493
403 532
403 611
403 622
622 49
622 243
622 493
243 493
32 375
375 170
375 172
375 300
375 340
375 344
375 573
38 372
38 415
120 141
120 450
125 36
125 141
125 144
125 196
125 198
125 247
125 350
125 381
125 488
141 247
141 385
144 139
144 361
144 385
144 607
361 139
361 385
361 607
170 172
170 300
172 52
172 300
172 344
300 344
340 344
344 52
344 573
121 548
260 399
548 196
548 520
34 349
34 393
349 393
393 84
393 100
393 285
345 184
345 440
84 308
84 365
100 158
100 347
100 352
100 354
100 465
100 574
285 451
285 383
35 39
39 318
318 452
36 196
36 198
36 488
36 520
196 520
198 206
198 488
488 372
488 498
488 607
381 206
206 362
124 414
124 146
124 416
378 184
378 203
378 461
414 263
414 416
465 352
465 354
465 638
498 607
607 139
607 385
415 594
191 442
242 188
242 348
242 628
155 187
155 288
337 342
187 288
385 139
440 386
440 184
605 386
605 582
456 201
456 617
46 69
46 250
46 477
69 250
477 413
477 577
519 577
577 516
495 611
427 532
66 303
303 98
303 255
188 467
188 628
467 267
467 628
167 538
167 561
606 151
528 101
58 199
199 341
341 222
60 277
60 504
277 262
277 386
504 386
192 365
365 308
365 143
365 582
222 453
397 531
451 531
263 114
263 353
559 214
559 292
443 637
308 143
158 347
158 352
214 292
101 202
347 304
347 352
347 638
304 628
304 638
202 474
474 162
474 439
564 571
478 639
503 538
503 571
538 571
289 627
162 439
367 590
355 398
355 567
