696
223
504
476
409
642
312
420
671
398
264
565
308
458
569
567
180
615
527
258
586
513
466
616
467
583
486
453
271
546
405
295
501
601
344
480
263
640
648
331
354
582
329
542
244
456
326
612
566
693
353
272
366
410
315
675
590
668
363
423
418
287
512
300
284
212
325
617
676
415
403
534
600
555
164
245
633
570
301
248
265
459
702
178
491
624
313
493
314
391
579
440
613
240
609
535
318
454
474
285
545
672
400
207
290
563
691
299
506
439
438
584
623
305
395
694
369
632
559
231
687
387
433
485
465
260
334
604
293
645
210
495
252
505
524
636
222
424
588
550
571
599
232
203
257
322
384
536
242
189
273
434
171
695
581
607
622
592
610
427
596
399
302
417
426
477
670
243
469
558
204
267
304
324
657
557
518
663
253
688
205
669
464
367
165
323
635
472
220
317
343
278
533
470
650
460
707
378
686
468
572
445
606
511
649
697
651
376
463
397
170
360
500
193
643
630
372
421
700
261
316
406
198
499
627
591
414
283
580
585
213
530
333
268
206
413
471
631
328
528
282
502
626
478
359
289
494
181
330
662
307
451
402
374
618
603
503
321
386
455
357
538
561
388
371
430
532
560
327
428
340
310
551
481
602
507
389
306
577
564
701
457
185
408
341
605
407
462
347
332
666
286
656
358
519
509
692
436
568
531
211
446
385
515
634
296
484
437
658
614
556
597
442
214
647
249
644
425
269
320
684
401
311
217
266
487
674
351
390
350
339
544
241
661
562
191
593
298
188
404
192
422
182
216
235
574
196
179
335
319
361
540
475
435
482
292
