32
53
205
125
71
303
227
10
34
90
216
55
144
30
79
59
54
158
214
16
299
233
259
60
152
73
35
20
199
217
245
243
48
101
346
33
84
24
107
58
49
254
226
95
347
12
330
4
360
274
306
248
302
44
92
209
202
286
200
260
250
1
221
312
149
172
251
359
195
328
194
78
52
38
98
163
45
65
297
88
324
285
108
329
240
22
51
322
244
246
87
210
74
292
321
365
93
279
275
56
288
374
6
371
132
281
325
17
187
316
68
29
66
174
331
91
364
289
258
183
177
137
62
145
180
46
2
231
257
26
282
109
173
295
159
314
197
339
355
247
23
97
27
175
129
123
105
135
119
75
103
9
263
352
124
337
76
343
196
67
304
375
121
0
13
7
362
317
356
36
186
148
63
307
270
115
353
290
323
284
255
208
128
235
42
366
168
313
140
193
28
265
369
80
344
178
206
188
342
176
167
120
94
170
354
310
293
315
348
164
156
179
272
160
181
171
155
127
69
21
335
50
253
153
118
77
204
64
349
232
220
47
378
318
207
341
367
150
218
301
261
190
280
182
15
191
376
57
249
86
99
283
268
222
308
139
19
116
40
236
238
136
223
372
266
162
377
61
165
3
291
309
300
273
373
350
340
305
146
25
198
219
138
130
229
228
296
332
81
110
14
117
215
37
287
361
112
264
256
271
106
368
141
334
237
85
83
230
142
319
89
241
298
192
201
113
242
311
134
345
224
333
336
320
143
225
212
161
151
126
18
326
184
104
234
100
189
82
31
169
327
131
338
43
70
8
239
357
211
262
277
294
358
102
41
351
111
203
147
370
39
185
166
276
213
114
154
363
278
11
252
133
72
269
122
267
5
157
96
