0 131
0 149
0 192
131 192
149 260
260 11
260 197
260 262
260 268
154 6
154 26
154 42
154 63
154 103
154 183
154 188
154 208
154 220
154 243
154 252
6 11
6 26
6 103
6 125
6 135
6 188
6 243
26 18
26 63
26 101
26 103
26 125
26 135
26 183
26 188
26 216
26 241
26 275
42 45
42 96
42 194
42 204
42 268
63 188
63 275
63 85
63 17
63 25
63 74
63 82
63 101
63 252
63 272
103 11
103 45
103 80
103 98
103 101
103 119
103 133
103 168
103 172
103 188
103 216
103 241
103 243
103 251
103 253
103 282
183 39
183 92
188 11
188 220
188 243
208 220
208 197
220 11
220 243
243 11
243 282
252 135
1 58
1 157
58 73
58 157
157 70
157 83
157 127
157 206
157 221
70 83
70 127
70 206
70 207
83 72
83 127
83 206
127 139
221 19
221 255
2 77
2 145
2 174
2 276
77 37
77 145
77 153
77 177
77 224
145 37
145 224
174 75
174 117
174 143
174 153
174 159
174 177
174 240
174 284
276 35
276 44
276 134
276 167
276 198
276 201
276 224
37 10
37 66
37 224
153 109
153 80
153 216
224 198
224 78
224 33
224 203
224 74
224 134
224 165
224 284
75 201
75 282
75 159
75 230
75 235
75 78
75 21
75 27
75 46
75 53
75 54
75 41
75 47
75 115
75 116
75 117
75 126
75 143
75 171
75 227
75 247
75 254
75 261
75 279
75 283
117 201
117 282
117 159
117 78
117 21
117 53
117 54
117 41
117 57
117 106
117 115
117 116
117 126
117 143
117 164
117 171
117 172
117 184
117 227
117 279
143 282
143 159
143 230
143 21
143 27
143 54
143 126
143 40
143 41
143 57
143 172
143 179
143 227
143 261
143 283
159 89
159 201
159 133
159 216
159 160
159 282
159 15
159 151
159 40
159 41
159 53
159 78
159 95
159 119
159 164
159 171
159 181
159 191
159 202
159 235
159 261
159 266
159 279
240 10
240 130
240 66
240 85
240 284
284 282
284 78
284 203
284 165
35 201
35 198
35 44
35 167
44 180
44 201
44 198
44 223
44 134
44 165
44 167
44 200
44 214
44 228
44 258
44 283
134 198
134 283
134 165
134 214
167 201
198 189
198 201
198 36
198 165
201 8
201 189
201 53
201 171
201 228
201 265
201 279
3 34
3 79
3 81
3 89
3 110
3 114
3 118
3 173
3 212
3 245
3 250
3 270
3 278
34 100
34 120
34 190
34 247
79 13
79 104
79 151
79 187
79 225
79 245
79 270
79 278
81 50
81 65
81 102
81 110
81 114
81 129
81 173
81 245
89 15
89 40
89 49
89 84
89 118
89 124
89 137
89 162
89 172
89 173
89 182
89 229
89 247
89 278
110 30
110 65
110 102
110 114
118 173
118 278
173 100
173 104
173 112
173 133
173 212
173 218
173 229
173 245
173 263
173 270
173 278
212 250
245 100
245 136
245 160
245 270
245 278
270 13
270 69
270 151
270 278
100 166
100 218
100 84
100 190
100 229
100 247
120 263
120 94
120 218
120 142
120 211
190 166
190 84
247 49
247 182
247 218
247 162
247 266
13 104
13 160
13 163
13 209
104 15
104 23
104 64
104 86
104 151
104 163
104 209
104 218
151 68
151 69
151 148
151 187
151 196
151 225
151 234
151 235
151 242
151 261
187 210
187 235
187 23
187 69
187 68
187 225
225 235
225 68
225 196
50 28
50 30
50 65
50 102
50 129
50 218
65 28
65 30
65 102
65 218
15 49
15 94
15 210
15 230
15 235
40 53
40 54
40 126
40 86
40 41
40 106
40 140
40 179
49 124
49 137
49 162
84 166
124 137
137 172
137 196
137 210
162 216
162 182
172 282
172 182
172 57
172 158
182 251
182 150
182 158
112 191
112 236
133 11
133 25
133 119
133 132
218 238
218 142
263 7
263 248
263 94
136 160
136 86
136 274
160 97
160 215
160 31
160 101
160 132
160 191
160 234
160 274
69 23
4 107
4 199
4 231
4 233
107 31
107 55
107 132
107 141
107 199
107 231
107 233
107 273
199 141
199 111
199 132
199 215
199 233
231 141
231 55
231 132
231 215
233 55
233 132
233 215
233 273
31 22
31 238
31 239
31 99
31 132
31 226
55 215
55 273
132 141
132 22
132 215
132 111
132 191
132 273
132 279
141 111
141 178
141 215
111 215
111 239
111 274
178 87
178 93
178 97
178 123
178 56
178 59
178 99
178 138
178 146
178 215
178 219
178 236
178 238
178 267
178 280
178 281
215 5
215 93
215 97
215 123
215 238
215 267
215 274
5 22
5 87
5 93
5 97
5 123
5 238
5 239
5 267
22 191
22 219
22 238
87 59
87 97
87 123
87 147
87 238
87 267
93 59
93 97
93 123
93 238
97 123
97 239
97 267
123 238
123 267
238 59
238 99
238 146
238 239
238 267
238 274
239 60
239 99
239 146
239 219
239 226
239 236
239 269
239 271
239 274
267 59
191 88
191 91
191 113
191 164
191 259
191 274
219 56
219 76
219 146
219 280
147 254
56 76
56 146
56 280
99 226
138 236
146 43
146 76
146 280
281 76
60 88
60 91
60 113
60 205
60 259
60 269
226 271
269 216
269 88
269 91
269 205
269 259
271 277
11 80
11 216
11 262
125 135
125 152
125 241
135 18
135 29
135 241
80 216
216 29
216 109
216 24
216 45
216 95
216 98
216 119
216 193
216 244
216 249
216 262
216 266
262 119
262 268
101 108
101 85
101 17
101 25
101 62
101 86
101 169
101 186
101 223
101 272
101 279
241 152
241 45
241 253
275 9
275 109
275 251
45 98
45 156
45 253
98 109
98 152
98 156
98 253
119 168
119 24
168 19
168 72
251 152
251 19
251 41
251 82
251 195
253 156
253 257
282 14
282 41
282 78
282 164
152 9
152 109
152 237
29 9
29 109
29 237
7 39
7 61
7 248
39 24
39 92
39 256
61 71
61 92
61 155
248 71
248 256
24 170
92 155
256 71
8 10
8 20
8 108
8 130
8 144
8 180
8 189
8 217
8 232
8 265
10 20
10 66
10 85
10 144
10 180
10 217
20 144
20 180
20 217
20 232
108 48
108 51
108 130
108 213
108 258
130 66
130 189
130 223
144 180
144 232
180 67
180 175
180 200
180 217
180 232
180 265
189 36
217 176
217 222
217 227
217 232
265 228
66 85
85 25
85 62
85 169
85 203
85 223
48 32
48 51
48 128
48 175
48 213
48 246
51 82
51 258
51 254
51 105
51 148
213 223
213 32
213 128
213 246
258 175
258 200
223 17
223 38
223 62
223 169
223 32
223 186
223 246
223 272
67 200
67 254
175 32
175 128
175 200
175 246
53 78
53 21
53 27
53 54
53 86
53 106
53 126
53 140
53 171
53 227
171 78
171 279
279 78
279 272
279 86
279 164
176 12
176 222
176 227
222 12
222 121
222 227
227 230
227 21
227 27
227 46
227 54
227 126
227 47
227 254
227 261
227 283
9 109
9 237
109 195
109 237
195 82
195 52
41 230
41 27
41 54
41 126
41 82
41 106
41 115
41 116
41 179
41 202
41 261
41 283
82 52
25 17
25 62
25 169
25 272
62 17
62 169
62 186
62 272
169 17
169 186
169 272
203 78
203 116
203 164
203 184
165 283
165 214
95 266
95 193
95 244
95 249
193 244
193 249
244 249
266 106
266 90
197 268
197 161
268 255
268 264
12 121
163 209
209 23
209 64
23 64
23 86
23 122
23 234
64 86
64 122
86 54
86 106
86 140
86 148
234 27
234 148
14 16
78 106
78 116
78 140
78 164
78 184
164 33
164 116
164 140
164 184
210 68
210 235
230 21
230 235
230 261
230 283
235 21
235 46
235 47
235 68
235 196
235 242
235 261
68 242
148 105
261 27
261 54
261 47
181 202
21 27
21 54
283 214
46 47
106 54
106 140
106 184
116 115
116 140
116 184
140 54
140 184
184 33
17 38
17 272
272 185
272 186
32 246
246 128
255 264
27 54
54 126
54 179
126 179
88 91
88 113
88 259
91 113
91 205
91 259
113 205
113 259
259 205
259 90
76 43
150 158
96 194
194 204
