0 7
0 27
0 76
0 87
0 131
0 176
0 184
0 210
0 330
0 360
0 362
0 394
0 435
0 441
0 472
0 479
0 510
0 521
0 550
0 603
0 612
0 623
0 673
0 676
0 712
0 727
0 734
0 736
0 760
0 790
7 38
7 91
7 110
7 210
7 729
7 750
27 38
27 98
27 197
27 234
27 262
27 269
27 308
27 330
27 360
27 435
27 457
27 462
27 465
27 472
27 508
27 667
76 11
76 72
76 122
76 133
76 188
76 209
76 234
76 269
76 291
76 330
76 435
76 446
76 462
76 465
76 472
76 508
76 536
76 605
76 614
76 679
76 711
76 734
76 750
76 783
87 38
87 53
87 75
87 114
87 179
87 234
87 343
87 387
87 472
87 544
87 623
87 625
87 658
87 694
87 734
87 779
131 462
131 510
131 618
131 638
131 667
131 683
131 713
176 115
176 210
176 306
176 321
176 441
176 444
176 479
176 514
176 550
176 605
176 676
184 581
184 724
210 133
210 170
210 188
210 330
210 345
210 462
210 479
210 600
210 638
210 667
210 683
210 713
330 234
330 32
330 39
330 44
330 133
330 138
330 167
330 177
330 200
330 262
330 269
330 351
330 352
330 416
330 441
330 463
330 469
330 472
330 479
330 492
330 514
330 544
330 566
330 579
330 584
330 605
330 639
330 657
330 676
330 693
330 729
330 736
330 760
330 765
330 790
360 234
360 50
360 60
360 98
360 115
360 122
360 170
360 355
360 362
360 394
360 435
360 441
360 446
360 472
360 538
360 544
360 734
360 742
360 770
360 790
362 99
362 120
362 259
362 267
362 268
362 273
362 278
362 310
362 332
362 390
362 397
362 409
362 425
362 458
362 472
362 496
362 498
362 560
362 603
362 604
362 622
362 631
362 741
362 742
362 743
362 745
362 778
394 1
394 115
394 138
394 153
394 170
394 179
394 209
394 308
394 329
394 435
394 446
394 457
394 472
394 514
394 515
394 676
394 724
394 734
394 781
435 234
435 38
435 106
435 120
435 133
435 167
435 188
435 246
435 269
435 279
435 379
435 462
435 472
435 492
435 509
435 510
435 550
435 639
435 673
435 679
435 711
435 734
435 736
435 750
441 106
441 110
441 153
441 154
441 195
441 308
441 319
441 332
441 403
441 515
441 544
441 550
441 727
441 729
441 734
472 94
472 457
472 59
472 74
472 115
472 120
472 141
472 153
472 170
472 173
472 177
472 179
472 218
472 265
472 267
472 276
472 291
472 302
472 308
472 365
472 375
472 388
472 463
472 465
472 479
472 514
472 515
472 538
472 539
472 541
472 561
472 574
472 605
472 612
472 623
472 632
472 639
472 660
472 673
472 676
472 697
472 736
472 742
472 766
472 779
479 457
479 11
479 38
479 153
479 170
479 182
479 195
479 209
479 308
479 319
479 446
479 480
479 497
479 508
479 514
479 536
479 538
479 544
479 550
479 557
479 566
479 594
479 623
479 625
479 657
479 667
479 676
479 724
479 729
479 770
479 782
479 790
510 120
510 138
510 170
510 269
510 600
510 638
510 683
510 750
521 153
521 173
521 306
521 505
521 514
521 544
521 676
521 711
521 736
521 765
550 308
550 332
550 355
550 386
550 388
550 465
550 478
550 544
550 603
550 605
550 676
550 734
603 82
603 83
603 88
603 95
603 100
603 183
603 208
603 281
603 296
603 297
603 308
603 315
603 319
603 393
603 412
603 413
603 418
603 468
603 470
603 514
603 532
603 534
603 548
603 622
603 677
603 682
603 731
603 747
603 786
612 177
612 191
612 307
612 326
612 486
612 524
612 557
612 668
612 700
623 38
623 173
623 199
673 170
673 177
673 246
673 355
673 455
673 514
673 600
673 750
673 765
676 264
676 281
676 388
676 474
676 534
676 544
676 621
676 712
676 727
676 734
676 766
712 50
712 109
712 115
712 225
712 401
712 514
712 645
712 779
727 170
727 177
727 308
727 421
727 594
727 605
727 724
727 765
734 61
734 73
734 96
734 120
734 128
734 138
734 153
734 170
734 182
734 200
734 218
734 225
734 308
734 465
734 509
734 514
734 515
734 605
734 765
734 779
734 781
736 153
736 281
736 345
736 378
736 512
736 645
760 457
760 269
760 386
790 11
790 17
790 38
790 361
790 446
790 508
790 509
790 536
790 657
38 234
38 492
38 343
38 167
38 188
38 269
38 279
38 378
38 420
38 446
38 750
91 457
91 98
91 110
91 115
91 262
91 269
91 306
91 512
91 614
110 115
110 141
110 153
110 433
110 514
729 457
729 115
729 47
729 141
729 195
729 200
729 223
729 416
729 433
729 442
729 446
729 463
729 503
729 514
729 584
729 593
729 639
750 32
750 61
750 106
750 133
750 153
750 188
750 269
750 446
750 462
750 489
750 683
750 697
98 209
98 269
98 508
98 509
98 512
98 667
98 697
98 711
197 209
197 462
197 541
234 153
234 446
234 480
234 544
234 625
262 457
262 695
262 50
262 75
262 138
262 161
262 508
262 509
262 512
262 680
269 457
269 492
269 465
269 508
269 509
269 512
269 600
269 679
269 683
308 457
308 115
308 270
308 22
308 153
308 179
308 355
308 541
457 94
457 72
457 136
457 272
457 365
457 375
457 508
457 667
457 777
462 492
462 188
462 50
462 133
462 138
462 167
462 253
462 279
462 509
462 541
462 600
462 621
462 639
462 679
465 265
465 302
465 639
508 122
508 446
508 509
508 512
667 512
667 195
667 683
667 713
11 122
11 229
11 256
11 369
11 446
11 692
72 549
72 136
72 47
72 379
122 188
122 229
122 328
122 446
122 509
122 515
122 537
122 614
133 172
133 251
133 600
133 605
188 492
188 328
188 446
188 509
188 515
188 614
188 679
188 742
209 61
209 138
209 170
291 79
291 138
291 639
291 711
446 375
446 115
446 106
446 365
446 509
446 536
446 544
446 600
446 605
536 764
536 765
536 100
536 369
536 296
536 361
536 515
536 558
536 657
536 692
605 115
605 388
605 376
605 514
605 207
605 153
605 170
605 177
605 310
605 355
614 115
614 229
614 328
614 379
614 537
614 679
679 106
679 161
679 376
679 541
679 783
711 116
711 403
711 500
783 143
783 431
783 345
783 348
783 392
783 48
783 62
783 286
53 544
53 514
53 766
75 765
75 274
75 509
114 474
114 724
114 618
114 135
114 675
114 50
114 401
114 475
114 581
114 639
114 691
179 115
179 106
343 2
343 104
343 175
343 212
343 237
343 651
387 655
387 73
387 125
387 297
387 386
387 496
387 622
387 720
544 115
544 693
544 482
544 660
544 306
544 117
544 153
544 199
544 514
544 539
544 566
544 625
544 694
544 766
625 431
625 538
625 306
625 164
625 551
625 310
658 659
658 221
658 111
658 726
694 399
694 659
694 745
694 654
694 413
694 240
694 170
694 574
779 225
779 96
779 581
94 59
94 399
94 473
94 488
94 514
94 538
94 541
94 742
94 766
94 777
59 745
59 135
59 538
59 675
59 173
59 534
59 566
399 761
399 3
399 20
399 28
399 35
399 48
399 152
399 153
399 163
399 182
399 230
399 263
399 268
399 297
399 334
399 350
399 426
399 448
399 516
399 523
399 538
399 571
399 588
399 693
399 782
473 252
473 584
473 135
473 219
473 520
473 482
473 163
473 173
473 246
473 273
473 326
473 365
473 488
473 663
473 754
488 742
488 388
488 516
488 691
488 48
488 652
488 670
514 115
514 100
514 618
514 246
514 539
514 541
514 574
514 733
538 252
538 761
538 139
538 208
538 338
538 692
538 18
538 135
538 219
538 20
538 146
538 152
538 162
538 173
538 189
538 193
538 246
538 287
538 288
538 302
538 326
538 365
538 406
538 425
538 552
538 580
538 639
538 642
538 675
538 699
538 742
538 777
538 784
538 791
541 345
541 600
742 693
742 18
742 22
742 241
742 570
742 580
742 634
742 109
742 187
742 247
742 298
742 306
742 309
742 324
742 326
742 346
742 386
742 425
742 482
742 489
742 516
742 565
742 628
742 642
742 652
742 696
742 698
742 722
742 773
742 778
766 252
766 140
766 115
766 134
766 346
766 733
777 523
777 764
777 256
777 682
777 684
777 267
777 296
777 411
777 154
777 161
777 557
777 194
777 313
777 377
777 683
777 706
618 115
618 16
618 173
618 434
618 640
638 50
638 172
638 304
638 683
683 274
683 267
683 600
683 713
683 231
115 15
115 28
115 96
115 141
115 153
115 182
115 195
115 241
115 273
115 306
115 355
115 539
115 551
115 632
115 693
306 523
306 270
306 693
306 349
306 388
306 36
306 177
306 199
306 283
306 298
306 336
306 484
306 539
306 652
321 18
444 764
444 369
444 296
444 599
444 503
444 674
581 168
581 724
581 497
581 103
724 168
724 208
724 764
724 10
724 25
724 63
724 83
724 152
724 177
724 182
724 214
724 263
724 267
724 273
724 278
724 287
724 320
724 349
724 388
724 515
724 516
724 584
724 598
724 628
724 642
724 647
724 688
724 693
724 700
724 706
724 710
724 741
724 782
170 218
170 660
170 167
170 376
170 355
170 138
345 368
345 477
345 532
345 219
345 30
345 48
345 62
345 108
345 255
345 286
345 354
345 376
345 586
345 725
600 591
600 50
600 255
153 319
153 241
153 225
153 509
153 281
153 141
153 594
153 534
153 553
153 96
153 313
153 365
153 539
153 574
252 388
252 642
252 733
388 208
388 285
388 373
388 448
388 584
388 693
388 463
388 233
388 25
388 41
388 48
388 152
388 159
388 173
388 273
388 332
388 365
388 412
388 516
388 539
388 594
388 670
388 691
388 733
388 755
642 745
642 654
642 693
642 568
642 267
642 516
642 67
642 152
642 273
642 478
642 121
642 226
642 298
642 312
642 602
642 792
733 140
32 761
32 100
32 356
32 579
32 584
32 693
32 16
32 25
32 112
32 174
32 244
32 393
32 416
32 471
32 515
39 200
39 296
39 759
44 765
44 77
44 356
44 407
44 579
44 584
44 693
44 16
44 25
44 112
44 165
44 272
44 337
44 463
44 471
44 490
44 496
44 632
138 200
138 403
138 515
138 167
138 120
167 120
167 697
177 442
177 524
177 486
177 191
177 226
177 227
200 235
200 637
200 256
200 579
200 682
200 16
200 106
200 162
200 201
200 296
200 377
200 379
200 463
200 469
200 558
351 139
351 208
351 257
351 282
351 370
352 765
352 369
352 579
352 416
352 296
352 487
416 764
416 765
416 369
416 579
416 682
416 693
416 63
416 471
416 259
416 539
416 681
463 765
463 356
463 584
463 693
463 16
463 165
463 332
463 365
463 594
469 639
469 195
469 302
469 265
492 279
492 313
492 375
492 509
492 770
566 506
566 442
566 112
579 765
579 16
579 25
579 82
579 380
579 418
579 584
579 654
579 688
579 693
584 168
584 765
584 369
584 13
584 356
584 16
584 25
584 63
584 82
584 112
584 174
584 196
584 471
584 495
584 654
584 681
639 749
639 594
639 173
639 79
639 150
639 302
639 434
639 621
639 697
657 60
693 13
693 356
693 448
693 654
693 25
693 152
693 174
693 263
693 273
693 283
693 320
693 332
693 418
693 471
693 495
693 516
693 641
693 660
765 3
765 9
765 235
765 764
765 162
765 270
765 296
765 369
765 377
765 411
765 421
765 554
765 558
765 599
765 606
765 759
50 211
50 292
50 552
50 187
50 327
50 401
50 475
50 598
60 587
60 289
355 419
355 141
355 411
355 119
355 148
355 246
355 574
355 716
99 474
99 745
99 268
99 20
99 23
99 90
99 221
99 240
99 309
99 332
99 364
99 391
99 520
99 534
99 568
99 792
120 279
259 761
259 426
259 225
259 759
259 663
259 230
259 611
259 525
259 193
259 85
259 92
267 168
267 375
267 782
267 166
267 25
267 322
267 433
267 516
267 628
268 761
268 474
268 375
268 65
268 108
268 121
268 149
268 220
268 242
268 374
268 507
268 534
268 543
268 549
268 775
273 617
273 632
273 74
273 135
273 219
273 349
273 458
273 146
273 498
273 775
273 121
273 242
273 260
273 551
273 558
273 652
278 332
278 688
278 622
278 346
278 656
278 677
310 782
310 486
310 495
310 316
310 169
310 758
332 448
332 524
332 82
332 88
332 520
332 482
332 516
332 26
332 85
332 121
332 152
332 159
332 191
332 258
332 283
332 298
332 301
332 418
332 425
332 468
332 517
332 548
332 628
332 652
332 670
332 691
332 767
332 771
390 737
390 20
390 309
390 40
390 97
390 111
390 217
390 316
390 406
390 420
390 516
390 582
390 786
397 331
409 165
409 108
409 157
409 337
409 439
409 696
409 754
425 615
425 458
425 292
425 314
425 749
425 576
425 628
425 433
425 706
458 745
458 147
458 632
458 165
458 218
458 782
458 437
458 127
458 604
458 607
458 608
458 684
458 689
458 702
458 781
496 761
496 782
496 73
496 67
496 622
496 134
496 215
496 517
496 557
496 602
496 628
498 371
498 678
498 203
498 166
498 233
498 720
498 552
498 28
498 67
498 294
498 85
498 118
498 121
498 196
498 557
498 595
498 652
498 663
560 749
560 337
560 187
560 90
604 761
604 100
604 572
604 426
604 437
604 28
604 93
604 127
604 182
604 215
604 281
604 607
604 684
604 689
604 720
622 761
622 140
622 655
622 732
622 28
622 204
622 297
622 383
622 424
622 460
622 517
622 534
622 555
622 557
622 628
622 670
631 460
631 607
741 100
741 174
741 26
741 688
741 67
741 230
741 347
741 576
743 745
743 155
743 368
743 747
743 431
743 580
743 287
743 732
743 263
743 402
743 341
743 534
743 288
743 778
743 780
745 4
745 112
745 276
745 374
745 455
745 531
745 533
745 620
745 653
745 654
745 675
778 155
778 368
778 431
778 482
778 552
778 565
778 354
778 187
778 327
778 341
778 401
778 731
778 150
778 216
778 405
778 567
778 630
778 725
329 375
329 18
329 311
329 61
329 431
329 570
329 580
329 592
329 634
329 695
329 773
515 375
515 369
515 632
515 182
515 64
515 207
515 296
515 317
515 481
781 523
781 644
781 645
781 728
781 187
781 461
781 231
781 275
106 328
106 218
246 219
246 574
246 447
379 549
379 222
379 105
379 447
509 512
154 203
154 67
154 557
154 628
154 662
195 141
195 539
319 3
319 37
319 255
319 341
319 459
319 494
319 497
319 522
319 608
319 628
319 668
403 21
403 250
403 406
136 15
136 365
272 365
365 782
365 645
365 386
375 5
375 18
375 26
375 243
375 316
375 431
375 437
375 507
375 518
375 519
375 546
375 551
375 577
375 650
375 651
375 708
375 728
74 506
74 523
74 692
74 63
74 632
74 18
74 22
74 29
74 34
74 46
74 204
74 327
74 337
74 431
74 450
74 481
74 551
74 558
74 580
74 609
74 707
74 715
74 735
141 474
141 442
141 41
141 96
141 223
141 433
141 534
141 586
141 621
173 225
173 152
173 297
173 456
173 539
218 139
218 523
218 241
218 20
218 145
218 187
218 231
218 298
218 304
218 309
218 326
218 384
218 497
218 539
218 690
218 784
265 645
265 302
265 561
276 782
276 145
276 663
276 86
276 117
276 181
276 302
276 317
302 561
539 433
574 112
632 506
632 659
632 16
632 63
632 34
632 46
632 78
632 182
632 206
632 244
632 260
632 419
632 486
632 551
632 554
632 558
632 565
632 577
632 596
632 609
632 700
632 707
632 720
632 735
632 775
660 166
660 233
660 26
660 163
660 182
660 215
660 347
660 438
660 484
660 533
660 652
660 688
697 172
182 285
182 744
182 100
182 28
182 124
182 297
182 320
182 534
182 557
182 755
182 762
182 786
497 522
497 749
497 125
497 97
557 764
557 100
557 82
557 88
557 225
557 688
557 314
557 163
557 731
557 127
557 298
557 422
557 542
557 672
557 714
594 369
594 270
594 516
594 429
594 456
782 523
782 655
782 491
782 654
782 687
782 311
782 20
782 309
782 134
782 142
782 163
782 207
782 263
782 290
782 459
782 482
782 546
782 628
782 705
782 718
782 786
313 646
505 287
505 263
505 37
505 86
505 187
505 704
386 35
386 152
386 707
386 80
386 316
386 324
386 704
386 749
478 54
478 85
478 243
478 769
82 532
82 100
82 654
82 83
82 16
82 25
82 37
82 174
82 220
82 296
82 300
82 393
82 412
82 418
82 468
82 534
82 553
82 688
83 477
83 532
83 15
83 315
83 320
83 516
83 535
83 553
83 628
88 761
88 655
88 16
88 20
88 28
88 393
88 419
88 422
88 428
88 553
88 564
88 588
88 656
88 687
95 13
95 192
95 236
95 373
95 448
95 524
95 628
95 678
95 739
100 764
100 10
100 240
100 256
100 315
100 580
100 682
183 453
183 461
183 665
183 628
183 739
183 156
183 395
183 295
208 3
208 139
208 10
208 180
208 231
208 235
208 257
208 270
208 298
208 476
208 523
208 648
281 761
281 211
281 241
281 482
281 412
281 418
281 467
281 501
281 553
281 565
281 707
281 731
296 764
296 229
296 256
296 692
296 482
296 78
296 162
296 206
296 303
296 361
296 411
296 481
296 487
296 499
296 503
296 664
296 716
296 772
297 617
297 520
297 553
297 754
297 275
315 41
315 161
315 190
315 290
315 412
315 719
393 474
393 491
393 174
393 428
412 506
412 211
412 532
412 381
412 459
412 598
412 534
412 772
412 424
412 704
412 758
413 143
413 270
413 366
413 373
413 448
413 788
413 54
413 389
413 320
413 540
418 761
418 356
418 654
418 165
418 35
418 152
418 320
468 233
468 419
468 225
468 174
468 67
468 230
468 171
468 611
532 8
532 477
532 239
532 320
532 354
532 534
532 535
534 476
534 655
534 477
534 654
534 165
534 426
534 482
534 522
534 548
534 562
534 535
534 571
548 274
548 577
548 174
548 33
548 533
548 511
677 659
677 608
677 533
677 511
682 764
682 371
682 13
682 298
682 424
682 499
682 674
682 706
731 292
731 57
731 716
747 77
747 116
747 155
747 211
747 338
747 669
747 8
747 187
747 341
747 402
747 598
747 725
747 751
786 146
786 36
786 37
786 40
786 41
786 107
786 189
786 190
786 424
191 431
191 314
191 551
191 467
191 86
191 226
191 619
307 205
326 203
326 773
326 587
326 635
486 506
486 431
486 314
486 707
486 244
486 43
486 46
486 86
486 226
486 248
486 467
486 551
486 583
486 619
486 652
486 668
486 700
486 758
524 168
524 13
524 123
524 192
524 270
524 274
524 373
524 448
524 314
524 406
524 459
524 551
524 668
524 678
524 707
524 788
668 652
668 578
668 406
668 758
700 431
700 43
700 384
700 86
700 169
700 248
700 406
700 467
700 551
700 583
700 619
455 97
264 523
264 637
264 368
264 426
474 476
474 637
474 8
474 37
474 92
474 414
474 448
474 517
474 522
474 526
474 552
474 675
474 691
474 709
474 754
474 771
621 476
621 368
621 619
109 506
109 787
109 35
109 516
109 146
109 196
109 290
109 361
109 406
109 628
109 723
109 749
109 784
225 22
225 401
401 203
401 341
401 598
401 704
645 21
645 608
645 26
645 97
645 125
645 171
645 298
645 714
61 325
61 66
73 67
73 146
73 361
73 419
73 577
73 608
73 611
73 663
73 688
96 460
128 47
378 354
512 255
761 28
761 35
761 152
761 159
761 426
761 448
761 628
761 709
761 748
28 523
28 764
28 448
28 426
28 35
28 688
28 722
28 67
28 146
28 152
28 294
28 314
28 334
28 556
28 707
35 25
35 152
35 163
35 749
152 523
152 477
152 166
152 516
152 652
152 749
159 178
159 230
159 111
159 602
426 19
426 165
426 349
426 67
426 85
426 301
426 334
426 547
426 555
426 595
426 702
426 703
426 746
448 13
448 123
448 270
448 366
448 373
448 407
448 54
448 151
448 236
448 346
448 516
448 540
448 652
448 670
448 678
448 771
448 788
628 655
628 256
628 654
628 165
628 134
628 118
628 215
628 406
628 460
628 511
628 517
628 543
628 555
628 588
628 602
628 754
709 320
748 754
748 443
361 369
361 608
361 162
2 506
506 196
506 406
506 495
506 565
506 665
506 707
506 758
104 161
104 175
104 217
104 597
104 650
175 364
175 391
175 217
175 651
212 217
212 237
212 597
212 650
212 651
237 624
237 217
237 151
237 451
237 650
237 651
651 217
651 451
651 597
651 650
196 737
196 372
406 366
406 135
406 482
406 552
406 314
406 707
406 244
406 565
406 598
406 467
406 495
406 86
406 169
406 181
406 316
406 372
406 619
406 758
495 77
495 314
495 707
495 244
495 598
495 467
495 400
495 758
565 737
565 77
565 155
565 325
565 338
565 366
565 453
565 459
565 482
565 552
565 146
565 34
565 42
565 81
565 288
565 341
565 475
565 592
565 598
565 630
565 704
565 725
665 192
665 453
665 67
665 461
665 236
665 245
665 440
665 569
665 592
707 314
707 244
707 316
707 440
707 467
707 652
707 758
758 482
758 244
758 551
758 652
758 467
758 220
758 571
758 316
758 400
758 619
3 9
3 139
3 168
3 235
3 476
3 523
3 617
3 637
3 659
3 685
3 764
9 371
9 685
139 55
139 257
139 270
139 298
139 299
139 523
168 8
168 25
168 86
168 201
168 430
168 552
168 654
235 45
235 370
235 404
235 429
235 701
476 142
476 523
476 764
523 144
523 142
523 161
523 180
523 298
523 304
523 370
523 371
523 590
523 641
523 691
617 166
617 346
617 525
617 688
637 41
637 161
637 219
637 298
637 606
659 522
659 663
685 370
685 371
685 718
764 10
764 240
764 369
764 377
764 471
764 553
371 214
371 257
371 298
371 299
371 404
371 429
371 537
371 606
257 10
257 298
257 370
257 606
257 706
270 13
270 123
270 22
270 162
270 274
270 340
270 366
270 373
270 376
270 395
270 407
270 540
270 558
270 588
270 678
270 771
270 788
298 135
298 749
298 187
298 460
298 142
298 162
298 180
298 198
298 214
298 226
298 282
298 316
298 429
298 456
298 606
298 710
298 721
299 710
144 328
328 229
328 537
328 626
8 368
8 477
25 356
25 654
25 174
25 516
86 722
86 551
86 467
201 585
430 13
430 389
552 368
552 22
552 203
552 634
552 287
552 292
552 482
552 216
552 288
552 327
552 341
552 405
552 475
552 489
552 567
552 630
552 704
654 655
654 13
654 356
654 97
654 174
10 24
10 442
180 606
231 749
231 57
231 282
231 347
231 702
648 606
45 404
370 404
370 718
404 537
404 681
429 606
429 789
701 537
701 681
37 708
37 63
37 174
37 125
37 627
255 48
255 161
255 286
255 372
255 547
255 624
341 368
341 485
341 580
341 459
341 402
341 187
341 327
341 150
341 216
341 405
341 475
341 573
341 630
341 768
459 155
459 477
459 22
459 580
459 634
459 773
459 608
459 130
459 292
459 318
459 62
459 107
459 327
459 482
459 591
459 704
494 419
494 339
494 555
522 577
522 556
522 89
522 438
522 71
522 414
522 483
522 511
522 531
522 588
522 649
522 663
522 756
608 419
608 577
608 67
608 146
608 525
608 715
20 737
20 309
48 219
48 722
48 62
48 258
48 354
48 376
163 178
163 349
163 84
163 571
163 663
230 526
230 708
230 165
230 247
230 233
230 287
230 56
230 656
263 431
263 485
263 634
263 773
263 482
263 30
263 288
263 768
334 92
334 547
334 575
350 656
516 482
516 187
516 652
516 670
516 691
571 787
571 407
571 349
571 151
571 620
571 670
588 688
588 186
588 785
588 161
588 666
588 716
142 205
142 606
161 675
161 691
161 71
161 108
161 500
161 704
590 349
590 551
590 652
590 336
590 696
641 482
641 704
691 41
691 670
166 678
166 349
166 520
166 67
166 301
166 769
346 56
346 187
346 596
346 652
525 715
688 669
688 147
688 174
688 40
688 424
688 553
41 587
219 18
219 135
219 294
219 382
219 577
219 587
606 282
606 789
663 366
663 165
663 49
663 51
663 102
663 652
663 769
718 788
718 156
240 655
240 92
369 63
369 119
369 162
369 303
369 411
369 481
369 487
369 527
369 558
369 672
369 716
369 772
377 363
377 206
377 554
377 664
471 780
553 788
553 520
553 275
162 749
162 672
162 282
162 706
411 256
411 63
411 78
411 119
411 460
411 599
411 772
554 363
554 558
554 206
554 487
554 664
558 256
558 206
558 460
599 692
599 78
599 303
599 487
599 716
4 363
4 559
4 661
363 206
559 132
559 715
559 787
661 127
661 190
206 481
206 551
206 672
414 655
414 577
414 117
414 254
414 342
414 502
414 730
414 791
517 215
517 158
517 228
517 271
526 5
675 18
675 135
675 187
675 317
675 434
675 482
675 511
675 587
675 629
754 708
754 125
754 652
771 366
771 644
771 788
771 108
715 787
715 36
715 420
715 653
715 728
787 146
787 407
787 602
787 653
127 572
127 601
127 93
190 719
112 384
374 549
374 708
374 16
374 29
374 242
531 33
531 198
531 533
531 662
533 577
533 556
533 33
533 647
653 407
653 493
146 407
146 34
146 125
146 686
407 13
407 123
407 366
407 373
407 151
407 245
407 295
407 453
407 461
407 540
407 546
407 644
407 678
407 723
407 728
407 788
5 140
5 737
140 215
140 737
737 705
215 419
215 347
285 16
285 221
285 239
285 301
285 744
285 755
16 549
16 356
16 63
16 453
221 568
221 23
221 157
221 391
221 410
221 530
221 596
221 755
239 757
301 366
301 349
301 233
301 64
301 85
301 336
744 204
744 755
744 762
755 373
755 689
755 243
755 596
755 726
18 22
18 137
18 203
18 241
18 311
18 431
18 485
18 519
18 570
18 580
18 634
18 695
18 773
26 615
26 419
26 722
243 165
243 349
243 258
243 339
243 596
316 155
316 477
316 482
316 652
316 400
431 22
431 241
431 224
431 226
431 380
431 392
431 519
431 570
431 592
431 721
437 63
437 21
437 555
437 607
437 610
437 684
437 689
437 720
507 12
518 52
518 249
518 757
519 137
519 241
519 224
519 451
519 695
551 63
551 135
551 46
551 481
551 70
551 172
551 467
551 652
577 33
577 156
577 198
577 312
577 438
577 502
577 636
577 649
577 662
577 717
577 756
708 12
708 549
708 124
708 453
708 564
708 578
728 36
728 245
655 108
655 204
655 229
655 396
655 424
655 500
204 562
204 56
229 271
229 303
229 772
396 366
705 245
6 77
6 116
6 155
6 211
6 261
6 325
77 116
77 187
77 232
77 325
77 402
116 211
116 232
116 261
116 325
155 187
155 211
155 261
155 402
155 482
155 704
155 751
211 203
211 244
211 261
211 287
211 311
211 324
211 327
211 338
211 482
211 598
261 187
261 292
261 325
261 338
325 232
325 187
325 402
325 751
187 366
187 485
187 722
187 749
187 238
187 288
232 338
232 669
232 704
402 338
402 482
402 42
402 327
482 22
482 135
482 634
482 773
482 130
482 292
482 323
482 238
482 244
482 591
482 598
482 704
704 368
704 203
704 698
704 749
704 490
704 327
704 475
704 150
704 216
704 288
704 398
704 405
704 567
704 573
704 630
704 725
751 669
203 30
203 57
203 288
203 327
203 768
244 400
244 467
244 598
244 652
287 57
287 129
287 324
287 598
311 241
311 164
311 570
311 634
324 57
324 592
327 570
327 150
327 216
327 288
327 405
327 475
327 573
327 598
327 630
327 725
338 81
338 669
598 580
598 292
598 288
598 666
669 81
292 22
292 485
292 580
292 634
292 318
292 461
292 725
420 335
241 22
241 137
241 224
241 323
241 570
241 591
241 592
241 634
241 738
241 773
47 442
47 223
47 643
223 442
223 105
223 586
442 376
442 586
593 148
489 563
489 749
489 725
489 569
368 773
477 69
477 286
477 354
31 134
134 125
773 580
773 721
69 366
69 461
286 62
286 354
354 62
354 258
725 490
725 150
725 216
725 405
725 567
725 573
725 630
256 692
256 716
580 22
580 570
580 695
706 722
706 282
586 145
63 549
63 34
63 46
63 207
63 775
349 366
349 165
349 67
349 85
349 339
349 419
349 555
349 652
349 696
647 449
647 717
710 774
692 415
692 481
271 609
772 119
772 672
716 633
626 84
626 193
626 445
119 749
119 527
119 672
481 46
12 491
12 549
491 149
491 419
491 428
491 543
491 576
491 578
491 684
549 29
549 121
549 149
549 775
65 29
65 121
65 149
65 775
121 775
121 207
121 242
149 29
149 775
242 775
242 213
242 357
242 714
775 687
775 29
775 250
775 357
419 21
419 233
419 67
419 576
419 720
419 746
576 568
576 67
576 90
578 467
578 70
684 147
684 165
684 21
684 601
684 607
684 689
684 720
684 746
29 687
124 504
124 763
453 143
453 644
453 54
453 236
453 284
453 389
453 454
453 540
564 90
13 123
13 143
13 192
13 274
13 356
13 366
13 373
13 678
13 788
123 143
123 156
123 366
123 373
123 454
143 54
143 389
143 454
143 556
143 644
143 649
143 730
143 788
192 236
192 245
192 739
274 54
274 105
274 340
274 389
356 380
366 284
366 373
366 382
366 440
366 461
366 464
366 540
366 615
366 678
373 54
373 417
373 540
373 678
373 788
678 540
678 595
678 788
788 156
788 483
788 540
788 556
788 649
788 730
236 392
236 461
236 105
739 389
739 461
739 111
739 245
739 284
739 344
156 556
156 756
156 101
156 359
156 395
156 511
156 753
454 644
454 54
454 389
54 389
54 461
389 644
389 284
556 71
556 449
556 511
644 461
649 460
649 432
649 511
649 383
649 483
649 555
730 102
730 502
730 662
245 107
22 130
22 318
22 563
22 570
22 732
22 738
340 395
340 499
395 656
284 461
284 440
382 671
440 768
461 720
615 14
615 165
615 347
615 722
417 450
417 358
151 624
151 451
151 597
151 277
723 353
723 690
723 784
652 520
652 233
652 67
652 314
652 51
652 400
174 300
681 160
97 125
97 434
595 85
595 610
283 587
483 198
483 780
14 147
14 572
147 21
147 572
147 689
147 720
147 746
21 165
21 233
21 601
21 689
21 720
689 85
689 93
689 607
746 165
165 19
165 67
165 85
165 193
165 555
347 601
347 753
722 178
722 249
722 749
337 247
337 344
337 696
34 735
46 735
207 64
207 596
434 466
260 171
596 249
609 735
137 224
137 570
137 721
485 30
485 288
485 528
485 768
570 592
570 634
570 695
695 405
695 591
130 318
130 591
130 732
130 738
318 563
318 591
318 732
563 129
563 250
563 591
563 732
732 591
732 738
738 591
738 703
450 358
135 67
135 290
135 372
135 587
67 294
290 333
290 372
290 719
372 392
372 624
372 451
372 238
224 721
721 226
30 348
30 392
57 749
288 475
288 398
288 768
592 452
164 43
164 70
164 436
164 545
392 348
392 62
392 169
451 624
451 582
451 597
189 107
189 423
189 589
193 84
193 445
699 85
784 384
784 353
784 690
784 335
791 636
791 117
791 254
791 629
791 312
511 101
511 202
511 449
629 636
629 117
629 717
405 150
405 216
405 567
405 573
405 630
247 19
247 56
247 740
309 792
696 767
696 439
698 19
698 238
698 423
698 589
19 178
19 381
381 118
85 118
555 460
555 383
555 385
56 562
56 249
339 118
339 542
339 769
118 702
157 23
157 410
547 80
547 513
703 49
423 107
589 107
23 145
23 410
90 364
90 427
90 767
391 305
520 275
568 767
384 43
384 70
384 467
690 185
690 353
40 113
40 484
767 427
233 752
233 785
785 64
671 293
610 616
33 89
33 186
33 367
33 438
198 662
198 502
312 636
438 89
438 186
438 756
438 763
502 504
502 662
636 117
636 254
636 613
636 717
717 202
717 117
717 254
756 89
756 504
171 80
714 545
475 573
62 258
216 150
216 573
216 630
567 150
567 630
630 150
630 573
410 280
749 624
322 103
249 562
467 58
467 172
467 400
467 619
383 460
383 432
383 344
348 408
169 400
89 504
186 763
504 202
117 254
624 68
624 277
627 529
335 333
583 181
619 181
49 776
150 573
52 757
282 266
68 185
445 126
202 101
202 432
101 432
