970
1050
771
56
994
1064
583
205
592
13
761
138
202
1003
806
1047
1112
1004
1015
109
678
292
12
90
952
533
787
379
600
943
76
735
345
149
966
936
691
896
1065
900
514
586
623
146
410
564
865
397
730
329
464
438
532
316
843
714
75
719
960
330
763
522
986
273
127
335
574
999
906
611
876
163
859
707
562
1077
1118
440
398
472
585
52
405
248
1032
879
457
354
614
187
1002
208
493
439
100
171
1130
844
173
834
159
158
820
700
546
62
636
285
608
449
661
29
725
536
309
501
734
870
987
193
369
182
135
744
912
755
762
893
941
219
467
8
1033
808
322
699
768
1107
990
535
804
492
683
121
194
25
287
774
383
83
675
97
53
1110
645
1129
155
516
624
845
566
210
647
117
331
895
276
557
706
414
1031
867
257
35
684
46
701
1024
1040
189
32
326
698
1098
43
240
1043
188
491
481
1035
972
587
559
150
1
928
1012
615
754
965
811
211
723
1013
764
38
254
318
619
1116
123
836
314
660
325
606
381
944
750
455
435
604
99
1069
174
