263
134
187
339
201
125
203
198
200
152
238
188
25
274
171
130
298
45
13
359
16
126
39
351
90
109
46
6
248
172
299
62
40
24
249
173
12
14
269
127
131
341
235
4
19
257
264
64
260
161
175
5
111
346
137
26
344
230
233
322
17
297
44
174
42
132
281
160
352
310
251
135
141
114
296
353
236
325
142
237
170
7
0
136
199
275
256
43
354
162
128
311
300
333
252
3
326
317
312
102
89
15
129
239
207
63
245
56
253
176
41
158
345
153
27
259
342
1
133
113
355
329
301
246
314
318
18
61
319
202
335
115
364
343
2
313
65
279
112
372
340
280
258
143
197
360
320
244
304
324
91
