1005
20
506
136
636
107
465
334
783
397
101
1103
1128
336
762
345
92
268
428
362
137
142
272
847
1081
15
297
674
6
127
426
339
275
595
57
288
368
645
32
97
446
139
461
890
44
34
501
271
752
723
369
683
751
976
254
135
67
162
643
737
348
370
589
468
612
284
294
212
807
120
63
119
217
231
143
771
38
471
800
277
409
108
401
166
1046
26
442
181
365
109
527
492
1027
75
138
247
59
184
182
327
61
320
933
579
424
280
956
323
131
810
103
237
557
81
169
924
40
915
921
390
352
122
1106
765
346
1051
364
445
417
780
993
1066
986
36
13
460
164
130
857
52
151
750
405
1102
732
564
510
1075
295
183
607
861
944
4
496
83
17
173
360
1126
70
62
457
165
1035
959
317
309
402
403
716
570
830
907
1083
322
754
901
672
427
434
46
466
485
495
19
86
361
764
204
238
229
848
79
367
677
215
439
56
286
213
544
1101
1071
0
248
423
978
84
202
889
869
432
363
124
175
821
669
1132
191
876
798
906
886
646
198
