532
711
555
212
623
419
83
356
362
670
438
566
397
365
698
264
691
328
232
398
546
536
547
214
265
226
645
183
339
159
467
680
71
688
569
619
649
331
149
450
349
302
17
640
256
431
521
668
338
524
223
542
394
66
519
79
409
120
104
420
442
605
641
11
513
458
40
188
373
700
303
677
531
178
22
539
55
470
306
243
407
537
393
8
117
107
69
92
370
501
671
488
639
257
27
227
327
368
443
251
76
246
689
528
278
375
314
112
332
330
176
124
571
352
200
466
676
35
635
697
325
41
53
262
129
428
404
527
2
151
624
483
1
228
627
604
255
396
5
106
437
136
414
575
580
208
164
126
115
516
637
173
184
108
589
285
333
33
260
504
169
88
400
14
298
682
577
628
348
478
351
615
708
123
366
548
377
192
507
95
694
305
30
553
225
350
116
54
0
661
46
499
197
498
636
62
469
679
146
295
508
300
191
583
693
656
286
515
111
496
614
345
651
594
686
263
613
68
430
101
541
317
94
675
625
673
134
75
152
186
287
319
233
51
170
596
565
19
235
294
163
141
156
276
445
701
258
378
91
78
371
710
82
602
272
289
413
224
601
610
684
154
703
215
592
465
144
282
530
221
518
32
374
267
110
140
599
687
334
712
67
392
97
654
376
417
74
523
98
18
72
415
127
655
335
204
59
139
429
433
663
168
549
364
307
361
503
179
435
61
626
486
385
603
3
77
434
236
39
568
216
157
217
103
269
607
195
266
201
408
102
137
699
506
412
558
427
658
234
43
7
26
622
631
245
646
70
130
600
336
659
131
472
166
410
492
621
500
220
672
207
337
359
161
554
387
132
502
205
109
611
24
57
23
525
709
31
34
242
135
49
270
617
218
632
296
581
495
13
578
493
162
403
468
381
299
395
73
642
244
473
444
290
510
50
138
491
231
363
160
142
367
84
391
196
597
28
383
584
315
237
497
353
326
372
20
702
253
447
259
446
158
512
182
388
239
210
522
384
690
529
25
517
320
570
674
459
89
484
608
588
167
185
125
416
590
309
213
705
657
37
667
252
60
538
48
411
187
45
329
552
399
281
175
551
426
490
692
113
29
559
454
193
65
379
574
240
451
440
254
4
21
128
423
248
190
10
573
436
514
480
150
199
249
389
324
153
562
665
634
582
545
198
618
380
489
595
455
354
652
540
36
342
390
638
86
448
165
360
16
229
341
564
474
42
304
301
275
238
346
284
148
535
189
313
647
471
180
664
418
586
405
453
283
424
707
64
105
432
457
660
147
118
308
591
87
47
222
487
247
12
292
475
572
121
598
550
96
505
58
402
456
461
439
81
271
318
678
288
704
462
344
666
277
406
274
279
683
696
425
312
80
593
561
114
556
9
463
194
585
323
357
464
526
100
633
202
355
172
662
310
38
174
230
347
63
311
382
358
481
511
6
482
90
560
171
576
477
620
206
441
268
181
653
293
669
612
119
250
643
321
476
273
322
261
15
85
211
44
533
543
177
143
485
219
520
291
203
280
421
494
452
297
56
155
369
579
122
706
386
52
534
616
209
609
479
681
544
93
401
644
340
685
449
587
567
650
606
145
133
509
99
343
629
630
557
460
316
695
648
241
563
422
