332
52
103
333
32
109
174
112
272
256
372
329
32
205
75
55
246
202
38
65
123
35
310
239
352
329
312
323
296
280
280
156
232
296
110
215
232
372
95
15
101
82
325
204
39
1
367
81
272
103
364
101
83
198
134
205
91
297
43
374
105
332
90
329
259
329
258
187
373
364
90
16
280
75
82
25
124
367
82
311
355
125
124
1
329
32
22
267
281
220
44
45
152
35
84
21
82
376
175
107
103
193
32
278
110
205
200
230
13
153
0
156
108
99
352
172
50
312
215
100
75
154
234
89
90
22
352
50
82
175
249
22
20
203
244
323
198
135
22
272
239
278
18
84
257
332
272
18
370
95
236
374
46
374
202
18
171
332
16
128
89
3
113
50
22
151
4
14
100
220
130
193
329
12
329
52
82
235
253
108
279
367
245
272
95
172
237
215
355
