244
7
10
6
114
11
258
233
277
123
371
83
155
5
169
9
112
43
200
106
297
85
218
80
63
64
209
127
107
0
329
322
2
362
202
245
238
190
352
188
234
294
256
38
260
326
312
151
20
361
266
171
93
331
327
343
160
70
285
183
216
272
8
239
50
4
253
122
174
263
246
165
212
296
46
196
321
97
31
286
220
333
344
168
305
162
68
308
21
128
60
203
52
282
51
32
335
214
348
134
219
45
342
217
98
261
176
35
13
84
153
248
339
163
34
198
230
3
367
145
29
199
249
236
104
103
340
22
125
87
328
157
332
1
186
82
14
44
370
235
126
259
61
173
62
73
111
353
152
33
301
373
39
94
334
15
172
86
191
309
201
25
159
67
237
108
130
92
75
264
273
262
175
341
105
184
96
325
88
265
281
164
66
313
323
74
81
135
69
