637
114
665
307
554
408
696
358
383
172
662
474
536
45
702
241
564
41
440
300
19
412
217
684
325
504
632
682
380
315
350
346
700
421
559
145
670
526
691
220
614
508
106
586
583
175
677
87
444
343
595
20
635
572
214
123
476
336
668
317
195
2
131
119
467
434
587
203
449
590
296
8
98
373
548
638
609
207
409
452
348
616
256
491
710
485
18
198
568
628
169
709
385
604
393
437
306
279
386
513
288
711
341
140
503
191
342
69
374
541
706
530
105
268
273
581
38
120
126
96
132
218
52
46
318
490
301
562
167
443
424
579
497
643
187
577
294
239
243
141
683
1
158
695
469
124
161
657
347
547
598
81
410
91
113
465
589
413
689
447
575
378
571
311
651
186
352
407
286
653
55
17
309
112
340
176
650
594
88
472
310
94
658
361
58
247
551
149
224
280
427
582
321
261
454
329
468
674
78
399
425
355
212
135
364
507
5
152
676
379
24
26
121
108
54
673
287
392
527
42
599
289
574
40
179
133
584
43
83
563
143
278
611
166
185
324
162
323
39
291
601
92
226
416
569
515
531
431
295
148
230
319
344
395
229
303
258
403
213
154
641
7
357
168
290
102
298
510
390
557
36
299
450
68
394
70
617
480
445
314
59
681
165
659
338
189
180
153
545
636
80
276
487
625
3
316
499
134
396
339
555
312
103
458
227
177
173
144
274
566
461
359
430
622
381
623
588
249
326
6
297
64
439
197
82
433
418
593
524
532
592
365
556
400
10
535
442
501
32
66
520
441
56
184
488
498
245
624
426
500
640
267
627
496
293
368
667
543
707
669
51
475
147
552
234
193
50
612
664
712
607
534
459
281
540
698
580
523
231
462
384
391
322
174
127
73
334
512
60
705
680
270
360
13
264
688
265
660
95
633
330
423
216
387
28
493
642
93
163
481
470
349
539
509
283
137
685
486
405
23
687
567
371
170
29
11
516
596
271
251
257
125
634
529
694
372
192
678
201
67
116
84
221
351
104
514
417
603
160
457
522
647
661
35
479
644
57
61
118
320
233
435
74
246
313
345
304
692
272
107
645
150
146
654
429
225
376
97
22
401
406
619
610
244
263
260
205
686
159
21
254
463
693
47
419
597
142
505
411
211
79
44
302
0
48
12
240
86
327
30
565
242
428
578
436
14
219
109
414
155
484
333
528
31
404
62
9
538
356
666
542
366
646
85
375
182
202
502
308
139
331
171
248
533
585
117
292
703
210
49
130
648
697
183
455
466
464
262
101
77
100
471
626
558
328
208
511
671
332
478
663
367
363
89
115
178
448
354
275
605
266
652
206
238
519
521
4
27
613
237
453
600
544
253
473
382
200
16
620
111
99
370
277
621
492
602
305
138
65
285
494
255
228
37
699
209
495
415
335
631
432
608
190
223
690
460
615
675
199
25
215
537
630
232
71
576
377
483
451
701
573
222
656
517
181
90
362
236
34
76
506
639
649
282
353
655
446
591
482
136
398
164
252
389
489
269
129
196
75
708
672
337
549
369
204
438
128
72
477
33
525
456
188
550
570
553
63
402
629
53
156
388
561
122
422
518
606
679
546
420
15
618
235
259
157
194
397
151
704
110
284
250
560
