167
264
134
155
229
137
62
308
191
26
272
159
203
273
238
80
240
231
157
36
228
249
49
126
195
43
169
128
53
85
187
226
9
65
106
176
277
130
245
108
217
207
103
274
8
45
163
120
109
173
192
234
114
38
251
270
127
67
124
63
111
89
285
125
97
68
22
1
100
140
48
117
250
135
99
142
136
71
318
13
0
242
278
146
309
282
204
104
31
266
102
81
239
200
76
139
59
148
72
193
171
105
241
178
198
112
88
263
52
215
202
276
42
151
259
23
168
16
84
257
262
123
132
301
153
107
46
90
75
133
180
225
24
110
66
61
275
58
37
222
101
118
20
21
131
190
279
77
60
57
152
4
181
319
113
293
267
220
283
40
69
129
183
