0 176
0 269
0 360
176 19
176 28
176 68
176 88
176 143
176 167
176 183
176 203
176 208
176 211
176 219
176 233
176 236
176 269
176 275
176 279
176 330
176 341
176 347
176 360
269 5
269 10
269 15
269 28
269 36
269 52
269 69
269 79
269 88
269 89
269 95
269 97
269 130
269 144
269 147
269 157
269 158
269 161
269 162
269 167
269 174
269 183
269 184
269 188
269 196
269 201
269 203
269 207
269 219
269 220
269 233
269 236
269 241
269 243
269 268
269 271
269 275
269 285
269 290
269 297
269 300
269 303
269 304
269 316
269 343
269 346
269 360
360 275
19 28
19 219
19 203
19 183
19 279
19 330
19 341
19 347
19 361
28 1
28 2
28 10
28 12
28 25
28 26
28 41
28 42
28 47
28 55
28 56
28 68
28 75
28 76
28 77
28 80
28 89
28 96
28 103
28 107
28 108
28 110
28 115
28 118
28 123
28 130
28 134
28 144
28 146
28 147
28 151
28 157
28 158
28 160
28 161
28 171
28 174
28 178
28 180
28 183
28 184
28 192
28 193
28 204
28 210
28 217
28 219
28 231
28 233
28 243
28 251
28 258
28 263
28 265
28 273
28 276
28 278
28 279
28 281
28 284
28 285
28 296
28 302
28 303
28 304
28 305
28 307
28 310
28 312
28 315
28 316
28 317
28 322
28 329
28 334
28 338
28 342
28 343
28 346
28 347
28 357
28 361
68 275
68 219
68 233
68 183
68 18
68 93
68 174
68 56
68 121
68 142
68 159
68 167
68 186
68 225
68 279
68 282
68 284
68 345
88 148
88 58
88 66
88 203
88 233
88 30
88 183
88 215
88 6
88 37
88 33
88 34
88 47
88 91
88 93
88 95
88 96
88 105
88 106
88 124
88 129
88 133
88 137
88 145
88 146
88 149
88 157
88 163
88 175
88 184
88 193
88 212
88 216
88 218
88 221
88 229
88 236
88 237
88 244
88 247
88 248
88 253
88 255
88 267
88 276
88 282
88 297
88 324
88 346
88 350
143 208
143 211
167 275
167 23
167 233
167 183
167 104
167 174
167 180
167 346
167 36
167 119
167 130
167 181
167 186
167 208
167 235
167 256
167 280
167 352
183 23
183 144
183 219
183 203
183 233
183 4
183 30
183 84
183 89
183 101
183 5
183 11
183 22
183 25
183 26
183 42
183 51
183 53
183 56
183 62
183 63
183 75
183 95
183 96
183 104
183 107
183 110
183 123
183 129
183 130
183 137
183 142
183 146
183 150
183 151
183 158
183 161
183 166
183 180
183 192
183 201
183 204
183 211
183 215
183 217
183 226
183 228
183 230
183 231
183 236
183 244
183 245
183 247
183 251
183 252
183 258
183 261
183 271
183 273
183 279
183 281
183 284
183 285
183 292
183 295
183 296
183 297
183 300
183 303
183 304
183 308
183 311
183 314
183 315
183 316
183 317
183 318
183 319
183 321
183 322
183 332
183 334
183 338
183 342
183 344
183 346
183 347
183 352
183 353
183 361
203 117
203 144
203 219
203 3
203 99
203 9
203 15
203 17
203 21
203 26
203 29
203 38
203 52
203 53
203 56
203 69
203 75
203 97
203 123
203 130
203 131
203 136
203 137
203 145
203 146
203 152
203 157
203 158
203 169
203 174
203 186
203 190
203 201
203 212
203 231
203 232
203 233
203 236
203 241
203 244
203 264
203 271
203 284
203 285
203 293
203 300
203 303
203 304
203 317
203 322
203 346
203 347
203 352
203 353
203 361
208 233
208 316
208 46
208 211
211 219
211 233
211 53
219 1
219 103
219 117
219 144
219 2
219 10
219 12
219 25
219 26
219 41
219 42
219 47
219 48
219 53
219 55
219 56
219 61
219 65
219 71
219 75
219 76
219 77
219 80
219 89
219 96
219 97
219 104
219 107
219 108
219 110
219 115
219 118
219 123
219 125
219 130
219 134
219 138
219 146
219 147
219 151
219 157
219 158
219 160
219 161
219 171
219 174
219 178
219 180
219 184
219 192
219 193
219 198
219 200
219 210
219 217
219 231
219 233
219 243
219 244
219 251
219 258
219 263
219 264
219 265
219 267
219 273
219 276
219 278
219 279
219 281
219 284
219 285
219 296
219 297
219 303
219 304
219 305
219 307
219 310
219 312
219 315
219 316
219 317
219 322
219 325
219 329
219 334
219 338
219 342
219 343
219 344
219 346
219 354
219 357
219 361
233 275
233 103
233 117
233 144
233 3
233 58
233 66
233 5
233 6
233 8
233 9
233 10
233 11
233 16
233 18
233 22
233 24
233 26
233 29
233 30
233 31
233 34
233 36
233 38
233 42
233 44
233 46
233 50
233 53
233 54
233 57
233 62
233 67
233 70
233 71
233 72
233 73
233 79
233 81
233 84
233 85
233 89
233 91
233 93
233 94
233 95
233 97
233 100
233 102
233 104
233 106
233 108
233 109
233 113
233 118
233 121
233 122
233 123
233 124
233 126
233 127
233 128
233 130
233 132
233 133
233 136
233 137
233 140
233 147
233 149
233 151
233 153
233 154
233 156
233 157
233 159
233 161
233 162
233 166
233 168
233 171
233 173
233 174
233 180
233 181
233 182
233 184
233 187
233 188
233 191
233 194
233 195
233 196
233 198
233 200
233 202
233 207
233 209
233 212
233 213
233 217
233 220
233 221
233 222
233 223
233 225
233 226
233 228
233 229
233 230
233 234
233 236
233 237
233 239
233 240
233 241
233 242
233 243
233 245
233 246
233 247
233 252
233 255
233 256
233 258
233 260
233 264
233 268
233 271
233 272
233 274
233 276
233 282
233 283
233 284
233 285
233 286
233 290
233 292
233 293
233 294
233 297
233 298
233 300
233 304
233 307
233 310
233 311
233 313
233 314
233 316
233 317
233 318
233 319
233 320
233 322
233 325
233 326
233 330
233 332
233 336
233 338
233 339
233 342
233 343
233 344
233 346
233 347
233 349
233 350
233 352
233 353
233 354
236 148
236 58
236 66
236 215
236 6
236 37
236 33
236 34
236 47
236 91
236 93
236 95
236 96
236 105
236 106
236 124
236 129
236 133
236 137
236 145
236 146
236 157
236 163
236 175
236 178
236 184
236 193
236 195
236 212
236 216
236 218
236 221
236 229
236 237
236 244
236 247
236 248
236 253
236 255
236 266
236 267
236 276
236 282
236 297
236 324
236 346
236 350
275 10
275 244
275 305
279 284
279 347
330 95
330 341
341 117
341 53
341 268
341 296
341 337
347 317
347 322
5 103
5 150
5 226
5 316
10 89
10 53
10 118
10 243
10 244
10 305
10 354
15 69
36 130
36 162
52 117
52 53
52 174
52 317
52 201
52 288
79 346
79 324
89 4
89 30
89 173
95 144
95 271
95 300
95 285
95 42
95 123
95 157
95 166
95 264
97 144
97 53
97 285
97 317
130 174
130 56
130 162
130 235
130 256
130 297
144 1
144 117
144 42
144 47
144 48
144 53
144 65
144 71
144 76
144 104
144 123
144 125
144 138
144 147
144 166
144 180
144 245
144 264
144 268
144 285
144 295
144 297
144 302
144 316
144 317
144 325
147 23
147 27
147 262
147 11
147 47
147 76
147 188
157 117
157 84
157 53
157 42
157 264
157 317
158 53
158 340
158 303
158 141
158 197
158 276
158 307
158 317
161 30
161 150
161 160
162 174
162 346
162 184
162 111
162 142
174 99
174 258
174 13
174 86
174 26
174 90
174 111
174 119
174 136
174 159
174 175
174 190
174 201
174 256
174 317
174 328
174 346
184 271
184 300
184 129
184 217
188 278
196 297
201 317
201 51
201 120
201 328
207 220
241 58
241 346
241 186
241 290
243 310
268 132
268 72
268 285
268 296
268 200
268 286
268 247
268 48
268 246
271 23
271 58
271 11
271 177
271 16
271 26
271 38
271 43
271 49
271 67
271 72
271 78
271 80
271 81
271 100
271 114
271 119
271 120
271 127
271 129
271 133
271 137
271 145
271 155
271 156
271 159
271 172
271 175
271 178
271 180
271 182
271 187
271 199
271 204
271 212
271 213
271 214
271 223
271 232
271 239
271 242
271 247
271 253
271 257
271 259
271 264
271 266
271 272
271 274
271 276
271 282
271 294
271 297
271 300
271 317
271 319
271 323
271 325
271 334
271 336
271 346
271 350
271 351
271 359
285 58
285 53
285 26
285 42
285 48
285 62
285 96
285 110
285 123
285 166
285 295
285 296
285 317
290 346
290 255
297 53
297 300
297 278
297 104
297 42
297 123
297 235
297 256
297 282
300 23
300 58
300 66
300 11
300 177
300 16
300 26
300 38
300 43
300 49
300 67
300 72
300 78
300 80
300 81
300 100
300 114
300 119
300 120
300 129
300 137
300 145
300 155
300 156
300 159
300 175
300 178
300 180
300 182
300 187
300 199
300 204
300 213
300 223
300 232
300 239
300 242
300 247
300 253
300 257
300 259
300 266
300 272
300 276
300 282
300 294
300 317
300 319
300 323
300 325
300 334
300 336
300 346
300 350
300 351
300 359
303 23
303 53
303 242
303 277
303 317
304 353
304 346
304 62
304 295
304 317
316 103
316 150
316 46
316 245
316 321
343 55
346 148
346 58
346 93
346 353
346 13
346 86
346 180
346 20
346 21
346 40
346 70
346 78
346 82
346 90
346 92
346 110
346 113
346 120
346 125
346 131
346 136
346 160
346 175
346 181
346 189
346 192
346 200
346 204
346 216
346 229
346 232
346 248
346 251
346 259
346 281
346 286
346 299
346 315
346 317
346 327
346 342
346 356
244 75
244 305
305 273
1 23
1 27
1 103
1 117
1 148
1 262
23 27
23 53
23 76
23 80
23 181
23 242
23 261
23 262
23 280
23 308
23 312
23 333
23 334
23 358
27 11
27 148
27 262
103 84
103 226
103 245
103 311
117 84
117 245
117 284
117 288
117 317
117 323
117 327
148 248
262 11
53 84
53 93
53 169
53 42
53 48
53 74
53 75
53 104
53 108
53 125
53 138
53 141
53 170
53 180
53 192
53 198
53 200
53 227
53 230
53 242
53 245
53 264
53 265
53 276
53 277
53 280
53 284
53 287
53 288
53 293
53 295
53 317
53 323
53 325
53 327
53 328
53 329
53 335
53 337
53 344
53 354
76 358
80 108
80 119
181 113
181 280
242 108
242 277
242 312
242 333
261 308
261 334
280 93
280 169
308 334
312 333
334 178
11 22
11 177
11 258
2 61
12 278
25 204
25 342
26 58
26 104
26 342
26 72
26 320
41 94
41 102
41 139
41 168
41 265
42 104
42 180
42 63
42 116
42 123
42 166
42 202
42 238
42 247
42 289
42 306
47 34
47 302
55 252
55 276
55 307
56 151
75 138
75 170
77 210
96 129
107 258
107 51
107 267
108 39
108 102
108 128
108 160
108 165
108 168
108 209
108 224
108 277
108 306
110 251
110 296
115 329
118 102
118 128
118 168
118 209
118 224
118 354
123 29
123 104
123 180
123 63
123 166
123 293
134 273
134 210
146 137
151 18
151 298
160 39
160 165
160 197
160 327
171 153
171 276
178 24
178 145
180 13
180 98
180 104
180 32
180 43
180 45
180 59
180 63
180 72
180 92
180 114
180 125
180 127
180 135
180 136
180 154
180 155
180 159
180 164
180 172
180 199
180 204
180 214
180 216
180 235
180 237
180 240
180 247
180 250
180 254
180 257
180 270
180 281
180 299
180 301
180 313
180 320
180 325
180 336
180 348
180 356
180 359
192 74
192 87
192 185
192 227
192 315
193 237
193 263
204 104
204 155
204 199
204 342
217 142
231 361
251 322
258 24
258 51
263 315
265 198
273 4
273 215
276 126
276 141
276 153
276 200
276 252
281 70
281 200
281 286
284 317
307 340
307 168
307 197
307 209
307 310
310 168
310 209
317 58
317 264
317 322
329 200
338 7
338 18
338 93
338 342
357 18
357 93
357 205
84 4
84 101
84 311
84 321
226 150
245 150
311 321
288 113
323 274
323 327
48 132
48 295
65 138
65 64
65 318
104 13
104 98
104 32
104 43
104 45
104 72
104 114
104 127
104 135
104 136
104 154
104 155
104 159
104 164
104 172
104 214
104 235
104 237
104 240
104 250
104 254
104 257
104 320
104 359
125 200
125 286
125 59
125 140
125 216
125 301
125 325
138 170
264 50
264 73
295 353
325 156
248 34
198 57
200 31
200 32
200 45
200 54
200 70
200 105
200 109
200 122
200 135
200 140
200 164
200 222
200 247
200 250
200 254
200 260
200 270
200 283
200 286
200 301
200 326
200 348
200 349
267 221
344 46
344 91
344 106
344 124
344 149
344 195
3 58
3 66
3 99
58 17
58 21
58 38
58 49
58 86
58 99
58 131
58 136
58 137
58 145
58 152
58 179
58 186
58 190
58 212
58 232
58 291
58 299
58 352
58 353
66 266
99 90
99 186
17 232
21 78
21 152
38 213
49 177
49 179
49 291
86 13
86 90
86 92
86 136
86 299
86 356
131 212
136 240
136 92
136 154
136 186
136 350
137 353
145 352
179 291
186 159
186 90
186 119
186 190
212 247
232 93
232 20
232 120
299 98
353 8
353 132
266 111
90 356
9 169
29 6
29 194
169 93
293 230
6 37
6 194
8 132
16 78
16 240
18 7
18 93
18 121
18 159
18 205
18 225
18 319
22 228
30 4
30 150
30 255
31 286
31 326
44 57
46 91
46 106
46 124
46 149
46 195
50 73
54 286
54 272
54 45
57 339
62 274
67 260
67 114
70 286
70 254
72 159
81 122
81 155
85 154
85 239
91 93
91 149
91 195
93 7
93 20
93 106
93 112
93 121
93 124
93 159
93 195
93 205
93 225
93 229
93 319
94 102
94 139
94 168
94 256
100 140
100 214
102 139
102 168
102 256
106 124
106 149
109 286
109 164
109 294
122 286
122 270
126 153
127 187
127 237
128 224
133 253
140 286
156 351
159 319
168 139
168 209
168 256
182 359
182 283
191 33
191 234
195 229
202 306
202 238
202 289
221 228
222 286
222 135
222 223
223 172
229 189
230 318
239 259
246 112
247 286
247 63
252 292
256 235
260 286
260 32
272 43
282 142
283 286
283 250
286 32
286 45
286 105
286 135
286 164
286 254
286 270
286 301
286 348
286 349
294 257
298 249
313 349
318 64
336 199
349 348
350 175
4 101
4 215
215 324
63 98
63 206
37 218
33 163
105 301
105 216
20 112
74 227
328 189
328 335
335 189
43 254
114 45
172 32
214 164
257 250
359 135
13 98
98 92
98 270
98 348
98 356
92 348
356 270
40 82
14 83
14 309
14 331
14 340
83 35
83 289
83 309
83 331
83 340
83 355
309 35
309 340
331 340
340 35
340 197
340 289
340 355
35 355
289 355
289 116
197 39
197 165
116 238
39 165
87 185
60 249
