688
820
388
936
253
138
495
441
262
341
627
483
196
681
717
1117
170
787
316
648
872
1132
782
653
289
700
671
263
738
859
794
836
826
401
12
299
1049
453
106
95
561
725
473
20
481
533
375
589
864
464
766
56
349
1033
232
792
843
873
486
1095
922
880
968
947
996
389
1118
621
720
967
977
978
124
713
1047
866
194
547
701
60
151
148
943
830
828
960
662
802
273
438
600
444
155
992
1065
304
109
821
800
699
926
844
345
667
1081
163
854
695
76
333
87
1040
760
488
914
504
524
291
305
121
612
307
471
32
197
574
1086
744
841
851
1035
112
975
356
238
282
789
270
397
137
546
19
668
338
890
538
963
1005
187
526
409
184
813
1098
678
551
422
614
804
1121
480
318
1125
1016
754
635
311
607
959
58
228
325
555
697
42
549
49
448
647
917
157
474
84
344
479
216
747
998
591
723
240
895
260
918
118
617
807
439
1084
883
679
1094
923
899
13
791
31
139
373
329
275
954
51
702
1123
770
154
424
664
951
1075
698
317
958
364
745
1004
415
38
129
40
655
1129
330
580
610
326
152
906
1048
986
885
242
1024
111
560
691
25
166
1003
876
1100
497
976
557
501
1090
1124
1006
368
1131
456
180
1010
650
472
516
127
1128
71
961
634
558
195
1083
73
360
801
150
449
378
559
731
540
177
205
39
99
578
1114
1110
838
759
306
909
61
383
36
554
145
1082
832
354
652
710
1112
615
803
37
827
436
852
927
398
945
331
296
337
92
910
902
755
730
120
735
595
26
722
853
606
907
417
660
328
490
743
1130
604
1057
696
1036
707
126
250
208
75
835
896
879
334
564
1101
277
14
544
822
94
503
1105
661
491
808
581
342
727
80
997
946
309
669
935
684
875
531
603
1045
860
881
412
393
499
149
587
552
370
572
1013
1102
619
901
176
776
3
332
1027
346
1050
45
193
97
1077
790
764
290
609
934
292
520
408
313
1120
842
295
413
532
930
703
172
278
116
215
1085
470
871
666
460
451
772
507
831
672
64
455
1108
467
536
77
632
416
477
421
362
1078
994
143
818
314
119
254
374
0
171
651
361
1088
231
742
983
608
1127
1026
989
758
528
1072
101
435
624
592
382
181
519
54
297
529
565
585
522
405
1015
185
904
204
348
85
178
300
302
199
53
1116
72
293
379
626
819
1
227
406
241
941
323
158
367
1064
636
1113
264
680
973
146
476
929
22
1052
440
426
867
981
1029
525
510
5
188
319
1012
167
8
419
142
631
940
1009
369
1042
280
1071
463
1063
980
894
98
303
641
756
903
728
862
845
746
942
358
123
457
972
553
944
224
30
366
658
734
1073
642
562
294
