165
704
606
274
593
922
286
93
512
527
443
990
187
233
481
885
66
26
904
637
708
678
473
196
42
926
517
716
937
83
353
759
420
811
596
11
601
148
957
191
121
216
549
197
33
471
218
772
633
849
74
366
465
246
63
505
96
60
401
151
554
290
577
236
748
361
422
472
39
562
228
194
12
24
239
828
241
961
455
347
760
413
871
588
614
199
293
351
954
771
963
427
317
545
99
639
272
135
273
5
457
184
550
808
205
835
821
232
917
964
383
816
621
220
599
195
553
757
287
164
712
168
326
395
485
381
118
319
650
428
129
501
1
206
576
508
812
368
727
423
20
468
682
188
202
995
90
912
398
255
182
3
533
147
104
288
389
258
513
393
745
113
591
605
166
664
358
535
87
441
0
29
119
793
493
879
820
316
156
578
410
349
296
956
909
229
665
913
867
114
453
663
860
68
618
779
478
79
49
362
498
761
47
754
841
706
100
927
679
8
514
516
951
700
360
526
146
825
581
568
303
201
278
417
442
983
145
747
686
636
541
838
931
569
67
583
339
391
215
155
204
162
510
769
460
504
751
819
775
657
403
864
263
490
774
300
882
95
693
592
788
37
565
707
334
440
175
402
786
947
190
674
387
307
648
863
431
289
133
86
655
474
645
694
662
631
264
105
219
520
982
320
705
142
749
265
467
2
421
75
623
