0 20
0 49
0 80
0 84
0 118
0 121
0 140
0 146
0 147
0 148
0 149
0 161
0 179
0 180
0 192
0 203
0 207
0 211
0 220
0 221
0 237
20 13
20 26
20 40
20 41
20 48
20 49
20 64
20 74
20 78
20 84
20 100
20 114
20 118
20 132
20 140
20 143
20 148
20 161
20 173
20 175
20 180
20 192
20 198
20 203
20 207
20 211
20 213
20 221
20 236
20 237
20 245
49 2
49 4
49 13
49 15
49 19
49 26
49 33
49 40
49 56
49 61
49 65
49 66
49 68
49 74
49 84
49 88
49 89
49 90
49 97
49 100
49 102
49 103
49 111
49 118
49 132
49 140
49 148
49 156
49 161
49 164
49 181
49 187
49 198
49 200
49 203
49 204
49 206
49 207
49 211
49 220
49 221
49 226
49 233
49 237
49 239
49 242
49 245
49 246
49 250
49 251
49 252
49 260
80 17
80 26
80 28
80 29
80 32
80 39
80 48
80 64
80 66
80 68
80 77
80 88
80 92
80 137
80 143
80 149
80 153
80 158
80 162
80 230
80 232
80 252
84 13
84 30
84 33
84 40
84 44
84 74
84 77
84 90
84 100
84 138
84 140
84 148
84 161
84 164
84 169
84 173
84 178
84 192
84 203
84 211
84 221
84 229
84 232
84 239
84 255
84 259
84 260
118 3
118 40
118 74
118 100
118 131
118 132
118 148
118 156
118 173
118 180
118 192
118 193
118 203
118 207
118 211
118 221
118 237
118 239
118 256
121 91
121 13
121 27
121 32
121 34
121 53
121 70
121 78
121 89
121 92
121 93
121 106
121 109
121 126
121 146
121 150
121 151
121 154
121 190
121 191
121 199
121 204
121 218
121 226
121 227
121 250
121 253
121 255
140 96
140 15
140 21
140 40
140 74
140 77
140 97
140 100
140 102
140 148
140 161
140 169
140 175
140 187
140 192
140 193
140 203
140 206
140 207
140 221
140 229
140 237
140 245
146 1
146 42
146 45
146 47
146 50
146 51
146 54
146 57
146 82
146 85
146 119
146 120
146 122
146 130
146 145
146 159
146 167
146 171
146 182
146 194
146 201
146 211
146 216
146 234
146 241
146 242
146 248
146 256
147 9
147 23
147 31
147 52
147 59
147 69
147 100
147 104
147 113
147 130
147 133
147 145
147 186
147 216
147 217
147 234
147 235
147 240
147 254
147 256
148 2
148 13
148 40
148 74
148 100
148 120
148 127
148 139
148 175
148 180
148 192
148 193
148 203
148 207
148 221
148 239
148 245
149 4
149 45
149 98
149 114
149 141
149 144
149 175
149 214
149 215
149 222
149 231
149 249
161 96
161 5
161 12
161 13
161 15
161 19
161 21
161 22
161 26
161 30
161 39
161 40
161 45
161 48
161 53
161 66
161 74
161 77
161 82
161 100
161 102
161 104
161 110
161 134
161 135
161 137
161 139
161 158
161 185
161 203
161 207
161 211
161 212
161 218
161 221
161 226
161 228
161 229
161 230
161 231
161 232
161 237
161 245
179 108
179 5
179 22
179 25
179 53
179 63
179 79
179 115
179 117
179 131
179 135
179 136
179 150
179 165
179 195
179 197
179 198
179 202
179 208
179 210
179 219
179 221
179 224
179 228
179 238
179 255
180 13
180 15
180 40
180 48
180 60
180 68
180 74
180 77
180 88
180 100
180 102
180 135
180 137
180 169
180 192
180 193
180 203
180 207
180 211
180 221
180 239
180 245
180 246
192 3
192 13
192 40
192 66
192 74
192 100
192 115
192 164
192 167
192 171
192 187
192 211
192 229
192 237
192 239
192 245
192 246
203 13
203 40
203 74
203 97
203 164
203 207
203 221
203 227
203 229
203 237
203 245
207 13
207 15
207 32
207 61
207 94
207 100
207 117
207 120
207 130
207 132
207 143
207 159
207 167
207 175
207 176
207 193
207 211
207 221
207 230
207 237
207 245
207 246
207 256
211 13
211 34
211 40
211 74
211 90
211 102
211 115
211 124
211 156
211 171
211 176
211 206
211 221
211 237
211 239
220 2
220 8
220 10
220 26
220 27
220 34
220 46
220 55
220 58
220 71
220 78
220 89
220 92
220 93
220 106
220 112
220 116
220 150
220 151
220 152
220 190
220 191
220 204
220 218
220 226
220 242
220 251
220 253
221 96
221 5
221 8
221 13
221 15
221 21
221 26
221 40
221 41
221 44
221 74
221 79
221 88
221 100
221 102
221 117
221 131
221 137
221 143
221 169
221 193
221 198
221 205
221 224
221 229
221 237
221 240
221 242
221 243
221 246
221 256
237 13
237 19
237 40
237 44
237 50
237 74
237 97
237 100
237 132
237 159
237 201
237 246
13 108
13 30
13 32
13 145
13 64
13 229
13 247
13 252
13 114
13 216
13 77
13 115
13 18
13 23
13 38
13 104
13 124
13 169
13 15
13 25
13 40
13 74
13 100
13 102
13 132
13 193
13 239
13 245
26 96
26 246
26 6
26 12
26 17
26 25
26 28
26 29
26 32
26 36
26 40
26 42
26 48
26 53
26 56
26 64
26 68
26 77
26 88
26 110
26 132
26 135
26 137
26 141
26 143
26 156
26 158
26 162
26 169
26 170
26 175
26 198
26 200
26 202
26 212
26 213
26 229
26 230
26 232
26 239
26 243
26 245
26 247
26 251
26 252
26 260
40 246
40 174
40 88
40 24
40 139
40 169
40 74
40 100
40 102
40 132
40 193
40 245
40 260
41 34
41 52
41 85
41 120
41 159
41 182
41 18
41 24
41 42
41 43
41 45
41 65
41 72
41 98
41 105
41 114
41 122
41 123
41 141
41 154
41 163
41 195
41 200
41 209
41 214
41 215
41 239
41 257
48 96
48 32
48 168
48 171
48 232
48 64
48 247
48 252
48 77
48 66
48 88
48 256
48 12
48 17
48 28
48 29
48 39
48 21
48 56
48 68
48 137
48 139
48 143
48 158
48 169
48 185
48 212
48 213
48 230
64 32
64 232
64 2
64 12
64 28
64 66
64 68
64 77
64 137
64 139
64 143
64 153
64 169
64 185
64 213
64 247
74 108
74 127
74 159
74 44
74 46
74 86
74 157
74 97
74 173
74 229
74 72
74 198
74 216
74 37
74 77
74 115
74 117
74 195
74 224
74 68
74 42
74 132
74 193
78 91
78 30
78 34
78 90
78 150
78 10
78 27
78 55
78 58
78 70
78 35
78 42
78 89
78 93
78 106
78 112
78 116
78 126
78 131
78 151
78 152
78 155
78 190
78 191
78 216
78 218
78 233
78 236
78 250
78 253
100 246
100 32
100 175
100 176
100 23
100 213
100 15
100 102
100 245
114 4
114 57
114 90
114 120
114 127
114 159
114 167
114 175
114 181
114 182
114 189
114 241
114 255
114 247
114 43
114 45
114 65
114 71
114 105
114 6
114 18
114 47
114 117
114 122
114 123
114 141
114 200
114 214
114 215
114 216
114 249
114 257
132 246
132 164
132 229
132 162
132 185
132 156
132 193
132 239
143 32
143 127
143 167
143 233
143 97
143 164
143 173
143 247
143 252
143 77
143 66
143 88
143 12
143 28
143 39
143 56
143 110
143 137
143 139
143 42
143 158
143 162
143 169
143 185
143 193
143 212
143 230
173 96
173 120
173 232
173 3
173 33
173 164
173 42
173 169
173 178
173 187
173 206
173 210
173 229
175 91
175 1
175 4
175 14
175 51
175 85
175 120
175 125
175 127
175 159
175 167
175 168
175 172
175 6
175 7
175 18
175 24
175 36
175 38
175 43
175 45
175 56
175 59
175 61
175 65
175 71
175 77
175 82
175 88
175 105
175 107
175 122
175 128
175 134
175 141
175 144
175 163
175 166
175 182
175 189
175 200
175 209
175 214
175 215
175 217
175 222
175 223
175 231
175 232
175 241
175 242
175 252
175 253
198 108
198 4
198 57
198 232
198 242
198 255
198 46
198 205
198 97
198 72
198 22
198 36
198 37
198 42
198 53
198 63
198 82
198 109
198 115
198 117
198 131
198 178
198 195
198 202
198 219
198 228
198 239
198 254
213 96
213 32
213 251
213 97
213 153
213 252
213 77
213 66
213 28
213 39
213 56
213 68
213 137
213 139
213 158
213 162
213 169
213 185
213 212
213 42
213 230
236 129
236 251
236 255
236 8
236 16
236 44
236 46
236 55
236 73
236 87
236 99
236 106
236 111
236 142
236 155
236 157
236 174
236 177
236 183
236 225
236 227
236 233
236 15
236 95
236 163
236 208
236 244
236 258
236 259
245 169
2 34
2 90
2 129
2 251
2 255
2 8
2 10
2 16
2 27
2 44
2 46
2 55
2 58
2 70
2 86
2 87
2 89
2 93
2 94
2 99
2 106
2 111
2 142
2 155
2 157
2 174
2 177
2 183
2 190
2 191
2 204
2 205
2 226
2 227
2 233
2 250
2 258
2 259
4 9
4 14
4 45
4 50
4 57
4 59
4 60
4 65
4 71
4 72
4 75
4 105
4 120
4 122
4 130
4 141
4 159
4 168
4 182
4 183
4 194
4 200
4 209
4 214
4 216
4 227
4 231
4 241
4 249
4 257
15 169
15 95
19 91
19 9
19 14
19 120
19 127
19 159
19 171
19 189
19 217
19 226
19 45
19 75
19 130
19 144
19 216
19 11
19 107
19 134
19 7
19 23
19 24
19 38
19 67
19 104
19 186
19 235
33 255
33 3
33 17
33 61
33 97
33 156
33 164
33 178
33 202
33 212
33 229
33 247
56 32
56 34
56 232
56 204
56 252
56 77
56 66
56 12
56 17
56 28
56 29
56 39
56 42
56 137
56 139
56 158
56 162
56 169
56 185
56 212
61 96
61 30
61 51
61 90
61 251
61 58
61 3
61 21
61 103
61 156
61 164
61 170
61 176
61 178
61 187
61 193
61 206
61 229
65 50
65 60
65 90
65 120
65 159
65 167
65 171
65 194
65 241
65 44
65 183
65 191
65 45
65 59
65 18
65 71
65 75
65 122
65 141
65 163
65 200
65 209
65 214
65 215
65 216
65 257
66 232
66 27
66 70
66 97
66 247
66 252
66 77
66 224
66 6
66 12
66 17
66 21
66 28
66 29
66 39
66 88
66 110
66 137
66 139
66 158
66 169
66 212
66 230
68 108
68 246
68 32
68 232
68 97
68 229
68 252
68 77
68 115
68 88
68 12
68 28
68 29
68 39
68 110
68 137
68 169
68 178
68 212
68 230
88 96
88 246
88 32
88 120
88 232
88 252
88 231
88 22
88 77
88 107
88 7
88 12
88 17
88 28
88 39
88 158
88 162
88 169
88 178
88 185
88 212
88 230
89 91
89 9
89 34
89 127
89 150
89 251
89 5
89 55
89 70
89 106
89 112
89 116
89 151
89 160
89 191
89 199
89 204
89 218
89 250
90 1
90 9
90 57
90 18
90 27
90 44
90 46
90 55
90 58
90 73
90 76
90 86
90 94
90 99
90 103
90 109
90 111
90 126
90 129
90 139
90 164
90 177
90 204
90 224
90 228
90 229
90 251
90 255
90 258
90 259
97 96
97 32
97 57
97 168
97 232
97 44
97 46
97 73
97 191
97 3
97 21
97 37
97 63
97 138
97 156
97 169
97 229
97 253
102 229
102 170
103 3
103 39
103 53
103 122
103 138
103 156
103 164
103 176
103 187
103 229
103 238
111 251
111 255
111 8
111 44
111 46
111 55
111 58
111 73
111 86
111 87
111 94
111 99
111 76
111 95
111 136
111 142
111 155
111 174
111 177
111 183
111 193
111 225
111 227
111 233
111 244
111 250
111 259
156 96
156 164
156 187
156 206
156 53
156 17
156 39
156 139
156 185
156 193
156 239
156 21
156 178
164 96
164 108
164 73
164 3
164 138
164 116
164 162
164 185
164 193
164 200
164 229
181 108
181 1
181 50
181 51
181 54
181 57
181 60
181 85
181 119
181 125
181 127
181 145
181 159
181 168
181 171
181 31
181 194
181 196
181 201
181 216
181 223
181 234
181 242
181 255
187 3
187 131
187 206
187 229
200 51
200 120
200 159
200 182
200 241
200 242
200 59
200 71
200 72
200 122
200 141
200 6
200 18
200 24
200 81
200 98
200 104
200 107
200 123
200 163
200 209
200 215
200 231
204 91
204 150
204 251
204 27
204 58
204 70
204 93
204 94
204 106
204 190
204 191
204 109
204 112
204 116
204 126
204 131
204 151
204 154
204 218
204 226
204 250
204 253
206 96
206 226
206 3
206 138
206 39
206 124
206 170
206 229
226 34
226 129
226 150
226 159
226 189
226 232
226 10
226 27
226 44
226 55
226 58
226 70
226 93
226 106
226 190
226 191
226 205
226 3
226 35
226 92
226 104
226 112
226 116
226 126
226 134
226 151
226 152
226 154
226 160
226 195
226 218
226 250
226 253
233 30
233 34
233 129
233 251
233 255
233 8
233 16
233 44
233 55
233 58
233 73
233 86
233 87
233 94
233 99
233 142
233 157
233 174
233 225
233 227
233 21
233 95
233 184
233 244
233 258
233 259
239 246
239 86
239 229
239 210
239 162
239 185
239 25
239 193
242 246
242 9
242 50
242 51
242 54
242 57
242 60
242 85
242 119
242 120
242 125
242 127
242 145
242 167
242 168
242 171
242 182
242 194
242 234
242 241
242 6
242 22
242 23
242 43
242 59
242 62
242 82
242 130
242 191
242 231
242 248
242 254
242 257
246 1
246 6
246 24
246 25
246 117
246 150
246 185
246 193
246 229
246 232
250 91
250 34
250 127
250 167
250 251
250 255
250 10
250 16
250 27
250 55
250 58
250 70
250 93
250 106
250 190
250 191
250 227
250 75
250 112
250 116
250 126
250 151
250 154
250 160
250 165
250 195
250 197
250 199
250 218
250 230
250 253
251 1
251 9
251 30
251 50
251 51
251 8
251 27
251 29
251 46
251 55
251 58
251 59
251 62
251 73
251 76
251 77
251 87
251 95
251 99
251 126
251 137
251 142
251 151
251 157
251 174
251 177
251 183
251 184
251 188
251 216
251 225
251 227
251 253
251 255
251 258
252 96
252 32
252 50
252 232
252 3
252 247
252 12
252 17
252 21
252 28
252 29
252 39
252 42
252 77
252 122
252 139
252 158
252 162
252 169
252 185
252 193
252 212
260 96
260 229
260 243
17 96
17 32
17 77
17 202
17 12
17 28
17 39
17 162
17 169
17 212
28 232
28 257
28 77
28 12
28 29
28 39
28 42
28 137
28 139
28 162
28 169
28 230
29 32
29 150
29 232
29 55
29 86
29 153
29 12
29 39
29 42
29 82
29 139
29 169
29 185
29 212
32 96
32 1
32 12
32 23
32 39
32 42
32 62
32 110
32 122
32 137
32 139
32 158
32 162
32 169
32 185
32 191
32 212
32 230
32 231
32 232
32 257
39 232
39 153
39 247
39 22
39 77
39 12
39 42
39 110
39 139
39 158
39 162
39 169
39 170
39 185
39 230
77 96
77 232
77 5
77 231
77 22
77 12
77 42
77 110
77 131
77 137
77 158
77 162
77 169
77 185
77 197
77 212
77 230
92 91
92 159
92 194
92 27
92 55
92 58
92 70
92 93
92 106
92 191
92 131
92 67
92 126
92 152
92 253
92 154
92 82
92 109
92 116
92 151
137 232
137 247
137 110
137 139
137 158
137 169
137 185
137 212
137 230
153 232
153 3
153 110
153 126
153 128
153 131
153 195
153 202
153 247
158 232
158 12
158 139
158 162
158 169
158 185
158 212
158 230
162 96
162 232
162 12
162 110
162 139
162 25
162 185
162 193
230 96
230 232
230 138
230 247
230 45
230 12
230 110
230 169
230 185
230 21
230 42
232 91
232 1
232 120
232 125
232 129
232 172
232 24
232 44
232 45
232 86
232 139
232 169
232 177
232 178
232 185
232 193
232 229
232 240
232 253
30 1
30 8
30 44
30 73
30 76
30 86
30 87
30 94
30 99
30 129
30 142
30 157
30 159
30 174
30 177
30 183
30 216
30 240
30 255
30 259
44 52
44 171
44 8
44 46
44 73
44 76
44 87
44 94
44 99
44 106
44 116
44 155
44 157
44 177
44 208
44 214
44 225
44 227
44 244
44 258
44 259
138 234
138 3
138 21
138 83
138 176
138 178
138 229
169 96
169 177
169 229
169 247
169 216
169 12
169 139
169 21
169 185
178 96
178 229
178 195
178 210
178 42
229 96
229 46
229 177
229 227
229 3
229 176
229 11
229 21
229 38
229 42
229 53
229 141
229 193
229 195
229 243
255 1
255 129
255 172
255 5
255 8
255 16
255 27
255 46
255 53
255 73
255 76
255 95
255 99
255 109
255 117
255 131
255 142
255 152
255 157
255 174
255 177
255 195
255 199
255 218
255 224
255 225
255 227
255 258
259 129
259 5
259 46
259 55
259 73
259 87
259 94
259 99
259 142
259 155
259 157
259 174
259 177
259 225
259 227
259 258
259 76
259 195
91 14
91 27
91 34
91 70
91 93
91 106
91 109
91 116
91 120
91 126
91 127
91 144
91 150
91 154
91 165
91 182
91 190
91 191
91 199
91 205
91 210
91 224
91 231
91 253
14 1
14 9
14 7
14 11
14 23
14 24
14 38
14 51
14 67
14 69
14 75
14 101
14 104
14 107
14 130
14 134
14 168
14 189
14 216
14 217
14 231
14 234
14 240
14 256
27 34
27 150
27 10
27 22
27 42
27 58
27 59
27 70
27 76
27 93
27 116
27 126
27 135
27 152
27 154
27 160
27 165
27 190
27 205
27 218
27 253
34 1
34 8
34 10
34 16
34 55
34 58
34 70
34 73
34 93
34 106
34 116
34 150
34 151
34 154
34 155
34 183
34 191
34 225
34 227
70 60
70 150
70 10
70 46
70 55
70 58
70 87
70 93
70 106
70 112
70 116
70 126
70 136
70 152
70 154
70 160
70 190
70 205
70 218
70 227
70 253
93 150
93 167
93 171
93 10
93 55
93 58
93 35
93 76
93 106
93 109
93 112
93 116
93 126
93 151
93 154
93 160
93 165
93 199
93 244
93 253
106 129
106 150
106 8
106 46
106 55
106 58
106 35
106 53
106 109
106 112
106 116
106 142
106 154
106 160
106 191
106 199
106 218
106 253
109 57
109 125
109 196
109 58
109 191
109 152
109 253
109 151
116 150
116 58
116 157
116 177
116 190
116 227
116 160
116 253
116 154
116 218
116 35
116 151
116 199
120 1
120 9
120 51
120 52
120 57
120 119
120 6
120 18
120 23
120 24
120 31
120 38
120 43
120 45
120 71
120 105
120 122
120 123
120 124
120 127
120 128
120 141
120 144
120 159
120 166
120 167
120 168
120 171
120 182
120 191
120 194
120 197
120 210
120 214
120 215
120 216
120 222
120 223
120 231
120 241
120 248
120 249
120 253
120 257
126 55
126 58
126 190
126 191
126 76
126 151
126 154
126 160
126 199
126 218
126 253
127 1
127 50
127 51
127 54
127 57
127 60
127 85
127 125
127 18
127 24
127 47
127 82
127 98
127 113
127 122
127 124
127 130
127 145
127 152
127 163
127 167
127 168
127 171
127 172
127 194
127 196
127 201
127 234
127 248
144 50
144 119
144 159
144 172
144 182
144 223
144 241
144 43
144 45
144 72
144 105
144 122
144 18
144 23
144 81
144 98
144 123
144 128
144 166
144 209
144 214
144 215
144 222
144 231
144 249
144 257
150 108
150 1
150 82
150 154
150 190
150 191
150 199
150 218
150 253
154 172
154 58
154 190
154 191
154 253
154 151
154 199
165 46
165 205
165 227
165 22
165 36
165 37
165 53
165 63
165 79
165 115
165 117
165 131
165 135
165 136
165 195
165 197
165 208
165 210
165 218
165 219
165 224
182 1
182 51
182 125
182 159
182 6
182 11
182 18
182 24
182 43
182 45
182 59
182 71
182 81
182 98
182 122
182 134
182 163
182 209
182 214
182 222
182 241
182 257
190 234
190 16
190 155
190 35
190 112
190 141
190 160
190 191
190 253
191 167
191 58
191 155
191 82
191 160
191 218
191 253
199 58
199 130
199 76
199 160
199 253
199 218
199 151
205 108
205 46
205 157
205 22
205 37
205 53
205 63
205 115
205 131
205 136
205 160
205 195
205 197
205 202
205 210
205 224
205 227
205 238
210 9
210 51
210 58
210 247
210 36
210 79
210 112
210 115
210 117
210 131
210 135
210 136
210 208
210 47
210 193
210 219
210 224
224 108
224 5
224 22
224 36
224 53
224 117
224 131
224 136
224 195
224 197
224 202
224 208
224 219
224 163
231 159
231 217
231 43
231 45
231 105
231 122
231 209
231 214
231 222
231 6
231 7
231 18
231 98
231 107
231 123
231 128
231 163
231 166
231 249
253 10
253 152
253 160
253 82
253 151
253 185
253 218
96 3
96 12
96 18
96 21
96 76
96 107
96 139
96 176
96 197
96 243
96 248
3 176
3 247
12 225
12 45
12 110
12 139
12 185
12 212
18 52
18 159
18 172
18 241
18 248
18 43
18 45
18 59
18 71
18 72
18 75
18 122
18 141
18 209
18 215
18 249
18 6
18 11
18 24
18 42
18 62
18 81
18 123
18 128
18 166
18 240
21 174
21 42
76 129
76 8
76 46
76 55
76 86
76 87
76 94
76 99
76 142
76 174
76 177
76 183
76 225
76 227
76 151
107 9
107 52
107 145
107 159
107 167
107 189
107 217
107 43
107 72
107 130
107 215
107 216
107 7
107 23
107 38
107 62
107 69
107 104
107 186
107 235
139 129
139 247
139 42
139 185
139 212
176 11
176 170
197 108
197 60
197 5
197 22
197 36
197 53
197 63
197 117
197 25
197 124
197 202
197 208
248 1
248 50
248 54
248 57
248 60
248 85
248 119
248 125
248 145
248 159
248 167
248 171
248 194
248 196
248 223
248 47
248 82
248 216
108 5
108 53
108 57
108 82
108 83
108 115
108 117
108 159
108 195
108 202
108 219
108 228
5 10
5 22
5 36
5 37
5 46
5 55
5 58
5 63
5 79
5 112
5 115
5 117
5 131
5 135
5 141
5 195
5 202
5 219
5 228
5 238
53 227
53 22
53 36
53 37
53 25
53 83
53 115
53 117
53 131
53 135
53 136
53 208
53 228
57 1
57 50
57 51
57 54
57 45
57 47
57 60
57 75
57 81
57 82
57 85
57 98
57 125
57 130
57 131
57 141
57 167
57 168
57 171
57 172
57 189
57 194
57 196
57 201
57 202
57 223
82 50
82 54
82 85
82 119
82 125
82 145
82 159
82 223
82 234
82 216
82 163
82 23
83 22
83 63
83 131
83 195
83 202
83 208
83 219
83 228
115 227
115 22
115 36
115 63
115 117
115 131
115 135
115 202
115 208
115 219
115 228
115 238
117 73
117 87
117 157
117 36
117 63
117 79
117 131
117 136
117 195
117 202
117 208
117 238
117 240
159 1
159 51
159 125
159 129
159 145
159 7
159 23
159 58
159 67
159 71
159 72
159 81
159 101
159 105
159 122
159 123
159 141
159 163
159 166
159 189
159 193
159 194
159 196
159 215
159 216
159 222
159 241
159 249
159 257
195 177
195 37
195 63
195 131
195 135
195 25
195 35
195 238
202 168
202 247
202 22
202 36
202 37
202 79
202 131
202 135
202 208
202 212
202 219
202 238
219 227
219 22
219 36
219 79
219 136
228 22
228 36
228 37
228 63
228 79
228 131
228 238
131 59
131 216
131 22
131 37
131 79
131 23
131 47
131 136
131 193
193 185
193 25
256 52
256 217
256 234
256 59
256 75
256 130
256 11
256 31
256 38
256 62
256 101
256 104
256 24
256 113
256 254
256 124
256 133
256 240
151 55
151 58
151 152
151 160
151 218
218 58
218 22
218 152
218 35
227 8
227 10
227 46
227 55
227 86
227 87
227 99
227 142
227 155
227 174
227 177
227 183
227 225
227 160
227 244
227 258
1 9
1 50
1 51
1 52
1 54
1 60
1 119
1 129
1 145
1 167
1 168
1 171
1 172
1 189
1 196
1 217
1 223
1 234
1 241
42 167
42 171
42 247
42 141
42 110
42 212
45 9
45 60
45 85
45 125
45 171
45 223
45 241
45 6
45 23
45 71
45 72
45 81
45 98
45 104
45 105
45 113
45 122
45 123
45 124
45 128
45 141
45 209
45 215
45 216
45 222
45 249
45 257
47 50
47 54
47 85
47 125
47 145
47 167
47 168
47 171
47 194
47 223
47 216
47 249
47 98
50 23
50 51
50 59
50 60
50 72
50 75
50 81
50 85
50 113
50 119
50 125
50 141
50 168
50 171
50 172
50 194
50 201
50 223
50 257
51 6
51 54
51 60
51 85
51 105
51 125
51 145
51 167
51 168
51 171
51 194
51 196
51 201
51 223
54 31
54 60
54 75
54 85
54 119
54 130
54 145
54 167
54 168
54 171
54 172
54 194
54 223
54 257
85 60
85 124
85 145
85 167
85 168
85 171
85 172
85 194
85 223
119 9
119 105
119 125
119 167
119 168
119 171
119 194
119 201
119 223
119 257
122 43
122 59
122 71
122 72
122 6
122 98
122 123
122 128
122 141
122 163
122 209
122 214
122 215
122 249
122 257
130 9
130 52
130 60
130 167
130 189
130 194
130 217
130 234
130 241
130 75
130 7
130 11
130 24
130 31
130 38
130 67
130 69
130 101
130 104
130 124
130 133
130 166
130 186
130 216
130 235
130 240
130 257
145 72
145 98
145 101
145 163
145 167
145 168
145 171
145 223
145 240
167 60
167 125
167 62
167 98
167 168
167 171
167 172
167 194
167 196
167 201
167 216
167 223
167 234
167 241
167 257
171 60
171 125
171 11
171 23
171 58
171 59
171 75
171 98
171 124
171 172
171 196
171 201
171 216
171 223
171 234
171 249
171 257
194 9
194 60
194 168
194 172
194 8
194 31
194 59
194 133
194 201
194 223
194 240
194 254
201 60
201 125
201 196
201 223
201 216
216 9
216 52
216 196
216 217
216 234
216 8
216 225
216 59
216 71
216 7
216 11
216 23
216 24
216 31
216 38
216 67
216 101
216 104
216 113
216 222
216 257
234 9
234 60
234 125
234 223
234 7
234 23
234 24
234 31
234 38
234 59
234 62
234 75
234 101
234 104
234 113
234 124
234 133
234 134
234 186
234 235
234 240
234 254
241 52
241 6
241 43
241 71
241 98
241 105
241 141
241 166
241 215
241 222
241 249
9 11
9 23
9 38
9 62
9 69
9 75
9 101
9 125
9 188
9 217
9 254
23 52
23 60
23 217
23 59
23 72
23 257
23 11
23 134
23 24
23 38
23 62
23 69
23 101
23 104
23 124
23 186
23 235
23 240
31 52
31 217
31 257
31 7
31 24
31 38
31 62
31 101
31 104
31 113
31 133
31 240
52 11
52 24
52 38
52 59
52 62
52 67
52 69
52 75
52 98
52 101
52 104
52 113
52 124
52 134
52 186
52 189
52 217
52 240
52 254
59 60
59 189
59 11
59 24
59 38
59 75
59 101
59 113
59 124
59 235
59 240
59 257
69 189
69 75
69 11
69 81
69 7
69 24
69 101
69 104
69 235
104 189
104 217
104 249
104 11
104 134
104 7
104 38
104 62
104 67
104 101
104 24
104 113
104 186
104 254
113 189
113 217
113 75
113 62
113 101
113 235
113 24
113 133
113 240
113 254
133 60
133 75
133 257
133 11
133 62
133 101
133 24
133 240
186 189
186 75
186 134
186 7
186 62
186 67
186 24
186 235
186 240
186 254
217 189
217 196
217 24
217 38
217 134
217 163
217 223
217 235
217 254
235 196
235 75
235 7
235 67
235 124
240 60
240 72
240 81
240 62
240 24
240 254
240 124
254 189
254 223
254 75
254 11
254 81
254 38
254 62
254 67
254 101
254 24
98 60
98 223
98 94
98 43
98 71
98 72
98 105
98 141
98 209
98 214
98 215
98 222
98 257
98 6
98 81
98 7
98 123
98 124
98 166
141 43
141 71
141 72
141 105
141 24
141 81
141 152
141 163
141 166
141 215
141 249
214 177
214 43
214 72
214 105
214 209
214 6
214 123
214 166
214 222
214 257
215 223
215 43
215 71
215 72
215 105
215 209
215 6
215 81
215 101
215 123
215 163
215 166
215 249
222 71
222 105
222 209
222 6
222 123
222 166
222 249
222 257
249 189
249 71
249 72
249 105
249 209
249 6
249 81
249 123
249 128
249 166
22 46
22 25
22 36
22 37
22 63
22 136
22 208
22 238
110 73
110 247
110 152
110 185
110 212
134 189
134 6
134 11
134 7
134 67
135 36
135 79
135 25
135 35
135 238
185 247
185 25
212 71
25 79
63 79
63 238
79 136
136 208
208 225
208 124
238 36
60 7
60 11
60 62
60 75
60 124
60 125
60 168
60 172
60 196
60 223
94 58
94 73
94 174
94 177
94 183
94 209
94 258
124 75
124 11
124 62
124 101
124 24
8 129
8 46
8 55
8 73
8 86
8 87
8 99
8 155
8 174
8 258
10 55
10 152
10 160
46 129
46 16
46 55
46 58
46 73
46 87
46 95
46 99
46 142
46 155
46 157
46 174
46 177
46 184
46 225
46 258
55 16
55 73
55 86
55 87
55 95
55 142
55 155
55 174
55 183
58 196
58 35
58 37
58 95
58 112
58 152
58 160
58 225
71 43
71 6
71 24
71 81
71 209
71 257
112 35
112 160
152 35
6 43
6 72
6 105
6 209
6 11
6 81
6 163
24 189
24 11
24 163
24 38
24 62
129 16
129 73
129 86
129 87
129 99
129 155
129 157
129 174
129 177
129 184
129 225
129 258
168 125
168 172
168 223
172 125
172 101
172 223
172 257
189 7
189 11
189 38
189 67
189 75
189 101
189 225
196 125
196 11
196 223
223 125
223 43
223 188
223 209
72 43
72 7
72 81
72 105
72 209
72 257
75 11
75 101
75 257
105 125
105 43
105 36
105 81
105 123
105 163
105 257
183 86
183 87
183 99
183 157
183 174
183 177
209 123
209 128
209 166
209 257
257 11
257 62
257 81
257 123
257 163
257 166
11 7
11 38
11 62
11 67
11 101
38 62
38 101
62 7
101 43
101 7
7 67
7 123
36 177
36 37
170 157
73 16
73 87
73 95
73 157
73 174
73 177
73 258
86 16
86 87
86 95
86 99
86 142
86 155
86 157
86 174
86 177
86 184
86 225
86 244
87 16
87 95
87 99
87 142
87 155
87 157
87 174
87 177
87 225
87 244
99 16
99 95
99 142
99 155
99 157
99 174
99 177
99 225
99 258
142 16
142 95
142 157
142 177
142 225
142 258
157 16
157 155
157 95
157 174
157 258
174 16
174 95
174 177
174 225
174 244
174 258
177 95
177 184
177 225
177 244
177 258
16 155
155 225
155 244
225 95
225 184
225 258
81 43
81 166
43 166
123 128
123 166
128 166
166 37
95 244
