90
547
150
9
343
354
396
1028
425
464
635
1125
110
1123
533
921
920
670
1014
716
399
585
755
399
9
323
262
425
782
1123
908
24
841
781
279
873
48
1068
469
627
13
235
908
1061
1052
206
150
396
80
533
469
435
464
138
855
720
464
758
758
826
920
469
435
461
553
902
528
1035
24
908
1099
150
553
90
853
97
19
97
90
782
873
109
226
763
839
627
393
97
1011
680
873
1052
1047
295
511
782
700
891
144
459
459
226
150
1070
758
53
908
873
757
781
441
150
755
782
908
499
53
138
150
128
751
181
459
744
836
316
528
480
135
396
1112
13
1028
499
891
48
106
1052
80
547
226
435
781
80
335
253
279
425
1052
447
1047
558
528
1125
206
727
918
533
671
18
181
918
1028
9
97
150
358
813
87
856
396
499
891
425
1068
873
758
511
670
316
97
511
53
180
425
234
94
528
873
551
150
547
9
279
459
842
918
425
314
1086
499
499
511
1130
90
640
178
138
1052
730
1094
226
839
201
447
1119
758
150
716
444
874
782
678
234
658
194
1125
640
106
237
1130
873
206
842
382
891
551
110
887
435
435
43
194
782
90
908
235
782
891
150
504
533
181
920
547
253
260
920
206
158
744
743
1011
447
511
1010
826
990
873
138
908
873
380
842
1099
97
469
730
511
879
1075
150
206
194
158
873
253
150
90
511
499
920
873
226
763
842
13
435
426
150
920
1067
1068
435
671
635
354
80
358
138
279
459
97
854
226
279
658
80
528
908
391
918
856
30
893
743
660
908
1112
1028
743
144
839
459
26
547
1119
511
640
1028
206
926
97
396
615
150
90
590
1125
382
826
499
579
13
528
150
1028
908
159
782
1047
226
53
585
1085
379
435
635
860
785
819
908
374
144
13
627
24
1086
1028
416
464
158
553
671
1061
97
201
1099
1119
416
798
416
414
435
26
671
1047
908
150
225
393
1125
87
136
782
396
1028
97
435
826
464
1086
533
1103
511
511
374
459
1047
1060
138
105
908
873
987
435
150
533
181
459
181
80
782
13
744
226
918
374
1013
159
873
635
920
425
150
1115
528
889
26
150
9
874
720
658
210
1094
80
912
138
826
110
1130
226
743
781
150
781
150
711
150
908
414
836
435
253
782
700
279
343
819
165
150
1028
1047
1119
836
758
201
26
1047
528
499
585
678
24
782
1052
918
640
891
1028
801
150
657
873
839
755
658
1125
107
1099
511
1052
1086
150
1028
757
926
615
1086
499
316
839
24
1052
547
763
286
658
1125
461
396
1011
547
24
461
528
226
135
906
499
144
1035
447
856
758
222
97
918
150
159
874
842
908
755
680
425
756
87
358
109
499
201
263
839
658
