646
48
204
842
383
205
75
763
28
473
221
722
92
366
379
280
20
692
997
927
117
330
606
947
856
384
891
615
336
124
7
784
493
653
507
447
307
963
292
151
506
401
109
688
77
276
932
461
821
560
869
67
730
101
866
80
769
212
771
261
119
143
435
287
418
685
621
950
445
614
812
693
720
508
868
526
587
828
373
115
553
52
907
365
215
346
199
872
329
63
375
850
203
719
654
150
282
900
765
495
516
794
187
631
436
34
826
962
158
254
367
625
2
510
218
249
736
585
76
659
839
822
368
200
197
279
353
44
196
340
253
785
716
62
622
262
467
639
66
232
503
832
21
243
943
533
86
618
156
37
84
316
443
665
509
333
123
363
888
108
528
414
437
380
192
499
327
43
549
100
153
593
122
855
446
12
219
322
164
293
24
779
827
238
3
394
676
416
89
273
259
267
274
186
825
844
360
770
490
81
505
992
974
428
576
568
674
750
331
657
213
421
497
887
133
225
5
571
248
831
216
573
347
291
464
392
125
751
555
570
337
145
444
892
95
782
189
811
105
35
704
515
121
409
289
449
111
605
303
369
875
889
165
793
465
740
683
460
393
400
776
356
584
410
349
161
696
130
188
110
807
268
857
478
830
485
139
88
469
173
582
242
737
47
190
885
132
916
739
680
18
255
266
14
374
359
385
182
788
633
517
835
179
41
148
905
791
214
370
386
454
768
288
514
390
23
690
244
936
686
862
859
627
777
93
398
131
635
603
660
640
643
343
486
798
735
305
525
519
775
72
518
462
463
949
70
747
912
323
459
64
30
302
748
840
661
423
849
246
961
74
734
56
956
874
178
257
638
207
566
239
431
116
966
601
281
298
237
527
29
732
611
644
586
83
51
408
766
241
381
157
441
757
608
357
320
412
250
915
174
134
645
806
54
10
729
655
706
26
324
565
90
171
251
184
641
590
591
137
31
439
9
202
361
118
230
402
474
33
19
335
387
16
725
167
687
58
59
745
799
545
135
698
240
415
4
483
647
837
982
278
522
502
362
146
609
626
948
475
325
169
326
193
718
195
699
147
417
783
532
154
742
864
411
69
599
252
404
597
701
17
909
569
629
451
332
127
663
234
860
873
389
833
407
247
913
39
283
848
351
542
636
194
749
787
55
867
487
498
550
588
306
959
815
334
344
666
311
854
206
168
113
707
479
580
554
481
1
209
269
677
211
530
144
231
619
731
317
11
983
73
256
442
480
227
494
954
448
191
210
312
299
260
27
691
721
999
561
596
429
57
61
977
0
752
978
753
372
301
772
94
22
220
277
513
138
271
371
217
263
628
711
881
420
551
882
296
453
810
60
578
152
399
49
575
602
314
149
700
364
709
595
265
434
413
931
377
468
304
71
32
682
600
396
492
610
607
208
476
658
102
796
559
501
695
531
85
25
672
328
308
819
160
656
642
53
911
484
376
664
310
68
170
681
489
50
38
902
245
141
623
185
521
733
290
759
172
264
760
846
547
577
97
671
181
673
557
471
477
612
556
13
8
236
91
920
817
620
342
15
572
652
592
715
284
82
378
861
852
426
563
162
226
425
114
675
104
491
712
112
96
823
579
816
313
650
46
406
778
594
541
500
228
403
558
235
767
583
820
668
286
315
496
319
321
42
285
419
155
708
523
800
458
548
65
457
126
180
598
512
136
107
589
201
529
395
634
142
294
163
482
786
45
773
694
103
756
726
339
36
470
670
472
341
896
405
318
723
275
198
159
624
175
450
552
106
863
562
705
853
140
354
338
258
524
616
430
803
678
504
87
229
710
870
183
272
648
224
774
391
166
802
350
