0 12
0 26
0 28
0 43
0 49
0 69
0 74
0 86
0 93
0 100
0 101
0 116
0 141
0 170
0 198
12 26
12 43
12 69
12 83
12 93
12 101
12 116
12 138
12 167
12 198
26 8
26 4
26 23
26 41
26 43
26 45
26 49
26 64
26 74
26 83
26 93
26 100
26 138
26 141
26 149
26 164
26 167
26 170
26 198
28 8
28 4
28 23
28 41
28 43
28 45
28 46
28 49
28 64
28 69
28 71
28 74
28 83
28 100
28 101
28 122
28 138
28 141
28 164
28 170
28 198
43 8
43 23
43 41
43 45
43 69
43 74
43 83
43 86
43 91
43 93
43 101
43 116
43 122
43 138
43 141
43 149
43 164
43 167
43 170
43 198
49 8
49 23
49 45
49 46
49 64
49 69
49 74
49 83
49 86
49 100
49 116
49 122
49 141
49 149
49 164
49 167
49 170
49 198
69 41
69 46
69 74
69 83
69 86
69 93
69 100
69 101
69 116
69 141
69 167
69 198
74 8
74 4
74 23
74 41
74 46
74 64
74 71
74 83
74 86
74 93
74 100
74 101
74 116
74 141
74 164
74 167
74 170
74 198
86 8
86 23
86 45
86 46
86 64
86 67
86 83
86 91
86 93
86 101
86 119
86 122
86 138
86 141
86 149
86 164
86 167
86 170
86 198
93 8
93 23
93 41
93 45
93 64
93 83
93 100
93 101
93 116
93 122
93 138
93 141
93 164
93 167
93 170
93 198
100 8
100 41
100 45
100 64
100 71
100 83
100 91
100 101
100 119
100 138
100 141
100 164
100 167
100 170
100 198
101 8
101 41
101 45
101 46
101 83
101 138
101 141
101 149
101 164
101 167
101 170
101 198
116 8
116 46
116 64
116 83
116 149
116 167
116 170
116 198
141 23
141 41
141 46
141 64
141 71
141 83
141 91
141 122
141 149
141 164
141 170
141 198
170 8
170 23
170 45
170 46
170 91
170 138
170 149
170 164
198 8
198 167
198 23
198 41
198 64
198 83
198 91
198 122
198 138
198 149
198 164
8 23
8 41
8 45
8 46
8 64
8 83
8 91
8 122
8 138
8 164
8 167
23 167
23 67
23 83
23 91
23 122
23 41
23 45
23 64
23 71
23 119
23 164
41 167
41 46
41 91
41 122
41 45
41 64
41 71
41 138
41 149
41 164
45 167
45 91
45 138
46 167
46 4
46 64
46 67
46 71
46 83
46 91
46 122
46 138
46 169
64 167
64 83
64 91
64 138
64 149
64 164
83 167
83 4
83 67
83 71
83 91
83 119
83 122
83 138
83 149
83 164
91 4
91 67
91 71
91 90
91 122
91 138
91 149
91 164
91 169
122 167
122 4
122 149
122 164
138 167
138 164
164 167
164 149
164 71
164 135
167 149
4 67
4 169
1 15
1 25
1 63
1 70
1 152
1 156
1 162
15 25
15 70
15 77
15 89
15 134
15 152
15 156
15 162
25 22
25 63
25 70
25 76
25 77
25 89
25 134
25 152
25 156
25 162
63 33
63 70
63 77
63 79
63 89
63 134
63 136
63 152
63 154
63 156
63 184
70 7
70 9
70 22
70 31
70 40
70 50
70 51
70 75
70 77
70 89
70 92
70 97
70 105
70 134
70 146
70 152
70 156
70 162
70 183
152 76
152 77
152 9
152 18
152 22
152 35
152 50
152 105
152 118
152 125
152 134
152 143
152 146
152 156
152 162
156 76
156 77
156 9
156 11
156 18
156 22
156 35
156 54
156 89
156 105
156 118
156 134
156 143
156 144
156 146
156 151
156 165
162 76
162 22
162 89
162 134
77 76
77 89
77 134
89 76
134 76
134 50
134 75
134 97
134 105
134 118
134 146
134 11
134 54
134 16
134 38
134 85
134 128
134 133
134 150
33 37
33 154
33 42
33 59
33 136
33 137
33 145
33 187
33 190
79 168
79 6
79 27
79 34
79 36
79 88
79 94
79 104
79 121
79 123
79 130
79 147
79 148
79 172
79 176
79 181
79 184
136 154
136 42
136 59
136 137
136 145
136 190
154 65
154 54
154 56
154 60
154 66
154 177
154 188
154 37
154 99
154 107
154 131
154 132
154 42
154 59
154 137
154 145
154 174
154 190
184 6
184 27
184 34
184 36
184 108
184 121
184 123
184 130
184 148
184 160
184 176
184 10
184 88
184 94
184 104
184 126
184 172
184 181
7 31
7 40
7 50
7 51
7 75
7 92
7 105
7 183
9 50
9 105
9 18
9 35
9 118
9 146
31 40
31 50
31 75
31 92
31 95
31 97
31 105
31 183
40 50
40 51
40 75
40 92
40 95
40 97
40 105
40 183
40 189
50 35
50 51
50 75
50 92
50 95
50 97
50 105
50 118
50 146
50 165
51 30
51 58
51 78
51 96
51 106
51 111
51 114
51 142
51 180
51 192
51 199
51 61
51 75
51 92
51 97
75 92
75 95
75 97
75 105
75 183
92 95
92 105
92 183
92 189
97 95
97 105
97 183
97 189
105 118
105 125
105 146
105 165
105 183
146 35
146 118
146 125
146 165
183 95
18 35
18 118
35 118
118 125
118 165
125 159
125 165
11 55
11 65
11 13
11 52
11 54
11 56
11 60
11 61
11 66
11 124
11 139
11 151
11 158
11 177
11 188
11 193
54 61
54 112
54 151
144 168
144 65
144 61
144 124
144 53
144 177
144 188
151 56
151 61
151 66
151 139
151 47
151 82
151 112
151 115
151 177
151 185
151 193
2 14
2 21
2 30
2 58
2 78
2 80
2 106
2 110
2 111
2 114
2 142
2 161
2 175
2 178
2 180
2 192
2 194
2 199
14 20
14 21
14 30
14 78
14 81
14 96
14 106
14 111
14 113
14 142
14 192
14 199
21 20
21 30
21 58
21 78
21 81
21 96
21 111
21 113
21 114
21 142
21 180
21 199
30 58
30 78
30 81
30 96
30 106
30 111
30 113
30 114
30 142
30 175
30 178
30 180
30 192
30 199
58 78
58 81
58 106
58 111
58 113
58 114
58 142
58 180
58 192
58 199
78 20
78 80
78 96
78 111
78 114
78 120
78 142
78 163
78 178
78 180
78 192
78 199
80 81
80 96
80 110
80 114
80 175
80 178
80 194
106 81
106 96
106 3
106 102
106 110
106 111
106 113
106 114
106 117
106 120
106 140
106 142
106 163
106 171
106 178
106 180
106 189
106 192
106 199
110 81
110 96
110 113
110 114
110 161
110 175
110 180
110 194
111 81
111 96
111 20
111 102
111 113
111 114
111 120
111 175
111 192
111 199
114 96
114 113
114 175
114 178
114 180
114 192
114 194
114 199
142 81
142 96
142 113
142 175
142 180
142 192
142 199
161 96
161 194
175 81
175 96
175 178
175 180
175 199
178 81
178 96
178 113
178 194
178 199
180 81
180 96
180 113
180 189
180 192
180 194
180 199
192 81
192 96
192 113
192 199
194 96
199 81
199 96
199 113
20 81
20 113
81 96
81 113
96 113
120 3
120 17
120 39
120 44
120 73
120 87
120 98
120 102
120 103
120 109
120 117
120 127
120 153
120 163
120 166
120 171
120 173
120 189
120 196
163 3
163 17
163 44
163 62
163 68
163 73
163 87
163 98
163 102
163 109
163 117
163 127
163 140
163 153
163 166
163 171
163 173
163 196
3 17
3 44
3 57
3 62
3 68
3 73
3 87
3 98
3 102
3 103
3 109
3 117
3 127
3 140
3 153
3 166
3 171
3 173
3 191
3 196
102 17
102 39
102 44
102 57
102 68
102 73
102 87
102 98
102 24
102 103
102 117
102 127
102 140
102 153
102 166
102 171
102 173
102 189
102 191
102 196
117 17
117 39
117 44
117 57
117 62
117 68
117 73
117 87
117 98
117 103
117 109
117 127
117 140
117 153
117 171
117 173
117 191
140 39
140 44
140 57
140 62
140 68
140 73
140 87
140 109
140 127
140 24
140 189
140 191
140 196
171 17
171 39
171 44
171 57
171 62
171 68
171 73
171 87
171 98
171 103
171 109
171 127
171 153
171 166
171 173
171 189
171 191
171 196
189 17
189 44
189 57
189 62
189 87
189 98
189 153
189 191
189 196
17 39
17 44
17 57
17 62
17 73
17 98
17 103
17 109
17 127
17 153
17 166
17 173
17 191
17 196
44 39
44 57
44 62
44 73
44 87
44 98
44 103
44 109
44 166
44 173
44 191
44 196
57 39
57 62
57 68
57 73
57 87
57 103
57 109
57 127
57 153
57 166
57 173
57 191
57 196
62 39
62 73
62 87
62 98
62 103
62 109
62 153
62 166
62 173
62 191
62 196
68 39
68 73
68 98
68 109
68 127
68 166
68 173
68 191
68 196
73 39
73 87
73 98
73 103
73 109
73 153
73 166
73 173
73 191
73 196
87 39
87 98
87 103
87 109
87 153
87 166
87 173
87 191
87 196
98 39
98 103
98 109
98 127
98 153
98 166
98 173
98 191
98 196
103 39
103 127
103 166
103 173
103 191
109 39
109 127
109 153
109 173
109 191
109 196
127 39
127 166
127 173
127 191
127 196
153 39
153 24
153 166
153 173
153 191
153 196
166 39
166 173
166 191
173 39
173 191
173 196
191 39
191 196
196 39
90 157
5 168
168 6
168 27
168 34
168 36
168 53
168 55
168 61
168 121
168 123
168 147
168 148
168 176
6 27
6 34
6 36
6 55
6 65
6 108
6 121
6 123
6 130
6 147
6 148
6 160
6 176
27 34
27 55
27 104
27 108
27 121
27 123
27 126
27 130
27 147
27 148
27 160
27 172
34 36
34 55
34 108
34 121
34 123
34 130
34 147
34 148
34 160
36 10
36 55
36 88
36 94
36 104
36 121
36 123
36 126
36 130
36 147
36 148
36 160
36 176
53 56
53 61
53 66
53 124
53 188
53 193
53 32
55 108
55 121
55 123
55 130
55 160
55 176
61 65
61 52
61 56
61 66
61 72
61 124
61 158
61 177
61 188
61 193
121 108
121 123
121 130
121 147
121 148
121 160
121 176
123 108
123 147
123 176
147 108
147 130
147 148
147 160
147 176
148 108
148 160
148 176
176 108
176 130
176 88
176 94
176 126
176 172
176 181
65 13
65 37
65 52
65 56
65 60
65 66
65 99
65 107
65 131
65 132
65 139
65 158
65 174
65 177
65 188
65 197
108 160
130 10
130 88
130 94
130 104
130 160
130 172
130 181
104 88
104 94
104 126
104 181
126 10
126 88
126 94
172 10
172 88
172 94
172 181
10 88
10 94
10 181
88 94
88 181
94 181
13 37
13 52
13 56
13 60
13 66
13 107
13 131
13 132
13 158
13 188
13 197
37 52
37 56
37 60
37 66
37 158
37 188
37 107
37 131
37 132
37 145
37 174
37 197
52 56
52 60
52 66
52 99
52 107
52 131
52 174
52 177
52 188
56 60
56 66
56 99
56 107
56 131
56 132
56 158
56 174
56 177
56 188
56 197
60 66
60 107
60 131
60 132
60 158
60 174
60 188
60 197
66 99
66 107
66 131
66 132
66 158
66 174
66 177
66 188
66 197
99 158
99 188
99 107
99 174
99 197
107 158
107 42
107 59
107 131
107 137
107 145
107 174
107 190
107 197
131 188
131 132
131 174
131 197
132 158
132 188
132 174
132 197
139 47
139 82
139 115
139 185
158 174
158 177
158 188
174 188
174 197
177 188
188 124
188 197
124 72
193 32
193 112
112 32
112 182
16 128
16 133
38 128
38 133
38 29
38 48
38 85
85 48
128 29
128 133
128 179
133 179
150 48
150 157
47 82
47 115
47 155
82 115
82 155
82 185
115 155
115 185
185 155
32 182
145 42
145 59
145 137
145 187
145 190
42 59
42 190
59 137
59 190
137 187
137 190
29 186
19 84
84 195
195 129
48 157
