0 93
0 107
0 112
0 200
0 236
0 284
0 321
0 322
0 406
0 464
0 496
1 183
1 416
1 492
2 69
2 123
2 272
2 334
2 493
3 37
3 54
3 194
3 281
3 305
3 419
3 490
4 68
4 86
4 210
4 283
4 336
4 369
4 379
4 386
4 425
5 25
5 49
5 71
5 97
5 193
5 224
5 268
5 271
5 365
5 408
6 43
6 344
7 52
7 70
7 161
7 177
7 287
7 335
7 435
8 462
9 14
9 67
9 89
9 128
9 133
9 181
9 182
9 212
9 229
9 242
9 254
9 298
9 306
9 320
9 341
9 343
9 389
9 414
9 457
9 474
10 72
10 257
10 299
10 312
10 333
10 370
10 419
11 18
11 34
11 183
11 216
11 221
11 361
11 492
12 21
12 62
12 187
12 189
12 284
12 291
12 321
12 390
12 405
12 424
13 149
13 239
13 366
13 429
13 468
14 15
14 32
14 33
14 37
14 67
14 74
14 80
14 182
14 192
14 229
14 241
14 295
14 320
14 333
14 358
14 414
15 32
15 67
15 74
15 80
15 182
15 295
15 333
15 358
16 74
16 370
17 288
17 397
18 30
18 34
18 42
18 60
18 92
18 445
19 134
19 170
19 418
20 58
20 169
20 412
21 62
21 75
21 97
21 103
21 187
21 284
21 286
21 291
21 294
21 322
21 326
21 390
21 392
21 405
21 424
21 465
22 67
22 320
22 333
23 101
23 115
23 349
23 368
23 420
24 39
24 100
24 429
25 71
25 122
25 136
25 160
25 175
25 193
25 307
25 381
25 456
25 476
26 155
26 243
26 256
26 323
26 415
26 455
26 479
27 347
27 421
28 96
28 141
28 315
28 330
28 341
29 64
29 124
29 219
30 60
30 68
30 157
30 336
30 369
30 386
30 425
31 257
31 312
31 333
31 370
31 472
32 67
32 74
32 80
32 182
32 295
32 296
32 358
32 419
33 37
33 192
33 333
33 387
33 414
34 92
34 100
34 245
34 277
34 445
35 81
35 125
35 265
35 316
35 317
35 332
35 398
36 55
36 128
36 154
36 192
36 194
36 281
36 306
36 309
36 352
36 395
36 490
37 192
37 387
37 414
37 419
38 69
38 105
38 261
38 282
38 334
38 368
39 100
39 232
39 277
39 391
39 413
39 429
39 470
40 94
40 120
40 143
40 160
40 178
40 200
40 280
40 302
41 79
41 88
41 115
41 321
41 360
41 377
41 392
41 469
41 478
42 92
42 303
42 402
43 169
43 400
44 98
44 238
44 257
44 268
44 315
45 199
45 348
45 416
45 422
46 190
46 394
46 415
46 417
47 190
47 243
47 293
47 300
47 442
48 81
48 219
48 222
48 247
48 248
48 257
48 321
48 328
48 332
48 410
48 426
48 440
48 463
49 307
49 378
49 408
49 434
50 65
50 141
50 167
50 184
50 222
50 230
50 231
50 247
50 249
50 368
50 375
50 448
50 481
51 216
51 232
51 276
52 147
52 161
52 177
52 287
52 293
52 335
52 371
52 399
52 435
52 454
53 353
54 69
54 215
54 272
54 311
54 334
55 154
55 186
55 201
55 329
55 362
55 395
55 447
55 473
56 79
56 206
56 246
56 373
56 469
56 478
56 486
57 72
57 113
57 191
57 246
57 353
57 357
57 483
58 68
58 139
58 157
58 223
58 290
58 379
58 388
58 403
58 412
58 427
58 439
59 104
60 68
60 100
60 106
60 183
60 199
60 233
60 267
60 336
60 369
60 379
60 386
60 412
60 425
61 71
61 151
61 195
61 204
61 289
61 368
61 383
61 452
61 489
62 71
62 97
62 187
62 326
62 390
62 405
62 424
63 65
63 167
63 231
63 249
63 318
63 481
64 70
64 107
64 124
64 166
64 168
64 173
64 219
64 266
64 286
64 291
64 332
64 376
65 105
65 167
65 191
65 208
65 230
65 231
65 249
65 270
65 310
65 318
65 448
65 475
65 481
66 107
66 200
66 284
66 297
66 311
66 321
66 406
66 423
66 428
67 80
67 90
67 103
67 133
67 171
67 194
67 229
67 240
67 242
67 320
67 331
67 333
67 358
67 389
67 414
67 457
68 344
68 379
68 386
69 191
69 248
69 334
69 353
69 357
69 483
70 93
70 109
70 112
70 131
70 161
70 166
70 168
70 177
70 203
70 219
70 262
70 294
70 399
70 437
70 454
70 495
71 151
71 193
71 195
71 204
71 368
71 383
71 440
71 452
72 184
72 191
72 299
73 191
73 200
73 201
73 251
73 284
73 406
73 460
74 80
74 182
74 295
74 370
75 103
75 224
75 284
75 291
75 294
75 307
75 311
75 322
75 363
75 378
75 381
75 465
76 89
76 252
76 298
77 126
77 462
78 104
78 129
78 288
78 315
78 396
79 115
79 206
79 360
79 377
79 469
80 90
80 182
80 229
80 241
80 295
80 320
80 358
80 414
81 234
81 257
81 317
81 350
81 410
81 444
81 463
81 480
82 83
82 84
82 130
82 156
82 338
82 348
83 84
83 117
83 156
83 427
84 117
84 142
85 232
85 239
85 413
86 210
86 283
86 336
86 379
87 184
87 472
88 96
88 294
88 315
88 337
88 367
88 392
88 399
88 497
89 95
89 153
89 181
89 212
89 214
89 220
89 254
89 263
89 279
89 306
89 341
89 343
89 354
89 359
89 380
89 411
89 414
89 431
89 443
89 466
89 474
89 482
90 202
90 242
90 298
90 341
90 358
90 457
91 198
91 228
92 402
93 107
93 112
93 115
93 159
93 196
93 294
93 321
93 322
93 390
93 392
93 464
93 496
94 280
95 148
95 153
95 214
95 220
95 263
95 279
95 306
95 359
95 380
95 411
95 431
95 443
95 466
96 250
96 294
96 314
96 315
96 330
97 145
97 268
97 286
97 307
97 326
97 423
97 465
98 104
98 315
98 332
99 141
99 165
99 211
99 298
99 337
99 342
99 438
100 183
100 199
100 232
100 239
100 245
100 413
100 494
101 349
101 368
102 404
103 113
103 115
103 184
103 192
103 204
103 264
103 284
103 289
103 291
103 294
103 322
103 383
103 405
103 465
104 118
104 129
104 163
104 171
104 260
104 315
104 324
104 332
104 351
104 432
105 167
105 248
105 261
105 270
105 282
105 299
105 385
105 475
106 210
107 159
107 173
107 196
107 200
107 236
107 268
107 284
107 286
107 291
107 294
107 321
107 322
107 365
107 376
107 406
107 460
107 464
107 496
108 352
108 380
109 219
109 315
109 399
109 437
110 395
110 451
111 119
111 294
111 321
112 115
112 192
112 225
112 294
112 322
112 464
112 496
113 115
113 184
113 192
113 246
113 264
113 273
113 274
113 281
113 309
113 357
113 373
113 383
113 392
113 483
114 132
114 398
114 485
115 204
115 213
115 246
115 273
115 274
115 289
115 308
115 322
115 356
115 360
115 373
115 377
115 390
115 392
115 395
115 420
115 451
115 464
115 469
115 478
115 483
116 248
116 321
116 457
116 459
116 463
116 484
116 497
117 142
117 156
117 427
118 163
118 260
118 324
118 430
119 294
119 321
120 127
120 143
120 160
120 200
120 309
121 207
121 404
122 136
122 160
122 175
122 381
122 456
123 272
123 452
123 493
124 219
125 332
125 398
125 407
125 444
126 180
126 374
126 384
127 160
127 309
128 133
128 212
128 240
128 298
128 341
128 356
128 457
128 490
129 288
129 436
130 149
130 226
130 348
130 468
131 203
131 454
131 495
132 162
132 259
133 229
133 298
133 305
133 389
133 414
134 170
134 418
135 290
135 338
135 439
136 160
136 175
136 213
136 215
136 272
136 310
136 311
136 381
136 456
137 185
137 244
137 259
137 278
137 347
137 409
137 417
137 421
137 485
138 176
138 274
138 308
138 325
138 364
138 457
139 140
139 157
139 199
139 412
140 199
140 403
140 416
141 165
141 211
141 298
141 315
141 337
141 342
141 438
143 160
143 200
143 280
144 221
144 339
145 213
145 452
145 461
145 489
146 151
146 204
146 289
146 489
147 203
147 207
147 274
147 293
147 325
147 335
147 341
147 371
147 399
147 457
148 153
148 359
148 411
148 431
148 443
149 348
149 366
149 429
149 494
150 174
150 301
150 401
150 415
150 491
151 195
151 204
151 289
151 383
151 452
152 492
153 217
153 220
153 242
153 253
153 298
153 359
153 411
153 431
153 443
154 176
154 186
154 384
154 395
155 404
155 454
155 455
156 233
156 439
157 199
157 235
157 290
157 379
157 388
157 412
158 164
158 166
158 168
158 201
158 433
159 196
159 321
159 464
160 175
160 200
160 297
160 309
160 381
160 456
161 177
161 287
161 335
161 435
162 244
162 259
163 260
163 286
163 324
163 332
163 432
164 166
164 168
164 201
164 433
165 211
165 337
165 342
165 438
166 168
166 176
166 201
166 433
167 184
167 191
167 208
167 230
167 231
167 246
167 249
167 282
167 318
167 448
167 469
167 475
167 478
167 481
167 486
167 498
168 201
168 262
168 433
168 437
168 447
169 400
170 398
170 418
171 203
171 294
171 332
171 368
171 396
171 426
171 463
172 272
173 266
173 268
173 284
173 286
173 291
173 294
173 365
174 491
175 381
175 456
176 186
176 203
176 275
176 384
176 454
176 495
177 287
177 435
178 302
179 238
179 326
179 458
179 476
181 212
181 254
181 306
181 341
181 343
181 474
181 482
182 295
182 320
183 221
183 245
183 290
183 412
184 230
184 231
184 249
184 257
184 273
184 282
184 289
184 375
184 449
184 472
184 481
184 498
185 397
186 201
186 236
186 262
186 274
186 281
186 294
186 329
186 362
186 373
186 433
186 473
186 483
187 326
187 390
187 405
187 424
188 282
188 289
188 449
188 471
189 284
189 291
189 321
190 203
190 285
190 293
190 415
191 200
191 218
191 284
191 310
191 353
191 380
191 477
192 206
192 225
192 264
192 273
192 281
192 294
192 318
192 346
192 360
192 373
192 383
192 414
192 478
192 481
192 490
193 224
193 307
193 476
194 281
194 296
194 305
194 395
194 451
194 490
195 204
195 289
195 368
195 383
195 452
195 489
196 200
196 284
196 291
196 321
196 322
196 460
196 464
197 257
197 265
197 315
197 350
197 410
198 228
198 324
199 233
199 290
199 348
199 403
199 416
199 422
200 236
200 251
200 284
200 291
200 321
200 322
200 406
200 460
200 464
200 496
201 236
201 251
201 262
201 284
201 294
201 329
201 362
201 406
201 433
201 447
201 460
201 473
202 298
202 341
202 450
203 252
203 274
203 275
203 335
203 404
203 442
203 454
203 457
203 495
204 213
204 289
204 316
204 332
204 334
204 351
204 368
204 383
204 440
204 452
204 457
204 489
205 235
205 403
205 422
206 264
206 273
206 478
207 242
207 331
207 404
208 272
209 265
209 316
209 317
209 324
209 418
209 440
210 283
210 336
211 240
211 337
211 342
211 367
211 438
212 242
212 254
212 298
212 306
212 341
212 343
212 457
212 474
213 452
213 461
213 489
214 253
214 263
214 279
214 325
214 431
214 466
215 272
215 310
215 311
216 361
217 220
217 411
217 431
218 258
218 306
218 380
218 487
219 315
219 399
219 426
219 437
220 359
220 411
220 431
220 443
221 304
222 248
222 257
222 327
222 453
223 427
224 271
224 334
224 378
224 381
224 452
225 294
226 348
227 238
227 268
229 241
229 320
229 389
229 414
230 231
230 246
230 249
230 375
230 448
230 469
230 478
230 481
230 486
231 249
231 307
231 318
231 326
231 363
231 423
231 428
231 446
231 448
231 481
232 239
232 276
232 413
233 439
234 257
235 388
235 403
235 422
236 251
236 284
236 294
236 321
236 406
236 464
236 496
237 269
237 449
237 471
238 326
238 458
238 476
239 429
240 242
240 252
240 294
240 337
240 342
240 354
240 356
240 405
240 438
240 457
241 320
241 352
241 414
241 478
242 298
242 331
242 341
242 343
243 300
243 323
243 415
243 442
244 382
244 417
244 421
246 357
246 373
246 469
246 478
246 483
246 486
247 248
247 463
248 282
248 321
248 385
248 420
248 440
248 453
248 459
248 463
248 471
248 484
249 261
249 282
249 318
249 448
249 475
249 481
249 498
250 314
250 315
250 330
251 284
252 354
253 325
253 431
253 466
254 306
254 341
254 343
254 474
254 482
255 344
255 441
256 301
256 415
256 426
256 479
257 312
257 315
257 327
257 333
257 350
257 370
257 410
257 444
257 463
257 480
258 487
259 278
259 372
259 409
260 316
260 324
260 332
260 432
260 440
261 270
261 313
261 448
261 475
261 481
262 274
262 285
262 294
262 406
262 437
262 447
263 279
263 466
264 273
264 383
264 478
265 316
265 317
265 432
268 284
268 291
268 294
268 365
268 458
269 449
269 471
270 313
270 475
272 493
273 274
273 289
273 392
273 478
274 308
274 392
274 395
274 451
275 292
275 335
275 356
275 404
275 454
275 457
275 495
277 303
278 340
278 347
278 409
279 466
281 292
281 296
281 305
281 309
281 352
281 356
281 373
281 395
281 457
281 483
281 490
281 496
282 289
282 368
282 385
282 449
282 481
282 498
283 304
283 336
283 379
283 393
284 286
284 291
284 294
284 309
284 321
284 322
284 365
284 399
284 406
284 460
284 464
284 465
284 496
285 293
285 406
286 291
286 294
286 321
286 332
286 351
286 405
286 424
287 335
287 426
287 435
288 351
288 397
288 418
288 436
289 368
289 383
289 457
291 294
291 321
291 322
291 365
291 376
291 392
291 405
291 424
291 460
291 464
291 465
292 296
292 352
292 356
292 457
293 300
293 371
293 396
294 315
294 321
294 322
294 328
294 365
294 396
294 405
294 457
294 465
294 484
296 352
296 356
296 358
296 395
296 419
296 451
296 457
297 309
297 311
297 423
297 428
298 341
298 343
298 355
298 415
298 443
298 450
300 435
300 442
300 479
301 394
301 401
301 415
301 426
301 491
303 382
303 401
303 417
304 393
305 490
306 341
306 343
306 352
306 474
306 482
307 311
307 326
307 363
307 378
307 408
307 423
307 428
307 434
307 446
307 476
308 395
308 451
309 352
309 373
309 496
311 363
311 408
311 423
311 428
311 452
312 333
312 370
312 419
313 475
314 315
314 330
315 316
315 330
315 332
315 396
315 398
315 426
315 444
316 317
316 324
316 332
316 401
316 432
316 440
317 398
317 432
318 346
318 481
319 383
320 333
320 414
321 392
321 406
321 459
321 463
321 464
321 484
321 496
322 390
322 392
322 460
322 464
322 465
322 496
323 415
324 332
324 401
324 418
324 430
324 432
324 440
325 364
325 457
325 466
326 363
326 423
326 428
326 446
326 476
328 332
328 396
329 362
329 447
329 473
332 351
332 396
332 398
332 432
332 440
332 444
332 484
333 370
333 414
333 419
334 381
334 452
335 399
335 435
336 386
337 342
337 438
337 497
338 439
341 343
341 354
341 443
341 457
341 474
341 482
342 438
343 474
344 379
344 441
345 354
345 370
346 481
347 409
350 410
351 430
351 463
352 373
352 380
352 478
353 477
355 450
356 457
356 478
357 483
358 419
359 411
359 431
359 443
360 373
360 377
360 469
361 412
362 433
362 447
362 473
363 423
363 428
363 446
363 458
364 457
368 383
368 440
368 463
368 489
369 425
370 419
373 469
373 478
373 483
373 486
373 490
374 384
375 449
377 469
378 381
378 434
379 386
380 414
381 456
382 417
383 440
383 452
383 489
384 395
384 487
387 414
388 416
389 414
390 392
390 405
390 424
390 464
391 429
392 405
392 424
392 464
393 412
393 492
395 451
396 426
398 407
398 418
398 444
398 480
399 437
400 445
403 422
404 454
404 455
405 424
406 460
406 496
407 444
411 414
411 431
411 443
413 470
415 426
415 491
416 422
419 477
420 440
420 471
420 489
423 428
423 446
426 488
428 446
430 436
431 443
431 466
435 479
436 467
440 489
444 480
448 475
448 481
449 471
452 461
452 489
452 493
454 455
454 495
457 497
459 463
459 484
460 464
460 496
461 489
463 484
464 496
469 478
469 486
475 481
478 483
478 486
478 490
481 498
