108
183
270
93
295
32
9
36
206
234
220
313
38
64
161
287
229
40
24
94
28
173
141
83
87
110
177
117
303
192
102
292
113
71
207
224
244
96
314
145
165
294
289
269
209
299
160
257
171
215
241
76
91
22
242
284
320
246
208
123
162
12
315
60
127
300
132
137
198
97
75
114
133
116
69
185
3
319
308
120
59
265
129
119
14
301
61
8
131
42
302
54
182
49
272
186
231
202
157
254
45
7
151
100
55
240
250
187
82
285
6
126
106
279
321
249
98
239
11
280
67
66
29
306
201
118
297
305
310
324
109
10
48
16
326
18
65
316
90
159
57
296
78
211
298
225
148
322
56
256
86
74
230
72
146
235
134
80
26
258
255
101
293
