0 26
0 380
26 54
26 67
26 271
26 345
26 380
26 385
26 463
26 475
26 501
26 551
26 554
380 54
380 67
380 79
380 203
380 218
380 271
380 325
380 345
380 376
380 463
380 475
380 580
54 67
54 271
54 385
54 420
67 420
67 554
271 325
271 580
345 463
345 548
385 325
385 501
463 475
463 218
463 278
475 3
475 20
475 204
475 14
475 41
475 55
475 396
475 573
501 325
551 431
554 618
554 73
554 366
554 546
79 32
79 218
79 426
79 498
79 596
203 548
218 221
218 278
218 389
325 183
325 580
325 409
376 45
376 117
376 197
376 529
376 318
376 478
376 378
376 103
376 188
376 354
376 180
376 254
376 293
376 333
376 374
376 382
376 401
376 436
376 597
580 112
580 235
580 426
1 118
1 128
1 205
1 538
118 282
118 517
128 68
128 98
128 147
128 191
128 205
128 276
128 477
128 538
128 563
205 34
205 637
538 256
538 465
538 487
538 503
538 533
282 62
282 76
282 175
282 257
282 517
282 600
517 199
517 391
517 256
517 276
68 256
68 477
98 487
147 99
147 618
147 560
147 563
191 503
191 52
191 496
191 530
191 563
276 487
276 419
477 285
563 465
563 522
563 542
563 552
563 244
563 496
563 581
34 169
34 391
34 434
637 4
637 545
256 151
256 343
256 503
256 608
256 307
465 4
465 109
465 358
465 5
465 61
465 190
465 244
465 503
465 540
487 96
487 523
503 5
503 178
503 134
503 175
503 210
503 257
503 294
503 452
503 484
503 530
533 5
533 151
533 154
533 608
2 42
2 45
2 117
2 197
2 225
2 529
2 539
2 544
42 45
42 117
42 197
42 225
42 349
42 529
42 544
45 103
45 117
45 174
45 188
45 197
45 211
45 226
45 296
45 349
45 354
45 370
45 476
45 529
45 544
45 589
45 592
45 597
117 103
117 197
117 225
117 349
117 354
117 529
117 544
197 13
197 225
197 254
197 291
197 318
197 333
197 349
197 354
197 374
197 381
197 528
197 529
197 536
197 544
197 597
225 22
225 72
225 103
225 135
225 172
225 224
225 226
225 254
225 255
225 320
225 333
225 349
225 378
225 401
225 436
225 500
225 528
225 529
225 539
225 541
225 544
225 590
529 349
529 103
529 354
529 370
529 544
529 597
539 349
539 544
544 349
349 340
349 440
349 448
349 541
174 182
174 211
174 219
174 222
174 226
174 239
174 241
174 322
174 362
174 395
174 476
174 497
174 589
174 592
188 211
188 226
188 296
188 592
188 597
211 204
211 12
211 182
211 217
211 241
211 296
211 322
211 354
211 362
211 370
211 476
211 489
211 491
211 527
211 591
211 592
226 362
226 219
226 497
226 135
226 222
226 296
226 322
226 392
226 395
226 476
226 592
226 620
296 592
354 318
354 411
354 401
354 406
354 489
354 491
370 101
370 56
370 100
370 318
370 428
370 258
370 144
370 216
370 235
370 267
370 397
370 453
370 459
370 489
370 597
476 362
476 219
476 589
476 322
476 591
476 592
589 182
589 241
589 362
589 33
589 239
592 362
592 219
597 327
597 428
597 440
13 20
13 339
13 478
13 611
254 318
254 374
291 65
291 180
291 194
291 333
291 368
318 12
318 362
318 374
333 224
333 541
333 172
333 255
333 320
333 399
333 400
333 401
333 500
381 220
381 389
381 406
381 555
528 489
528 85
528 309
528 590
536 112
536 6
536 338
536 220
536 235
536 290
536 398
536 406
536 429
536 531
536 574
72 206
72 224
72 287
72 481
72 541
135 448
135 314
135 541
135 139
135 157
135 340
135 566
172 224
172 541
172 200
172 255
172 400
172 401
172 500
224 206
224 200
224 255
224 287
224 400
224 401
224 500
224 541
255 541
255 200
255 401
255 500
320 401
378 309
401 206
401 541
401 200
401 400
401 500
436 590
500 541
500 400
541 287
541 319
541 399
541 400
340 314
340 488
340 577
440 327
440 448
440 453
440 114
440 140
440 510
448 17
448 126
448 219
448 123
448 140
448 157
448 453
3 51
3 101
3 112
3 171
3 204
3 334
3 490
51 20
51 27
51 41
51 46
51 73
51 119
51 171
51 204
51 283
51 300
51 326
51 357
51 397
51 416
51 441
51 455
51 466
51 490
51 532
51 546
51 569
51 627
101 28
101 46
101 57
101 115
101 159
101 170
101 171
101 202
101 204
101 242
101 264
101 279
101 288
101 302
101 317
101 339
101 364
101 371
101 393
101 443
101 466
101 470
101 489
101 497
101 512
101 519
101 526
101 527
112 338
112 426
112 531
112 534
112 596
171 41
204 235
204 437
204 502
204 627
334 183
334 431
490 142
490 431
20 14
20 73
20 150
20 155
20 283
20 331
20 339
20 357
20 366
20 396
20 408
20 457
20 464
20 478
20 532
20 604
20 611
20 616
20 627
14 339
73 11
73 304
73 326
73 397
73 441
73 455
73 480
73 543
73 621
150 21
150 125
150 131
150 186
150 283
150 353
150 356
150 363
150 390
150 457
150 464
150 502
150 543
150 553
150 585
150 624
150 633
150 634
150 640
155 339
155 611
155 616
283 300
283 353
283 357
283 634
331 6
331 57
331 102
331 604
339 28
339 611
339 616
357 21
357 229
357 300
357 480
357 549
357 617
366 47
396 478
408 47
408 627
408 636
457 621
457 415
457 553
457 624
464 449
464 532
478 60
478 80
478 113
478 280
478 293
478 387
478 579
478 606
604 6
604 57
604 471
604 514
611 616
627 119
627 326
627 365
627 546
627 569
627 605
627 636
27 57
27 46
27 59
27 277
27 332
27 393
27 471
27 514
27 614
41 21
41 348
41 356
41 363
41 441
41 502
41 512
41 543
41 553
41 588
46 170
46 240
46 242
46 288
46 227
46 202
46 243
46 393
46 416
46 470
46 512
119 546
119 326
119 569
300 455
300 617
326 621
326 546
326 480
326 569
397 615
397 360
397 104
397 383
397 416
397 130
397 509
397 441
397 185
397 187
397 297
397 355
397 437
397 527
397 584
416 36
416 47
416 502
441 348
441 104
441 546
441 69
441 304
441 355
441 424
441 437
441 543
441 569
455 621
455 353
455 480
466 348
466 502
466 512
466 216
466 564
546 229
546 36
546 365
546 304
546 569
546 631
569 365
28 6
28 70
28 258
28 313
28 337
28 567
28 606
57 6
57 24
57 50
57 59
57 86
57 115
57 235
57 237
57 277
57 361
57 442
57 482
57 524
57 601
115 202
115 264
115 316
115 337
115 369
115 443
115 460
115 512
115 518
115 556
115 615
159 288
159 393
159 161
159 248
159 253
159 527
159 306
159 75
159 127
159 215
159 371
159 422
159 609
170 6
170 149
170 162
170 202
170 209
170 245
170 259
170 288
170 302
170 317
170 369
170 371
170 393
170 412
170 443
170 460
170 485
170 512
170 518
170 556
170 599
170 610
170 629
202 443
202 460
202 162
202 259
202 302
202 316
202 317
202 369
202 393
202 470
202 512
202 518
202 519
202 556
202 610
242 15
242 25
242 192
242 240
242 288
242 337
242 393
242 489
242 527
242 558
242 629
264 443
264 460
264 615
264 497
264 369
264 518
264 526
279 512
279 364
288 15
288 25
288 192
288 240
288 105
288 227
288 337
288 351
288 371
288 393
288 443
288 527
302 460
302 512
302 209
302 149
302 323
302 369
302 518
317 227
317 393
317 470
317 87
317 201
317 625
364 512
371 443
371 527
393 240
393 337
393 460
393 629
393 332
393 149
393 512
393 519
393 527
393 599
393 610
443 15
443 337
443 149
443 460
443 518
443 527
443 556
443 610
443 615
470 519
470 614
489 428
489 550
489 80
489 280
489 309
489 579
497 17
497 126
497 138
497 327
497 461
497 19
497 53
497 222
497 355
497 395
497 414
497 453
497 526
497 527
497 570
497 575
497 639
512 337
512 629
512 70
512 348
512 502
512 149
512 162
512 216
512 259
512 316
512 369
512 518
512 556
512 564
512 599
519 87
527 56
527 615
527 570
527 186
527 558
527 575
338 275
338 24
338 50
338 295
338 442
338 531
338 565
338 573
338 601
426 498
426 596
596 295
596 498
596 278
235 275
235 86
235 141
235 196
235 237
235 267
235 305
235 309
235 361
235 398
235 442
235 498
437 56
437 92
437 116
437 104
437 509
437 502
437 355
437 113
437 247
437 584
502 348
502 353
502 216
502 564
502 588
183 568
183 77
431 417
431 382
431 468
431 630
47 229
47 49
47 58
47 454
47 636
636 198
636 181
573 275
573 24
573 50
573 295
573 601
142 35
142 303
142 363
4 99
4 109
4 158
4 184
4 285
4 358
4 421
4 540
4 626
99 95
99 208
99 342
99 522
99 542
99 552
99 560
99 618
109 63
109 90
109 274
109 358
109 446
109 505
109 542
158 285
184 335
184 386
184 626
358 523
421 540
540 375
626 335
626 375
208 522
208 542
208 552
342 520
342 542
522 542
522 552
542 618
542 479
542 552
560 618
618 10
618 52
618 132
618 409
618 479
63 505
446 515
446 190
446 375
446 622
505 61
505 622
335 232
335 386
386 301
523 330
523 298
523 499
5 96
5 107
5 108
5 151
5 178
5 213
5 343
5 595
61 515
190 562
375 515
375 262
375 587
96 167
96 286
96 432
96 595
107 71
107 341
107 432
107 511
108 122
108 213
108 432
108 433
108 515
108 525
108 638
151 167
151 257
151 341
151 343
178 350
178 469
213 299
343 391
343 595
595 511
167 18
167 199
167 341
167 608
286 405
432 122
432 433
432 632
71 341
341 511
511 299
511 608
122 433
433 515
515 262
515 435
525 435
525 324
525 350
525 473
525 612
638 435
257 62
257 76
257 294
257 410
257 608
350 146
350 427
350 469
469 608
469 612
391 64
134 600
175 76
175 410
175 530
175 600
210 62
210 530
294 62
294 372
294 410
294 530
294 608
452 62
452 530
530 410
608 64
608 129
608 307
608 427
154 612
6 102
6 275
102 277
102 482
102 524
275 50
275 295
275 398
275 601
70 337
70 615
70 17
70 53
70 124
70 173
70 189
70 567
70 639
258 216
258 606
313 579
337 240
337 429
337 460
337 567
337 575
337 615
606 80
606 293
606 387
606 579
24 50
24 295
24 601
50 295
50 601
59 82
59 176
59 209
59 212
59 277
59 305
237 267
237 361
237 398
237 442
277 82
277 143
277 176
277 209
277 482
277 524
361 442
442 141
442 196
442 267
442 389
442 398
524 143
524 209
524 259
524 323
601 295
149 460
149 314
149 369
149 518
149 556
149 272
149 162
149 245
149 259
149 384
149 413
149 485
149 610
162 253
162 156
162 613
162 249
209 82
209 176
209 143
209 212
209 234
209 245
209 259
209 310
209 323
209 510
209 576
209 610
245 314
245 259
245 485
245 610
259 369
259 518
259 610
369 460
369 453
369 140
369 518
460 15
460 316
460 518
460 556
460 610
460 615
556 316
556 610
599 629
629 15
629 25
629 192
629 238
629 240
295 278
398 144
398 429
398 305
398 323
398 510
398 267
398 576
398 574
220 141
220 367
220 406
220 456
220 555
220 623
290 144
290 550
290 206
290 287
290 165
290 459
406 141
406 263
406 367
406 491
406 555
406 623
429 615
429 461
429 30
429 144
429 106
429 323
429 444
429 575
429 586
574 144
574 305
574 602
471 514
7 37
7 48
7 89
7 97
7 166
7 403
7 462
7 521
37 89
37 236
37 273
37 403
37 521
48 89
48 97
48 116
48 166
48 273
48 403
48 467
48 521
97 113
97 166
97 236
97 462
97 467
97 495
97 535
166 19
166 92
166 113
166 214
166 236
166 312
166 467
166 495
166 535
403 236
403 273
403 462
403 521
462 236
462 19
462 92
462 113
462 124
462 164
462 186
462 214
462 269
462 312
462 314
462 495
462 521
462 535
462 594
521 236
521 38
521 84
521 92
521 116
521 273
521 348
521 494
236 19
236 113
236 312
236 314
236 377
236 467
236 495
236 535
116 92
116 23
116 360
467 19
467 92
467 113
467 186
467 312
467 414
467 495
467 535
113 495
113 535
113 356
113 588
113 186
113 60
113 513
495 17
495 124
495 164
495 186
495 513
495 535
495 594
535 19
535 312
535 110
535 156
535 186
535 306
535 351
535 537
535 613
19 312
19 414
92 9
92 56
92 84
92 186
92 214
92 348
92 439
92 494
214 186
314 23
314 193
314 195
314 207
314 377
314 438
314 582
377 29
377 43
124 53
124 126
124 164
124 189
124 594
164 615
164 17
164 126
164 133
164 168
164 347
164 575
164 582
164 594
186 56
186 439
186 461
186 207
186 60
186 246
186 346
186 492
186 513
186 571
186 572
186 575
269 451
594 17
594 168
38 207
38 633
84 348
84 494
348 407
348 23
348 216
348 356
348 424
348 494
348 559
348 564
348 588
8 336
8 507
8 603
336 132
336 250
507 382
507 568
507 603
603 250
603 352
603 417
603 508
603 630
250 31
250 35
250 77
250 78
250 352
250 409
250 417
250 583
382 417
382 474
568 58
568 111
568 77
568 311
352 417
417 583
508 468
508 630
9 56
9 407
9 439
56 185
56 187
56 297
56 355
56 461
56 584
56 615
407 88
439 88
439 359
439 513
185 130
185 187
185 297
185 355
185 584
187 104
187 130
187 509
187 247
187 355
187 584
297 509
355 570
355 104
355 130
355 509
355 265
355 575
355 584
461 615
461 17
461 138
461 570
461 575
584 104
584 130
584 247
615 15
615 17
615 53
615 106
615 126
615 133
615 189
615 383
615 428
615 444
615 575
615 586
88 359
52 479
409 373
11 621
621 304
621 480
304 145
304 229
304 480
480 353
543 553
12 100
12 182
12 241
12 329
12 362
100 106
100 123
100 182
100 217
100 453
100 586
182 33
182 239
182 329
182 362
241 33
241 239
241 362
329 125
329 131
329 195
329 222
329 315
329 633
362 33
362 219
362 239
106 444
106 217
106 586
123 267
217 327
217 315
217 453
217 547
217 586
453 133
453 327
453 428
453 140
453 323
453 547
453 575
453 586
586 444
586 114
586 233
586 510
586 602
219 17
222 315
222 392
222 395
239 33
239 131
322 633
322 125
322 395
322 585
322 591
322 620
395 392
125 633
125 131
125 458
125 585
131 85
131 260
131 585
195 193
315 327
315 578
633 207
633 458
60 571
80 280
80 293
80 387
80 579
280 293
280 387
280 579
293 579
387 579
579 163
15 25
15 192
15 238
15 240
25 192
25 227
25 238
25 240
25 351
192 240
192 351
227 69
227 87
227 160
227 306
227 351
227 561
227 613
351 69
351 110
351 137
351 284
351 449
351 537
351 613
105 243
575 126
575 133
575 347
575 140
575 425
575 582
17 126
17 133
17 138
17 168
17 327
17 428
17 570
53 126
53 173
53 189
53 639
126 133
126 140
126 168
126 327
126 425
126 639
133 23
133 323
133 347
133 582
189 173
383 29
383 161
383 39
383 130
383 509
383 561
383 593
428 267
444 30
444 144
16 344
344 270
270 289
138 168
138 173
138 570
168 173
327 547
140 223
140 249
140 272
140 425
140 486
23 193
23 347
23 360
23 450
23 578
323 212
323 114
323 234
323 310
323 510
323 576
347 582
582 193
582 207
267 305
267 141
157 139
18 199
199 600
600 62
600 76
110 253
110 306
110 75
110 127
110 156
110 201
110 537
110 613
156 253
156 249
156 613
306 152
306 253
306 66
306 75
306 81
306 127
306 261
306 284
306 537
306 598
306 609
306 613
537 613
613 253
613 249
21 120
21 136
21 145
21 229
21 423
353 553
353 624
353 634
356 153
356 363
356 390
356 559
363 153
363 163
553 624
585 458
585 346
229 136
229 145
229 423
229 445
229 549
549 136
549 423
449 201
449 137
449 284
449 625
365 36
120 83
588 74
83 146
193 252
193 328
360 130
360 179
360 248
360 422
360 450
360 578
450 179
450 404
450 493
578 43
578 253
578 451
216 564
130 104
130 253
130 179
130 231
130 422
130 493
130 509
130 593
179 451
179 231
179 404
179 493
248 29
248 93
248 152
248 161
248 422
248 504
422 87
422 609
422 121
422 261
404 451
404 231
404 493
493 451
493 231
43 29
43 253
43 451
253 29
253 161
253 75
253 127
253 215
253 249
451 29
451 231
104 87
104 261
87 152
87 66
87 121
87 261
87 598
261 152
261 284
561 39
561 509
561 593
137 201
137 284
284 152
82 176
82 212
176 212
212 576
305 144
305 602
143 510
143 310
143 576
29 93
29 152
29 161
29 223
29 504
29 635
93 152
93 223
93 504
93 635
152 223
152 504
152 635
161 215
223 249
223 272
223 413
223 486
223 504
223 635
504 635
272 413
272 486
413 228
413 388
75 127
39 509
39 593
509 247
509 593
30 144
144 459
31 177
177 583
35 303
78 303
78 454
221 141
221 389
389 141
389 367
389 555
169 266
36 198
198 394
631 148
631 402
631 181
458 346
40 411
40 472
40 550
411 85
411 94
411 550
472 165
472 550
550 165
44 516
516 91
516 230
516 506
91 292
230 506
180 65
49 454
58 111
496 430
496 483
246 572
346 492
141 263
141 281
141 367
141 456
234 576
310 510
310 576
510 576
602 114
602 268
602 289
602 488
435 587
62 76
62 410
372 307
372 557
129 447
307 557
65 368
66 598
598 81
598 609
81 609
206 287
287 319
287 481
481 319
146 321
146 324
146 447
146 473
321 324
324 473
447 473
292 483
268 289
289 251
289 379
488 577
330 298
330 499
373 418
139 566
263 367
148 402
384 228
232 607
308 628
468 474
468 619
474 619
