0 1
0 2
0 3
0 15
0 130
0 249
0 258
1 2
3 4
3 14
3 44
3 45
3 60
3 125
3 126
3 151
3 152
3 153
3 163
3 165
3 175
3 176
3 248
3 249
3 273
3 312
3 313
3 322
3 323
3 329
3 370
3 372
3 373
15 12
15 13
15 14
15 44
15 45
15 46
15 152
15 175
15 176
15 248
15 249
15 312
15 322
15 323
15 372
130 91
130 112
130 113
130 129
130 133
130 134
130 258
249 4
249 312
249 313
258 112
4 14
4 44
4 45
4 46
4 175
4 176
4 198
4 200
4 201
4 203
4 230
4 234
4 235
4 236
4 237
4 312
4 313
4 372
4 373
14 12
14 13
14 44
14 46
14 175
14 277
14 278
14 333
14 365
14 366
14 367
44 45
44 46
44 175
44 323
45 46
45 175
45 176
60 163
60 164
60 165
125 126
125 326
125 329
126 127
126 128
126 326
126 329
152 153
163 164
163 165
175 46
175 176
273 12
312 313
322 323
329 127
372 373
198 199
198 200
198 201
198 257
200 17
200 201
200 202
200 203
200 244
200 251
200 253
200 297
201 203
201 257
203 244
230 231
230 232
230 233
230 234
230 236
230 237
230 239
230 245
230 256
230 296
235 236
235 237
235 238
235 239
235 244
235 245
235 246
235 256
236 237
5 6
5 7
6 7
6 189
6 190
6 191
6 192
7 25
7 61
7 64
7 136
7 341
7 342
7 343
189 190
189 191
189 192
25 24
25 27
25 39
25 104
25 105
25 106
25 107
25 123
25 124
25 154
25 196
25 197
25 233
25 272
25 294
25 295
25 296
25 305
25 314
25 315
25 316
61 62
61 63
61 64
64 263
64 264
64 298
64 299
64 300
64 301
64 344
64 345
136 137
136 341
136 342
341 342
8 9
8 10
8 11
9 10
9 11
9 66
9 67
9 68
10 11
66 48
66 67
66 68
66 69
66 70
66 71
66 72
66 73
66 74
66 79
66 121
66 122
66 168
66 247
66 284
66 362
67 68
67 79
68 69
68 70
68 74
68 79
68 80
68 284
12 13
12 16
12 17
12 18
12 19
16 17
16 28
16 57
16 171
16 257
16 260
16 364
17 57
17 171
17 257
17 260
17 364
18 19
18 207
277 278
333 330
333 331
333 332
333 334
333 366
333 367
365 366
365 367
366 367
57 58
171 114
171 170
171 324
171 346
20 21
20 22
20 23
20 32
20 108
20 219
20 220
20 232
20 267
20 287
21 22
21 23
22 23
22 49
22 50
22 51
22 53
22 54
22 219
22 226
22 227
23 78
23 219
23 228
23 231
23 232
23 267
32 29
32 30
32 31
32 34
32 35
32 108
32 218
32 219
32 220
219 220
232 231
232 267
267 231
287 286
49 51
49 52
50 29
50 31
50 51
50 75
50 94
50 159
50 306
50 307
50 321
51 41
51 75
51 99
51 115
51 116
51 169
51 265
51 290
53 54
226 227
78 76
78 77
24 27
27 26
39 38
39 173
39 174
39 238
39 239
39 325
104 105
104 106
105 84
105 85
105 87
105 103
105 106
105 184
106 103
106 107
106 282
106 283
106 371
107 103
107 124
107 155
107 157
123 124
124 254
124 255
154 155
154 156
154 157
197 250
294 295
314 315
315 316
29 30
29 31
29 33
29 34
29 35
29 75
30 31
30 33
31 33
31 35
31 75
31 215
31 216
31 217
31 306
31 368
31 369
34 35
75 169
215 216
215 217
216 217
368 369
36 37
37 303
37 304
303 304
303 356
303 358
173 172
173 174
174 281
238 239
238 245
238 256
239 256
239 325
40 41
40 240
40 241
40 242
40 243
41 42
41 169
41 240
41 242
41 243
41 274
41 275
41 276
41 363
240 241
240 242
240 243
241 242
242 243
42 275
169 52
169 166
169 167
169 168
169 265
169 266
169 335
169 363
274 275
274 276
275 276
43 65
65 99
65 100
65 101
65 109
47 48
48 73
48 182
48 225
182 180
182 225
94 93
94 95
94 96
94 97
94 98
94 177
94 178
94 179
94 285
94 307
94 336
94 337
94 338
94 361
159 160
159 161
159 321
307 336
99 55
99 100
99 101
99 102
99 109
99 110
99 144
99 193
99 194
115 116
115 317
115 318
115 320
265 266
290 289
55 56
55 109
55 193
55 194
109 110
109 193
109 194
193 144
193 194
193 195
58 59
59 356
59 357
59 358
356 357
356 358
357 358
62 63
263 264
264 299
264 300
264 301
298 299
298 300
298 301
299 300
344 345
100 102
100 310
101 158
101 359
101 360
69 70
69 72
69 118
69 149
69 213
69 302
69 327
69 328
69 348
69 377
69 378
70 71
70 72
71 72
71 302
72 149
74 284
79 80
121 80
121 120
121 122
121 168
121 247
122 80
122 120
168 166
168 167
168 204
168 247
168 289
168 291
118 117
118 119
118 213
118 302
118 347
118 348
118 349
118 350
149 269
149 270
149 292
149 293
213 209
213 210
213 211
213 212
213 214
213 302
213 347
213 348
213 349
213 350
302 327
302 328
302 348
302 349
302 377
302 378
327 328
348 347
348 349
377 378
81 82
81 84
81 85
81 86
81 87
81 88
82 83
82 84
82 85
82 87
82 88
84 85
84 86
84 87
84 88
84 259
84 261
84 262
85 83
85 87
85 88
85 259
85 261
85 262
86 87
86 88
87 83
87 259
87 261
87 262
88 83
261 262
89 90
90 91
90 129
90 131
90 132
90 133
90 187
91 131
91 132
91 133
91 187
129 131
129 132
129 133
131 132
131 133
92 93
92 95
92 96
92 97
92 98
93 95
93 96
93 98
95 96
95 97
95 140
96 177
96 361
97 98
177 178
177 179
144 142
144 143
360 279
184 183
184 185
184 308
184 309
282 283
111 112
111 114
112 113
112 114
112 134
112 135
112 188
112 311
112 351
112 352
112 353
112 354
112 355
114 113
114 346
113 311
134 351
134 352
134 353
134 354
134 355
351 352
351 354
351 355
352 353
352 354
352 355
353 354
353 355
354 355
317 318
318 319
320 319
117 119
117 208
254 255
326 127
127 128
127 339
127 340
339 340
138 139
139 229
141 142
141 143
142 143
145 146
146 147
148 150
148 269
269 268
269 271
269 292
269 293
270 268
270 293
160 161
161 162
166 167
167 204
289 288
289 291
180 181
183 185
183 186
183 309
185 186
185 308
185 309
309 308
244 245
244 297
251 252
205 206
206 374
206 375
374 375
374 376
375 376
209 211
209 212
209 214
211 210
211 212
211 214
211 221
211 222
211 223
211 224
212 210
212 214
221 224
222 223
222 224
245 246
268 271
279 280
330 331
330 332
330 334
331 332
331 334
332 334
