0 3
0 4
0 130
0 249
0 258
3 12
3 13
3 14
3 15
3 60
3 125
3 127
3 145
3 151
3 152
3 153
3 163
3 165
3 248
3 273
3 322
3 370
3 373
4 14
4 15
4 43
4 44
4 45
4 46
4 175
4 176
4 198
4 200
4 201
4 203
4 234
4 235
4 236
4 248
4 249
4 253
4 297
4 312
4 313
4 373
130 90
130 91
130 113
130 129
130 132
130 133
130 134
130 135
249 312
249 313
258 112
1 2
12 14
12 15
12 16
12 17
12 19
12 273
14 15
14 46
14 175
14 176
14 277
14 278
14 365
14 366
14 367
15 44
15 45
15 152
15 176
15 248
15 313
15 323
15 372
60 165
125 126
125 127
125 128
125 326
127 329
163 164
165 164
322 44
322 323
373 372
44 45
44 46
44 175
44 176
44 323
46 175
46 176
198 199
198 201
198 202
198 203
198 257
200 16
200 17
200 201
200 202
200 203
200 244
200 251
200 252
200 253
200 257
201 199
201 203
203 244
203 297
234 230
235 230
235 236
235 237
235 238
235 239
235 246
235 256
236 230
297 244
312 313
5 6
6 7
6 189
6 190
6 191
6 192
7 25
7 61
7 62
7 63
7 188
7 341
7 342
7 343
189 191
189 192
191 192
25 27
25 39
25 94
25 104
25 106
25 107
25 123
25 124
25 196
25 197
25 230
25 233
25 250
25 272
25 294
25 295
25 296
25 305
25 314
25 315
25 316
61 64
62 63
188 134
341 136
341 342
8 9
8 10
8 11
9 10
9 66
9 67
9 68
10 11
66 48
66 67
66 68
66 69
66 70
66 73
66 79
66 80
66 120
66 121
66 122
66 168
66 247
66 362
67 68
67 79
67 80
68 69
68 70
68 74
68 79
68 80
68 284
16 17
16 28
16 57
16 171
16 257
16 364
17 57
17 171
17 257
17 260
17 364
19 18
277 278
365 333
365 366
365 367
366 367
367 333
57 58
57 59
171 114
171 170
171 324
171 346
18 207
20 21
20 23
20 108
20 219
20 220
20 231
20 232
20 267
20 286
20 287
21 23
23 228
23 231
23 232
108 32
219 32
219 220
220 32
231 230
231 232
231 267
232 230
22 49
22 51
22 53
22 54
22 226
22 227
49 50
49 52
51 41
51 75
51 99
51 115
51 116
51 168
51 266
51 290
226 227
228 139
24 26
24 27
39 38
39 174
39 238
39 281
39 325
94 92
94 93
94 96
94 98
94 177
94 178
94 179
94 285
94 307
94 336
94 337
94 361
104 103
104 106
106 103
106 105
106 107
106 283
106 371
107 103
107 124
107 154
107 155
107 157
123 124
124 233
124 254
124 255
230 233
230 237
230 238
230 245
230 256
294 295
314 316
29 30
29 32
29 34
29 50
29 75
29 218
30 31
30 32
30 33
32 31
32 33
32 34
32 35
34 31
34 35
50 31
50 99
50 159
50 168
50 169
50 306
50 321
50 336
75 31
218 31
31 33
31 35
31 215
31 216
31 306
31 368
215 216
215 217
216 217
368 369
36 37
37 303
37 304
303 59
303 304
303 357
303 358
174 172
174 173
174 281
238 245
238 256
238 325
40 42
40 241
40 242
40 243
42 41
42 274
42 275
42 276
241 41
241 242
241 243
242 243
243 41
243 240
41 169
41 240
41 276
41 363
169 52
169 167
169 168
169 265
169 266
169 335
169 363
276 274
274 275
47 48
48 180
48 182
48 225
180 181
180 182
182 181
182 225
99 100
99 102
99 109
99 110
99 144
99 193
99 194
159 160
159 161
159 321
168 167
168 204
168 247
168 289
168 290
168 291
336 307
115 116
115 317
266 265
290 289
55 56
55 109
55 193
55 194
109 65
109 110
109 193
109 194
193 144
193 195
59 356
59 358
356 357
356 358
358 357
64 264
64 299
64 300
64 301
64 344
264 263
264 299
264 300
264 301
299 298
299 300
300 298
301 298
344 345
65 110
69 70
69 71
69 72
69 213
69 302
69 327
69 328
69 347
69 377
69 378
70 71
70 72
70 74
79 80
80 120
80 121
120 121
121 247
71 72
71 118
71 302
213 118
213 209
213 210
213 211
213 212
213 214
213 302
213 347
213 349
213 350
302 118
302 327
302 328
302 348
302 349
302 350
302 377
302 378
327 328
347 118
118 348
118 349
118 350
76 77
76 78
77 78
81 82
81 84
81 85
81 87
82 84
82 85
82 86
82 87
82 88
84 86
84 87
84 105
84 259
84 261
85 83
85 86
85 87
85 88
85 105
85 259
85 261
85 262
87 86
87 88
87 105
87 259
86 83
86 88
88 83
105 103
105 184
105 259
261 262
89 90
90 129
90 131
90 133
90 187
129 91
129 132
131 91
131 132
131 187
133 91
133 132
187 91
91 132
92 93
92 96
92 97
92 98
93 95
93 97
96 95
96 97
96 98
96 177
97 95
97 98
95 140
177 178
177 179
337 338
100 101
100 102
100 310
144 142
144 143
101 158
101 359
101 360
359 279
360 279
184 183
184 185
184 186
184 309
283 282
154 155
154 156
154 157
111 112
111 113
112 113
112 134
112 135
112 311
112 352
112 353
112 354
112 355
113 134
113 311
134 353
352 351
352 353
352 354
352 355
353 351
353 354
353 355
354 351
354 355
355 351
114 346
317 319
117 119
117 208
348 349
348 350
349 350
254 255
126 128
126 326
126 329
136 137
138 139
139 206
139 229
206 205
206 374
141 142
142 143
146 147
148 149
148 150
148 269
148 292
149 270
149 292
149 293
269 268
269 271
269 292
269 293
270 268
270 293
160 161
161 162
166 167
167 204
289 288
289 291
172 173
183 186
183 308
183 309
186 185
308 185
308 309
309 185
244 245
244 246
374 376
209 210
209 211
209 214
210 212
211 212
211 221
211 222
211 223
211 224
214 212
221 222
221 224
222 224
223 224
245 239
245 246
256 239
268 271
279 280
319 318
319 320
330 331
330 332
330 333
330 334
331 332
331 334
332 333
333 334
339 340
376 375
