386
820
343
1092
42
358
480
276
283
221
973
1068
518
43
448
520
963
94
836
184
716
228
707
891
814
246
331
98
721
371
680
8
374
332
757
583
356
810
154
1009
695
1052
28
156
450
788
890
704
898
718
158
73
199
714
639
685
1042
856
985
722
126
672
379
275
60
945
1083
225
452
71
110
198
79
197
99
873
226
72
699
335
481
194
612
537
152
876
261
233
665
652
548
550
826
169
235
772
808
748
109
464
511
391
968
1022
439
323
427
906
200
315
705
958
818
859
976
1014
1095
148
247
270
346
615
321
76
851
569
863
624
268
618
1098
123
354
975
777
248
759
935
547
502
719
172
359
14
801
860
892
383
1018
1120
879
461
319
151
397
959
656
78
529
253
56
210
322
454
1111
1012
661
291
384
941
546
894
731
918
287
205
1047
165
1097
1033
771
31
821
338
635
24
488
133
157
296
435
144
1076
188
26
288
1
387
650
372
393
789
82
30
436
1003
1100
227
875
13
459
533
177
1087
145
914
554
1044
940
846
710
326
494
5
485
1077
4
687
1129
10
183
63
1110
316
394
559
182
425
39
640
878
1050
239
189
756
155
965
1074
827
330
176
445
104
58
1064
1093
314
1105
345
605
761
978
885
608
762
62
1122
244
85
840
544
740
744
54
616
125
1102
990
745
443
540
121
724
120
179
415
621
407
483
723
130
2
9
305
135
758
831
468
828
353
655
584
964
972
1061
803
399
382
728
467
720
855
578
269
499
442
1119
825
15
470
743
955
92
909
398
159
1010
304
596
907
1037
697
927
725
187
943
852
830
1118
97
12
849
1126
486
416
867
421
910
440
263
981
539
951
623
206
1099
96
111
924
997
396
1090
100
986
730
783
763
926
689
1059
400
643
108
1000
1035
893
664
670
774
658
599
792
1046
22
560
447
864
368
678
606
217
292
106
611
713
1115
277
231
829
549
249
573
420
686
732
884
186
515
453
455
65
431
64
1067
627
794
211
895
310
337
360
340
311
306
553
942
1008
528
140
410
503
556
517
466
1123
523
638
449
872
181
726
1029
300
113
222
325
404
495
563
68
264
240
1013
