303
6
96
104
20
72
142
246
91
284
72
51
165
135
137
297
6
266
138
185
205
170
170
113
150
163
25
25
96
207
163
181
266
109
71
116
109
182
236
266
139
33
313
256
114
321
236
246
280
142
142
28
138
200
50
159
236
50
266
269
165
74
109
275
211
269
170
165
256
21
205
286
261
142
8
266
158
138
236
263
34
6
269
297
124
17
214
142
17
249
213
95
150
137
131
56
266
265
236
307
308
256
259
56
316
243
105
135
142
205
302
56
302
235
106
170
135
298
260
25
137
315
319
34
135
203
215
266
205
298
43
142
320
75
258
272
146
200
256
131
249
256
112
259
243
246
205
182
135
236
165
14
236
293
265
110
220
142
140
1
269
302
82
