0 222
0 590
222 138
222 179
222 228
590 555
138 573
138 158
138 445
138 693
138 787
138 528
138 774
138 250
138 368
138 752
138 662
138 150
138 481
138 409
138 597
138 69
138 370
138 603
138 724
179 206
179 564
179 249
179 387
179 209
179 640
179 291
179 736
179 250
179 26
179 95
179 101
179 114
179 126
179 248
179 252
179 253
179 278
179 331
179 345
179 471
179 486
179 614
179 645
179 646
179 669
179 737
179 867
179 881
228 400
228 173
228 558
228 768
228 806
228 405
228 62
228 126
228 465
228 470
555 551
555 711
1 36
1 39
1 115
1 689
1 756
36 120
36 137
36 232
36 297
36 308
36 361
36 377
36 379
36 496
39 143
39 187
39 216
39 268
39 302
39 351
39 399
39 501
39 829
115 10
115 165
115 278
115 335
115 566
115 697
115 804
115 867
689 62
689 68
689 124
689 365
689 392
689 556
689 721
689 756
689 806
756 78
756 341
756 361
756 472
756 519
756 620
756 751
756 829
120 517
120 102
120 137
120 308
120 338
120 548
120 603
137 472
137 517
137 100
137 102
137 308
137 525
232 554
232 371
232 585
232 361
232 377
232 145
232 297
232 493
232 496
232 824
232 888
297 168
297 676
297 361
297 377
297 246
297 522
297 669
308 517
308 102
308 496
361 260
361 593
361 873
361 571
361 579
361 32
361 676
361 319
361 45
361 106
361 124
361 182
361 251
361 354
361 377
361 484
361 496
361 529
361 566
361 641
361 649
361 721
361 751
361 760
361 778
361 859
361 862
361 866
361 883
361 903
377 189
377 271
377 598
377 600
377 113
377 32
377 190
377 298
377 82
377 155
377 193
377 442
377 484
377 721
377 751
377 822
379 619
379 102
379 359
379 496
379 883
496 387
496 580
496 155
496 481
496 816
496 883
143 2
143 212
143 273
143 441
143 470
143 573
143 593
143 868
187 216
187 501
187 822
216 571
216 186
216 302
216 365
216 397
216 669
268 573
268 848
268 488
268 388
268 99
268 271
268 241
268 787
268 12
268 89
268 106
268 218
268 239
268 360
268 367
268 368
268 370
268 378
268 386
268 436
268 483
268 507
268 539
268 563
268 581
268 732
268 758
268 762
268 809
268 874
302 186
302 690
302 829
351 577
351 367
351 869
351 427
351 852
351 24
351 101
351 157
351 257
351 270
351 282
351 290
351 546
351 616
351 647
351 676
351 678
351 692
351 728
351 751
399 206
399 451
399 849
399 503
399 822
501 186
501 148
829 571
829 676
829 62
829 424
829 690
829 807
829 822
10 165
10 249
10 387
10 565
10 580
10 619
10 697
10 804
10 837
165 55
165 90
165 209
165 301
165 335
165 538
165 566
165 645
165 740
165 804
165 867
278 697
278 852
278 438
278 538
278 867
278 737
335 804
335 209
335 40
335 37
335 101
335 344
335 438
566 635
566 249
566 804
566 600
566 736
566 95
566 114
697 387
697 580
697 252
697 478
697 486
697 538
697 618
697 645
697 668
697 811
804 249
804 95
804 209
804 386
804 438
867 209
867 672
867 576
867 101
867 880
867 478
867 618
867 438
867 614
867 641
867 668
62 713
62 400
62 873
62 494
62 676
62 439
62 749
62 93
62 105
62 354
62 624
62 680
124 554
124 391
124 400
124 249
124 173
124 543
124 195
124 558
124 451
124 51
124 298
124 806
124 331
124 362
124 156
124 34
124 41
124 85
124 106
124 126
124 149
124 171
124 193
124 212
124 220
124 240
124 270
124 310
124 322
124 370
124 421
124 424
124 484
124 529
124 616
124 646
124 758
124 778
124 822
124 877
124 881
365 305
365 148
365 690
365 844
392 384
392 130
392 148
556 164
556 445
556 693
556 41
556 193
556 198
556 251
556 258
556 337
556 498
556 519
556 537
556 625
556 692
556 699
556 760
556 822
721 491
721 639
721 784
721 109
721 190
721 159
721 774
721 334
721 816
721 881
721 105
721 382
721 751
721 678
721 220
721 733
721 795
721 832
721 859
806 396
806 573
806 260
806 391
806 621
806 784
806 32
806 279
806 521
806 24
806 185
806 298
806 34
806 66
806 85
806 107
806 217
806 270
806 322
806 326
806 369
806 370
806 409
806 476
806 546
806 597
806 612
806 615
806 616
806 644
806 647
806 835
806 877
806 881
78 387
78 190
78 472
78 250
78 481
78 184
78 525
78 883
78 382
78 456
78 533
78 651
341 283
341 286
341 370
341 424
341 581
341 750
341 751
341 778
472 22
472 382
472 481
472 525
472 533
472 582
472 605
472 753
472 860
519 554
519 260
519 445
519 571
519 579
519 784
519 183
519 774
519 293
519 369
519 509
519 43
519 224
519 251
519 322
519 337
519 370
519 409
519 413
519 616
519 758
519 760
620 873
620 101
620 563
620 458
620 224
620 413
620 141
620 588
751 598
751 293
751 82
751 529
751 822
751 155
751 318
751 224
751 484
751 859
2 15
2 25
2 27
2 30
2 56
2 96
2 103
2 163
2 164
2 204
2 206
2 256
2 281
2 330
2 396
2 429
2 447
2 455
2 554
2 573
2 602
2 627
2 643
2 754
2 825
2 848
15 103
15 113
15 384
15 412
15 686
15 716
25 151
25 357
25 688
27 50
27 64
27 201
27 423
27 427
27 429
27 441
27 827
27 887
30 129
30 217
30 264
30 485
30 576
30 700
30 849
30 857
30 905
56 708
56 848
56 861
96 63
96 217
96 231
96 253
96 318
96 473
96 554
96 696
96 710
96 714
96 750
96 774
96 847
96 848
103 41
103 94
103 156
103 384
103 447
103 491
103 529
103 543
103 774
103 840
163 9
163 99
163 172
163 213
163 218
163 227
163 241
163 299
163 307
163 402
163 407
163 502
163 544
163 571
163 622
163 626
163 639
163 715
163 787
163 835
163 839
163 901
164 109
164 184
164 255
164 288
164 367
164 370
164 414
164 470
164 522
164 529
164 572
164 576
164 658
164 659
164 676
164 822
164 905
204 116
204 136
204 173
204 196
204 219
204 329
204 330
204 547
204 692
204 828
206 3
206 59
206 74
206 125
206 173
206 256
206 280
206 303
206 305
206 322
206 347
206 390
206 416
206 459
206 488
206 541
206 554
206 571
206 576
206 577
206 604
206 627
206 636
206 665
206 693
206 849
206 859
256 69
256 84
256 140
256 172
256 183
256 571
256 648
256 774
256 855
256 877
281 18
281 34
281 82
281 131
281 159
281 192
281 201
281 212
281 213
281 227
281 318
281 327
281 339
281 406
281 429
281 441
281 450
281 452
281 457
281 476
281 493
281 576
281 637
281 644
281 675
281 800
281 827
281 836
281 852
281 885
281 887
281 901
281 902
330 77
330 237
330 394
330 474
330 489
330 693
330 754
330 774
330 873
396 16
396 170
396 185
396 213
396 235
396 369
396 443
396 452
396 616
396 858
429 20
429 28
429 34
429 76
429 201
429 210
429 251
429 336
429 371
429 441
429 476
429 500
429 544
429 558
429 573
429 637
429 757
429 773
429 827
447 41
447 384
447 529
447 571
455 42
455 83
455 212
455 263
455 323
455 433
455 663
455 827
554 31
554 43
554 44
554 98
554 129
554 134
554 146
554 158
554 185
554 217
554 238
554 305
554 322
554 375
554 389
554 401
554 464
554 480
554 571
554 582
554 598
554 662
554 710
554 714
554 734
554 746
554 796
554 847
554 849
554 868
573 6
573 20
573 34
573 58
573 80
573 84
573 86
573 107
573 128
573 161
573 174
573 185
573 201
573 213
573 227
573 270
573 306
573 314
573 322
573 336
573 339
573 355
573 367
573 369
573 371
573 385
573 409
573 416
573 427
573 433
573 445
573 452
573 476
573 514
573 540
573 558
573 571
573 579
573 623
573 637
573 655
573 675
573 682
573 699
573 706
573 774
573 800
573 803
573 819
573 822
573 827
573 858
573 863
573 879
573 885
573 887
573 901
573 902
602 12
602 43
602 75
602 80
602 84
602 116
602 121
602 173
602 196
602 219
602 241
602 329
602 367
602 368
602 386
602 425
602 436
602 518
602 593
602 685
602 747
602 752
602 777
602 904
627 57
627 74
627 79
627 89
627 97
627 125
627 198
627 285
627 296
627 303
627 417
627 463
627 490
627 523
627 530
627 545
627 564
627 596
627 608
627 640
627 665
627 672
627 735
627 825
627 862
643 112
643 208
643 371
643 398
643 518
643 661
643 724
643 767
643 816
643 849
643 862
643 901
754 77
754 118
754 333
754 474
825 6
825 51
825 57
825 74
825 79
825 89
825 243
825 285
825 292
825 313
825 416
825 417
825 421
825 454
825 488
825 490
825 518
825 523
825 541
825 545
825 564
825 596
825 608
825 621
825 640
825 735
825 737
825 774
825 813
825 849
825 855
848 98
848 185
848 190
848 217
848 313
848 323
848 376
848 391
848 397
848 401
848 421
848 480
848 526
848 529
848 576
848 714
848 738
848 745
848 750
848 784
113 128
113 182
113 286
113 326
113 716
384 593
384 686
384 518
384 40
384 47
384 48
384 130
384 322
384 412
384 511
384 563
384 724
384 822
412 40
412 333
412 394
412 423
412 563
686 546
686 628
686 768
686 854
686 873
716 169
716 61
716 93
716 155
716 279
151 766
151 47
151 181
151 357
151 504
151 744
151 771
151 783
151 900
357 766
357 101
357 141
357 224
357 265
357 688
357 783
357 881
357 900
688 224
688 900
50 235
50 263
50 803
64 827
64 423
64 799
64 808
64 887
201 260
201 901
201 213
201 371
201 902
201 159
201 452
201 827
201 34
201 42
201 76
201 227
201 433
201 441
201 576
201 637
201 644
201 695
201 773
201 863
423 339
423 371
423 355
423 406
423 427
423 83
423 827
423 42
423 86
423 119
423 181
423 210
423 263
423 460
423 461
423 468
423 510
423 559
423 799
423 800
423 808
423 828
423 858
427 339
427 706
427 178
427 553
427 371
427 19
427 273
427 355
427 34
427 80
427 119
427 159
427 161
427 210
427 212
427 231
427 235
427 257
427 270
427 290
427 343
427 441
427 468
427 476
427 500
427 546
427 559
427 616
427 633
427 644
427 678
427 682
427 705
427 728
427 730
427 799
427 800
427 808
427 827
427 836
427 852
427 858
427 863
441 902
441 273
441 76
441 773
441 808
441 819
441 836
441 887
827 706
827 355
827 406
827 457
827 682
827 20
827 83
827 159
827 528
827 34
827 76
827 263
827 468
827 559
827 637
827 656
827 663
827 799
827 800
827 808
827 887
887 76
887 773
887 822
129 169
129 31
129 44
129 140
129 231
129 437
217 260
217 600
217 774
217 98
217 231
217 253
217 376
217 710
217 738
217 750
217 890
264 57
264 173
264 13
264 14
264 316
264 494
264 849
264 855
485 209
485 558
485 182
485 274
485 276
485 638
485 680
576 389
576 774
576 37
576 478
576 618
576 718
576 723
576 724
576 858
849 260
849 706
849 873
849 518
849 571
849 195
849 784
849 774
849 305
849 31
849 277
849 561
849 795
849 900
857 579
857 261
857 406
857 352
857 76
857 210
857 348
857 411
857 480
857 652
857 861
905 168
905 354
708 329
708 314
708 368
708 559
708 861
861 303
861 76
861 210
861 652
63 348
231 710
231 140
231 745
253 99
253 249
253 387
253 852
253 736
253 185
253 31
253 45
253 95
253 101
253 114
253 145
253 227
253 248
253 284
253 411
253 476
253 486
253 500
253 612
253 645
253 646
253 703
253 714
253 821
253 853
253 881
318 213
318 250
318 293
318 717
318 82
318 286
318 458
318 481
318 345
318 465
318 470
473 14
473 31
473 45
473 290
473 321
473 544
473 684
473 897
473 903
696 714
696 410
696 750
710 437
710 44
710 714
710 738
710 745
710 796
710 890
714 768
714 66
714 132
714 146
714 238
714 587
714 764
714 796
714 847
750 491
750 852
750 862
750 662
750 320
750 359
750 376
750 446
750 587
750 738
750 835
774 445
774 693
774 706
774 491
774 787
774 619
774 593
774 494
774 571
774 195
774 371
774 528
774 24
774 58
774 183
774 31
774 107
774 197
774 218
774 328
774 336
774 369
774 409
774 426
774 458
774 480
774 481
774 523
774 531
774 541
774 567
774 637
774 699
774 895
774 899
847 419
41 635
41 189
41 543
41 156
41 94
41 202
41 265
41 334
41 448
41 503
41 527
41 617
41 629
41 702
41 769
41 822
94 265
94 629
94 728
94 769
94 865
156 173
156 32
156 183
156 283
156 515
156 629
156 702
156 718
156 769
156 778
156 840
491 7
491 18
491 24
491 32
491 45
491 58
491 168
491 190
491 198
491 224
491 251
491 291
491 322
491 334
491 382
491 446
491 529
491 594
491 597
491 616
491 747
491 768
491 784
491 795
491 801
491 813
491 844
491 845
491 851
491 881
491 901
529 260
529 837
529 40
529 579
529 48
529 371
529 802
529 401
529 51
529 550
529 75
529 91
529 107
529 155
529 207
529 430
529 465
529 539
529 545
529 594
529 622
529 667
529 699
529 727
529 760
529 844
529 854
529 859
543 189
543 14
543 45
543 155
543 190
543 207
543 283
543 439
543 465
543 591
543 598
543 600
543 606
543 727
543 728
543 729
543 761
840 610
840 629
840 435
212 191
212 553
212 901
212 371
212 902
212 159
212 862
212 34
212 170
212 227
212 623
212 637
212 649
212 757
212 803
212 812
212 858
273 415
273 19
273 104
273 284
273 289
273 313
273 355
273 406
273 457
273 826
273 863
470 389
470 600
470 109
470 291
470 676
470 82
470 778
470 481
470 184
470 255
470 276
470 288
470 440
470 465
470 522
470 658
470 880
593 135
593 158
593 249
593 12
593 46
593 173
593 329
593 386
593 495
593 29
593 51
593 75
593 116
593 121
593 205
593 317
593 350
593 413
593 425
593 523
593 545
593 640
593 747
593 752
593 785
593 868
593 904
868 459
868 488
868 135
868 169
868 12
868 46
868 173
868 329
868 386
868 747
868 51
868 75
868 545
868 719
868 786
868 817
9 169
9 241
9 415
9 464
9 502
9 715
9 766
9 787
99 896
99 6
99 51
99 110
99 218
99 227
99 241
99 299
99 402
99 442
99 462
99 494
99 523
99 545
99 552
99 571
99 672
99 677
99 787
99 817
99 839
172 464
172 787
172 571
172 51
172 97
172 218
172 407
172 545
172 594
172 622
172 695
213 339
213 535
213 367
213 191
213 514
213 553
213 901
213 18
213 190
213 42
213 104
213 128
213 170
213 185
213 227
213 304
213 368
213 370
213 408
213 433
213 461
213 476
213 510
213 530
213 540
213 616
213 623
213 812
213 858
218 459
218 135
218 415
218 787
218 307
218 571
218 729
218 51
218 198
218 299
218 462
218 545
218 622
218 626
218 695
227 600
227 901
227 371
227 355
227 544
227 34
227 306
227 757
227 863
241 169
241 43
241 74
241 97
241 116
241 198
241 225
241 233
241 249
241 299
241 307
241 362
241 367
241 432
241 462
241 464
241 502
241 542
241 567
241 594
241 596
241 626
241 695
241 715
241 740
241 787
241 882
299 415
299 502
299 787
299 307
299 571
299 407
299 89
299 622
299 626
299 695
307 415
307 209
307 640
307 13
307 695
402 896
402 415
402 839
402 352
402 51
402 110
402 442
402 545
402 677
407 571
407 672
407 51
407 523
407 545
407 594
407 622
407 695
502 464
502 233
502 515
502 542
502 584
502 715
502 787
544 191
544 553
544 20
544 528
544 28
544 34
544 170
544 465
544 476
544 530
544 540
544 561
544 585
544 637
544 803
571 260
571 787
571 173
571 640
571 873
571 13
571 518
571 24
571 51
571 58
571 85
571 121
571 185
571 195
571 277
571 305
571 322
571 422
571 594
571 616
571 622
571 626
571 663
571 667
571 695
571 784
571 803
571 813
571 822
622 459
622 787
622 516
622 626
622 695
626 896
626 415
626 695
639 459
639 189
639 329
639 386
639 621
639 640
639 176
639 14
639 600
639 51
639 109
639 168
639 190
639 220
639 283
639 430
639 545
639 569
639 644
639 646
639 682
639 701
639 722
639 901
715 464
715 233
715 542
787 158
787 693
787 169
787 415
787 462
787 665
787 695
787 850
787 855
835 260
835 661
835 249
835 579
835 546
835 322
835 523
835 760
835 811
835 603
835 904
835 240
835 177
835 647
835 311
839 896
839 17
839 110
839 442
839 552
839 677
901 635
901 189
901 16
901 191
901 514
901 83
901 107
901 192
901 283
901 371
901 446
901 452
901 457
901 468
901 476
901 493
901 540
901 612
901 682
901 792
901 812
901 858
901 862
109 189
109 168
109 18
109 182
109 190
109 255
109 276
109 288
109 291
109 313
109 364
109 414
109 444
109 522
109 534
109 572
109 574
109 658
109 659
109 676
109 729
109 741
109 822
109 871
109 880
184 389
184 293
184 717
184 862
184 563
184 458
184 475
184 545
184 481
184 66
184 338
184 345
184 465
184 581
184 701
255 168
255 291
255 676
255 480
255 727
255 880
255 276
255 364
255 522
255 658
255 659
288 367
288 291
288 139
288 286
288 880
288 364
288 572
288 658
288 741
288 871
367 739
367 12
367 18
367 116
367 121
367 145
367 200
367 239
367 325
367 359
367 368
367 370
367 378
367 386
367 436
367 458
367 465
367 475
367 481
367 507
367 550
367 596
367 600
367 640
367 657
367 725
367 728
367 732
367 768
367 809
367 880
367 902
370 158
370 260
370 739
370 173
370 558
370 768
370 183
370 185
370 368
370 334
370 822
370 616
370 458
370 420
370 507
370 145
370 147
370 239
370 669
370 758
414 598
414 276
414 123
414 572
414 659
414 741
522 169
522 160
522 291
522 880
522 276
522 658
522 659
522 809
572 139
658 521
658 451
658 880
658 364
658 659
658 741
659 444
659 888
676 189
676 168
676 451
676 250
676 26
676 293
676 186
676 197
676 220
676 270
676 315
676 364
676 506
676 509
676 570
676 574
676 638
676 669
676 690
822 74
822 600
822 195
822 579
822 159
822 768
822 186
822 334
822 75
822 91
822 105
822 193
822 198
822 295
822 393
822 606
822 637
822 638
822 680
822 723
822 888
116 260
116 249
116 29
116 84
116 196
116 219
116 350
116 368
116 673
116 685
116 752
116 777
116 904
136 329
136 698
136 368
136 516
173 12
173 185
173 250
173 262
173 293
173 319
173 322
173 362
173 368
173 386
173 397
173 422
173 425
173 451
173 558
173 669
173 719
173 747
173 752
173 768
173 778
173 784
173 841
173 844
173 881
196 516
219 329
219 495
219 785
329 12
329 46
329 29
329 75
329 121
329 254
329 340
329 362
329 368
329 386
329 698
329 719
329 747
329 752
329 775
329 786
329 872
329 904
547 474
547 489
547 118
547 333
547 900
692 388
692 178
692 862
692 546
692 678
692 540
828 373
3 125
3 243
3 280
3 459
3 488
3 513
3 577
3 679
59 51
59 317
74 488
74 564
74 640
74 14
74 51
74 60
74 79
74 89
74 97
74 285
74 368
74 417
74 430
74 490
74 523
74 541
74 596
74 608
74 735
125 79
125 135
125 176
125 198
125 243
125 280
125 296
125 347
125 459
125 488
125 523
125 524
125 577
125 600
125 604
125 621
125 636
125 672
125 899
280 347
280 459
280 488
280 513
280 672
280 679
280 899
303 459
303 135
303 6
303 57
303 20
303 52
303 88
303 89
303 352
303 523
303 530
303 564
303 637
303 672
303 808
305 309
305 190
305 26
305 331
305 437
305 489
305 597
305 741
305 778
305 858
305 904
322 260
322 391
322 661
322 464
322 873
322 579
322 784
322 864
322 451
322 51
322 298
322 881
322 616
322 85
322 612
322 647
322 866
347 286
347 449
347 497
347 524
347 604
347 731
347 789
347 899
390 422
390 200
390 469
416 494
416 881
416 475
416 594
416 904
416 812
459 6
459 13
459 51
459 89
459 121
459 135
459 488
459 494
459 513
459 577
459 621
459 855
459 899
488 51
488 198
488 296
488 375
488 513
488 524
488 545
488 586
488 636
488 640
488 726
488 789
541 135
541 693
541 640
541 579
541 430
541 523
541 594
541 665
541 855
541 89
541 198
541 225
541 454
541 462
541 463
541 608
577 243
577 513
577 46
577 121
577 296
577 636
577 640
577 679
577 899
604 524
636 640
665 650
665 672
665 51
665 594
665 52
665 150
665 247
665 463
693 6
693 158
693 445
693 635
693 51
693 58
693 69
693 313
693 662
693 707
693 785
693 883
693 889
693 894
859 128
859 398
859 182
69 158
69 313
69 615
69 111
69 648
69 877
84 249
84 80
84 385
84 362
84 425
84 644
84 500
84 757
183 158
183 190
183 528
183 24
183 51
183 58
183 85
183 107
183 128
183 250
183 319
183 369
183 409
183 546
183 844
855 57
855 768
855 649
855 430
855 523
855 594
855 52
855 89
855 462
855 463
877 185
877 107
877 616
18 260
18 189
18 598
18 32
18 48
18 61
18 92
18 190
18 279
18 521
18 558
18 610
18 729
18 763
18 802
18 864
18 869
18 902
34 518
34 600
34 371
34 159
34 263
34 323
34 327
34 476
34 509
34 623
34 644
34 675
34 803
34 858
82 339
82 518
82 32
82 155
82 398
82 880
131 81
159 339
159 600
159 371
159 355
159 682
159 20
159 58
159 76
159 119
159 210
159 363
159 409
159 461
159 468
159 530
159 568
159 623
159 637
159 644
159 652
159 757
159 799
159 800
159 812
159 863
192 57
192 400
192 598
192 600
192 369
192 327
192 295
192 105
192 530
192 780
192 885
192 893
339 6
339 86
339 251
339 284
339 433
339 476
339 567
339 589
339 850
339 858
339 885
406 19
406 104
406 289
406 355
406 76
406 83
406 263
406 352
406 457
406 476
406 559
406 675
406 730
406 799
406 800
406 808
406 826
406 863
450 371
450 66
452 535
452 600
452 191
452 553
452 371
452 729
452 20
452 58
452 107
452 128
452 306
452 326
452 476
452 528
452 530
452 540
452 623
452 812
452 858
452 863
457 371
457 19
457 289
457 355
457 42
457 119
457 284
457 381
457 663
457 691
457 799
457 808
457 826
457 858
476 802
476 80
476 862
476 42
476 75
476 500
476 559
476 612
476 623
476 644
476 757
476 773
476 800
476 803
493 514
493 885
637 371
637 355
637 858
637 42
637 119
637 221
637 111
637 381
637 691
637 705
644 635
644 189
644 371
644 366
644 623
644 128
644 526
644 530
644 757
644 812
644 858
675 706
675 355
675 336
675 800
675 879
800 289
800 808
800 263
800 42
800 153
800 221
800 468
800 691
800 782
800 76
800 150
800 510
800 542
800 652
800 773
800 819
836 553
836 31
836 33
836 145
836 146
836 161
836 234
836 235
836 257
836 270
836 376
836 546
836 550
836 633
836 634
836 656
836 657
836 662
836 728
836 738
836 742
836 897
836 903
852 553
852 20
852 31
852 145
852 146
852 215
852 221
852 234
852 235
852 257
852 270
852 284
852 290
852 300
852 321
852 343
852 376
852 431
852 446
852 546
852 585
852 587
852 630
852 633
852 634
852 683
852 757
852 788
852 812
852 846
852 897
885 661
885 530
885 780
885 482
902 260
902 169
902 802
902 65
902 83
902 221
902 267
902 290
902 609
902 623
902 663
902 678
902 691
902 707
902 767
902 803
902 874
77 873
77 101
77 237
77 474
77 489
237 37
237 101
237 394
489 873
489 333
489 628
873 12
873 458
873 530
873 717
873 784
873 795
873 854
16 191
16 195
16 514
16 553
16 579
16 746
16 784
170 514
170 553
170 371
170 261
170 289
170 161
185 80
185 528
185 24
185 224
185 567
185 589
185 616
185 623
185 669
185 755
185 801
185 812
185 858
185 881
235 553
235 290
235 616
235 105
235 146
235 157
235 257
235 300
235 343
235 446
235 536
235 633
235 678
235 809
369 445
369 535
369 746
369 784
369 32
369 86
369 323
369 652
369 724
369 812
443 528
443 656
616 260
616 46
616 784
616 558
616 864
616 858
616 881
616 546
616 95
616 149
616 157
616 208
616 220
616 257
616 270
616 282
616 421
616 471
616 594
616 647
616 678
616 728
616 760
616 780
858 178
858 371
858 558
858 51
858 58
858 42
858 86
858 128
858 251
858 409
858 433
858 468
858 560
858 755
858 812
20 80
20 83
20 352
20 528
28 642
76 261
76 83
76 352
76 210
76 559
76 652
76 773
210 104
210 261
210 83
210 352
210 808
210 623
210 663
210 150
210 348
210 461
210 559
210 652
251 550
251 448
251 70
251 540
251 645
251 760
336 706
336 655
336 699
336 161
336 174
336 879
371 260
371 178
371 598
371 553
371 42
371 86
371 221
371 261
371 289
371 381
371 468
371 567
371 612
371 623
371 705
371 757
371 773
371 862
371 863
500 263
500 150
500 597
500 578
500 242
500 683
558 434
558 182
558 275
558 286
558 319
558 331
558 548
558 589
558 625
558 778
558 844
757 260
757 80
757 612
757 683
773 826
773 607
42 169
42 553
42 289
42 83
42 352
42 88
42 107
42 119
42 153
42 221
42 468
42 663
42 691
83 88
83 277
83 314
83 352
83 461
83 559
83 663
83 678
83 808
263 808
263 306
263 313
263 510
263 542
263 568
263 663
263 799
323 903
433 409
663 111
663 287
663 408
663 510
663 782
663 799
31 33
31 71
31 272
31 290
31 437
31 585
31 717
31 788
31 897
43 464
43 80
43 362
43 368
43 752
43 777
44 401
44 98
44 203
44 662
44 776
44 796
98 776
134 260
134 389
134 180
146 621
146 600
146 729
146 71
146 437
146 550
146 295
146 480
146 95
146 149
146 214
146 446
146 633
146 670
146 703
146 780
146 830
146 875
158 6
158 51
158 58
158 293
158 317
158 368
158 445
158 499
158 564
158 662
158 707
158 738
158 842
158 854
238 300
238 745
238 376
238 764
375 640
375 13
375 277
375 512
375 586
375 726
389 8
389 142
389 331
389 358
389 398
389 530
389 618
389 682
389 723
389 724
389 879
401 21
401 738
480 810
480 598
480 579
480 768
480 58
480 437
480 585
480 788
480 897
480 550
480 313
480 649
480 234
480 266
480 446
480 701
480 863
480 903
582 837
582 481
582 759
582 805
582 815
582 337
582 860
598 14
598 92
598 141
598 142
598 149
598 152
598 286
598 353
598 354
598 420
598 446
598 585
598 649
598 729
598 752
598 761
598 768
598 788
598 844
598 875
662 613
662 635
662 526
662 615
662 699
746 612
796 376
796 612
6 57
6 260
6 391
6 445
6 535
6 564
6 613
6 635
6 661
6 706
58 445
58 24
58 85
58 128
58 306
58 409
58 863
80 260
80 249
80 51
80 362
80 578
86 808
86 567
86 607
86 755
107 270
107 346
107 863
128 326
128 409
128 422
161 706
161 879
174 706
174 879
270 553
270 546
270 728
270 282
270 612
306 352
306 808
306 150
306 607
314 706
314 826
314 730
355 19
355 261
355 289
355 468
355 607
355 808
355 826
355 863
385 21
409 445
409 326
409 807
445 150
445 178
445 189
445 387
445 895
514 635
514 189
514 191
514 104
514 366
514 553
514 578
514 615
514 666
514 792
540 528
540 803
540 130
540 267
579 260
579 169
579 647
579 778
579 797
623 408
623 631
623 755
623 803
623 850
655 706
655 52
682 19
682 150
682 460
682 612
682 699
682 812
699 706
699 250
699 785
699 883
699 904
699 147
699 560
699 707
706 366
706 553
706 608
706 612
706 681
706 808
706 819
706 879
706 894
803 707
803 895
819 826
819 681
863 169
863 553
863 104
863 261
863 289
863 153
863 346
863 730
12 46
12 209
12 386
12 495
12 621
12 640
12 747
12 872
75 46
75 747
75 350
75 567
121 135
121 46
121 386
121 747
121 51
121 678
121 719
368 169
368 249
368 747
368 29
368 362
368 325
368 397
368 432
368 436
368 550
368 567
368 752
368 809
368 874
368 904
386 169
386 249
386 46
386 29
386 190
386 518
386 737
386 747
386 752
425 249
425 747
425 698
425 29
425 432
425 862
436 732
436 809
436 378
436 874
518 13
518 730
518 784
518 795
685 785
685 777
747 135
747 46
747 621
747 29
747 51
747 224
747 340
747 362
747 719
747 752
747 768
747 820
752 249
752 46
752 195
752 190
752 362
752 432
752 775
904 362
904 526
57 135
57 89
57 523
57 530
57 564
79 564
79 640
79 494
79 672
79 430
79 523
79 150
79 89
79 277
79 285
79 417
79 490
79 596
79 608
79 735
89 135
89 564
89 296
89 523
89 545
89 285
89 417
89 490
89 596
89 608
89 735
97 635
97 366
97 523
97 150
97 198
97 526
97 772
198 135
198 189
198 494
198 296
198 594
198 349
198 442
285 415
285 523
285 417
285 490
285 596
285 608
285 735
296 679
296 640
296 51
296 594
296 731
296 899
417 564
417 523
417 490
417 596
417 608
417 735
463 135
463 594
463 737
490 523
490 596
490 608
490 735
523 564
523 635
523 640
523 494
523 672
523 768
523 430
523 545
523 596
523 608
523 735
545 135
545 621
545 640
545 108
545 672
545 51
545 862
545 344
545 110
545 462
545 677
545 817
564 108
564 640
564 735
596 640
596 88
596 608
608 735
640 243
640 679
640 135
640 51
640 54
640 239
640 449
640 458
640 462
640 538
640 726
640 899
672 135
672 14
672 51
672 195
672 442
672 552
672 677
862 600
862 32
862 886
862 458
862 475
862 816
208 546
208 678
208 257
208 282
208 157
208 592
398 458
398 475
661 260
661 363
661 477
724 760
724 618
724 723
724 894
767 565
816 635
816 55
816 632
816 45
816 70
816 100
816 337
816 359
816 382
816 481
816 548
816 759
816 818
816 831
816 883
333 504
51 135
51 189
51 24
51 110
51 421
51 430
51 594
51 897
243 513
243 524
243 679
243 899
292 340
292 479
292 674
292 720
313 391
313 886
313 45
313 93
313 175
313 505
313 818
421 881
421 431
621 135
621 189
621 49
621 148
621 149
621 175
621 176
621 295
621 356
621 428
621 453
621 600
737 209
813 549
813 892
190 784
190 168
190 70
190 220
190 286
190 446
190 458
190 768
190 845
190 856
190 881
376 334
376 300
376 745
376 127
376 842
391 85
391 92
391 298
391 615
391 635
397 801
526 168
738 635
738 189
738 366
738 446
745 837
745 132
745 320
784 260
784 85
784 220
784 758
784 778
784 795
784 875
513 679
513 899
679 524
135 4
135 14
135 46
135 166
135 176
135 260
135 372
135 494
135 786
176 13
176 678
524 789
600 189
600 400
600 14
600 32
600 48
600 148
600 149
600 157
600 175
600 220
600 240
600 279
600 286
600 338
600 356
600 366
600 453
600 487
600 606
600 641
600 645
600 729
600 815
600 866
600 875
600 897
899 449
13 108
13 494
494 260
494 562
494 694
789 497
46 29
46 516
46 546
46 719
46 856
4 166
4 532
4 650
4 896
166 52
166 247
166 393
166 434
166 532
166 650
532 430
532 650
532 740
650 542
650 740
896 277
896 442
896 562
896 677
896 701
260 171
260 193
260 274
260 286
260 298
260 363
260 437
260 446
260 453
260 546
260 548
260 594
260 645
260 647
260 669
260 680
260 809
260 866
260 881
260 890
372 45
786 340
786 719
52 594
52 150
52 247
52 403
52 740
247 594
434 7
430 881
430 403
430 462
740 108
740 528
740 403
740 317
740 350
740 542
542 580
542 108
542 150
542 403
542 60
542 597
277 497
442 110
442 677
562 316
5 388
388 119
388 221
388 321
388 717
388 782
388 874
388 897
388 903
119 289
119 717
119 221
119 520
119 705
119 782
221 729
221 290
221 717
221 897
221 145
221 188
221 446
221 705
221 782
221 903
321 585
321 244
321 630
321 631
321 664
321 725
321 830
717 290
717 897
717 903
782 290
782 691
782 215
782 903
874 290
874 897
874 550
874 691
897 49
897 71
897 272
897 585
897 149
897 215
897 244
897 343
897 446
897 550
897 630
897 631
897 633
897 664
897 725
897 830
897 843
897 903
903 729
903 585
903 145
535 24
535 122
535 652
535 728
535 894
535 895
613 707
635 93
635 133
635 319
635 334
635 382
635 439
635 475
635 484
635 537
635 606
635 646
635 733
635 881
635 893
817 189
817 150
817 60
817 453
817 597
817 614
817 866
817 875
293 400
293 209
293 168
293 768
293 26
293 274
293 465
293 570
293 638
293 649
293 669
293 778
317 766
317 886
317 403
317 236
317 628
317 854
317 900
499 780
499 466
854 175
854 628
854 898
171 778
171 484
193 286
193 45
193 338
193 422
193 439
193 722
274 195
274 503
274 680
274 727
274 465
286 32
286 331
286 283
286 45
286 149
286 257
286 282
286 295
286 413
286 654
286 680
286 780
298 85
298 422
298 881
437 195
437 272
437 157
446 189
446 729
446 290
446 283
446 631
446 157
446 431
446 234
446 612
446 846
446 890
453 189
453 864
453 150
453 60
453 72
453 149
453 780
453 866
453 876
546 553
546 290
546 95
546 149
546 157
546 220
546 257
546 282
546 300
546 647
546 728
546 760
546 780
546 809
548 619
548 55
548 632
548 481
548 194
548 456
548 831
645 387
645 580
645 864
645 736
645 881
645 114
645 411
645 478
645 486
645 248
645 538
645 875
645 252
645 668
647 760
647 678
647 257
647 282
647 149
647 780
647 311
647 795
669 168
669 869
669 451
669 768
669 509
669 778
669 126
669 224
669 315
669 465
669 690
669 801
669 824
669 844
680 729
680 331
680 90
680 780
809 802
809 290
809 585
809 475
809 324
809 728
809 507
809 758
809 343
809 239
866 864
866 283
866 597
866 72
866 149
866 175
866 242
866 304
866 569
866 733
866 875
881 249
881 864
881 101
881 45
881 95
881 114
881 229
881 248
881 422
881 478
881 486
881 646
881 668
890 729
890 578
352 886
352 559
352 808
808 101
808 366
808 559
808 568
808 607
808 652
808 799
284 411
567 468
567 516
589 654
85 597
92 155
92 869
615 48
615 175
615 612
150 108
150 886
150 60
150 597
150 770
150 792
178 578
178 895
189 7
189 72
189 149
189 155
189 168
189 224
189 240
189 334
189 638
189 760
189 893
387 249
387 70
387 95
387 101
387 114
387 248
387 283
387 525
387 533
387 580
387 605
387 753
387 759
24 698
652 261
652 728
652 348
728 279
728 53
728 324
728 149
728 157
728 207
728 257
728 282
728 538
728 601
728 678
728 865
894 779
108 60
108 310
108 597
108 886
93 595
93 687
133 509
133 448
133 105
133 845
319 32
319 186
319 749
319 832
334 169
334 53
334 73
334 142
334 211
334 324
334 353
334 420
334 479
334 483
334 507
334 601
334 606
334 727
334 749
334 758
334 770
334 834
334 884
382 565
382 729
382 481
382 155
382 162
382 194
382 240
382 426
382 435
382 533
382 560
382 651
382 753
439 45
439 601
439 851
439 853
475 48
475 149
475 383
475 609
475 749
475 780
484 182
484 671
484 794
537 325
537 123
537 588
606 727
606 678
606 780
606 591
646 249
646 478
646 770
733 729
733 864
893 729
893 478
477 797
785 29
883 517
883 481
883 70
883 102
883 525
883 240
883 338
889 194
889 426
889 560
889 575
366 29
553 191
553 81
553 461
553 642
553 664
553 666
553 799
612 290
612 557
7 117
7 271
7 309
7 380
7 713
117 259
117 380
117 876
271 155
271 711
271 713
309 200
309 259
309 713
380 259
713 422
713 509
713 521
713 870
259 169
876 279
72 760
149 400
149 729
149 283
149 448
149 760
149 257
149 220
149 240
149 780
149 820
155 870
155 61
155 448
155 295
155 215
155 760
155 770
168 400
168 17
168 23
168 105
168 126
168 291
168 364
168 451
168 570
168 638
168 690
168 743
168 845
224 101
224 458
224 413
224 498
224 844
240 481
240 831
240 625
240 411
240 229
240 426
240 780
638 400
638 869
638 768
638 539
638 814
760 95
760 130
760 220
760 257
760 282
760 780
711 595
711 114
200 521
200 802
200 422
200 315
32 283
32 718
45 619
45 405
45 649
45 722
45 778
291 23
597 886
597 60
597 310
768 23
768 451
768 736
768 250
768 354
768 413
768 758
768 778
768 880
795 220
795 422
795 844
795 575
801 126
801 534
801 440
801 844
844 250
844 188
844 197
844 891
845 400
845 105
845 188
845 275
845 743
851 182
509 451
509 105
509 315
521 61
521 279
521 87
521 315
521 595
521 629
870 595
595 525
595 114
595 668
595 687
8 226
8 400
8 739
226 739
226 743
400 345
400 465
400 780
739 743
743 886
743 345
142 202
142 353
331 169
331 26
331 87
331 465
331 534
358 290
358 691
618 95
618 478
618 486
618 723
723 220
723 798
345 105
465 727
465 880
465 182
465 364
465 534
780 678
780 282
780 175
780 601
169 37
169 315
169 364
169 481
169 483
169 505
169 539
169 694
169 695
169 744
169 749
169 771
169 799
169 815
415 233
415 695
766 505
766 744
766 783
766 900
37 48
37 38
37 101
315 310
315 824
364 741
481 55
481 632
481 100
481 337
481 525
481 625
481 759
481 831
481 860
483 53
483 538
483 834
505 504
505 181
505 744
505 771
505 783
505 790
539 727
695 233
744 47
744 504
744 181
744 771
744 783
744 790
749 610
749 698
749 53
749 324
749 420
749 538
749 727
749 834
771 504
799 810
799 381
815 837
815 805
815 177
225 432
249 95
249 362
249 411
249 486
249 736
362 29
362 432
882 257
882 282
515 702
515 769
515 54
584 420
584 507
584 762
783 504
900 886
565 162
565 194
565 312
565 426
565 533
565 560
565 575
580 70
580 95
580 252
580 478
580 486
580 525
580 538
580 668
580 712
580 753
619 55
619 102
619 456
619 831
837 320
837 525
837 759
837 860
55 610
55 22
55 605
55 632
55 831
90 778
209 301
209 332
209 497
209 538
209 641
209 880
301 666
301 411
301 510
301 656
301 853
538 101
538 265
538 702
538 478
538 486
538 248
538 252
538 641
538 668
95 736
95 101
95 114
95 257
95 282
95 411
95 478
95 486
95 811
411 821
411 668
411 709
411 853
486 101
486 525
486 114
486 478
486 252
486 438
736 23
736 101
736 114
736 248
736 778
70 100
70 102
70 312
70 525
70 625
70 818
101 114
101 248
101 413
101 438
101 458
101 478
101 660
101 748
101 838
101 875
114 248
114 492
114 551
114 668
283 718
525 632
525 102
525 492
525 533
525 641
525 753
525 793
525 838
525 853
533 312
533 194
533 359
533 426
533 435
533 753
605 100
605 603
605 625
753 312
753 625
753 294
753 860
759 100
759 349
759 805
194 517
194 426
194 560
194 575
426 560
426 575
560 575
575 435
575 878
252 478
252 668
478 668
668 492
712 245
102 517
102 100
456 610
831 337
831 359
831 467
831 625
438 660
320 587
860 649
860 625
11 810
29 340
516 202
719 350
250 611
250 105
250 188
250 294
250 342
250 359
250 778
250 841
451 23
451 105
451 126
451 258
451 354
451 440
778 195
778 440
841 188
841 781
578 81
578 346
578 666
578 792
641 838
641 793
641 853
106 678
239 458
239 732
239 814
360 53
360 324
360 73
360 147
360 207
360 211
360 507
378 732
507 802
507 324
507 420
507 73
507 211
507 207
563 38
563 141
563 458
563 581
563 588
581 105
758 802
758 324
758 211
698 727
145 886
145 290
145 325
145 550
145 234
145 657
325 33
325 234
325 550
325 657
325 843
359 338
359 130
458 48
458 154
550 33
550 788
550 234
550 657
657 843
657 234
657 830
725 49
725 585
725 244
413 404
49 215
49 244
49 561
49 585
49 630
49 631
49 788
175 729
175 395
175 898
295 48
295 418
295 424
428 354
428 690
428 487
54 629
54 702
54 769
60 310
60 460
886 19
886 512
678 729
678 157
678 282
195 26
290 71
290 272
290 130
290 234
290 244
290 343
290 561
290 585
290 630
290 631
290 664
290 704
290 788
290 830
591 727
727 73
727 674
727 741
727 834
727 865
729 448
729 603
729 704
729 814
141 265
141 588
152 824
353 324
353 420
354 534
354 824
420 53
585 561
585 631
649 878
788 561
875 279
875 304
48 38
48 344
48 395
48 531
48 654
157 105
157 349
220 864
220 257
220 282
279 61
279 35
279 126
279 629
338 100
338 625
47 790
130 629
130 177
130 342
61 763
191 104
191 461
104 19
104 461
104 510
104 826
26 139
666 792
792 568
81 153
664 631
468 153
17 611
611 833
23 160
105 405
105 188
105 197
105 418
105 431
126 65
126 534
690 186
610 22
610 632
763 632
802 65
344 531
344 549
344 892
395 123
395 898
531 549
531 892
654 599
444 223
534 440
741 160
304 346
510 691
510 215
510 287
510 656
510 764
629 265
261 19
261 289
261 348
289 691
289 826
705 111
625 337
22 517
22 632
603 100
65 405
691 287
691 764
19 826
257 282
257 343
343 830
633 431
656 153
656 324
656 823
215 244
215 287
234 843
300 66
300 127
431 418
517 100
160 230
197 653
197 891
328 246
66 199
181 504
181 790
188 891
265 617
265 790
265 791
139 214
186 770
506 824
33 272
33 843
71 821
272 843
821 853
853 838
853 492
853 793
702 769
769 503
769 790
832 154
832 269
588 144
790 791
73 324
73 211
211 324
324 153
324 147
324 720
324 834
153 346
153 823
111 167
287 764
287 410
764 127
203 776
878 651
418 670
383 583
403 67
720 674
492 793
674 374
435 508
653 765
