470
215
432
593
691
487
333
307
137
499
438
261
656
60
19
643
344
567
336
18
347
622
90
214
64
397
275
281
402
519
513
489
125
72
587
495
509
481
30
596
356
684
122
230
340
171
78
590
367
308
179
682
631
598
424
286
452
388
355
173
283
189
609
484
363
263
645
589
658
687
554
548
671
398
37
610
345
327
662
3
685
413
623
352
207
328
353
640
136
444
237
601
276
592
167
395
166
407
186
669
306
67
428
294
371
250
296
472
288
692
514
492
185
612
674
285
264
349
599
331
582
480
636
162
539
648
418
312
348
501
190
528
569
570
561
188
538
458
178
112
76
337
705
265
621
299
646
566
695
10
537
106
392
565
34
644
315
603
57
267
205
606
412
134
465
581
654
375
500
588
401
696
573
365
376
290
319
536
429
291
12
454
461
580
614
385
556
282
516
260
364
144
208
138
482
542
707
326
511
399
497
694
172
439
689
479
235
650
523
518
143
471
558
