70
245
314
190
8
5
344
129
363
125
370
101
210
89
63
48
325
266
134
315
29
62
132
295
73
247
51
95
365
367
53
163
21
96
80
197
354
118
232
168
141
286
10
366
103
338
74
131
239
374
98
153
333
307
88
113
377
236
237
202
140
57
124
2
347
14
254
161
269
375
289
251
75
282
7
68
332
284
215
328
234
84
158
41
188
116
283
264
256
209
166
135
99
193
290
83
24
30
265
152
177
165
376
194
329
154
238
22
213
107
335
167
345
189
39
235
255
162
121
308
371
220
50
216
331
287
378
23
142
219
350
133
173
249
330
112
327
40
198
130
81
362
262
69
87
94
349
319
230
15
218
97
47
250
355
67
6
169
353
52
224
4
49
348
212
144
304
54
253
34
26
252
92
352
231
42
257
172
72
3
156
175
109
176
351
263
217
178
200
