124
97
414
422
634
110
187
77
18
62
418
79
628
615
30
679
248
58
337
123
209
194
624
583
374
547
553
69
220
229
90
286
444
465
512
347
149
425
372
51
301
98
625
39
319
300
82
304
636
505
105
660
60
190
631
509
484
405
294
168
143
340
635
260
31
386
246
315
131
222
265
408
458
121
112
172
12
353
0
40
125
457
114
136
34
208
219
299
354
498
237
186
481
633
582
325
202
334
66
534
133
614
65
137
695
67
11
429
580
48
665
122
89
569
251
70
292
166
213
266
632
499
144
235
228
439
329
317
155
139
165
203
241
326
424
113
379
170
385
50
138
160
