597
220
400
631
397
65
329
518
240
459
504
436
489
612
171
402
443
595
509
449
173
455
524
260
22
303
265
417
517
539
78
325
27
536
421
628
194
463
75
143
42
564
336
102
133
426
445
29
4
76
308
618
217
350
462
361
318
81
235
381
106
226
601
607
320
89
370
64
422
527
293
37
275
669
488
633
413
285
12
181
319
476
606
377
585
619
304
415
364
356
634
124
50
186
66
492
209
237
457
338
84
24
40
593
23
460
231
401
54
229
648
121
389
620
335
399
21
192
388
176
244
424
552
482
273
307
137
214
616
366
444
351
699
470
645
447
685
495
500
317
529
520
268
680
105
354
371
77
543
169
107
305
92
175
51
390
172
532
126
541
665
246
472
369
223
322
419
386
264
519
153
334
574
516
505
456
344
69
684
57
327
387
659
358
139
161
471
689
408
391
374
58
314
90
219
188
583
576
604
567
95
688
565
134
198
39
112
53
204
690
162
201
450
103
448
128
698
38
478
598
160
407
113
701
86
61
152
650
326
168
10
35
357
420
165
36
398
279
25
257
34
177
228
372
487
644
359
425
635
91
215
404
475
123
122
614
158
0
375
180
403
276
535
577
544
441
59
79
625
588
286
602
705
569
119
627
189
661
147
155
353
651
700
530
626
474
182
481
73
99
108
433
85
525
43
56
212
116
360
2
140
129
423
528
241
533
48
467
703
540
610
156
706
515
405
494
148
263
658
131
499
80
255
109
559
267
712
28
411
157
274
136
232
49
477
378
262
41
164
589
537
430
485
296
213
667
376
461
453
339
367
591
693
513
605
299
440
315
480
254
687
581
493
266
660
384
331
394
464
414
210
683
473
183
561
545
496
711
594
32
465
632
11
538
187
646
562
110
208
573
428
491
312
682
291
313
611
130
328
33
98
582
613
190
707
674
663
289
363
409
383
287
566
630
621
30
87
72
704
483
211
497
117
702
531
283
207
101
373
558
563
592
522
60
396
1
174
429
125
673
337
395
584
580
96
590
410
454
82
93
623
446
348
272
238
624
324
438
568
206
486
6
196
534
26
695
333
523
151
185
622
469
662
222
159
560
9
340
97
656
385
278
609
221
115
111
670
352
202
233
479
62
46
458
295
442
572
120
269
