6
9
177
1
2
3
174
142
242
20
249
237
111
150
90
43
102
268
0
71
317
272
285
19
185
152
163
246
26
104
236
131
92
155
59
40
60
298
33
158
275
157
130
4
262
106
45
308
244
12
190
143
135
5
83
129
260
110
24
274
133
257
165
72
65
8
96
153
38
228
226
217
25
27
50
117
263
11
31
259
7
191
108
32
309
54
232
178
234
304
301
89
170
126
256
293
323
74
67
73
265
240
82
105
101
57
218
136
297
258
85
41
248
292
316
183
70
182
94
233
230
107
324
56
76
266
119
227
125
205
42
93
302
95
123
134
103
201
187
120
231
112
22
139
204
199
160
122
197
159
137
315
235
200
21
121
224
36
98
193
124
209
97
