180
197
288
216
308
50
121
175
282
38
242
78
80
150
320
146
54
53
157
55
110
219
141
34
226
312
151
321
128
85
112
192
177
171
49
39
253
156
21
33
45
57
74
229
202
225
106
42
232
81
193
44
317
143
124
186
280
1
285
111
46
93
6
123
309
9
37
233
117
187
113
13
292
31
235
254
64
245
101
188
248
263
258
179
59
122
18
315
221
206
198
67
159
287
96
65
43
310
28
174
318
184
214
69
99
172
319
127
132
160
228
276
7
24
217
256
5
302
209
176
32
103
71
269
178
72
94
3
204
306
8
281
239
289
247
104
168
243
118
52
82
182
183
91
139
125
291
322
284
79
211
131
220
68
63
115
295
234
119
231
116
246
307
