622
705
136
711
382
303
430
678
602
225
618
564
587
628
236
397
54
679
401
730
381
461
786
311
240
748
659
783
91
304
189
353
719
250
726
325
87
453
956
205
668
306
11
30
518
371
495
137
929
510
591
806
782
265
957
193
513
481
884
161
902
322
234
658
492
581
436
68
509
113
960
40
745
703
351
393
125
682
556
539
912
494
831
246
80
813
169
565
5
215
121
170
157
359
746
176
848
232
29
277
555
65
896
821
551
33
374
434
675
416
222
247
779
206
729
386
266
424
900
500
409
102
323
499
837
610
463
152
961
37
822
832
105
478
753
760
296
759
879
132
635
584
407
310
680
808
66
740
480
790
537
605
110
660
134
631
767
768
483
491
24
469
305
866
74
833
320
179
575
328
816
554
508
937
412
73
251
571
724
647
329
399
98
878
592
321
754
875
183
259
666
466
319
503
728
115
155
293
606
344
387
858
578
674
874
531
92
842
616
86
844
594
248
127
609
220
372
545
667
595
442
27
93
457
165
223
597
368
651
398
34
550
192
868
488
28
514
280
997
244
173
802
737
43
846
493
731
309
252
153
191
607
852
279
425
735
106
158
197
272
428
465
449
489
49
600
576
562
19
100
476
624
663
652
798
57
893
342
704
263
25
490
204
561
96
360
558
282
563
367
468
17
520
634
637
108
623
732
947
450
519
347
6
694
521
403
446
867
154
721
471
629
547
733
911
485
504
107
420
218
599
164
800
598
670
214
477
219
611
916
326
275
538
318
373
79
285
633
274
75
346
356
823
720
245
317
56
268
315
467
774
526
231
172
589
414
596
99
862
876
803
992
112
78
588
233
324
734
506
400
498
787
615
722
417
577
413
88
502
815
156
530
710
880
905
270
44
239
580
716
313
532
226
241
391
352
904
747
190
133
97
300
421
366
838
736
335
200
739
889
789
175
662
295
81
923
199
181
350
9
741
505
58
348
209
111
886
299
187
50
168
83
435
877
338
129
528
185
548
593
273
148
963
51
873
394
590
553
281
109
243
163
89
264
286
383
94
765
395
128
677
122
404
333
101
208
201
396
363
334
238
567
455
903
114
444
388
608
708
15
14
415
541
253
462
464
283
174
140
194
646
533
284
146
459
331
752
308
426
362
184
141
603
82
460
429
784
546
343
262
766
841
643
437
35
549
26
330
255
210
583
289
47
180
516
636
713
278
95
196
999
517
501
458
312
178
431
242
339
316
507
936
892
349
314
650
709
864
712
271
16
171
119
307
642
470
358
601
77
227
771
139
147
845
345
104
857
389
776
48
7
693
249
64
552
839
582
182
718
644
820
612
256
45
20
617
645
207
827
443
920
540
871
681
927
654
213
445
332
980
120
143
