105
47
488
287
330
101
618
149
117
600
233
770
417
176
139
450
715
323
628
213
264
384
401
767
514
491
48
832
5
830
286
419
800
949
595
534
861
756
527
211
366
357
755
114
932
846
245
68
405
580
406
673
216
361
125
2
208
308
676
256
103
763
21
219
639
523
148
518
163
364
542
769
427
156
479
422
779
267
195
303
57
553
860
608
685
501
337
225
328
478
365
537
443
476
204
754
638
44
730
635
209
272
59
13
207
240
869
425
42
41
221
177
420
248
395
230
134
438
409
386
840
670
18
937
510
133
14
592
93
336
910
423
193
17
605
296
45
566
23
257
261
556
190
362
894
76
866
91
844
965
11
811
356
399
821
322
902
974
548
1002
199
923
492
295
164
724
812
636
688
309
298
324
975
687
255
192
842
686
568
138
373
179
223
167
828
155
964
90
333
189
106
381
143
996
649
437
439
0
757
382
84
1
16
185
277
112
203
513
808
655
807
385
145
300
536
100
640
268
413
129
158
576
10
144
102
991
497
525
1001
541
237
135
897
793
108
916
197
217
27
183
136
107
120
700
116
222
157
252
67
693
43
868
305
79
392
852
873
642
311
558
776
58
359
458
682
9
168
229
232
390
346
282
469
675
375
231
810
475
648
73
15
434
995
885
782
227
181
180
140
40
63
760
22
962
104
74
402
509
178
466
273
494
886
741
575
634
447
838
358
560
561
456
335
153
56
122
4
87
429
581
751
171
310
249
633
665
276
725
26
7
166
704
765
699
783
126
72
611
698
474
535
764
606
500
239
369
184
182
39
293
161
398
327
862
663
78
426
787
831
238
660
819
260
220
278
137
887
802
589
562
747
201
224
50
124
269
503
569
737
610
20
241
907
785
370
477
65
33
418
321
788
160
210
123
407
31
36
121
64
374
464
