240
118
316
165
30
304
131
46
221
282
154
87
233
159
161
287
300
250
178
129
169
298
312
29
109
24
125
94
61
12
263
320
296
291
278
265
185
99
31
275
260
191
209
47
45
247
108
52
294
171
307
82
314
62
195
229
137
186
277
66
309
115
141
253
293
323
157
313
10
93
143
147
227
102
73
183
142
39
49
0
16
152
273
158
317
20
164
105
184
145
57
238
48
63
249
65
230
144
187
19
190
67
126
279
170
286
103
3
302
310
58
41
248
189
113
202
71
228
194
220
133
135
241
262
44
199
124
121
264
59
85
28
216
308
188
213
173
43
167
136
106
120
232
243
201
68
148
92
117
192
151
89
54
70
196
245
172
252
168
276
75
56
197
203
174
235
72
9
123
295
90
38
255
21
128
269
239
324
1
146
217
315
175
5
222
122
256
179
80
181
200
153
36
77
119
212
100
272
163
26
284
51
138
176
13
215
40
139
288
132
101
60
225
234
207
81
37
7
231
79
64
290
4
25
321
32
283
116
