597
269
718
147
600
654
415
486
477
50
146
867
566
190
182
573
302
102
619
326
595
13
484
861
725
510
736
400
813
967
352
371
343
890
416
151
745
946
789
526
64
528
716
860
917
435
688
444
982
689
562
663
563
43
735
672
216
87
162
118
94
594
406
962
358
507
367
986
868
540
366
53
833
628
511
928
308
981
829
590
876
555
111
89
869
708
542
78
225
575
739
191
877
581
656
398
259
214
539
275
808
178
822
461
782
341
742
169
775
197
412
476
580
683
659
543
862
212
579
908
233
920
679
393
173
152
346
239
931
327
452
926
205
445
824
364
446
100
557
987
916
955
584
306
675
571
851
46
984
187
816
316
588
60
991
15
910
48
845
193
525
806
150
523
37
515
107
394
92
266
794
288
468
686
126
763
80
5
941
827
810
252
951
424
713
696
881
800
662
496
599
753
69
149
421
748
153
875
440
250
887
897
536
653
551
883
123
297
67
206
183
465
10
587
627
337
198
610
284
957
296
577
512
578
475
39
368
922
731
703
85
721
133
673
335
249
1
809
489
463
273
717
211
220
19
657
567
777
124
448
637
668
136
846
303
583
873
616
135
691
811
12
262
231
607
631
998
8
218
556
677
632
71
804
741
660
164
201
909
110
517
105
674
954
513
503
278
277
163
765
706
666
905
699
27
901
381
912
670
276
265
377
256
902
447
59
42
45
491
3
338
618
546
257
776
287
506
684
141
251
221
514
305
407
332
156
701
751
36
134
592
977
850
329
727
320
617
18
797
264
321
76
844
357
529
387
294
614
242
260
863
640
96
245
434
545
401
648
767
740
112
196
261
707
768
72
661
961
676
34
598
859
33
527
992
572
128
339
441
402
895
237
330
16
521
108
179
154
399
307
857
333
835
155
425
781
879
635
0
411
184
323
248
843
605
975
373
336
842
722
638
978
793
457
268
630
73
258
798
137
349
839
611
795
300
88
200
395
474
314
944
427
31
289
915
385
171
115
342
340
841
783
219
959
854
770
99
601
356
799
11
331
907
678
615
958
408
433
57
209
530
131
872
295
988
185
192
456
21
313
213
405
423
894
784
114
541
208
319
454
247
54
241
471
236
680
622
899
428
304
98
550
310
553
56
450
168
138
694
62
878
945
44
420
86
983
896
990
292
204
458
642
892
363
120
140
715
372
91
347
726
932
803
58
593
711
255
404
254
771
32
493
864
620
682
166
609
943
791
558
994
732
747
127
449
778
90
802
464
82
497
232
564
84
940
181
322
796
238
645
730
494
821
629
752
480
712
501
167
589
643
693
143
537
309
20
199
70
495
853
687
51
548
97
77
652
591
534
165
271
729
223
422
2
109
814
451
509
644
831
889
671
1000
350
317
63
744
790
293
174
79
888
565
966
923
41
561
25
234
836
596
106
655
634
324
518
606
66
403
40
103
602
603
298
365
383
360
918
222
488
29
547
311
348
180
582
720
936
453
410
891
964
467
217
524
817
6
500
280
359
390
807
482
362
483
28
641
23
947
226
737
439
345
74
132
291
230
386
968
823
498
431
270
633
639
7
549
871
122
354
312
24
437
469
466
101
756
939
65
516
75
499
825
746
490
719
624
145
125
459
838
379
535
396
83
95
17
664
554
30
815
382
927
325
973
858
158
139
478
272
148
376
733
667
432
754
370
35
665
426
378
282
194
26
9
855
443
649
695
113
870
215
788
479
997
965
924
886
68
274
279
130
532
253
487
650
481
290
299
849
195
508
504
263
462
369
805
786
785
828
533
361
175
104
505
429
315
734
636
409
455
704
413
380
692
787
52
724
623
690
142
774
780
93
759
999
438
760
22
210
81
531
285
157
414
121
880
898
202
522
119
159
852
328
375
769
392
502
374
697
669
709
161
240
885
574
436
492
779
384
55
172
470
911
832
391
485
612
460
286
700
820
956
840
723
538
882
243
189
283
681
353
170
227
267
61
244
203
4
728
129
38
750
417
246
576
969
893
608
749
570
552
207
318
186
14
710
224
856
658
837
47
646
980
685
647
430
49
963
334
281
351
866
