0 22
0 131
0 293
0 354
1 9
1 28
1 67
1 152
1 159
1 230
1 249
2 60
2 148
3 4
3 83
3 133
3 290
3 348
4 70
4 83
4 133
4 156
4 165
4 217
4 232
4 289
4 290
4 348
5 37
5 63
5 74
5 85
5 87
5 129
5 145
5 268
5 332
5 362
5 370
6 137
6 251
7 248
7 264
7 315
7 339
8 174
8 307
8 340
9 28
9 67
9 150
9 152
9 159
9 171
9 189
9 230
9 249
9 252
9 263
10 25
10 90
10 117
10 148
10 179
10 297
10 303
11 31
11 44
11 51
11 109
11 123
11 142
11 212
11 229
11 237
11 262
11 278
11 365
12 61
12 82
12 127
12 163
12 227
12 248
12 260
12 338
12 339
12 351
13 270
14 106
14 132
14 162
14 258
14 285
14 360
15 323
15 376
16 69
16 146
16 368
17 369
18 108
18 138
19 121
19 128
19 203
19 220
19 270
19 274
19 276
19 367
20 32
20 84
20 130
20 215
20 328
20 351
21 248
21 305
21 339
22 131
22 293
22 354
23 31
23 118
24 258
24 285
25 89
25 117
25 148
25 332
26 64
26 102
26 135
26 206
27 193
27 251
27 310
27 374
28 64
28 65
28 67
28 116
28 150
28 152
28 159
28 171
28 189
28 201
28 206
28 230
28 249
28 252
28 263
28 314
29 39
29 51
29 71
30 137
30 239
30 369
31 43
31 88
31 98
31 109
31 111
31 118
31 191
31 192
31 196
31 257
31 317
31 354
32 84
32 96
32 130
32 215
32 260
32 281
32 328
32 351
33 197
33 230
33 335
33 357
33 373
34 115
34 302
35 200
35 271
36 143
36 219
36 258
36 285
37 63
37 74
37 85
37 87
37 129
37 145
37 268
37 332
37 362
37 370
38 341
39 51
39 71
40 109
40 348
41 86
41 97
41 182
41 298
42 151
42 227
42 319
42 377
43 88
43 354
44 51
44 95
44 123
44 142
44 212
45 46
45 250
45 253
45 354
45 372
46 250
46 253
46 354
46 372
47 212
48 121
49 177
49 184
49 217
49 265
50 360
51 71
52 128
52 291
53 64
53 211
53 317
54 125
54 134
54 148
55 241
55 246
55 269
56 136
56 148
56 247
57 241
57 269
57 319
57 352
57 377
58 86
58 200
58 256
58 287
59 103
59 342
60 148
61 163
62 116
62 221
63 74
63 85
63 87
63 129
63 145
63 268
63 332
63 362
63 370
64 65
64 102
64 135
64 140
64 157
64 171
64 201
64 206
64 211
64 282
64 302
64 314
64 317
64 331
64 333
64 359
65 116
65 171
65 201
66 325
66 326
66 355
67 152
67 159
67 171
67 173
67 230
67 249
67 350
68 190
68 246
68 277
68 375
69 116
69 337
69 368
70 156
70 290
70 348
72 98
72 217
72 265
73 117
73 144
74 85
74 129
74 145
74 268
75 299
75 336
75 339
75 346
76 216
76 228
76 237
76 301
77 109
77 376
78 248
78 339
79 178
79 195
79 218
79 225
79 266
80 172
80 183
80 312
80 340
81 88
82 260
82 351
83 290
83 348
84 130
84 215
84 328
84 351
85 129
85 145
85 268
86 97
86 182
86 200
86 256
86 287
86 298
87 129
87 370
88 109
88 111
88 191
88 233
88 236
88 257
88 316
88 317
88 354
89 117
89 148
89 332
90 179
91 147
91 164
91 208
91 209
91 260
91 308
91 309
91 327
92 108
92 138
92 279
92 334
93 348
93 361
94 148
96 231
96 254
96 260
96 296
96 351
97 182
97 298
98 109
98 122
98 187
98 196
98 217
98 232
98 265
98 321
98 329
99 179
100 237
101 128
101 158
101 227
101 300
102 135
102 140
102 206
102 211
102 333
103 265
103 342
104 138
104 356
105 325
105 326
105 339
105 355
106 132
106 162
106 258
106 285
106 360
107 175
107 198
107 200
107 227
107 248
107 284
107 315
107 339
108 138
108 279
108 283
108 334
109 111
109 124
109 170
109 196
109 285
109 290
109 317
109 348
109 376
110 185
110 355
111 290
111 317
111 348
112 121
112 296
113 168
113 186
113 213
113 255
113 265
113 267
114 116
114 221
114 368
115 176
115 261
115 302
116 221
116 337
116 368
117 144
117 148
117 244
117 332
118 161
118 222
118 320
118 366
119 274
119 341
120 226
120 275
120 359
121 234
121 270
121 296
122 329
123 142
123 212
124 170
124 285
125 134
125 148
126 339
127 227
127 339
127 365
128 158
128 220
128 227
128 242
128 245
128 270
128 291
128 294
128 295
128 300
128 347
129 145
129 268
129 370
130 215
130 328
130 351
131 250
131 293
131 354
132 162
132 258
132 285
132 360
133 290
133 348
134 148
135 206
135 359
136 148
136 247
137 138
137 148
137 238
137 239
137 240
137 243
137 251
137 272
137 281
137 369
138 238
138 279
138 283
138 334
138 356
139 188
139 318
139 348
140 211
140 333
141 227
141 377
142 212
142 278
142 365
143 285
145 268
146 368
147 208
147 209
147 260
147 308
147 309
148 166
148 167
148 169
148 179
148 199
148 246
148 247
148 285
148 292
148 297
148 322
148 332
148 349
148 377
149 227
149 248
149 338
149 339
149 353
150 263
151 227
151 319
151 377
152 159
152 230
152 249
153 227
153 248
153 339
154 317
154 378
155 197
155 224
155 259
155 358
156 290
156 348
158 227
158 242
158 245
158 300
159 230
159 249
160 300
160 319
160 352
161 222
161 320
161 366
162 258
162 285
162 360
164 308
165 217
167 377
168 265
169 297
170 285
171 201
172 183
172 312
172 340
173 350
175 198
175 200
175 227
175 248
175 284
175 315
175 339
176 261
176 302
177 184
177 217
177 265
177 377
178 195
178 218
178 225
178 266
179 303
180 223
180 297
181 350
182 298
183 203
183 273
183 312
183 340
184 217
184 265
184 377
185 355
186 213
187 321
188 318
188 348
189 252
190 246
190 277
191 257
192 317
192 378
193 251
194 217
194 235
195 225
196 236
197 224
197 230
197 259
197 335
197 357
197 358
197 373
198 200
198 227
198 248
198 284
198 315
198 339
199 297
199 377
200 227
200 248
200 256
200 271
200 274
200 284
200 287
200 313
200 315
200 339
201 206
201 314
202 324
202 339
202 371
203 270
203 273
204 274
204 339
205 317
205 378
206 282
206 314
206 359
207 213
207 330
207 363
208 209
208 260
208 308
208 309
209 260
209 308
209 309
209 327
210 285
211 317
211 333
213 330
213 363
214 323
214 376
215 328
215 351
216 228
216 237
217 232
217 235
217 265
217 289
218 225
218 266
219 285
220 242
220 245
220 270
221 368
222 320
222 366
223 297
224 259
224 358
225 266
225 332
226 275
226 359
227 242
227 245
227 248
227 284
227 295
227 304
227 315
227 319
227 338
227 339
227 345
227 353
227 377
228 237
229 237
229 262
229 344
229 365
230 249
230 335
230 357
230 373
231 296
231 351
232 265
232 289
233 316
233 317
237 365
238 240
238 272
239 369
240 272
241 246
241 269
241 319
241 352
241 377
242 245
242 294
242 347
245 294
245 347
246 269
246 277
246 364
246 375
248 264
248 274
248 284
248 305
248 313
248 315
248 338
248 339
248 345
248 353
250 253
250 354
250 372
251 310
251 374
253 354
253 372
254 351
256 287
258 285
258 360
259 358
260 286
260 308
260 309
260 351
261 302
264 315
264 339
269 319
269 352
269 377
270 274
270 276
270 367
274 313
274 339
274 341
275 359
278 365
279 334
280 285
280 311
281 351
282 314
283 334
284 315
284 339
285 311
285 360
286 351
288 325
288 326
288 355
290 348
292 349
293 354
296 351
299 336
299 339
299 346
300 319
300 352
302 306
302 331
304 339
304 345
305 339
307 340
308 309
308 327
310 374
312 340
313 339
315 339
316 317
316 343
317 343
317 378
318 348
319 352
319 377
320 366
323 376
324 371
325 326
325 339
325 355
326 339
326 355
328 351
330 363
332 362
335 357
335 373
336 339
336 346
337 368
338 339
338 353
339 345
339 346
339 353
339 355
348 361
352 377
354 372
357 373
