31
104
107
17
273
318
238
308
66
313
376
151
338
331
235
20
14
13
363
317
39
79
65
299
135
3
248
110
170
145
6
372
171
355
94
261
142
29
130
124
329
356
16
326
141
166
126
117
262
323
374
211
256
270
48
55
202
0
144
75
370
28
239
57
371
260
143
312
339
46
322
346
293
45
102
216
40
178
365
131
78
179
115
337
366
127
228
21
236
185
4
103
352
353
330
300
320
200
245
198
280
59
237
333
132
112
269
133
306
208
167
147
297
109
319
204
220
354
5
234
25
296
194
114
203
9
303
116
373
44
247
113
64
106
249
219
96
309
357
174
146
125
129
321
230
128
159
58
358
360
375
82
351
43
188
258
367
50
298
244
168
206
67
325
324
177
72
195
264
15
134
201
149
257
176
41
359
334
343
332
56
123
233
99
51
7
23
12
175
