0 11
0 49
0 80
0 117
11 17
11 49
11 117
49 10
49 117
80 35
17 31
17 173
17 52
17 187
17 74
17 118
17 152
10 33
10 116
10 187
35 164
1 31
1 94
1 147
1 183
31 52
31 94
31 118
31 127
31 138
31 183
31 191
94 32
94 138
94 147
94 174
147 32
147 74
147 96
147 101
147 150
147 174
147 185
147 203
183 45
183 118
183 127
52 7
52 118
52 153
52 187
118 187
118 74
118 45
118 127
118 138
118 174
127 173
127 74
127 92
127 96
138 188
138 185
138 108
138 148
138 174
138 202
191 152
191 202
32 185
32 109
32 98
32 67
32 115
32 174
32 203
174 202
74 14
74 36
74 45
74 92
74 96
74 101
74 178
96 101
96 92
101 153
101 14
101 36
101 19
101 73
101 78
101 114
101 119
101 132
101 143
101 148
101 172
101 178
101 195
101 206
150 173
150 7
150 153
150 157
150 185
150 203
185 173
185 7
185 153
185 53
185 67
185 98
185 108
185 109
185 155
185 178
185 190
185 203
203 177
203 67
203 155
203 190
45 173
45 187
45 211
2 30
2 58
2 60
2 106
2 110
2 173
2 177
2 204
2 207
30 58
30 93
30 110
30 207
58 40
58 47
58 60
58 79
58 93
58 95
58 110
58 207
58 210
60 79
60 95
60 124
60 177
60 207
106 20
106 29
106 64
106 72
106 85
106 100
106 102
106 157
106 171
106 177
106 204
106 209
110 207
173 7
173 73
173 95
173 124
173 153
173 177
173 188
173 207
177 13
177 64
177 72
177 78
177 95
177 102
177 124
177 158
177 204
177 209
177 210
204 72
204 85
204 139
204 157
207 5
207 66
207 79
207 95
207 115
93 175
40 5
40 50
47 8
47 66
47 84
47 90
47 145
47 170
79 95
79 115
95 13
95 64
95 85
95 100
95 102
95 115
95 210
210 13
210 102
210 209
210 190
124 188
124 153
124 8
124 84
124 16
124 145
124 170
20 29
20 72
20 85
20 100
20 157
29 72
29 85
29 100
29 157
64 102
64 209
64 85
64 100
64 171
72 85
72 100
72 157
72 158
85 102
85 209
85 100
85 109
85 129
85 157
85 158
85 171
100 157
102 13
102 171
102 209
157 139
171 209
171 114
209 13
209 68
209 109
209 129
209 158
7 153
73 43
73 61
73 62
73 36
73 78
73 104
73 141
153 114
188 3
188 48
188 122
188 131
188 136
188 16
188 76
188 78
188 90
188 109
188 119
188 135
188 143
188 152
188 154
188 163
188 182
188 193
188 202
188 208
78 122
78 193
78 61
78 16
78 76
78 119
78 178
78 109
78 163
78 186
78 208
158 197
158 68
158 139
139 155
139 86
139 129
5 50
66 90
66 194
115 107
3 22
3 48
3 111
3 122
3 128
3 131
3 136
3 137
3 181
3 193
22 56
48 131
48 136
48 154
48 193
111 56
111 99
111 169
122 14
122 16
122 46
122 69
122 70
122 76
122 77
122 82
122 103
122 119
122 131
122 136
122 154
122 163
122 193
122 208
128 18
128 76
128 125
128 137
128 154
128 196
128 208
131 136
131 137
131 193
136 53
136 69
136 77
136 82
136 119
136 143
136 193
136 198
137 57
137 63
181 56
181 83
181 90
181 197
193 46
193 53
193 59
193 69
193 70
193 76
193 77
193 82
193 98
193 119
193 154
193 163
193 198
193 202
193 208
193 211
56 24
154 16
154 76
154 103
154 37
99 6
99 23
99 26
99 91
99 112
99 125
99 130
99 163
99 192
99 196
169 125
169 24
14 182
14 16
14 36
14 69
14 76
14 103
14 119
14 143
14 166
14 172
14 178
14 206
16 18
16 34
16 46
16 76
16 103
46 76
46 103
46 206
46 18
46 34
46 88
69 53
69 70
69 77
69 82
69 119
69 143
69 198
69 206
70 119
70 143
70 77
70 82
76 125
76 18
76 34
76 103
76 119
76 163
76 208
77 119
77 53
77 202
82 119
82 59
82 65
82 168
82 53
82 81
82 144
82 198
103 18
103 34
103 206
119 53
119 143
119 163
119 198
119 206
119 208
163 196
163 26
163 91
163 42
163 44
163 120
163 162
163 192
163 208
18 125
18 206
18 63
18 88
125 6
125 23
125 112
125 24
125 34
125 130
125 196
196 6
196 23
196 112
196 130
196 24
196 57
196 91
196 192
53 143
53 98
53 198
143 152
143 198
143 206
57 146
57 63
57 24
57 65
57 162
57 176
57 201
63 104
63 141
63 160
83 37
83 165
90 182
90 37
90 135
90 165
90 180
90 194
90 197
197 61
197 41
197 51
197 71
109 55
109 36
109 114
109 148
109 21
109 67
109 129
109 161
109 186
135 37
135 134
152 33
152 116
152 211
182 8
182 38
182 166
182 172
182 211
59 149
59 200
59 15
59 86
59 107
59 142
59 159
98 178
98 148
98 28
98 65
98 168
211 187
4 6
4 43
4 55
4 61
4 87
4 89
4 149
4 200
4 212
6 23
6 55
6 61
6 87
6 130
6 149
6 200
6 212
43 55
43 61
43 62
43 89
43 121
43 126
43 200
43 205
55 61
55 87
55 89
55 149
55 200
55 212
61 9
61 36
61 89
61 126
61 151
61 178
61 200
61 212
87 149
87 200
87 212
89 200
149 15
149 200
149 212
200 19
200 25
200 114
200 195
200 212
212 19
212 25
212 114
212 195
23 112
23 130
130 112
130 91
62 12
62 126
121 205
126 12
126 167
126 189
205 159
9 151
36 21
36 114
36 186
178 19
178 108
178 142
178 148
178 186
15 146
19 25
19 108
19 114
19 123
19 142
19 148
19 156
19 195
25 114
25 148
25 156
25 195
114 172
114 108
114 21
114 67
114 148
114 156
114 186
114 195
195 172
195 148
195 156
195 132
195 161
112 91
26 91
26 192
91 27
91 146
91 44
91 54
91 120
91 160
91 192
34 206
187 33
67 148
67 155
67 190
108 123
108 142
108 148
108 159
155 54
155 129
155 190
8 84
8 145
8 170
84 145
84 170
145 38
145 97
97 41
166 172
172 132
172 161
33 116
12 167
12 189
167 189
68 129
206 88
21 156
21 132
21 186
132 156
132 161
148 156
148 161
142 123
146 27
146 65
146 120
146 176
146 201
27 54
54 133
54 159
159 133
65 28
65 81
65 144
65 162
65 168
65 176
65 201
120 162
120 44
176 162
176 201
201 162
37 105
37 165
104 160
104 141
141 160
160 42
160 133
162 42
162 133
42 133
28 168
168 81
168 144
81 144
144 140
144 199
164 75
75 179
105 39
180 194
134 113
41 51
41 184
51 71
140 199
179 113
