0 12
0 23
0 27
0 48
0 50
0 75
0 83
0 89
0 92
0 93
0 99
0 106
0 112
0 127
0 129
0 149
0 150
0 151
0 152
0 153
0 163
0 169
0 174
0 176
0 177
0 178
0 192
12 23
12 27
12 44
12 50
12 70
12 75
12 79
12 89
12 92
12 93
12 99
12 100
12 127
12 140
12 144
12 149
12 150
12 151
12 152
12 153
12 163
12 169
12 174
12 176
12 177
12 178
12 192
23 8
23 50
23 89
23 99
23 106
23 140
23 149
23 152
23 153
23 162
23 177
23 197
27 50
27 79
27 89
27 99
27 106
27 140
27 149
27 152
27 153
27 162
48 75
48 83
48 151
48 152
48 163
50 79
50 89
50 106
50 140
50 149
50 152
50 153
50 162
50 176
50 177
50 197
75 70
75 83
75 92
75 93
75 100
75 127
75 138
75 151
75 152
75 163
75 169
75 192
83 70
83 92
83 112
83 151
83 152
83 163
83 169
83 176
89 44
89 79
89 99
89 106
89 140
89 149
89 162
89 176
89 177
92 70
92 151
92 152
92 163
92 169
93 2
93 127
93 129
93 138
93 141
93 148
93 150
93 152
93 161
93 174
93 176
93 192
99 44
99 140
99 149
99 152
99 153
99 176
99 177
99 197
106 44
106 149
106 152
106 176
112 70
112 151
112 152
112 163
127 100
127 151
127 152
127 161
127 174
127 176
127 178
127 192
129 138
129 150
129 151
129 161
129 174
129 176
129 178
129 192
149 79
149 140
149 152
149 176
149 177
150 138
150 151
150 161
150 174
150 176
150 178
150 192
151 70
151 138
151 152
151 161
151 163
151 169
151 174
151 176
151 178
152 44
152 70
152 169
152 174
152 176
152 178
152 192
153 44
153 79
153 10
153 131
153 155
153 185
163 70
163 144
163 169
163 176
169 70
169 140
169 32
169 78
169 80
169 144
174 100
174 138
174 161
174 156
174 176
174 178
174 192
176 44
176 70
176 100
176 162
176 144
176 178
177 44
177 79
177 140
178 138
178 6
178 192
192 138
192 161
44 140
44 162
79 140
79 197
100 138
100 161
140 71
140 73
140 80
140 133
140 162
140 197
138 161
2 1
2 97
141 1
141 6
141 9
141 16
141 20
141 51
141 97
141 119
141 67
141 142
141 148
141 156
148 1
148 20
148 119
148 10
148 156
71 95
71 55
71 132
71 180
71 91
71 125
73 194
73 102
80 103
80 179
10 6
10 67
10 142
131 62
131 21
131 42
131 60
131 104
131 155
155 62
155 185
155 21
155 42
155 60
155 82
155 104
155 183
185 1
185 9
185 16
185 20
185 45
185 51
185 57
185 62
185 77
185 88
185 97
185 114
185 156
185 159
185 21
185 60
185 67
185 82
185 104
32 14
32 76
32 84
32 85
32 120
32 186
78 194
78 164
156 1
156 6
156 16
156 20
156 51
156 57
156 62
156 77
156 88
156 97
156 114
156 117
156 67
156 159
156 160
6 1
6 9
6 16
6 20
6 51
6 67
6 97
6 117
6 119
6 142
6 160
1 9
1 16
1 20
1 62
1 88
1 97
1 114
1 159
1 160
9 16
9 20
9 45
9 51
9 57
9 62
9 77
9 88
9 97
9 117
9 159
16 45
16 51
16 57
16 62
16 88
16 97
16 117
16 159
16 160
20 67
20 97
20 119
62 51
62 57
62 42
62 60
62 77
62 88
62 97
62 104
62 114
62 117
62 159
62 160
88 51
88 57
88 77
88 97
88 159
88 160
97 45
97 57
97 77
97 114
97 142
97 159
97 160
114 51
114 57
114 117
114 159
114 160
159 45
159 57
159 77
159 117
159 160
160 45
160 51
160 57
160 77
51 45
51 57
51 77
51 117
67 59
117 45
117 57
117 77
142 18
142 196
142 34
45 42
45 57
45 77
57 77
42 21
42 60
42 82
42 104
42 183
60 21
60 82
60 104
60 183
104 21
104 82
104 183
21 82
3 18
3 182
3 196
18 182
18 196
182 196
196 34
34 136
34 175
34 134
34 158
34 189
4 5
4 24
4 90
5 13
5 15
5 22
5 30
5 40
5 41
5 46
5 47
5 49
5 58
5 63
5 68
5 86
5 90
5 98
5 108
5 113
5 124
5 126
5 128
5 137
5 165
5 184
5 193
24 11
24 15
24 17
24 35
24 37
24 47
24 49
24 63
24 69
24 98
24 113
24 118
24 135
24 181
24 188
24 193
24 195
90 7
90 11
90 13
90 15
90 22
90 25
90 26
90 37
90 40
90 41
90 49
90 63
90 66
90 68
90 86
90 98
90 101
90 108
90 135
90 137
90 181
90 188
90 190
90 193
90 195
90 199
13 11
13 15
13 30
13 40
13 41
13 58
13 63
13 68
13 86
13 101
13 108
13 110
13 124
13 126
13 137
13 167
13 188
13 193
15 11
15 22
15 30
15 37
15 40
15 41
15 46
15 55
15 63
15 68
15 69
15 86
15 95
15 98
15 101
15 108
15 124
15 135
15 137
15 143
15 184
15 188
15 190
22 7
22 11
22 17
22 25
22 30
22 31
22 37
22 41
22 63
22 68
22 69
22 86
22 98
22 108
22 118
22 124
22 126
22 130
22 135
22 137
22 145
22 146
22 147
22 170
22 181
22 188
22 190
22 199
30 7
30 11
30 40
30 41
30 47
30 49
30 66
30 68
30 86
30 101
30 113
30 128
30 135
30 137
30 165
30 184
30 188
30 195
30 199
40 11
40 37
40 41
40 46
40 47
40 55
40 63
40 68
40 86
40 95
40 98
40 101
40 108
40 110
40 126
40 128
40 137
40 143
40 173
40 180
40 193
40 195
41 7
41 11
41 37
41 49
41 63
41 66
41 69
41 86
41 98
41 101
41 110
41 113
41 124
41 128
41 137
41 165
41 184
41 188
41 193
41 195
41 199
46 7
46 68
46 101
46 108
46 124
46 126
46 128
46 195
47 7
47 11
47 26
47 49
47 63
47 66
47 68
47 86
47 101
47 108
47 113
47 124
47 126
47 165
47 184
47 188
47 193
47 195
47 199
49 7
49 11
49 26
49 63
49 68
49 69
49 94
49 108
49 110
49 113
49 124
49 126
49 128
49 135
49 137
49 166
49 184
49 188
49 193
49 195
58 55
58 126
58 188
58 195
63 7
63 19
63 68
63 69
63 86
63 95
63 98
63 101
63 108
63 113
63 124
63 128
63 137
63 165
63 167
63 180
63 188
63 190
63 193
63 195
63 199
68 7
68 11
68 19
68 25
68 26
68 86
68 98
68 110
68 124
68 128
68 184
68 190
68 193
86 69
86 26
86 94
86 98
86 101
86 108
86 110
86 113
86 124
86 126
86 128
86 135
86 137
86 165
86 173
86 180
86 193
86 198
86 199
98 7
98 11
98 69
98 37
98 110
98 113
98 124
98 128
98 137
98 166
98 173
98 184
98 188
98 193
98 199
108 7
108 11
108 69
108 101
108 19
108 110
108 113
108 126
108 128
108 137
108 165
108 167
108 170
108 184
108 188
108 195
113 69
113 101
113 110
113 26
113 37
113 124
113 126
113 128
113 137
113 165
113 166
113 173
113 184
113 188
113 199
124 7
124 101
124 110
124 19
124 37
124 126
124 128
124 137
124 165
124 167
124 188
126 7
126 11
126 101
126 19
126 128
126 137
126 165
126 167
126 184
126 188
126 193
128 7
128 11
128 69
128 101
128 137
128 167
128 184
128 193
128 199
137 7
137 11
137 69
137 110
137 135
137 166
137 167
137 188
137 193
137 195
137 198
137 199
165 7
165 11
165 101
165 26
165 96
165 173
165 184
165 195
165 199
184 7
184 11
184 69
184 55
184 135
184 143
184 167
184 188
184 193
184 195
184 199
193 11
193 69
193 110
193 188
193 19
193 37
193 199
11 7
11 17
11 25
11 43
11 101
11 115
11 118
11 121
11 135
11 143
11 145
11 146
11 147
11 167
11 170
11 181
11 188
11 190
11 195
17 26
17 28
17 29
17 87
17 116
17 121
17 123
17 130
17 136
17 146
17 147
17 175
17 181
35 143
37 7
37 69
37 101
37 26
37 65
37 96
37 135
37 170
69 7
69 26
69 122
69 135
69 173
69 188
118 115
118 33
118 121
118 122
118 130
118 143
118 146
118 147
118 170
118 181
118 187
135 101
135 188
135 195
135 26
135 94
135 166
135 55
135 96
135 173
135 180
181 101
181 26
181 43
181 115
181 121
181 146
181 147
181 29
181 31
181 33
181 87
181 130
181 187
188 7
188 110
188 95
188 190
188 199
195 7
195 101
195 110
195 19
195 94
195 95
195 122
195 166
195 167
195 173
195 180
195 191
195 199
7 26
7 94
7 101
7 167
25 26
25 157
26 101
26 115
26 121
26 143
26 146
26 147
26 173
66 101
66 65
66 173
101 61
101 110
101 199
94 55
94 95
94 122
94 166
94 173
43 121
43 130
115 147
115 170
121 29
121 31
121 33
121 54
121 64
121 87
121 130
121 145
121 146
121 147
121 187
145 29
145 31
145 33
145 87
145 123
145 147
145 170
145 187
146 29
146 31
146 33
146 64
146 87
146 130
146 147
146 170
146 187
147 29
147 31
147 33
147 54
147 123
147 170
147 187
170 31
170 187
55 95
55 91
55 125
55 173
95 91
95 96
95 122
95 125
95 180
95 191
130 29
130 87
130 123
130 33
173 122
173 191
180 166
180 122
180 125
166 122
122 191
198 81
61 103
61 168
65 85
28 53
28 107
28 158
28 175
28 189
29 87
87 33
87 64
87 123
116 107
116 134
116 136
116 175
116 189
123 33
123 187
136 53
136 107
136 158
136 175
136 189
175 53
175 107
175 189
33 64
14 74
14 85
14 120
14 186
74 76
74 84
74 85
74 120
85 76
85 84
85 120
85 186
120 76
120 186
186 76
186 84
53 172
158 134
158 189
172 105
171 102
36 72
36 81
81 105
38 56
38 139
56 139
194 132
132 39
132 103
132 179
39 103
39 111
39 179
111 52
111 154
111 179
179 52
179 154
52 154
164 109
