0 399
0 413
0 554
0 660
399 31
399 339
399 889
413 99
413 124
413 134
413 194
413 218
413 330
413 357
413 409
413 537
413 562
413 576
413 595
413 793
413 804
413 854
554 54
554 676
554 871
660 12
660 57
660 124
660 167
660 194
660 285
660 412
660 430
660 503
660 537
660 595
660 605
660 667
660 671
660 814
660 853
660 873
31 736
31 578
31 54
31 79
31 247
31 258
31 273
31 329
31 339
31 381
31 427
31 465
31 472
31 562
31 581
31 613
31 644
31 674
31 851
339 736
339 778
339 614
339 14
339 210
339 79
339 222
339 294
339 562
339 613
339 815
339 871
889 736
889 149
889 258
99 218
99 311
99 381
99 584
99 616
99 628
99 643
99 673
99 784
99 801
99 829
124 567
124 498
124 24
124 25
124 95
124 184
124 236
124 288
124 308
124 592
124 605
124 880
134 836
134 349
134 499
134 648
134 665
134 853
134 233
134 11
134 27
134 38
134 80
134 225
134 333
134 347
134 394
134 396
134 432
134 474
134 549
134 581
134 623
134 626
134 646
134 663
134 679
134 680
134 693
134 772
134 820
194 4
194 8
194 12
194 23
194 57
194 59
194 61
194 172
194 202
194 218
194 241
194 292
194 331
194 356
194 361
194 369
194 379
194 380
194 394
194 395
194 416
194 417
194 474
194 476
194 498
194 503
194 507
194 509
194 605
194 639
194 724
194 735
194 745
194 753
194 764
194 804
194 817
194 820
194 852
194 873
194 888
218 21
218 8
218 567
218 7
218 18
218 69
218 74
218 116
218 164
218 179
218 185
218 195
218 217
218 219
218 292
218 294
218 303
218 311
218 323
218 350
218 360
218 393
218 394
218 404
218 412
218 416
218 469
218 474
218 488
218 503
218 534
218 539
218 556
218 577
218 605
218 614
218 655
218 673
218 704
218 712
218 738
218 753
218 758
218 759
218 765
218 793
218 800
218 801
218 807
218 811
218 812
218 821
218 822
218 829
218 845
218 856
218 893
330 361
330 527
330 748
357 185
357 484
357 725
357 142
357 304
357 888
409 184
409 358
409 410
409 539
537 665
537 129
537 263
537 212
537 637
537 749
537 849
537 331
537 532
537 868
537 454
537 256
562 736
562 43
562 812
562 54
562 776
562 79
562 465
562 296
576 57
576 621
595 66
595 446
595 671
595 254
595 45
595 285
595 296
595 503
595 875
793 356
793 712
793 311
793 811
793 628
793 165
793 292
793 557
793 673
793 807
793 893
793 74
793 82
793 667
793 697
793 768
793 804
804 712
804 811
804 74
854 277
854 2
854 20
854 22
854 108
854 123
854 125
854 132
854 149
854 166
854 424
854 503
854 523
854 532
854 601
854 772
54 736
54 778
54 149
54 260
54 578
54 614
54 210
54 79
54 145
54 258
54 427
54 472
54 581
54 613
54 687
54 750
54 856
54 871
871 750
12 21
12 583
12 14
12 51
12 100
12 334
12 363
12 482
57 736
57 412
57 853
57 873
57 361
57 79
57 430
57 165
57 206
57 307
57 317
57 503
57 518
57 605
57 639
57 646
167 337
167 386
167 624
167 202
167 395
167 524
167 598
167 755
167 80
167 317
167 579
167 151
167 663
167 697
167 789
285 405
285 202
285 797
285 430
285 436
285 827
285 73
285 163
285 557
285 859
285 883
412 8
412 179
412 185
412 195
412 323
412 480
412 509
412 605
412 639
412 753
412 820
412 829
412 883
430 369
430 45
430 192
430 269
430 503
430 832
503 886
503 873
503 361
503 79
503 613
503 331
503 293
503 90
503 397
503 605
503 639
503 643
503 745
503 753
503 881
605 138
605 422
605 165
605 133
605 643
605 753
667 886
667 403
671 558
671 9
671 49
671 69
671 148
671 163
671 165
671 171
671 184
671 298
671 307
671 360
671 368
671 378
671 436
671 490
671 532
671 640
671 643
671 654
671 661
671 782
671 801
671 846
814 142
814 304
814 888
853 736
853 8
853 78
853 337
853 509
853 577
853 578
853 624
853 668
853 38
853 80
853 96
853 138
853 185
853 191
853 202
853 227
853 281
853 282
853 381
853 395
853 448
853 472
853 544
853 598
853 602
853 612
853 818
853 856
873 70
873 476
873 500
873 778
873 858
873 869
873 78
873 658
873 668
873 96
873 456
873 505
873 524
873 539
873 546
873 681
873 789
709 79
709 273
709 427
709 465
709 472
709 557
709 644
709 687
709 736
79 149
79 337
79 614
79 361
79 113
79 444
79 465
79 472
79 505
79 539
79 549
79 750
79 764
79 765
79 815
79 842
79 860
273 578
273 731
273 594
273 32
273 329
273 390
273 427
273 458
273 472
273 581
273 613
273 851
427 736
427 149
427 260
427 578
427 614
427 258
427 239
427 450
427 472
427 539
427 613
427 815
427 851
465 149
465 294
465 338
465 472
465 613
465 750
465 815
465 856
472 736
472 149
472 578
472 211
472 644
472 820
472 258
472 329
472 132
472 458
472 581
472 598
472 613
472 687
472 851
472 895
557 490
557 69
557 708
557 768
644 16
644 247
644 343
687 149
687 535
687 815
687 294
736 38
736 149
736 166
736 222
736 258
736 365
736 518
736 564
736 578
736 581
736 583
736 598
736 613
736 624
736 665
736 815
736 821
736 851
38 476
38 78
38 624
38 658
38 668
38 535
38 202
38 381
38 851
38 796
38 281
38 346
38 395
38 448
38 524
38 544
38 598
38 631
38 755
38 815
38 818
38 895
149 8
149 14
149 132
149 172
149 258
149 266
149 272
149 278
149 325
149 329
149 338
149 350
149 361
149 424
149 444
149 480
149 558
149 593
149 601
149 613
149 772
149 792
149 845
149 851
149 872
166 798
166 386
166 624
166 135
166 692
166 422
166 35
166 90
166 174
166 177
166 207
166 238
166 276
166 298
166 326
166 450
166 506
166 552
166 683
166 751
166 773
166 841
166 850
166 890
222 329
222 581
222 718
258 624
258 614
258 133
258 327
258 458
258 850
258 851
258 864
258 895
365 189
365 567
365 886
365 260
365 577
365 648
365 233
365 231
365 680
365 780
365 182
365 851
365 761
365 685
365 864
365 180
518 600
518 726
518 602
518 646
518 718
518 734
518 840
518 859
564 498
564 211
564 250
564 238
564 132
564 146
578 32
578 282
578 329
578 598
578 614
578 763
581 567
581 764
583 8
583 172
583 356
583 577
583 51
583 100
583 117
583 299
583 620
583 665
583 717
583 757
583 864
598 624
598 247
598 851
598 282
598 382
598 395
598 85
598 151
598 414
598 533
598 579
598 755
598 861
598 895
613 59
613 408
613 750
613 815
624 8
624 337
624 32
624 120
624 122
624 199
624 202
624 231
624 241
624 381
624 395
624 434
624 440
624 481
624 511
624 524
624 544
624 614
624 636
624 702
624 735
624 862
624 887
665 8
665 59
665 349
665 11
665 24
665 175
665 198
665 225
665 279
665 332
665 338
665 368
665 388
665 424
665 428
665 495
665 535
665 626
665 630
665 637
665 645
665 656
665 663
665 710
665 716
665 724
665 740
665 782
665 797
665 809
665 824
815 798
815 485
815 692
815 776
815 787
815 422
815 177
815 49
815 239
815 338
815 368
815 552
815 856
821 21
821 426
821 155
821 75
821 107
821 295
821 684
821 894
851 446
851 260
851 247
851 329
851 346
851 544
1 277
1 541
277 138
277 173
277 198
277 265
277 266
277 338
277 353
277 379
277 405
277 420
277 471
277 497
277 520
277 593
277 647
277 727
277 759
277 833
541 175
541 272
541 495
138 159
138 211
138 225
138 332
138 405
138 27
138 56
138 69
138 92
138 148
138 151
138 184
138 256
138 307
138 346
138 360
138 381
138 383
138 442
138 477
138 479
138 520
138 532
138 708
138 801
173 43
173 266
173 135
198 332
198 589
198 388
198 637
198 272
198 175
198 520
265 614
265 26
265 237
265 238
265 287
265 290
265 322
265 344
265 459
265 594
265 633
265 673
265 686
265 759
265 763
265 828
265 855
266 108
266 498
266 548
266 132
266 169
266 272
266 279
266 297
266 397
266 424
266 471
266 477
266 520
266 683
266 728
266 850
338 446
338 567
338 833
338 426
338 703
338 172
338 577
338 159
338 782
338 361
338 593
338 135
338 326
338 424
338 488
338 184
338 49
338 203
338 298
338 56
338 71
338 106
338 169
338 256
338 269
338 291
338 362
338 592
338 627
338 645
338 845
338 872
353 15
353 333
353 405
353 453
353 520
353 539
353 566
353 659
379 10
379 223
379 372
379 542
379 772
379 808
405 567
405 740
405 15
405 155
405 93
405 193
405 381
405 383
405 453
405 457
405 520
405 551
405 566
405 589
405 647
405 728
405 744
405 773
405 788
405 874
405 898
420 599
420 727
420 272
420 504
420 489
420 520
420 267
497 181
520 754
520 659
520 820
520 381
520 272
520 326
520 728
520 296
520 223
520 565
520 477
520 662
520 773
593 577
593 15
593 132
593 223
593 272
593 326
593 367
593 495
593 588
593 662
647 567
647 59
647 548
647 614
647 361
647 15
647 155
647 589
647 193
647 659
647 744
647 788
727 8
727 567
727 362
727 684
727 710
727 743
759 731
759 474
759 594
759 82
759 488
759 627
759 628
759 673
833 6
833 26
833 27
833 152
833 159
833 172
833 620
833 708
833 724
833 728
833 731
175 446
175 332
175 637
175 40
175 261
175 305
175 394
272 349
272 350
272 384
272 211
272 37
272 132
272 326
272 333
272 367
272 424
272 444
272 707
495 408
495 117
495 132
495 267
495 494
2 176
176 41
176 236
176 354
176 355
176 422
176 478
176 484
176 849
41 253
236 129
236 331
236 454
236 308
236 354
236 678
236 791
236 845
354 331
354 568
354 679
354 308
354 355
354 279
355 710
355 129
355 849
355 478
355 484
355 791
422 798
422 129
422 485
422 212
422 528
422 692
422 637
422 34
422 49
422 213
422 238
422 298
422 478
422 552
422 679
422 751
422 791
422 824
422 841
478 129
478 123
478 139
478 142
478 345
478 425
478 484
478 507
478 725
478 888
484 225
484 724
484 129
484 820
484 331
484 532
484 874
484 256
484 345
484 421
484 425
484 514
484 688
484 725
484 824
484 888
484 897
849 129
849 263
849 212
849 33
849 112
849 547
849 150
849 177
849 679
849 700
849 715
849 824
20 131
22 243
108 4
108 11
108 42
108 65
108 250
108 276
108 331
108 333
108 548
108 735
108 757
123 66
123 614
123 253
123 515
123 24
123 454
123 532
123 780
125 772
125 223
125 565
125 601
125 808
132 375
132 567
132 614
132 408
132 361
132 820
132 424
132 728
132 841
132 789
132 883
132 137
132 397
132 477
132 864
424 43
424 59
424 172
424 209
424 797
424 326
424 101
424 663
424 841
424 845
424 872
523 21
523 29
532 535
532 724
532 555
532 253
532 274
532 212
532 637
532 34
532 331
532 308
532 868
601 423
772 211
772 408
772 820
772 37
772 464
772 504
772 620
772 639
772 845
3 189
189 229
189 233
229 350
229 655
229 845
233 9
233 45
233 118
233 264
233 380
233 383
233 735
233 796
4 66
4 91
4 121
4 216
4 375
4 439
4 446
4 492
4 591
4 798
4 836
4 844
4 847
66 60
66 92
66 209
66 216
66 237
66 307
66 439
66 441
66 535
66 776
66 779
66 810
66 820
66 836
91 121
91 307
91 375
91 492
91 573
91 591
91 875
91 902
121 492
121 673
216 186
216 307
216 349
216 441
216 446
216 488
216 708
216 732
216 836
216 902
375 246
375 315
375 359
375 446
375 591
375 635
375 672
375 694
375 779
375 798
375 836
375 863
375 875
439 446
446 21
446 43
446 62
446 246
446 319
446 350
446 356
446 359
446 386
446 408
446 417
446 431
446 434
446 498
446 512
446 517
446 577
446 635
446 672
446 750
446 836
446 875
446 883
492 359
492 679
492 836
591 319
798 33
798 49
798 237
798 238
798 298
798 303
798 350
798 417
798 528
798 534
798 552
798 561
798 569
798 628
798 666
798 751
798 797
798 841
798 903
836 172
836 296
836 307
836 431
836 441
836 444
836 505
836 512
836 543
836 728
836 820
836 852
836 883
844 191
844 240
844 417
844 428
844 686
844 797
844 857
844 885
847 411
21 42
21 202
21 217
21 228
21 231
21 363
21 369
21 385
21 386
21 526
21 560
21 636
21 648
42 852
42 303
42 426
42 621
42 703
42 416
42 65
42 40
42 69
42 126
42 195
42 196
42 289
42 311
42 374
42 383
42 429
42 534
42 545
42 556
42 655
42 738
42 758
42 765
42 801
42 811
42 829
42 894
202 260
202 337
202 356
202 599
202 812
202 16
202 120
202 317
202 395
202 450
202 459
202 481
202 483
202 490
202 501
202 544
202 697
202 755
202 789
202 795
202 895
202 899
217 350
217 731
217 185
217 195
217 292
217 488
217 590
217 739
217 765
217 766
217 801
217 825
228 200
228 311
228 324
228 556
228 673
228 704
228 758
228 768
228 893
228 894
231 432
231 516
231 538
231 864
363 51
363 100
363 161
363 482
363 746
369 8
369 269
369 294
369 386
369 639
369 658
369 789
385 113
386 43
386 278
386 337
386 356
386 32
386 67
386 96
386 282
386 382
386 414
386 475
386 544
386 577
386 588
386 602
386 626
386 636
386 785
386 812
386 877
526 5
526 8
526 70
526 476
526 78
526 119
526 199
526 281
526 328
526 381
526 448
526 456
526 524
526 534
526 658
526 668
526 681
526 776
526 778
526 801
526 858
526 869
526 885
560 55
560 347
560 522
636 476
636 337
636 535
636 490
636 717
636 87
636 96
636 109
636 120
636 151
636 382
636 414
636 483
636 501
636 579
636 612
636 697
636 755
636 795
636 818
636 899
648 8
648 184
648 680
648 706
92 349
92 435
92 820
92 801
92 237
92 728
92 191
92 686
92 770
92 874
92 307
92 320
92 77
92 301
92 310
92 312
92 590
92 771
92 883
209 278
209 11
209 250
209 362
209 710
209 716
209 770
237 322
237 594
237 164
237 190
237 191
237 261
237 310
237 318
237 417
237 441
237 487
237 530
237 536
237 569
237 590
237 608
237 616
237 632
237 638
237 672
237 673
237 686
237 771
237 774
237 779
237 857
237 875
307 254
307 512
441 254
441 206
441 148
441 638
441 781
441 843
535 303
535 426
535 9
535 168
535 394
535 548
535 555
535 708
535 801
535 828
535 859
776 577
776 27
776 287
776 594
776 171
776 256
776 395
776 488
776 663
776 729
776 878
776 881
779 863
820 172
820 499
820 509
820 577
820 599
820 731
820 211
820 724
820 24
820 37
820 49
820 117
820 148
820 151
820 187
820 383
820 620
820 773
820 801
573 59
573 349
573 301
573 672
875 512
875 246
875 431
875 677
902 349
902 802
902 874
902 407
11 567
11 65
11 211
11 225
11 332
11 408
11 626
11 724
11 740
11 782
65 260
65 188
65 155
65 225
65 248
65 332
65 655
65 716
65 898
250 349
250 153
250 159
250 408
250 453
250 135
250 797
250 26
250 322
250 516
250 592
250 652
250 708
250 716
250 728
250 770
250 845
250 877
276 223
331 548
331 614
331 155
331 129
331 253
331 274
331 637
331 34
331 142
331 304
331 308
331 425
331 539
331 568
331 678
331 824
331 831
331 888
333 885
333 548
333 155
333 898
333 135
333 457
333 169
333 297
333 347
333 792
548 19
548 9
548 129
548 155
548 249
548 288
548 454
548 735
548 757
735 188
735 614
735 211
735 361
735 728
735 571
735 587
735 887
757 191
757 417
757 686
757 61
757 320
757 428
757 603
673 303
673 426
673 703
673 731
673 185
673 655
673 322
673 594
673 855
673 323
673 69
673 195
673 196
673 254
673 311
673 545
673 829
673 894
673 313
673 686
673 376
673 107
673 784
673 856
673 603
673 324
673 82
673 140
673 224
673 351
673 404
673 415
673 536
673 666
673 822
8 5
8 43
8 59
8 172
8 260
8 278
8 337
8 349
8 350
8 356
8 384
8 416
8 476
8 480
8 498
8 499
8 502
8 509
8 558
8 567
8 577
8 599
8 609
8 658
8 668
8 731
8 858
23 183
23 253
23 263
23 274
23 485
23 515
23 699
23 797
59 567
59 356
59 818
59 825
61 828
61 191
61 320
61 428
61 505
61 603
61 826
61 842
61 857
172 292
172 346
172 349
172 356
172 480
172 488
172 498
172 577
172 620
172 724
172 728
172 731
172 752
172 825
241 32
241 88
241 382
241 511
241 612
241 785
241 877
292 886
292 498
292 586
292 309
292 488
292 62
292 147
292 616
292 716
292 800
356 43
356 260
356 325
356 417
356 555
356 588
356 600
356 609
356 620
356 732
356 733
361 567
361 349
361 350
361 498
361 731
361 137
361 148
361 255
361 461
361 488
361 505
361 569
361 639
361 645
361 765
361 845
361 887
380 36
380 463
394 703
394 416
394 408
394 556
394 185
394 323
394 801
394 69
394 195
394 383
394 473
394 534
394 829
394 313
394 628
394 208
394 251
394 320
394 603
394 826
394 82
394 133
394 140
394 351
394 418
394 433
394 462
394 530
394 764
394 766
394 769
394 800
395 78
395 337
395 609
395 668
395 490
395 382
395 87
395 120
395 317
395 414
395 483
395 501
395 697
395 755
395 795
395 817
395 818
416 567
416 426
416 885
416 72
416 140
416 234
416 311
416 320
416 351
416 414
416 433
416 556
416 603
416 704
416 769
416 822
416 829
416 832
417 254
417 46
417 191
417 261
417 632
417 657
417 686
474 19
474 260
474 39
474 195
474 323
474 769
474 801
476 5
476 78
476 151
476 505
476 524
476 668
476 818
476 858
476 869
476 874
498 349
498 24
498 27
498 90
498 137
498 367
498 425
498 577
498 639
498 663
498 698
498 706
498 710
498 731
498 750
507 654
509 403
509 488
639 480
639 558
639 728
639 118
639 179
639 745
639 753
639 872
724 332
724 626
724 49
724 56
724 106
724 148
724 223
724 235
724 378
724 381
724 728
724 763
724 829
745 219
745 195
745 718
745 739
745 164
745 244
753 185
753 829
753 488
753 179
753 143
764 778
764 350
764 185
764 655
764 449
764 351
764 800
817 349
817 502
817 812
817 117
817 282
817 120
817 128
817 151
817 325
852 6
852 19
852 185
852 205
852 264
852 704
852 705
852 732
852 886
852 890
888 700
888 256
888 725
888 142
888 425
186 677
349 621
349 152
349 165
349 203
349 274
349 297
349 319
349 383
349 479
349 488
349 499
349 528
349 530
349 563
349 577
349 592
349 594
349 635
349 652
349 663
349 678
349 704
349 729
349 731
349 856
488 303
488 703
488 350
488 480
488 577
488 731
488 445
488 287
488 69
488 45
488 436
488 49
488 106
488 143
488 197
488 203
488 269
488 552
488 627
488 628
488 716
488 792
708 567
708 703
708 159
708 614
708 155
708 528
708 381
708 809
708 895
708 195
708 534
708 586
708 829
708 827
708 191
708 672
708 368
708 56
708 162
708 169
708 256
708 301
708 454
708 479
708 491
708 656
708 716
708 752
708 846
708 874
732 252
732 286
732 325
732 494
732 690
246 628
246 677
359 694
359 638
359 843
672 153
672 159
672 215
672 692
672 895
672 254
672 46
672 118
672 696
672 874
672 883
672 903
694 64
694 234
694 641
694 781
863 679
43 100
43 135
43 293
43 504
43 566
43 615
43 728
62 628
319 19
319 443
350 469
350 37
350 49
350 52
350 105
350 185
350 211
350 269
350 616
350 731
350 765
350 856
408 332
408 245
408 261
408 279
408 294
408 383
408 451
408 461
408 559
408 586
408 632
408 744
408 752
408 874
408 883
408 905
434 502
434 609
434 544
434 204
434 702
512 89
517 778
517 577
517 119
517 456
517 681
577 49
577 203
577 287
577 436
577 628
577 656
577 663
750 778
750 856
883 659
883 215
883 429
883 252
883 191
883 428
883 261
883 279
883 447
883 632
883 663
679 34
679 521
679 568
679 491
33 156
33 561
33 661
33 787
33 809
49 278
49 731
49 812
49 528
49 692
49 777
49 177
49 205
49 806
49 728
49 80
49 152
49 203
49 238
49 298
49 368
49 751
49 841
238 211
238 51
238 334
238 692
238 777
238 177
238 440
238 264
238 288
238 299
238 552
238 623
238 634
238 651
238 747
238 751
238 752
238 768
238 841
238 890
298 381
298 205
303 7
303 69
303 376
303 469
303 530
303 549
303 556
303 628
303 655
303 666
303 703
303 765
303 769
303 801
303 856
528 24
528 35
528 152
528 205
528 213
528 419
528 440
528 552
528 700
528 752
528 787
528 806
528 841
534 703
534 78
534 323
534 765
534 801
534 393
534 530
534 653
534 704
534 822
552 445
552 692
552 112
552 177
552 806
552 150
552 751
552 803
552 841
561 46
561 787
569 614
569 215
569 254
569 686
569 320
569 428
569 505
569 860
569 771
569 487
569 859
628 801
628 45
628 530
628 686
666 556
666 294
666 466
666 643
666 190
751 440
797 56
797 279
797 592
797 661
841 692
841 368
841 662
903 312
296 490
444 384
444 37
505 778
505 78
505 544
505 755
505 145
505 137
505 257
505 366
505 387
505 645
505 684
505 693
505 748
505 761
505 830
505 842
505 887
728 332
728 129
728 381
728 765
728 383
728 56
728 390
728 565
728 620
191 201
191 159
191 215
191 254
191 46
191 77
191 261
191 320
191 428
191 536
191 608
191 610
191 657
191 689
191 696
191 842
428 254
428 874
428 320
428 147
428 261
428 826
686 201
686 621
686 813
686 594
686 780
686 46
686 261
686 312
686 320
686 536
686 585
686 590
686 610
686 632
686 657
686 696
686 733
686 771
686 826
686 842
857 201
857 254
857 261
857 610
857 657
885 7
885 219
885 703
885 48
885 82
885 136
885 164
885 261
885 360
885 556
885 717
885 733
885 765
885 775
411 50
411 252
411 309
411 313
411 208
5 500
5 778
5 858
5 869
500 107
500 199
500 448
500 483
500 681
500 858
500 869
500 870
778 78
778 87
778 119
778 151
778 199
778 214
778 337
778 456
778 490
778 499
778 524
778 539
778 681
778 701
778 718
778 858
778 869
778 870
858 70
858 78
858 199
858 456
858 668
858 755
858 869
869 70
869 342
869 539
869 658
869 668
869 704
869 870
260 703
260 415
260 502
260 555
260 620
278 179
278 203
278 592
278 620
337 567
337 87
337 109
337 120
337 151
337 317
337 483
337 490
337 544
337 755
337 795
337 816
337 819
337 899
384 71
384 489
384 504
384 904
480 203
480 293
499 96
499 151
499 579
499 612
499 658
499 731
499 789
499 812
499 866
502 282
502 325
502 468
502 533
558 188
558 348
558 489
558 716
567 6
567 118
567 148
567 151
567 184
567 223
567 305
567 332
567 477
567 489
567 588
567 592
567 652
567 663
567 758
567 829
567 846
599 36
599 602
609 81
609 120
609 340
658 70
658 490
658 668
668 818
731 131
731 152
731 159
731 185
731 269
731 287
731 301
731 322
731 590
731 692
731 763
731 765
731 845
731 855
70 282
70 449
70 546
282 381
282 32
282 67
282 165
282 382
282 414
282 544
282 755
282 785
282 789
449 838
81 75
81 78
81 328
81 448
81 631
75 255
75 579
78 165
78 281
78 328
78 346
78 406
78 448
78 524
78 586
78 631
328 227
328 631
328 406
448 227
448 178
448 406
448 631
631 230
631 406
631 818
151 490
151 382
151 612
151 154
151 544
151 406
524 80
524 789
818 382
818 96
818 120
818 406
818 785
818 890
874 159
874 435
874 763
874 195
874 383
874 827
874 56
874 378
874 652
874 881
107 196
107 473
107 894
107 52
107 72
107 318
107 418
107 784
107 822
199 850
199 816
483 120
483 87
483 501
483 697
483 795
681 726
681 539
681 119
681 456
870 119
870 456
119 456
381 69
381 80
381 533
381 770
381 801
381 895
456 214
456 275
456 783
801 219
801 426
801 555
801 185
801 40
801 765
801 195
801 351
801 410
801 429
801 473
801 586
801 616
801 704
801 770
801 775
801 825
87 614
87 755
87 120
87 109
87 501
87 795
214 316
214 700
214 468
214 545
214 293
214 466
214 643
214 111
214 597
214 141
214 718
214 819
490 17
490 171
490 643
539 348
539 589
539 135
539 55
539 68
539 370
539 323
539 148
539 224
539 264
539 491
539 538
539 623
539 663
539 693
539 707
539 767
539 769
701 26
701 322
718 468
718 419
718 111
718 460
718 597
755 612
755 109
755 120
755 317
755 414
755 501
755 697
755 795
755 816
704 703
704 556
704 323
704 765
704 69
704 195
704 289
704 311
704 251
704 894
6 19
6 201
6 377
6 470
6 886
19 135
19 155
19 188
19 438
19 559
19 712
19 717
19 886
201 82
377 177
377 205
377 280
377 692
377 886
377 890
886 188
886 555
135 457
135 652
135 845
155 15
155 453
155 551
155 589
155 659
155 773
155 898
188 555
188 626
438 13
438 181
438 169
559 130
559 148
559 691
712 404
712 811
717 69
717 195
717 586
717 738
717 765
717 829
717 899
82 426
82 323
82 802
82 360
82 765
82 195
82 254
82 86
82 775
82 825
82 224
82 531
82 590
82 629
82 766
82 769
177 692
177 35
177 205
177 213
177 440
177 651
177 700
205 692
205 35
205 207
205 213
205 440
205 700
205 806
205 890
692 27
692 26
692 322
692 594
692 239
692 368
692 700
692 787
890 898
890 806
890 419
890 850
890 158
890 774
890 174
890 286
890 651
118 225
118 332
118 895
118 586
118 226
148 348
148 184
148 347
148 248
148 73
148 130
148 220
148 255
148 343
148 352
148 508
148 527
148 575
148 630
148 762
184 435
184 47
184 56
184 358
184 364
184 396
184 682
184 695
184 706
184 719
184 848
184 872
184 882
223 117
223 586
223 590
223 301
223 310
223 455
223 565
223 640
305 788
332 225
332 388
332 406
332 592
332 716
332 782
477 693
477 169
477 286
477 290
477 876
489 391
489 73
489 341
489 684
588 698
588 684
592 454
592 244
592 402
652 153
652 117
652 297
652 101
663 287
663 252
663 825
758 311
758 50
758 200
758 251
829 703
829 323
829 69
829 311
829 545
829 50
829 86
829 164
829 283
829 294
829 309
829 313
829 351
829 415
829 530
829 603
829 616
829 723
829 800
829 822
846 153
846 159
846 763
846 56
846 347
846 575
26 153
26 131
26 27
26 287
26 322
26 594
26 763
26 855
27 153
27 225
27 322
27 594
27 675
27 780
152 383
152 378
152 479
159 9
159 153
159 18
159 169
159 256
159 287
159 322
159 435
159 479
159 508
159 594
159 770
159 895
620 287
620 304
185 426
185 703
185 24
185 69
185 133
185 179
185 195
185 324
185 351
185 473
185 616
185 655
185 711
185 760
185 765
185 769
185 800
185 845
264 334
264 105
264 747
264 761
705 770
705 716
555 131
555 729
7 219
7 469
7 621
7 703
219 765
219 780
219 828
469 426
469 195
469 312
469 313
469 703
469 711
469 765
621 160
621 234
621 549
621 614
621 650
621 763
621 842
621 894
703 426
703 69
703 126
703 147
703 311
703 466
703 556
703 811
69 294
69 393
69 530
69 616
74 866
164 556
164 414
164 178
164 340
164 856
179 626
179 765
179 195
179 143
179 516
179 760
195 323
195 765
195 393
195 403
195 616
195 760
195 775
294 530
294 856
311 650
311 556
311 618
311 196
311 50
311 114
311 200
311 295
311 324
311 340
311 351
311 376
311 466
311 473
311 545
311 768
311 822
323 39
323 52
323 196
323 208
323 344
323 415
323 418
323 670
323 884
360 802
360 40
360 45
360 52
360 410
360 531
360 765
360 766
360 775
360 825
393 178
393 466
393 643
393 737
404 254
556 50
556 251
556 313
556 894
614 563
614 13
614 215
614 257
614 366
614 383
614 453
614 487
614 649
614 730
614 765
614 855
614 887
655 24
655 165
655 318
655 324
655 351
655 467
655 738
655 765
655 780
655 800
738 40
738 270
738 586
738 729
765 157
765 40
765 48
765 52
765 64
765 86
765 403
765 769
765 775
800 324
800 768
800 711
800 737
807 545
807 894
807 295
807 398
811 196
811 545
811 822
812 9
812 616
822 196
822 72
822 784
822 324
822 351
822 737
822 768
845 740
845 274
845 383
845 792
845 496
856 530
893 113
893 340
893 72
893 415
780 685
780 719
780 839
828 14
828 133
828 594
828 763
376 113
376 196
376 545
376 313
376 178
376 340
376 324
376 721
376 768
530 426
530 190
549 383
549 255
549 137
549 160
549 730
769 650
769 618
769 473
769 545
769 340
769 320
769 603
769 826
769 234
769 324
769 418
426 279
426 462
426 618
426 766
426 775
279 789
279 170
618 650
618 254
618 340
618 466
618 641
766 208
766 418
775 52
775 86
775 825
312 261
313 650
313 196
313 50
313 252
313 309
313 86
313 178
313 208
313 324
313 340
313 643
313 768
160 326
160 455
234 650
234 813
234 545
234 64
234 608
234 826
234 842
234 418
650 64
650 324
650 340
650 466
650 473
650 545
650 641
650 768
650 826
650 832
650 837
763 153
763 131
763 287
763 322
763 594
763 301
763 340
763 533
763 590
763 645
763 855
842 215
842 145
894 254
894 50
894 251
894 768
466 196
466 545
466 64
466 324
466 224
466 283
466 351
466 768
136 642
261 563
261 77
261 657
261 733
733 657
733 632
100 161
100 734
100 746
293 316
293 346
293 468
293 643
293 656
293 819
504 106
504 596
566 15
566 453
566 347
566 574
566 744
615 442
615 730
165 436
165 317
165 403
165 729
165 899
346 316
346 171
346 174
346 479
346 643
346 656
346 713
346 752
346 819
406 227
586 169
586 899
14 210
14 746
325 789
325 437
325 899
329 247
792 117
792 326
792 90
792 169
792 455
872 719
872 770
872 275
872 364
872 848
872 389
872 606
752 157
752 197
415 196
203 211
203 436
203 627
109 120
109 501
109 697
120 382
120 80
120 317
120 643
120 459
120 501
120 795
317 468
317 414
317 501
317 795
317 899
544 67
544 88
544 382
544 612
544 110
544 204
544 702
544 785
795 501
819 316
819 468
819 584
819 479
819 291
899 789
274 183
274 253
274 336
274 699
274 891
297 659
297 286
297 695
297 698
383 445
383 104
383 197
383 290
383 572
383 716
479 153
479 895
479 171
479 619
479 656
563 9
563 137
563 145
563 255
563 527
563 536
563 589
563 590
563 594
563 855
563 887
594 131
594 287
594 322
594 301
594 638
594 864
678 336
678 142
37 326
52 196
52 64
52 72
52 86
52 784
105 761
211 58
211 299
211 777
211 880
616 295
600 746
600 58
600 726
600 777
600 859
789 80
71 695
71 698
71 901
904 341
32 67
32 88
32 382
32 481
32 612
32 862
67 295
67 382
67 481
67 785
67 862
96 643
96 579
96 597
96 834
382 171
382 475
382 481
382 533
382 612
382 742
382 785
382 877
382 895
414 44
414 178
414 768
475 877
475 742
626 335
626 740
785 88
785 862
877 88
877 481
877 110
877 511
877 570
877 742
358 63
410 802
410 643
410 531
410 283
72 196
72 473
72 208
72 251
72 295
72 418
140 320
140 603
140 832
320 545
320 603
320 826
351 884
351 545
433 473
433 224
603 473
603 324
603 418
603 786
832 401
24 212
24 215
24 435
90 741
137 255
137 527
137 461
137 352
367 806
367 640
367 707
698 680
698 719
706 901
710 299
710 794
579 450
612 862
866 643
866 111
866 611
468 291
533 895
403 855
403 309
403 244
403 262
348 117
348 347
348 493
348 527
348 882
716 770
287 153
287 322
436 45
436 245
656 675
656 157
656 827
656 770
656 378
656 510
51 334
51 482
117 25
117 106
117 163
117 169
117 661
299 905
299 95
299 288
299 302
299 649
299 761
864 646
864 734
36 97
36 796
340 196
340 289
340 545
340 50
340 252
340 178
340 86
340 324
340 768
122 719
122 275
122 364
122 848
440 855
440 809
440 35
440 213
440 47
440 396
440 419
440 700
440 774
440 848
440 850
440 901
481 88
481 742
481 862
862 88
862 289
862 742
887 257
887 387
680 56
680 606
680 714
64 156
64 545
64 114
64 324
64 553
64 608
64 641
324 669
324 196
324 545
324 86
324 180
324 200
324 224
324 584
324 768
473 196
473 224
473 418
473 768
473 784
545 884
545 196
545 50
545 251
545 295
545 418
545 768
545 826
641 826
768 196
768 309
768 178
768 224
768 200
768 283
768 737
826 608
225 56
225 73
225 245
225 435
225 506
225 538
225 572
225 608
225 637
368 158
368 207
368 419
388 30
388 336
388 637
388 749
388 794
637 30
637 336
637 34
637 700
637 824
645 257
740 187
740 286
782 400
809 112
809 547
809 850
824 256
824 725
824 625
824 831
684 794
684 341
743 803
743 242
131 301
131 322
301 154
301 590
322 254
322 536
322 590
322 855
322 896
590 254
590 536
855 865
855 56
855 197
855 254
855 309
855 525
855 714
9 98
9 153
9 529
98 392
153 169
153 256
153 575
529 627
169 565
256 253
256 787
256 540
575 661
435 640
770 56
895 267
895 596
895 657
895 827
45 827
796 463
796 747
347 659
347 865
347 56
347 343
347 525
347 693
347 762
493 183
493 699
493 606
493 790
527 622
527 884
527 114
527 248
527 255
527 94
527 130
527 343
527 352
527 720
527 748
527 762
882 56
882 695
627 572
859 754
859 316
859 178
859 784
859 643
129 183
129 897
288 905
454 336
454 868
454 540
145 257
145 366
255 352
255 748
255 762
255 783
589 15
589 574
589 659
589 788
589 898
13 754
215 487
215 632
215 771
215 860
257 366
366 553
453 15
453 115
453 193
453 659
453 898
487 254
487 771
487 689
487 696
730 445
730 707
163 84
163 150
163 805
171 335
640 565
643 316
643 73
661 56
661 187
10 542
372 808
372 867
248 461
898 15
898 659
898 850
396 56
396 695
432 180
432 747
646 321
693 115
58 777
777 29
777 76
777 726
777 47
777 905
245 290
538 572
538 516
572 197
608 553
608 610
608 657
633 725
633 486
683 582
850 156
850 419
850 239
850 286
850 450
461 130
461 220
461 720
461 783
744 788
744 452
744 193
744 551
905 47
905 302
905 761
794 158
106 685
235 519
235 571
286 551
286 715
334 835
482 746
746 161
161 900
161 180
734 835
835 180
180 761
754 181
754 565
754 756
15 445
15 659
15 788
445 150
445 197
445 271
445 580
445 707
445 719
659 773
659 788
773 662
93 83
193 115
457 326
150 806
150 84
197 326
197 719
197 619
197 664
271 442
719 47
719 714
719 63
719 391
719 513
719 514
719 606
115 799
574 662
574 144
16 622
450 774
501 697
784 196
784 208
784 418
39 157
39 802
196 50
196 178
196 224
196 252
196 418
289 251
289 879
374 629
429 224
429 371
739 114
200 224
516 143
29 55
29 68
29 76
29 370
29 669
29 726
29 900
50 44
50 208
50 252
50 309
251 737
55 68
55 76
55 182
55 370
55 522
55 669
55 726
522 68
522 182
522 669
522 47
522 364
522 823
254 114
254 771
254 878
606 345
714 47
714 364
714 525
252 787
252 44
252 178
252 208
252 309
253 308
253 550
253 699
263 30
263 212
263 336
263 515
263 868
485 158
485 213
485 239
485 419
485 700
699 419
699 790
699 891
897 170
308 568
30 336
30 749
212 139
212 700
212 868
336 749
868 749
868 521
868 791
868 881
891 104
891 790
158 419
158 685
158 207
158 239
158 774
213 35
213 700
239 419
419 156
419 101
419 373
419 747
700 35
700 207
700 806
790 749
790 300
95 860
95 302
139 725
771 860
860 689
35 806
787 156
787 102
787 221
787 318
787 806
309 44
309 208
442 496
442 617
442 892
878 268
881 791
685 596
839 491
28 316
68 76
68 182
68 370
68 669
68 900
76 726
76 900
370 900
669 327
900 182
47 682
47 823
749 142
34 154
34 521
142 725
156 114
156 531
112 547
114 103
114 268
531 802
531 629
521 568
304 725
304 170
304 345
568 491
831 725
651 747
651 774
651 634
848 275
848 364
901 695
97 259
713 827
85 460
85 597
267 162
596 341
657 77
657 610
827 127
802 629
208 418
670 284
884 103
884 629
629 232
345 604
725 300
725 514
725 688
310 226
127 452
77 610
364 695
364 275
63 314
63 391
302 722
302 761
373 53
803 607
803 830
767 617
767 892
762 352
387 783
830 607
220 352
111 141
611 496
128 437
460 597
89 306
617 619
