621
282
41
912
681
280
888
830
516
458
266
405
154
387
839
33
436
763
148
623
770
513
905
409
129
760
795
189
58
607
751
56
140
23
741
444
403
710
720
27
718
524
629
371
393
703
800
531
471
694
45
228
224
300
361
765
136
913
382
466
244
164
201
272
160
682
417
412
305
476
633
237
789
902
269
848
90
768
420
120
582
510
608
362
495
234
532
562
368
43
542
431
423
647
984
572
548
578
116
209
293
177
854
815
171
87
399
493
555
217
604
569
104
782
134
96
537
968
88
113
207
552
734
402
627
346
240
670
957
16
870
22
784
822
89
853
292
881
645
868
364
28
774
236
315
873
225
215
278
339
260
14
303
459
759
636
457
468
446
791
268
761
528
294
778
394
375
156
998
891
155
64
91
167
522
107
125
693
117
477
638
951
515
785
857
426
397
197
17
947
705
846
771
105
137
176
26
287
40
344
50
519
717
360
199
21
373
649
540
19
267
437
216
841
97
206
461
499
15
498
222
307
309
915
395
427
163
253
501
581
986
249
616
119
474
295
255
711
592
728
196
313
463
95
453
429
264
372
223
631
503
523
271
355
730
704
832
24
628
276
146
863
695
596
273
161
139
227
314
185
588
849
492
587
590
820
806
804
533
44
939
248
861
676
352
281
780
252
126
733
507
410
359
618
565
25
754
737
672
353
745
401
416
583
233
828
469
809
114
246
797
53
243
462
122
328
9
241
381
679
369
270
561
716
796
286
883
138
4
994
605
103
652
570
554
208
392
366
502
518
184
78
312
79
500
536
99
242
149
956
505
738
722
447
179
479
76
910
407
517
662
485
508
112
265
348
277
101
153
894
696
358
415
551
465
147
230
576
51
470
556
739
598
190
110
637
749
133
261
526
178
166
175
202
842
194
541
210
614
182
490
