0 5
0 13
0 18
0 21
0 52
0 78
5 21
5 108
5 113
5 117
5 145
13 21
13 52
13 67
18 21
18 65
18 78
21 31
21 36
21 38
21 65
21 78
21 91
21 108
21 145
78 31
78 51
78 65
78 70
113 117
145 38
65 31
31 4
31 40
31 58
31 140
36 27
36 76
36 11
36 48
36 81
36 100
36 126
36 127
38 47
38 133
38 6
38 27
38 28
38 62
38 76
38 130
38 141
38 144
91 53
91 25
91 42
91 50
91 68
91 71
91 112
91 138
51 70
1 34
1 47
34 7
34 93
34 103
34 133
47 27
47 28
47 62
47 76
47 133
47 141
7 10
7 28
7 66
7 93
7 96
7 99
7 103
7 107
7 128
7 136
7 137
7 147
93 28
93 103
103 28
103 137
133 6
133 27
133 76
27 6
27 76
27 127
28 80
28 111
28 10
28 12
28 23
28 29
28 45
28 55
28 62
28 94
28 105
28 124
28 129
28 137
28 141
28 146
62 141
76 127
2 63
2 80
2 111
2 122
63 56
63 66
63 80
63 111
63 122
63 123
63 125
63 147
80 12
80 23
80 105
80 111
80 122
111 14
111 23
111 29
111 105
111 122
111 124
122 12
122 15
122 23
122 43
122 45
122 55
122 56
122 89
122 94
122 98
122 105
122 124
66 9
66 54
66 95
66 128
66 147
123 125
147 128
147 9
147 54
147 79
147 95
12 23
12 55
12 94
12 105
23 55
23 94
23 105
105 94
14 55
29 45
15 43
15 89
15 98
43 89
43 98
55 94
3 19
3 37
3 77
3 84
19 17
19 37
19 53
19 84
19 85
37 17
37 53
37 84
37 85
77 53
77 72
77 87
77 109
77 115
77 119
77 150
84 53
17 85
53 22
53 119
22 24
22 32
22 59
22 90
22 101
22 121
22 135
119 16
119 72
119 87
119 109
119 115
119 150
72 115
87 16
115 150
150 16
150 44
150 57
150 59
150 61
4 40
4 58
4 64
4 74
4 88
4 114
4 116
4 140
4 149
40 58
40 140
58 64
58 74
58 88
58 92
58 114
58 116
58 140
64 114
64 116
64 140
74 88
74 92
74 114
74 140
74 149
88 92
88 114
88 149
114 92
114 140
114 149
116 140
140 92
140 149
130 57
130 101
130 139
130 144
144 57
144 101
144 139
10 99
10 128
10 136
10 137
96 107
128 137
136 137
54 30
54 120
95 60
95 142
8 41
8 110
41 60
41 102
41 110
41 132
110 20
110 39
110 60
110 86
110 97
110 102
110 131
110 132
110 148
60 142
102 39
102 86
102 132
102 148
132 131
20 39
20 86
20 97
20 148
39 86
39 97
39 148
86 97
86 148
97 148
11 81
81 126
100 126
44 57
44 59
57 32
57 59
57 61
57 73
57 101
57 104
59 101
42 50
42 33
42 35
42 83
42 143
50 33
50 35
50 83
50 112
50 143
68 71
112 26
24 90
32 101
101 139
121 135
73 104
33 35
33 143
35 75
35 83
83 143
30 46
30 49
30 82
30 134
46 49
46 82
46 134
49 134
134 106
134 118
106 69
106 118
