0 14
0 18
0 41
0 68
14 18
14 41
18 2
18 5
18 9
18 19
18 21
18 25
18 31
18 41
18 51
18 56
18 65
18 67
18 68
18 69
18 72
41 68
2 13
2 25
2 31
2 51
2 56
2 72
5 25
5 31
5 65
9 25
9 51
9 55
9 67
19 13
19 25
19 21
21 13
21 25
25 13
25 31
25 35
25 37
25 56
25 69
31 13
31 35
31 56
31 65
31 72
51 13
51 35
51 10
51 15
51 28
51 32
51 34
51 39
51 48
51 56
51 57
51 63
51 67
51 69
51 72
56 13
56 35
56 72
65 4
65 6
65 26
67 37
72 13
1 12
1 17
1 23
1 27
12 23
12 27
23 27
27 36
36 20
36 53
13 35
10 57
15 42
15 57
15 39
15 54
15 61
15 63
28 3
28 16
28 32
28 34
28 58
28 71
28 74
32 16
32 34
32 71
32 73
32 74
34 71
39 42
39 57
39 54
39 61
39 63
48 64
48 57
48 63
57 64
57 42
57 7
57 47
57 54
57 61
57 63
3 16
3 58
3 64
3 73
3 74
16 73
16 74
58 64
73 38
74 8
74 38
38 8
38 40
38 70
4 42
4 62
62 11
7 47
6 26
6 52
40 70
55 20
55 22
55 24
55 30
55 33
55 44
55 45
55 53
20 22
20 29
20 46
20 50
20 59
20 60
29 46
29 50
29 53
29 60
46 50
46 59
46 60
50 53
50 59
50 60
59 53
59 60
60 53
24 30
24 44
24 45
24 66
30 33
30 43
30 44
30 49
33 44
33 45
33 66
44 43
44 45
44 66
45 43
