333
12
448
260
315
220
385
186
376
22
619
10
226
9
3
317
1
587
579
286
210
278
246
430
275
498
6
459
190
410
681
244
203
167
328
200
198
343
629
413
452
205
319
334
379
551
455
162
151
185
630
456
310
254
586
282
553
219
638
195
620
330
270
182
346
2
454
201
176
188
341
4
424
165
63
665
621
156
237
549
153
181
439
202
348
447
488
369
171
285
446
331
515
170
8
408
555
625
458
5
231
337
391
252
491
249
280
223
180
422
292
321
157
419
284
516
137
287
503
7
550
663
159
242
273
318
423
403
478
18
569
342
251
14
387
679
325
631
194
296
303
548
703
11
298
354
166
380
662
172
230
353
689
23
352
552
234
241
152
511
639
381
297
235
283
192
370
360
704
0
431
13
659
290
414
512
218
221
449
667
15
163
161
16
17
345
224
30
299
199
382
450
313
19
20
418
429
169
356
214
355
562
364
196
179
32
21
596
462
674
300
326
484
