354
422
703
167
1130
262
38
849
309
118
941
123
587
1052
666
950
648
953
124
1031
776
528
899
570
49
215
324
735
799
1077
992
283
574
772
724
504
99
766
87
987
408
1112
370
397
382
109
491
1016
291
637
183
844
812
368
521
127
407
158
531
641
479
558
402
986
779
727
600
615
860
32
677
876
520
647
73
143
189
193
493
922
396
95
731
1056
60
139
201
904
166
250
846
205
187
8
720
334
614
952
680
316
1026
802
294
1086
349
273
421
866
826
734
338
136
819
619
177
499
28
317
635
41
214
973
732
839
742
79
505
912
634
564
371
1124
440
398
656
329
1101
318
336
807
1004
774
771
800
35
562
525
929
1068
1002
1
845
604
61
684
176
425
227
663
277
761
755
787
169
963
155
701
967
994
585
260
43
52
694
299
1095
263
410
328
595
56
240
270
364
713
885
989
636
836
814
910
1015
1012
626
182
700
624
473
81
942
25
540
566
553
457
345
12
439
887
893
882
174
567
890
326
222
879
90
1055
467
1108
923
188
529
30
157
747
319
379
1024
476
871
691
375
204
1047
257
695
744
896
688
92
322
481
185
796
501
875
181
1100
53
463
435
91
841
927
447
305
75
936
746
608
743
466
47
698
738
464
834
1020
1129
1096
495
696
414
870
881
949
561
739
1114
906
341
533
488
1123
762
1043
661
678
55
1110
280
265
292
74
804
224
778
401
254
480
631
584
621
232
507
389
213
248
901
536
146
859
623
311
1049
500
544
210
791
1042
606
1064
9
947
20
997
926
632
306
391
1030
653
865
830
1032
1033
285
