194
740
154
621
1009
1018
39
964
331
468
316
1035
416
895
436
1092
978
537
985
196
801
113
1102
803
699
90
975
909
71
25
976
665
466
99
469
520
774
973
386
268
96
777
658
1076
664
828
439
233
758
548
189
940
235
240
62
387
22
148
368
310
169
445
550
330
878
678
893
292
283
876
108
948
449
306
864
885
792
584
635
375
400
528
563
1008
176
247
394
373
31
384
346
927
650
808
840
217
772
393
945
123
156
1100
356
771
1115
104
1118
1083
269
326
718
276
263
624
354
187
606
447
744
1064
226
873
75
227
719
965
211
34
82
249
605
388
5
420
182
556
246
1110
851
511
794
277
483
875
670
221
371
412
926
713
762
612
578
728
829
1124
623
499
1077
125
640
199
855
228
818
264
914
319
343
157
1095
40
13
1044
618
820
63
42
846
1126
1040
24
425
720
253
345
435
359
907
144
726
304
849
910
495
165
732
553
714
205
941
14
569
836
54
60
707
863
494
942
616
672
705
152
172
1014
879
459
1067
1061
812
480
515
891
559
1
943
159
133
894
981
1097
554
197
145
427
731
890
1047
391
1123
244
1050
481
275
248
544
383
12
1072
1052
831
58
110
448
73
697
611
482
1074
725
788
421
748
529
177
638
65
56
695
431
596
151
560
1059
332
379
398
358
523
583
1015
239
1130
789
639
661
450
906
305
126
716
254
1093
827
884
722
293
685
856
374
408
1099
270
810
158
443
324
704
502
1042
140
517
918
314
30
464
360
130
467
470
296
814
4
206
830
686
85
756
415
1129
200
135
325
710
15
763
488
547
