0 9
0 11
0 12
0 18
0 19
0 24
0 58
0 70
0 73
0 75
0 82
0 87
0 91
0 92
0 105
0 106
0 111
0 116
0 123
9 12
9 19
9 36
9 44
9 47
9 70
9 75
9 82
9 87
9 92
9 98
9 105
9 106
9 111
9 116
9 123
11 6
11 12
11 18
11 24
11 28
11 42
11 46
11 51
11 58
11 70
11 73
11 75
11 82
11 87
11 111
11 116
11 123
12 18
12 19
12 21
12 28
12 32
12 34
12 36
12 42
12 58
12 62
12 70
12 73
12 75
12 82
12 87
12 105
12 106
12 118
12 123
18 7
18 14
18 21
18 24
18 28
18 42
18 58
18 68
18 70
18 73
18 75
18 87
18 88
18 90
18 91
18 92
18 93
18 105
18 112
18 116
18 127
19 3
19 42
19 46
19 51
19 58
19 70
19 73
19 75
19 76
19 82
19 87
19 92
19 105
19 106
19 114
19 118
19 123
24 8
24 28
24 51
24 58
24 70
24 75
24 82
24 105
24 106
24 112
58 28
58 42
58 25
58 46
58 51
58 54
58 73
58 75
58 82
58 87
58 101
58 105
58 106
58 111
58 114
58 123
70 28
70 42
70 36
70 41
70 46
70 51
70 65
70 73
70 75
70 82
70 88
70 105
70 106
70 111
70 116
73 28
73 42
73 21
73 32
73 36
73 44
73 46
73 47
73 49
73 54
73 65
73 69
73 75
73 81
73 82
73 87
73 105
73 106
73 111
73 114
75 28
75 36
75 46
75 51
75 80
75 106
75 111
75 116
75 118
75 123
82 42
82 30
82 36
82 39
82 46
82 51
82 65
82 79
82 80
82 103
82 105
82 106
82 111
82 123
87 28
87 42
87 6
87 46
87 51
87 61
87 105
87 106
87 111
87 116
87 123
91 88
91 3
91 14
91 21
91 22
91 30
91 50
91 53
91 60
91 63
91 64
91 68
91 80
91 93
91 101
91 112
91 114
91 116
91 123
91 127
92 28
92 42
92 6
92 21
92 47
92 57
92 61
92 63
92 65
92 68
92 94
92 101
92 112
92 118
92 123
92 127
92 129
105 28
105 42
105 46
105 54
105 65
105 69
105 93
105 103
105 106
105 116
105 123
106 28
106 42
106 13
106 36
106 46
106 47
106 111
106 118
106 123
111 46
111 51
111 116
111 122
111 123
116 28
116 42
116 6
116 14
116 36
116 46
116 53
116 63
116 93
116 120
116 123
116 127
123 28
123 6
123 21
123 36
123 41
123 51
123 60
123 61
123 65
123 80
123 84
123 97
123 108
123 109
123 112
123 114
36 28
36 42
36 65
44 1
44 13
44 35
44 29
44 34
44 49
44 59
44 66
44 74
44 89
44 113
44 119
44 129
47 83
47 5
47 27
47 15
47 25
47 26
47 31
47 84
47 90
47 94
47 98
47 125
47 126
98 7
98 13
98 32
98 89
98 39
98 69
98 71
98 96
98 103
98 108
98 118
98 128
98 84
98 90
98 15
98 25
98 30
98 48
98 78
98 104
98 125
98 126
6 28
6 88
6 10
6 21
6 61
6 63
6 65
6 127
28 14
28 16
28 21
28 42
28 50
28 51
28 61
28 68
28 84
28 88
28 93
28 108
28 109
28 112
28 127
42 46
42 61
42 88
46 38
46 55
46 89
46 51
46 54
51 60
21 88
21 117
21 112
21 14
21 31
21 54
21 61
21 63
21 65
21 127
32 1
32 7
32 20
32 5
32 8
32 16
32 40
32 67
32 69
32 74
32 76
32 77
32 86
32 100
32 104
32 110
32 113
32 115
32 124
34 59
34 74
34 122
34 101
34 8
34 29
34 66
34 72
34 94
34 95
34 109
62 122
62 65
62 8
62 29
62 66
62 72
62 77
62 95
62 115
118 7
118 13
118 57
118 59
118 33
118 37
118 39
118 41
118 43
118 56
118 69
118 71
118 83
118 96
118 97
118 5
118 23
118 26
118 27
118 45
118 84
118 90
118 93
118 100
118 120
118 128
7 1
7 5
7 20
7 22
7 40
7 67
7 81
7 84
7 90
7 100
7 117
7 124
14 88
14 122
14 60
14 93
14 101
14 10
14 61
14 63
14 65
14 127
14 25
14 30
14 50
14 53
68 57
68 3
68 22
68 16
68 61
68 64
68 77
68 80
68 101
68 112
68 127
88 10
88 38
88 54
88 57
88 63
88 65
88 93
88 95
88 101
88 125
88 126
88 127
90 57
90 59
90 74
90 117
90 119
90 121
90 41
90 69
90 97
90 103
90 108
90 10
90 84
90 15
90 23
90 25
90 26
90 31
90 72
90 77
90 78
90 85
90 95
90 125
90 126
93 103
93 128
93 3
93 60
93 80
93 29
93 30
93 54
93 64
93 66
93 99
93 101
93 112
93 114
112 3
112 60
112 80
112 99
112 101
112 30
112 114
127 22
127 10
127 61
127 63
127 65
127 30
127 53
127 54
127 79
3 22
3 60
3 80
3 99
3 101
3 107
3 114
76 20
76 67
76 5
76 81
76 124
114 69
114 103
114 60
114 80
114 99
114 101
114 53
114 64
114 95
8 20
8 59
8 74
8 122
8 100
8 29
8 66
8 72
8 77
8 94
8 95
8 109
8 115
16 86
16 100
16 110
16 124
16 54
16 104
50 103
50 22
50 80
50 101
50 107
50 86
50 65
50 30
50 53
50 125
61 59
61 101
61 10
61 54
61 65
61 115
84 69
84 96
84 103
84 15
84 23
84 25
84 26
84 29
84 31
84 78
84 125
84 126
108 20
108 74
108 2
108 69
108 103
108 15
108 23
108 25
108 26
108 31
108 65
108 78
108 126
109 57
109 59
109 117
109 122
109 83
109 66
109 72
109 77
109 94
109 95
109 115
25 69
25 103
25 128
25 100
25 23
25 31
25 78
25 125
25 126
54 63
54 65
101 22
101 60
101 80
101 30
101 53
101 64
101 65
41 2
41 33
41 37
41 39
41 15
41 17
41 26
41 43
41 48
41 71
41 83
41 96
41 97
41 103
41 120
41 128
65 96
65 10
65 63
65 64
65 77
49 1
49 13
49 35
49 38
49 52
49 55
49 89
49 119
49 121
49 129
69 57
69 2
69 33
69 39
69 43
69 5
69 23
69 31
69 40
69 45
69 71
69 78
69 83
69 85
69 97
69 100
69 103
69 107
69 125
69 126
69 128
81 20
81 117
81 5
81 40
81 124
80 22
80 60
80 53
80 64
80 99
30 22
30 99
30 53
30 64
39 117
39 2
39 37
39 17
39 43
39 48
39 71
39 107
39 120
39 126
39 128
103 38
103 2
103 56
103 15
103 23
103 26
103 27
103 78
103 125
103 128
38 1
38 4
38 13
38 35
38 53
38 55
38 57
38 85
38 89
38 95
38 113
38 119
38 121
38 129
57 1
57 4
57 13
57 35
57 55
57 31
57 59
57 66
57 74
57 77
57 89
57 113
57 119
57 121
57 129
95 59
95 67
95 74
95 89
95 122
95 107
95 29
95 66
95 72
95 77
95 94
95 17
125 107
125 15
125 26
125 126
126 59
126 124
126 15
126 26
126 31
22 33
22 64
22 99
53 64
60 99
94 122
94 124
94 29
94 66
94 77
129 1
129 4
129 13
129 20
129 35
129 55
129 74
129 89
129 113
129 40
129 110
13 1
13 4
13 17
13 35
13 52
13 55
13 74
13 89
13 117
13 119
13 121
13 122
122 1
122 59
122 74
122 29
122 66
122 77
122 115
120 117
120 2
120 37
120 43
120 56
120 71
120 83
120 96
120 97
120 128
97 2
97 33
97 37
97 43
97 56
97 71
97 83
97 96
97 128
1 4
1 20
1 35
1 55
1 59
1 67
1 74
1 89
1 113
1 117
1 119
1 121
4 35
4 55
4 74
4 89
4 113
4 119
4 121
20 5
20 27
20 33
20 40
20 67
20 86
20 110
20 124
35 52
35 55
35 74
35 89
35 119
35 121
55 40
55 74
55 89
55 113
55 119
55 121
55 128
59 29
59 66
59 74
59 77
59 115
67 5
67 27
67 100
67 102
67 110
67 113
67 117
67 124
74 29
74 56
74 89
74 115
74 119
74 121
89 113
89 117
89 119
89 121
113 85
113 119
113 121
117 17
117 48
117 71
117 85
117 96
117 128
119 40
119 121
121 29
121 48
121 52
121 96
5 27
5 40
5 52
5 86
5 110
5 124
40 27
40 100
40 124
100 27
100 104
100 110
100 124
124 27
124 86
124 110
124 104
17 107
27 37
27 83
27 104
27 110
33 2
33 37
33 45
33 56
33 71
33 83
33 96
33 107
33 128
77 29
77 66
77 72
115 29
115 66
115 72
85 107
85 26
85 78
85 48
66 72
128 2
128 37
128 43
128 56
128 71
128 83
128 96
128 23
128 26
128 31
128 48
31 15
102 56
102 45
56 43
56 83
56 96
48 71
48 26
48 78
71 2
71 43
71 26
71 45
71 83
71 96
96 2
96 37
96 43
96 83
96 26
96 45
96 72
2 37
2 43
2 83
37 43
37 83
43 45
43 83
83 15
15 23
15 26
15 78
26 23
26 78
23 78
