813
1080
873
47
504
422
583
836
493
945
138
448
330
797
635
571
261
110
941
731
1084
462
3
926
958
499
975
1029
598
77
1061
210
690
1102
408
432
845
744
614
150
30
155
860
688
879
908
1001
1091
946
1057
453
732
792
1118
596
91
14
556
955
714
822
335
153
675
669
1110
32
246
1079
300
538
76
802
725
1100
22
396
957
73
310
517
650
828
996
459
902
651
1050
319
771
665
510
94
667
406
102
276
251
84
410
96
79
126
841
228
325
1014
516
285
10
814
386
206
127
455
214
38
994
936
1127
486
976
696
28
198
108
90
740
935
584
575
1123
463
144
1056
179
402
662
188
306
1045
233
372
194
159
700
414
1063
904
31
435
1049
41
5
639
15
786
72
781
544
383
724
989
756
561
632
387
742
533
123
364
452
68
1096
1023
658
395
136
929
782
465
314
373
788
549
1019
600
647
1068
175
790
9
302
1124
426
1109
264
627
203
336
270
640
819
609
1055
7
652
553
109
1020
759
509
890
1130
997
531
961
405
611
366
655
949
467
291
687
787
