0 36
0 142
0 145
36 19
36 145
142 19
142 65
142 145
145 19
145 46
145 54
65 28
46 54
46 137
1 141
141 23
141 47
141 60
141 71
141 76
141 113
141 144
141 146
23 47
23 71
47 143
47 71
60 6
71 143
113 143
144 6
144 7
144 26
144 31
144 49
144 75
144 77
144 120
2 62
2 70
2 84
2 138
62 3
62 72
62 84
70 72
70 84
70 85
70 138
84 11
84 80
84 106
138 8
138 45
138 80
138 112
3 11
3 106
11 106
106 25
106 33
106 55
72 85
85 109
80 18
80 37
80 13
80 25
80 33
80 55
80 88
80 91
80 94
80 114
80 122
80 125
80 131
80 133
8 15
8 43
8 53
8 68
8 90
8 95
8 98
8 107
8 112
8 121
8 124
45 48
25 33
25 88
25 125
33 55
55 34
55 39
55 78
55 83
55 88
55 102
55 103
55 125
55 128
4 9
4 18
4 20
4 24
4 32
4 63
4 64
4 87
4 97
9 10
9 20
9 24
9 56
9 63
9 79
18 37
18 87
18 104
18 115
20 24
20 56
20 63
20 64
24 64
63 56
63 10
87 49
87 59
87 66
87 81
87 96
87 97
87 108
87 117
87 119
87 139
97 59
97 96
97 108
97 147
10 56
56 79
37 5
37 13
37 89
37 91
37 94
37 114
37 116
37 118
37 131
37 133
104 115
66 108
66 81
66 117
66 119
66 139
81 108
81 117
81 119
81 139
96 147
108 117
108 119
108 139
147 51
147 130
5 116
116 82
116 83
116 92
116 122
116 128
116 133
13 91
13 94
13 114
13 122
13 131
13 133
89 114
89 122
89 118
91 94
91 122
91 131
91 133
94 114
94 122
114 118
114 122
114 131
114 133
118 122
131 122
133 30
133 50
133 111
82 14
83 28
83 39
83 51
83 128
128 28
128 39
128 51
128 69
6 7
26 77
31 75
77 41
77 120
15 53
15 98
15 107
43 68
43 90
53 61
53 100
53 134
95 44
95 74
95 93
95 124
98 107
98 110
98 126
98 140
107 124
121 149
124 44
124 74
124 149
100 134
110 17
110 21
110 40
110 27
110 99
110 132
110 136
110 140
110 148
126 22
126 123
126 129
140 17
140 21
140 35
140 40
140 27
140 99
140 136
140 148
149 58
58 105
12 42
12 52
12 86
12 135
42 52
42 57
42 86
42 135
42 150
52 16
52 48
52 57
52 86
52 135
86 57
86 73
86 135
86 150
57 73
150 73
16 48
88 39
88 102
88 103
88 125
125 39
125 102
125 103
30 50
30 101
30 111
50 101
50 111
111 101
17 21
17 35
17 40
17 132
17 148
21 35
21 132
35 132
35 148
40 99
40 132
40 136
99 27
22 123
22 127
22 129
123 38
123 127
123 129
34 78
51 29
51 67
