362
354
1
2
57
33
237
17
340
10
141
357
320
331
257
226
321
228
300
370
239
170
317
3
123
220
216
304
251
143
281
263
75
99
264
266
312
160
96
86
29
222
277
155
61
242
114
105
152
295
38
127
307
351
274
176
291
330
58
276
248
258
311
275
221
303
93
51
4
213
218
350
72
230
167
191
90
101
59
74
12
334
373
284
89
100
102
249
168
15
361
0
116
162
339
356
352
326
118
80
43
198
378
98
137
297
142
201
163
154
324
332
319
68
261
253
241
14
192
298
365
158
219
282
24
367
121
252
104
194
50
18
358
188
246
65
41
64
156
26
36
238
5
171
348
247
203
172
174
273
337
16
76
126
8
133
377
166
129
125
83
67
369
132
97
119
293
204
270
79
37
200
164
32
108
106
294
66
6
341
111
27
322
130
336
236
223
364
92
285
187
165
153
120
82
177
338
234
329
289
286
262
342
368
306
245
78
88
55
305
40
212
217
71
107
268
269
20
25
279
28
190
159
313
122
77
136
265
169
149
343
53
240
112
292
232
260
233
347
21
355
30
353
179
150
344
224
144
349
259
95
13
87
207
70
9
34
135
44
366
189
325
302
244
290
231
288
359
363
199
42
124
63
19
195
175
271
310
178
345
173
256
283
202
22
134
46
372
39
235
35
84
49
346
333
318
103
81
157
299
148
69
115
52
85
267
60
278
139
128
117
31
296
280
255
360
109
7
323
193
56
211
113
54
215
23
371
208
272
254
301
131
161
91
62
243
287
227
94
110
45
