0 58
0 86
0 144
0 184
0 212
0 249
0 271
0 281
0 358
58 2
58 3
58 11
58 13
58 23
58 30
58 41
58 42
58 45
58 46
58 48
58 52
58 53
58 54
58 56
58 57
58 61
58 76
58 83
58 84
58 88
58 91
58 97
58 115
58 117
58 123
58 124
58 125
58 126
58 127
58 132
58 137
58 138
58 140
58 142
58 144
58 145
58 152
58 153
58 154
58 160
58 162
58 165
58 167
58 180
58 184
58 185
58 186
58 187
58 194
58 197
58 201
58 203
58 208
58 209
58 210
58 213
58 221
58 227
58 230
58 233
58 235
58 245
58 247
58 251
58 257
58 261
58 263
58 269
58 270
58 271
58 276
58 279
58 280
58 281
58 287
58 288
58 289
58 294
58 296
58 298
58 304
58 310
58 316
58 324
58 325
58 335
58 340
58 341
58 342
58 346
58 347
58 350
58 356
58 358
58 360
58 362
58 363
58 368
58 374
58 376
58 377
58 395
58 398
58 402
58 403
58 405
86 212
86 249
86 281
86 308
144 1
144 13
144 44
144 48
144 83
144 107
144 124
144 125
144 138
144 184
144 186
144 203
144 247
144 252
144 257
144 263
144 271
144 280
144 281
144 287
144 296
144 316
144 325
144 340
144 341
144 342
144 346
144 357
144 358
144 374
144 376
144 393
184 4
184 41
184 50
184 109
184 235
184 271
184 272
184 275
184 358
184 373
212 8
212 16
212 17
212 24
212 36
212 39
212 40
212 56
212 70
212 79
212 94
212 98
212 101
212 107
212 112
212 114
212 120
212 129
212 130
212 138
212 150
212 177
212 179
212 188
212 189
212 197
212 199
212 207
212 211
212 216
212 219
212 221
212 223
212 224
212 225
212 226
212 242
212 245
212 249
212 258
212 266
212 268
212 270
212 271
212 274
212 278
212 281
212 289
212 290
212 300
212 302
212 303
212 306
212 307
212 308
212 312
212 316
212 328
212 335
212 362
212 369
212 370
212 371
212 374
212 377
212 380
212 390
212 393
212 394
212 397
212 406
249 8
249 16
249 17
249 24
249 36
249 39
249 40
249 41
249 56
249 70
249 94
249 98
249 101
249 107
249 112
249 114
249 120
249 129
249 130
249 138
249 150
249 177
249 179
249 188
249 189
249 197
249 199
249 207
249 211
249 216
249 219
249 221
249 223
249 224
249 225
249 226
249 242
249 245
249 258
249 266
249 270
249 271
249 274
249 278
249 281
249 289
249 300
249 302
249 303
249 306
249 307
249 308
249 312
249 316
249 328
249 335
249 362
249 369
249 370
249 371
249 374
249 377
249 380
249 390
249 393
249 394
249 397
249 406
271 4
271 7
271 31
271 40
271 41
271 48
271 55
271 56
271 57
271 60
271 70
271 78
271 82
271 109
271 112
271 122
271 129
271 133
271 143
271 148
271 149
271 150
271 151
271 174
271 188
271 211
271 214
271 221
271 227
271 236
271 242
271 266
271 275
271 278
271 281
271 287
271 302
271 303
271 316
271 325
271 337
271 341
271 358
271 362
271 373
271 378
271 383
271 385
271 391
271 400
271 406
281 1
281 6
281 7
281 9
281 10
281 12
281 14
281 16
281 17
281 18
281 21
281 22
281 23
281 24
281 25
281 27
281 29
281 32
281 35
281 36
281 38
281 40
281 41
281 42
281 44
281 46
281 48
281 49
281 50
281 53
281 59
281 61
281 63
281 65
281 66
281 67
281 68
281 71
281 75
281 77
281 78
281 79
281 80
281 81
281 83
281 84
281 90
281 93
281 94
281 95
281 96
281 98
281 101
281 102
281 103
281 105
281 107
281 110
281 111
281 114
281 117
281 120
281 121
281 127
281 128
281 130
281 131
281 132
281 134
281 135
281 136
281 138
281 139
281 140
281 141
281 142
281 143
281 146
281 147
281 148
281 151
281 152
281 158
281 161
281 162
281 164
281 167
281 170
281 172
281 176
281 177
281 178
281 181
281 186
281 187
281 188
281 190
281 191
281 197
281 198
281 199
281 202
281 203
281 205
281 207
281 211
281 215
281 216
281 217
281 219
281 221
281 222
281 224
281 225
281 231
281 232
281 240
281 243
281 244
281 245
281 246
281 251
281 255
281 256
281 260
281 264
281 265
281 266
281 267
281 269
281 272
281 276
281 277
281 282
281 284
281 285
281 286
281 287
281 288
281 290
281 292
281 293
281 294
281 296
281 298
281 303
281 304
281 305
281 306
281 307
281 309
281 314
281 316
281 321
281 322
281 323
281 325
281 326
281 330
281 331
281 334
281 336
281 338
281 341
281 342
281 343
281 344
281 345
281 346
281 347
281 348
281 349
281 351
281 356
281 357
281 358
281 359
281 360
281 362
281 363
281 364
281 365
281 372
281 373
281 374
281 375
281 378
281 379
281 380
281 382
281 386
281 393
281 394
281 395
281 397
281 401
281 402
358 13
358 23
358 26
358 34
358 43
358 53
358 74
358 83
358 90
358 92
358 111
358 126
358 127
358 152
358 155
358 156
358 157
358 160
358 161
358 162
358 185
358 186
358 194
358 196
358 197
358 204
358 209
358 213
358 221
358 229
358 235
358 250
358 267
358 280
358 299
358 300
358 316
358 321
358 325
358 340
358 341
358 342
358 356
358 357
358 360
358 370
358 374
358 377
358 389
358 393
358 394
358 404
2 11
2 287
3 83
3 287
3 38
3 63
3 226
3 316
11 287
11 405
13 1
13 256
13 280
23 316
23 51
23 53
23 75
23 317
23 338
23 351
23 365
30 287
30 41
30 127
30 145
30 196
30 200
30 253
41 50
41 138
41 235
41 287
41 38
41 63
41 316
41 6
41 8
41 37
41 39
41 43
41 56
41 60
41 72
41 103
41 111
41 121
41 166
41 174
41 177
41 180
41 187
41 189
41 193
41 196
41 224
41 227
41 233
41 236
41 238
41 242
41 258
41 260
41 283
41 288
41 301
41 304
41 305
41 319
41 330
41 344
41 349
41 373
41 374
41 378
41 386
41 389
41 391
41 393
42 287
42 316
42 393
42 140
42 374
42 117
42 137
42 279
45 287
45 316
45 405
45 20
45 85
45 398
46 287
46 316
46 347
46 359
46 67
46 97
46 286
46 382
48 44
48 83
48 266
48 287
48 316
48 393
48 221
48 325
48 107
48 90
48 181
48 322
48 341
48 385
52 287
52 38
52 63
52 316
52 393
52 24
53 316
53 32
53 140
54 287
54 316
54 393
54 368
56 287
56 316
56 325
56 129
56 154
56 242
56 304
57 287
57 316
57 227
61 287
61 145
61 91
76 287
76 316
76 142
76 123
76 273
83 44
83 107
83 138
83 180
83 186
83 187
83 222
83 224
83 261
83 280
83 287
83 316
83 341
83 362
83 374
83 393
84 287
84 125
84 115
84 232
88 287
88 310
88 233
91 287
91 377
91 157
91 164
91 269
97 287
97 316
97 251
97 347
97 393
115 287
115 230
115 232
117 287
117 316
117 393
117 324
117 374
123 287
123 38
123 63
123 66
124 316
124 263
125 287
125 38
125 63
125 202
125 252
125 314
126 287
126 157
126 160
126 254
127 287
127 215
127 26
127 59
127 172
127 194
127 200
127 217
127 253
127 265
127 294
127 320
127 335
127 379
127 381
127 392
127 394
132 138
132 287
132 316
132 141
132 20
132 21
132 152
137 287
137 347
137 140
137 162
137 279
138 1
138 12
138 18
138 21
138 27
138 28
138 38
138 63
138 64
138 72
138 77
138 81
138 96
138 102
138 103
138 105
138 107
138 135
138 140
138 141
138 145
138 152
138 158
138 160
138 171
138 176
138 178
138 186
138 187
138 194
138 203
138 221
138 224
138 245
138 250
138 251
138 260
138 262
138 287
138 288
138 296
138 316
138 346
138 352
138 373
138 374
138 386
138 393
138 402
140 74
140 38
140 63
140 316
140 32
140 373
140 347
140 64
140 135
140 165
140 171
140 183
140 279
140 401
142 287
142 316
142 14
142 65
142 273
142 288
142 328
145 287
145 316
145 141
145 104
152 287
152 405
152 135
152 294
152 356
152 402
153 287
153 59
153 113
153 136
153 209
153 379
154 287
154 316
154 304
154 159
160 287
160 316
160 367
160 393
160 194
160 297
160 377
160 374
160 156
160 157
160 269
162 287
162 316
162 347
162 393
162 374
162 342
165 287
165 38
165 63
165 316
165 405
165 393
165 135
165 185
167 287
167 316
167 245
167 81
180 261
180 287
180 316
180 324
185 287
185 316
185 393
185 340
185 366
186 393
186 374
187 287
187 316
187 280
187 393
187 349
187 222
187 374
194 287
194 393
194 26
194 300
194 394
197 393
197 107
197 203
197 374
197 292
201 287
201 395
203 287
203 63
203 321
203 107
203 181
203 341
203 342
203 374
208 287
208 111
208 359
208 218
208 403
209 287
209 360
210 287
210 276
213 235
213 287
213 350
221 38
221 316
221 251
221 31
221 158
221 96
221 146
221 276
221 325
221 341
221 397
227 50
227 235
227 287
227 316
227 6
230 287
230 394
230 234
230 300
233 287
233 316
233 43
235 1
235 50
235 4
235 6
235 49
235 55
235 82
235 93
235 133
235 139
235 170
235 191
235 214
235 223
235 264
235 266
235 272
235 282
235 329
235 336
235 337
235 361
235 377
235 383
235 400
245 287
245 38
245 63
245 226
245 103
247 287
247 193
247 220
247 298
247 300
247 327
247 342
251 287
251 316
251 18
251 103
251 31
251 102
251 158
251 288
251 373
251 393
257 287
257 223
257 291
257 300
257 346
261 1
261 74
261 287
261 316
263 316
269 287
269 367
269 297
269 59
269 217
269 395
270 287
270 316
270 289
270 300
270 315
276 287
276 146
279 74
279 287
279 316
279 393
279 368
279 401
280 316
280 349
287 43
287 252
287 288
287 289
287 294
287 296
287 298
287 304
287 310
287 316
287 324
287 335
287 341
287 346
287 347
287 350
287 356
287 362
287 368
287 374
287 377
287 393
287 395
287 398
287 402
287 403
287 405
288 352
288 103
288 373
288 19
288 40
288 195
288 206
288 283
288 39
288 102
288 155
288 158
288 178
288 236
288 238
288 250
288 259
288 286
288 301
288 304
288 312
288 333
288 347
288 354
288 362
288 374
288 378
288 393
289 38
289 63
289 179
289 65
289 335
294 59
294 172
294 217
294 265
294 356
294 379
296 316
296 32
296 293
296 104
296 173
296 298
296 357
298 321
298 80
298 105
298 255
304 362
310 63
310 151
316 44
316 266
316 38
316 63
316 226
316 14
316 20
316 22
316 24
316 43
316 81
316 85
316 104
316 105
316 107
316 110
316 128
316 141
316 161
316 164
316 175
316 181
316 215
316 222
316 255
316 273
316 284
316 300
316 309
316 313
316 314
316 315
316 321
316 324
316 325
316 328
316 334
316 341
316 347
316 349
316 352
316 357
316 362
316 368
316 373
316 374
316 385
316 393
325 211
325 133
325 148
325 150
325 70
325 373
325 40
325 378
325 31
325 78
325 82
325 112
325 129
325 143
325 149
325 151
325 214
325 236
325 278
325 302
325 337
325 341
325 362
325 400
325 406
335 215
335 312
335 394
335 300
340 376
340 366
341 44
341 266
341 107
341 87
341 99
341 243
341 311
341 332
341 381
341 385
341 388
342 74
342 393
342 321
342 196
342 374
342 92
342 229
342 250
342 357
342 370
346 328
346 146
346 220
346 327
347 373
347 19
347 40
347 33
347 81
347 111
347 135
347 246
347 343
347 359
347 397
360 244
360 231
362 211
362 148
362 224
362 393
363 25
363 68
363 377
368 393
374 352
374 224
374 393
374 250
376 22
376 239
377 38
377 63
377 223
377 68
377 157
377 164
377 326
395 59
395 217
395 402
405 135
1 44
1 50
1 74
1 211
1 240
1 256
1 266
1 331
44 107
107 38
107 63
107 401
357 173
357 104
393 38
393 63
393 258
393 19
393 195
393 206
393 224
393 260
393 378
393 24
393 28
393 37
393 47
393 90
393 120
393 147
393 179
393 207
393 250
393 267
393 309
393 322
393 349
393 354
393 372
4 50
4 275
4 329
50 6
50 49
50 55
50 82
50 93
50 122
50 133
50 139
50 170
50 191
50 214
50 223
50 264
50 266
50 272
50 282
50 329
50 336
50 337
50 361
50 383
50 400
109 38
109 63
109 329
109 373
272 101
373 18
373 32
373 19
373 31
373 135
373 158
373 300
373 309
373 312
373 330
8 258
8 352
16 49
16 150
17 70
17 191
24 38
24 63
24 224
24 219
24 349
36 264
36 302
39 38
39 63
39 114
40 211
40 266
40 177
40 19
40 111
40 216
40 354
40 359
70 55
79 93
79 129
94 222
94 370
98 6
101 112
112 82
114 38
114 63
114 378
120 266
120 38
120 63
120 224
130 394
130 353
150 400
177 266
177 38
177 63
177 10
179 38
179 63
179 224
179 309
188 7
188 242
189 37
189 307
199 139
199 278
207 224
207 354
207 306
216 111
216 128
216 359
219 38
219 63
219 268
223 38
223 63
223 300
224 38
224 63
224 258
224 19
224 206
224 37
224 60
224 147
224 163
224 260
224 301
224 309
224 339
224 349
224 354
224 378
225 361
225 406
226 38
226 63
258 111
258 166
266 38
266 63
266 385
268 38
268 63
268 228
274 397
278 133
290 143
300 328
300 394
300 330
300 299
300 175
300 234
300 291
300 315
300 327
302 214
303 151
306 282
307 348
312 19
328 14
328 220
328 327
328 390
369 38
369 63
369 238
369 380
370 196
371 163
371 339
371 390
380 38
380 63
394 215
394 26
394 234
394 320
394 392
397 38
397 63
397 33
397 81
406 337
7 170
31 158
55 361
60 149
60 301
60 385
78 378
78 348
82 191
122 93
122 149
133 6
143 378
148 10
149 174
149 236
149 391
149 385
149 383
151 38
151 63
174 283
174 301
214 49
236 301
337 264
378 19
378 195
378 301
378 391
383 170
383 391
385 159
391 301
400 139
9 215
12 141
14 110
18 32
18 103
22 161
22 239
25 190
25 277
25 285
25 364
27 72
27 198
29 244
29 323
32 183
32 293
35 256
35 349
38 62
38 63
38 66
38 71
38 75
38 85
38 89
38 106
38 111
38 121
38 134
38 141
38 193
38 198
38 305
38 317
38 329
38 338
38 351
38 365
38 387
59 158
59 113
59 217
59 379
63 62
63 66
63 71
63 75
63 85
63 89
63 106
63 111
63 121
63 134
63 141
63 193
63 198
63 202
63 305
63 317
63 329
63 338
63 351
63 365
63 387
66 110
67 359
68 326
71 141
71 386
75 111
75 121
75 293
75 365
77 176
80 321
80 173
90 161
95 106
95 243
102 158
102 178
103 238
105 104
105 255
111 317
111 338
111 351
111 365
111 108
111 121
111 166
111 218
111 246
111 299
111 343
111 345
111 359
121 389
131 345
134 62
134 322
134 375
135 64
135 171
136 158
136 113
136 379
141 20
141 104
147 206
164 157
164 334
172 265
190 277
190 285
190 364
198 85
202 305
205 292
240 331
243 332
243 87
243 99
243 311
243 381
243 388
244 323
246 359
246 343
256 349
260 19
260 386
267 299
267 372
277 364
282 336
284 314
285 364
286 259
286 382
293 51
293 317
293 338
293 351
293 365
305 193
321 20
321 313
321 173
322 375
330 299
330 344
331 108
338 51
338 351
343 359
344 92
349 319
351 317
365 317
379 113
401 74
34 43
43 169
43 204
43 396
74 229
92 250
155 389
155 404
156 157
250 352
389 404
28 262
64 171
352 273
108 166
62 89
85 20
106 387
193 327
20 313
175 315
5 69
5 73
5 182
5 241
5 367
69 182
69 318
69 367
69 399
73 116
73 168
73 241
73 332
73 367
182 367
182 399
241 168
241 367
367 116
367 168
367 295
367 297
367 318
367 332
367 399
318 399
116 168
116 295
332 295
332 99
297 200
297 253
37 47
283 19
283 206
283 301
319 15
319 118
319 237
220 327
15 118
15 237
15 248
118 248
237 248
19 195
19 206
163 339
259 333
259 355
333 355
200 253
200 381
253 381
320 100
320 392
381 311
228 192
87 388
311 388
119 384
