0 32
0 118
0 146
0 150
0 154
0 180
1 20
1 41
1 56
1 83
1 173
1 198
1 206
1 219
2 6
2 9
2 10
2 12
2 13
2 14
2 17
2 22
2 23
2 26
2 31
2 38
2 41
2 59
2 66
2 76
2 82
2 94
2 95
2 96
2 105
2 107
2 115
2 123
2 129
2 140
2 141
2 161
2 164
2 167
2 173
2 174
2 188
2 196
2 197
2 201
2 205
2 212
2 215
2 217
2 223
3 33
3 47
3 59
3 72
3 109
3 193
3 196
3 198
4 32
4 146
4 163
4 204
4 215
5 21
5 25
5 41
5 59
5 68
5 130
5 167
5 173
5 197
5 215
6 13
6 29
6 33
6 52
6 164
6 173
7 18
7 83
7 106
7 145
7 158
7 219
8 81
8 128
8 215
9 29
9 38
9 52
9 59
9 86
9 164
9 197
10 27
10 29
10 32
10 52
10 77
10 83
10 95
10 146
10 164
10 198
10 210
10 215
10 219
11 29
11 31
11 52
11 74
11 118
11 180
11 215
12 73
12 83
12 107
12 164
12 165
12 190
12 219
12 224
13 29
13 52
13 121
13 164
13 215
14 29
14 32
14 41
14 43
14 52
14 61
14 64
14 105
14 118
14 146
14 164
14 177
14 188
14 215
15 44
15 138
15 158
15 189
15 198
15 223
16 29
16 41
16 42
16 52
16 75
16 114
16 155
16 158
16 190
16 215
17 54
17 96
17 164
17 215
18 29
18 52
18 85
18 145
18 151
18 158
18 198
18 215
18 225
19 41
19 59
19 83
19 209
19 219
20 56
21 25
21 64
21 88
21 215
22 23
22 24
22 93
22 164
22 205
22 215
22 223
23 24
23 93
23 94
23 164
23 215
23 223
24 93
24 94
24 108
24 124
24 160
24 174
24 205
24 215
25 215
26 29
26 52
26 129
26 152
26 164
27 41
27 77
27 103
27 215
28 32
28 50
28 74
28 97
28 146
28 173
28 215
29 38
29 41
29 43
29 46
29 52
29 59
29 60
29 62
29 65
29 69
29 70
29 74
29 78
29 92
29 95
29 101
29 104
29 105
29 118
29 127
29 129
29 140
29 150
29 151
29 156
29 158
29 166
29 167
29 173
29 188
29 193
29 194
29 196
29 197
29 201
29 204
29 214
29 215
29 220
30 41
30 68
30 71
30 194
30 215
31 118
31 161
31 164
31 180
31 215
32 35
32 50
32 64
32 67
32 95
32 97
32 99
32 120
32 146
32 147
32 149
32 154
32 163
32 173
32 215
33 41
33 43
33 59
33 65
33 75
33 80
33 83
33 89
33 91
33 109
33 119
33 121
33 137
33 138
33 143
33 144
33 152
33 159
33 173
33 187
33 193
33 196
33 213
33 215
33 219
33 221
33 222
34 118
34 138
34 144
34 180
34 213
35 46
35 99
35 146
35 215
36 41
36 63
36 83
36 96
36 203
36 219
37 59
37 129
37 137
37 197
37 215
38 52
38 83
38 92
38 151
38 164
38 207
38 219
39 48
39 83
39 85
39 116
39 136
39 173
39 219
40 58
40 85
40 199
40 215
41 51
41 52
41 53
41 59
41 61
41 62
41 65
41 68
41 71
41 75
41 78
41 79
41 80
41 82
41 83
41 84
41 86
41 87
41 91
41 92
41 93
41 96
41 97
41 98
41 100
41 103
41 108
41 109
41 110
41 111
41 112
41 116
41 118
41 125
41 126
41 130
41 132
41 133
41 138
41 142
41 155
41 157
41 158
41 162
41 164
41 167
41 169
41 170
41 171
41 173
41 177
41 178
41 180
41 184
41 185
41 186
41 193
41 196
41 198
41 200
41 203
41 206
41 208
41 209
41 210
41 212
41 213
41 215
41 218
41 219
41 224
41 225
42 114
42 158
42 175
42 190
43 52
43 62
43 80
43 105
43 118
43 180
43 192
43 214
43 215
43 223
44 59
44 139
44 198
44 215
44 223
45 57
45 102
45 144
45 181
45 215
46 52
46 150
46 215
47 72
47 113
47 198
48 55
48 210
49 70
49 118
49 147
49 215
50 118
50 146
50 156
50 180
51 203
51 208
52 59
52 60
52 62
52 65
52 69
52 70
52 74
52 78
52 92
52 95
52 101
52 104
52 105
52 118
52 127
52 129
52 140
52 150
52 151
52 156
52 158
52 166
52 167
52 173
52 188
52 193
52 194
52 196
52 197
52 201
52 204
52 214
52 215
52 220
53 110
53 171
53 215
53 216
54 173
54 196
54 215
55 77
55 83
55 181
55 210
55 211
55 215
55 219
57 85
57 102
57 144
57 181
57 199
57 215
58 85
58 199
58 215
59 65
59 68
59 71
59 72
59 76
59 79
59 82
59 83
59 86
59 109
59 117
59 121
59 125
59 137
59 139
59 157
59 164
59 167
59 173
59 177
59 186
59 188
59 193
59 196
59 197
59 198
59 209
59 210
59 212
59 213
59 215
59 219
59 224
60 72
60 136
60 194
60 198
61 118
61 168
61 177
61 182
62 192
62 215
62 223
63 83
63 90
63 212
63 219
64 71
64 84
64 88
64 146
64 196
64 214
64 215
64 224
65 71
65 83
65 91
65 118
65 148
65 180
65 197
65 214
65 215
65 219
66 114
66 141
66 164
66 173
66 175
67 146
67 149
67 166
67 215
68 71
68 83
68 130
68 173
68 193
68 196
68 215
68 219
69 118
69 149
69 180
69 204
70 104
70 118
70 215
71 83
71 84
71 88
71 130
71 177
71 184
71 193
71 196
71 197
71 198
71 215
71 219
71 224
72 76
72 83
72 136
72 157
72 175
72 178
72 193
72 198
72 208
72 215
72 224
73 83
73 106
73 153
73 215
73 219
74 215
75 83
75 98
75 126
75 155
75 207
75 215
75 219
76 83
76 164
76 193
76 196
76 198
76 208
76 215
76 219
76 224
77 83
77 195
77 219
78 83
78 91
78 104
78 118
78 142
78 173
78 180
78 219
79 82
79 83
79 125
79 185
79 193
79 215
79 219
80 82
80 83
80 112
80 138
80 140
80 157
80 183
80 185
80 192
80 215
80 219
80 223
81 128
81 215
82 83
82 138
82 160
82 164
82 185
82 196
82 212
82 215
82 219
83 84
83 85
83 88
83 90
83 91
83 92
83 93
83 97
83 98
83 106
83 108
83 111
83 116
83 118
83 125
83 130
83 131
83 142
83 146
83 151
83 157
83 161
83 162
83 169
83 173
83 175
83 177
83 180
83 184
83 185
83 186
83 190
83 191
83 193
83 195
83 196
83 198
83 199
83 201
83 206
83 209
83 210
83 212
83 213
83 215
83 216
83 217
83 218
83 219
83 224
84 184
84 219
85 151
85 181
85 198
85 199
85 211
85 215
85 219
85 225
86 138
86 197
86 215
87 115
87 155
87 215
88 130
88 198
88 224
89 137
89 143
89 173
89 179
90 196
90 198
90 199
90 212
90 215
90 219
91 142
91 173
91 215
91 219
92 100
92 133
92 158
92 219
93 94
93 124
93 174
93 198
93 205
93 215
94 164
94 174
94 215
94 223
95 146
95 158
95 164
95 191
96 164
96 203
97 118
97 146
97 162
97 173
97 219
98 126
98 217
98 219
99 118
99 127
99 146
99 180
100 133
100 158
101 154
101 156
101 215
102 181
103 215
104 118
104 173
105 135
105 164
105 173
105 197
105 215
106 153
106 215
106 219
107 141
107 164
107 215
108 110
108 160
108 170
108 171
108 178
108 196
108 215
108 216
108 219
108 224
109 119
109 126
109 193
109 196
110 171
110 196
110 215
110 216
111 112
111 201
111 215
111 219
112 140
112 159
112 196
112 215
113 173
113 189
113 215
114 158
114 175
114 190
115 164
115 215
115 217
116 171
116 195
116 196
116 215
116 219
117 173
117 188
117 197
118 120
118 121
118 127
118 138
118 148
118 149
118 150
118 156
118 162
118 163
118 173
118 177
118 179
118 180
118 182
118 198
118 202
118 214
118 215
118 219
118 220
118 222
118 224
119 122
119 134
119 198
120 146
120 147
120 182
120 202
121 143
121 173
121 180
121 197
121 202
121 215
122 123
122 134
122 173
122 198
123 164
123 173
123 174
123 215
123 223
124 205
125 193
125 215
125 218
125 219
127 166
127 180
128 215
129 164
129 215
130 198
130 224
131 161
131 206
131 219
132 170
132 208
132 215
132 216
133 158
134 198
135 148
135 215
136 173
136 198
137 197
138 144
138 158
138 160
138 172
138 173
138 180
138 189
138 196
138 213
138 215
139 215
140 164
140 183
140 215
141 164
141 173
141 215
142 168
142 219
143 173
143 179
143 197
143 202
143 222
144 181
144 196
144 213
144 215
144 221
145 158
146 147
146 149
146 154
146 163
146 173
146 198
146 215
147 215
148 180
148 215
149 180
150 180
151 158
151 219
151 225
152 159
152 173
153 215
154 215
155 215
156 180
157 185
157 193
157 198
157 215
157 219
158 175
158 176
158 189
158 190
158 191
158 198
159 172
159 173
159 196
159 201
159 213
159 215
160 172
160 215
161 164
161 219
162 219
163 180
163 220
164 167
164 173
164 174
164 188
164 196
164 197
164 201
164 205
164 212
164 215
164 217
164 223
165 219
165 224
166 215
167 197
167 215
169 215
169 224
170 178
170 208
171 178
172 196
172 213
172 215
173 179
173 184
173 189
173 193
173 196
173 197
173 202
173 206
173 215
173 218
173 219
173 222
173 223
174 215
174 223
175 216
175 219
175 224
176 191
177 180
177 215
177 219
177 224
178 198
178 215
178 216
178 224
179 182
180 182
180 198
180 214
180 215
180 220
180 222
180 224
181 199
181 211
181 215
182 202
182 222
184 218
184 219
185 219
186 198
186 212
186 219
187 196
187 215
187 221
188 197
188 215
189 215
190 191
190 196
190 215
190 219
190 224
191 219
191 224
192 215
192 223
193 196
193 197
193 198
193 210
193 215
193 219
193 224
194 215
195 196
195 215
195 219
196 197
196 201
196 210
196 213
196 215
196 219
196 221
196 224
197 215
198 208
198 210
198 215
198 223
198 224
199 211
199 215
199 219
200 215
200 225
201 215
201 219
203 208
204 215
205 215
205 223
206 219
207 215
208 215
208 216
209 219
210 219
211 215
212 219
213 215
213 219
213 221
214 215
215 216
215 219
215 221
215 223
215 224
215 225
216 219
217 219
218 219
219 224
