71
522
139
469
592
539
610
571
287
495
513
51
202
91
238
556
626
707
42
90
17
516
542
83
379
370
392
401
479
712
507
325
230
136
61
439
270
344
468
63
412
296
290
146
529
151
221
353
226
4
546
541
62
665
455
23
618
351
547
398
442
268
210
31
464
331
211
359
128
510
168
574
614
535
160
534
251
206
528
388
377
185
175
162
32
304
332
509
129
423
261
586
538
633
77
80
64
82
24
378
292
474
244
324
463
76
386
122
639
667
627
473
645
235
11
161
140
190
419
343
646
580
209
265
695
70
644
156
403
521
145
3
110
249
589
10
191
309
563
334
687
637
701
372
601
177
213
471
532
575
594
36
502
497
584
597
466
34
654
506
255
590
169
311
621
112
689
126
326
519
670
40
85
301
578
172
520
484
119
68
430
310
227
612
273
424
339
118
685
593
467
660
96
550
102
35
399
413
690
635
100
702
87
598
201
356
9
239
133
158
285
577
562
346
318
518
361
483
411
352
50
152
176
316
30
414
620
186
182
274
20
553
16
669
567
205
625
223
443
147
317
540
48
381
307
319
487
493
272
583
294
183
101
144
655
256
607
591
220
407
565
57
435
490
394
416
613
260
404
658
397
447
674
400
494
711
212
366
6
127
28
340
43
322
99
631
704
56
148
649
705
111
500
376
630
165
336
428
684
585
643
391
568
456
564
573
462
572
106
22
481
335
561
348
314
108
675
81
250
358
357
117
222
680
512
478
275
159
472
647
527
279
604
72
208
276
269
262
170
137
75
552
624
155
387
576
93
203
194
215
425
291
417
217
537
436
634
60
104
554
551
544
632
84
616
517
124
629
515
125
409
595
164
536
449
313
611
188
253
579
526
599
241
485
617
496
342
698
198
420
98
393
26
452
406
408
470
1
602
364
415
659
480
405
465
374
371
143
69
232
581
438
53
661
258
345
362
295
347
341
558
619
477
78
308
615
609
219
365
286
263
300
402
329
663
134
288
281
171
454
157
450
499
369
41
305
533
683
27
458
360
418
448
54
525
67
396
700
293
441
303
671
664
482
193
115
214
233
676
666
95
706
264
66
21
189
566
380
266
672
236
289
44
327
207
19
29
283
608
475
385
427
0
333
231
298
410
491
240
569
229
192
312
367
267
559
338
531
606
123
693
587
39
337
107
46
395
252
434
460
486
628
225
457
390
59
508
174
384
651
320
445
421
79
440
282
105
682
131
271
383
426
33
204
476
446
650
656
65
514
228
673
652
330
557
451
25
501
73
653
511
622
560
49
389
382
121
38
254
623
461
657
699
488
523
444
588
278
570
498
686
58
596
109
703
662
373
640
181
555
505
459
116
97
433
453
437
153
113
605
530
306
2
354
422
92
545
237
429
103
582
492
688
648
246
524
120
489
284
315
431
549
328
363
89
548
180
638
375
37
299
636
12
543
86
130
504
196
173
350
257
