36
91
368
97
177
120
351
311
102
129
219
8
347
284
194
310
356
203
140
303
367
341
259
130
68
109
52
121
290
357
254
161
10
53
241
118
32
160
175
267
249
348
236
358
71
70
307
255
49
353
265
159
67
135
13
5
11
200
95
7
253
20
297
309
240
58
125
369
74
110
75
235
291
274
169
234
261
80
304
31
232
352
82
285
76
162
98
276
211
34
204
170
73
173
94
201
15
317
271
122
195
228
9
318
4
134
231
354
372
238
79
78
51
17
14
37
210
23
237
59
12
199
187
319
333
178
115
218
108
93
33
29
179
119
30
54
65
286
136
99
306
88
90
16
342
172
244
55
131
230
343
288
202
349
96
320
287
35
168
226
22
137
190
363
193
167
116
266
361
166
257
133
227
206
335
45
44
336
77
350
324
46
66
0
100
69
50
92
42
