159
74
29
321
109
149
347
31
213
122
97
193
234
40
97
119
206
289
168
268
332
228
70
179
161
50
256
40
8
29
23
345
72
120
286
118
360
222
206
162
193
289
97
109
150
290
168
211
216
40
268
181
67
108
69
8
362
49
117
115
49
158
67
361
168
267
318
47
214
20
92
359
236
306
193
32
321
362
20
318
40
158
9
40
99
205
180
94
31
162
94
120
158
48
148
51
209
222
307
222
234
66
110
75
332
328
116
378
350
29
245
79
245
35
206
206
236
292
310
378
310
96
348
40
96
216
269
234
267
206
40
363
302
215
320
284
121
256
234
333
256
168
204
234
286
49
29
206
217
256
208
40
32
224
270
41
286
8
377
238
32
49
110
228
234
40
360
108
31
182
20
228
373
265
182
96
194
214
71
360
320
349
92
215
209
332
97
94
292
