106
341
313
158
25
238
430
317
213
302
206
426
225
190
47
303
202
56
69
137
331
163
246
198
144
309
168
410
95
98
417
173
442
408
59
253
362
53
242
151
186
204
46
195
342
330
97
227
161
109
148
93
210
392
444
420
114
102
87
108
367
223
357
99
48
17
201
152
441
354
72
263
187
299
390
62
335
318
139
258
298
315
189
433
126
443
105
19
153
439
207
67
185
268
296
79
146
316
250
172
1
143
192
92
216
247
176
123
80
39
141
159
413
96
224
333
136
103
373
347
149
180
169
142
274
248
27
320
194
260
432
183
177
415
178
363
7
356
14
288
11
277
42
119
44
346
428
409
365
285
323
107
239
64
338
418
436
84
150
55
351
15
287
403
244
217
75
376
290
90
85
160
385
45
16
66
127
29
339
124
400
191
388
0
20
220
312
74
265
196
375
391
389
394
164
167
120
382
115
2
34
110
155
276
297
434
33
81
76
289
314
32
94
57
291
308
129
411
118
336
395
306
386
130
437
406
188
286
22
243
10
352
254
30
82
121
63
232
407
199
266
345
162
8
405
369
278
104
255
270
370
179
140
203
133
6
438
337
170
350
41
40
412
157
111
211
100
21
200
267
117
449
86
113
447
305
228
36
249
324
300
377
273
256
229
131
371
402
448
219
355
128
387
18
12
280
237
329
401
138
321
393
344
88
421
23
419
366
334
165
425
77
171
328
240
404
397
230
343
364
175
271
279
122
348
26
284
154
241
89
431
252
231
295
293
226
37
205
384
310
166
145
73
322
35
368
134
440
360
58
13
38
272
181
78
319
281
135
60
49
353
427
214
383
5
197
275
381
349
332
52
65
215
301
61
359
116
379
9
3
416
83
450
28
101
292
182
245
31
340
43
221
361
378
184
156
24
222
435
54
294
209
269
257
398
233
380
