0 2
0 14
0 163
2 11
2 14
2 81
2 123
2 138
2 143
2 163
14 138
14 143
14 153
14 189
163 210
11 24
11 38
11 51
11 72
11 78
11 123
11 161
11 187
11 193
81 143
81 34
81 50
81 79
81 111
81 123
81 132
81 160
81 193
123 143
123 72
123 20
123 26
123 35
123 51
123 78
123 106
123 142
123 193
138 39
138 54
138 129
138 152
138 167
138 174
138 194
138 207
143 20
143 22
143 36
143 45
143 106
143 119
143 142
143 153
143 173
143 189
143 199
143 203
143 210
153 44
153 56
153 114
153 28
153 47
153 54
153 83
153 192
153 194
189 10
189 15
189 26
189 37
189 42
189 82
189 110
189 117
189 119
189 135
189 165
39 147
39 9
39 114
54 177
54 139
54 174
54 181
54 134
54 152
54 167
54 182
54 207
129 174
129 167
129 194
129 95
152 137
152 69
152 207
167 177
167 174
167 181
167 134
167 95
167 182
167 194
167 207
174 83
174 95
174 194
194 83
194 95
207 177
207 137
207 181
207 182
20 193
20 64
20 80
20 180
22 26
22 45
22 120
22 169
36 33
36 173
45 29
45 55
45 205
106 8
106 32
106 15
106 37
106 40
106 51
106 101
106 119
106 147
106 162
106 183
106 187
106 203
119 203
119 187
119 37
119 67
119 183
119 186
142 193
142 35
173 188
173 105
173 116
199 29
199 117
199 149
199 175
199 188
199 205
203 8
203 32
203 147
203 162
203 9
203 65
203 101
210 193
10 5
10 68
10 92
10 135
10 165
15 18
15 40
15 101
15 110
15 206
26 68
26 76
26 67
26 175
37 40
37 67
37 110
37 183
37 206
42 68
42 65
42 209
110 193
110 35
110 103
110 117
110 126
117 33
117 103
117 126
117 175
117 188
135 5
135 68
135 76
135 92
165 5
165 68
165 76
165 92
1 44
1 56
1 71
1 130
1 177
44 56
44 71
44 130
44 177
56 48
56 23
56 71
56 84
56 124
56 130
56 177
56 181
71 48
71 23
71 84
71 130
71 177
71 181
130 48
130 34
130 49
130 79
130 124
130 133
130 177
130 181
130 195
177 48
177 23
177 75
177 84
177 124
177 170
177 181
48 75
48 84
48 124
48 148
48 170
48 181
75 144
84 170
84 57
84 148
124 149
124 181
124 185
148 170
148 57
170 19
181 134
34 118
34 132
34 180
34 49
34 111
34 121
34 133
34 160
34 190
34 195
49 180
49 59
49 62
49 125
49 133
49 190
79 132
79 64
79 111
79 133
79 160
79 190
79 195
133 195
195 132
195 190
24 38
24 161
38 25
38 96
38 107
38 118
38 161
51 72
51 78
51 187
72 193
78 4
78 46
78 102
78 137
78 172
187 186
193 35
50 7
50 132
111 132
132 7
132 160
132 190
35 180
3 13
3 87
3 93
3 128
3 184
3 198
13 52
13 87
13 93
13 127
13 128
13 154
13 184
13 198
87 93
87 128
87 184
87 198
93 60
93 74
93 98
93 127
93 128
93 184
93 198
128 74
128 127
128 154
128 198
184 90
184 98
184 127
198 4
198 53
198 127
52 4
52 17
52 28
52 43
52 47
52 109
52 122
52 127
52 150
52 151
52 178
52 192
127 4
127 12
127 31
127 43
127 53
127 60
127 66
127 74
127 112
127 156
127 158
127 179
127 212
60 90
60 12
60 53
60 31
60 41
60 43
60 66
60 85
60 89
60 97
60 98
60 179
60 212
98 90
98 27
98 91
98 43
98 66
98 97
98 149
98 156
98 158
98 178
98 208
98 212
90 43
90 66
90 85
90 109
90 158
4 139
4 196
4 211
53 139
53 114
53 12
53 43
53 66
53 89
53 179
53 212
139 63
139 114
139 211
196 211
17 47
17 192
28 47
28 192
28 43
28 58
28 99
28 109
28 122
28 136
28 140
28 200
43 89
43 179
43 66
43 97
43 109
43 136
43 146
43 150
43 178
43 212
47 192
109 85
109 122
109 140
109 146
109 150
109 151
109 178
109 197
109 200
122 58
122 73
122 99
122 85
122 136
122 146
122 150
122 200
150 136
150 146
150 197
151 146
151 178
178 146
178 97
192 191
46 102
46 168
46 172
102 19
137 69
137 141
172 191
12 89
12 179
31 16
31 112
66 89
66 179
66 158
158 212
179 89
179 212
212 89
212 97
114 147
114 9
114 97
5 68
5 76
5 92
68 76
68 92
68 116
76 41
76 65
76 209
116 41
116 171
116 186
41 65
41 86
65 147
65 162
65 18
65 86
209 18
6 16
6 131
16 70
70 73
70 191
85 140
7 25
7 96
7 107
7 118
7 144
7 157
25 96
25 107
25 118
96 107
96 118
96 157
107 118
107 157
118 59
118 80
118 157
59 125
80 121
80 180
190 180
8 32
8 147
8 162
32 147
32 162
32 183
147 9
147 162
147 183
162 101
162 183
40 101
40 206
9 18
9 30
18 30
30 61
30 145
61 145
145 155
186 171
67 175
103 126
73 58
73 99
73 136
73 200
191 140
191 200
64 62
64 125
62 125
21 100
100 33
100 176
33 176
33 188
176 108
108 202
120 149
120 201
120 202
120 208
169 202
29 205
55 188
205 149
149 185
149 201
149 202
149 208
201 208
201 202
95 182
27 88
27 91
27 104
88 113
88 204
91 115
104 105
104 115
104 159
113 204
204 159
115 164
115 166
159 166
58 99
58 136
58 140
58 200
99 136
99 200
136 200
140 200
155 94
77 94
