143
80
115
269
153
2
334
107
162
32
44
254
181
130
114
151
111
234
183
173
9
244
7
211
208
120
63
219
65
317
238
322
144
26
171
110
366
274
27
297
147
229
258
46
106
253
323
174
235
4
257
132
119
189
33
190
36
339
188
336
325
69
338
131
217
301
121
196
88
197
170
95
104
288
209
45
112
220
289
335
137
358
126
75
98
28
49
307
18
205
231
168
141
298
150
17
305
157
42
72
185
89
331
206
19
248
228
64
166
113
47
136
34
193
249
74
58
267
237
128
264
1
135
134
152
371
246
6
122
378
328
169
207
117
149
84
118
100
175
0
203
306
227
21
172
283
156
90
176
201
180
8
99
340
194
296
291
348
124
148
310
300
182
273
85
40
70
142
87
202
77
290
5
3
123
187
145
102
59
78
195
79
164
52
10
29
177
158
261
268
266
314
103
312
263
53
55
186
321
212
61
97
214
159
315
139
76
327
82
154
138
109
155
255
191
226
140
23
295
11
51
60
256
241
101
22
178
311
50
37
41
146
68
232
198
133
286
308
250
25
324
337
108
43
39
83
225
20
96
167
105
30
192
73
239
38
163
240
294
161
67
129
127
16
299
356
35
224
31
48
12
179
125
278
57
276
24
316
66
287
222
213
81
15
