0 175
0 224
0 322
0 357
0 384
0 510
0 570
0 589
0 644
0 649
0 705
0 766
175 5
175 42
175 43
175 48
175 60
175 67
175 81
175 103
175 144
175 161
175 170
175 193
175 201
175 258
175 287
175 290
175 294
175 295
175 299
175 311
175 325
175 334
175 337
175 347
175 354
175 375
175 378
175 468
175 472
175 485
175 506
175 518
175 534
175 537
175 553
175 572
175 591
175 615
175 647
175 650
175 667
175 675
175 709
175 719
175 729
175 738
175 753
175 781
175 791
175 793
175 814
175 815
175 817
175 833
175 840
175 849
175 854
175 891
175 896
175 897
175 899
224 120
224 132
224 298
224 342
224 510
224 589
224 704
224 732
224 766
322 384
322 489
322 570
322 644
322 649
322 705
384 489
384 510
384 570
384 589
384 644
384 705
384 766
510 119
510 120
510 132
510 298
510 342
510 472
510 589
510 650
510 704
510 732
510 766
510 799
570 489
570 644
570 649
570 705
589 119
589 120
589 295
589 298
589 342
589 354
589 704
589 732
589 799
644 489
644 649
644 705
649 489
649 705
705 489
705 502
705 766
766 132
766 290
766 298
766 342
766 350
766 354
766 704
766 732
766 799
5 81
5 170
5 201
5 290
5 311
5 338
5 378
5 453
5 518
5 734
5 779
5 797
5 808
5 849
5 891
5 48
5 60
5 67
5 93
5 96
5 103
5 114
5 121
5 144
5 145
5 191
5 239
5 280
5 294
5 299
5 301
5 303
5 325
5 334
5 337
5 347
5 350
5 354
5 404
5 431
5 484
5 485
5 499
5 504
5 506
5 531
5 534
5 537
5 553
5 598
5 616
5 625
5 633
5 667
5 709
5 717
5 729
5 738
5 739
5 791
5 814
5 815
5 840
5 854
5 896
5 897
42 793
42 797
42 350
42 354
42 151
42 375
42 472
42 615
42 650
42 720
43 715
43 793
43 797
43 103
43 280
43 354
43 499
43 815
43 92
43 151
43 615
43 650
43 194
43 258
43 339
43 359
43 421
43 428
43 608
43 639
43 659
43 680
43 899
48 81
48 170
48 201
48 290
48 311
48 338
48 453
48 518
48 675
48 734
48 779
48 808
48 849
48 60
48 67
48 93
48 103
48 114
48 120
48 121
48 133
48 144
48 145
48 176
48 191
48 202
48 294
48 299
48 301
48 325
48 334
48 335
48 350
48 354
48 386
48 404
48 431
48 484
48 485
48 499
48 504
48 506
48 531
48 540
48 553
48 591
48 598
48 616
48 625
48 647
48 667
48 709
48 729
48 738
48 762
48 791
48 802
48 814
48 833
48 843
48 854
48 859
48 896
48 897
60 81
60 170
60 201
60 212
60 251
60 287
60 290
60 311
60 378
60 518
60 734
60 755
60 779
60 793
60 797
60 808
60 849
60 891
60 93
60 103
60 114
60 121
60 133
60 144
60 145
60 176
60 191
60 194
60 204
60 237
60 294
60 299
60 301
60 325
60 332
60 337
60 347
60 350
60 354
60 372
60 380
60 393
60 404
60 431
60 472
60 484
60 485
60 504
60 506
60 531
60 537
60 540
60 553
60 591
60 598
60 616
60 647
60 667
60 680
60 709
60 738
60 749
60 784
60 814
60 840
60 843
60 854
60 896
60 897
67 81
67 201
67 287
67 338
67 675
67 734
67 779
67 808
67 849
67 891
67 93
67 103
67 114
67 121
67 144
67 204
67 299
67 325
67 334
67 354
67 393
67 499
67 504
67 537
67 540
67 553
67 591
67 598
67 647
67 667
67 711
67 729
67 814
67 854
67 896
67 897
81 1
81 103
81 114
81 120
81 133
81 144
81 145
81 170
81 176
81 191
81 201
81 204
81 230
81 287
81 290
81 311
81 325
81 334
81 337
81 338
81 347
81 350
81 356
81 431
81 453
81 472
81 484
81 485
81 499
81 518
81 531
81 537
81 540
81 553
81 591
81 598
81 616
81 625
81 647
81 667
81 709
81 711
81 729
81 734
81 738
81 779
81 791
81 793
81 797
81 808
81 814
81 843
81 849
81 854
81 859
81 891
81 896
81 897
103 170
103 201
103 212
103 287
103 290
103 311
103 338
103 378
103 453
103 518
103 675
103 715
103 734
103 779
103 797
103 808
103 849
103 891
103 93
103 79
103 113
103 114
103 120
103 121
103 144
103 204
103 288
103 294
103 299
103 334
103 347
103 350
103 431
103 484
103 491
103 499
103 504
103 534
103 537
103 540
103 553
103 591
103 598
103 615
103 654
103 667
103 738
103 791
103 814
103 815
103 840
103 854
103 896
144 201
144 287
144 290
144 311
144 338
144 378
144 453
144 518
144 675
144 734
144 779
144 793
144 797
144 808
144 849
144 891
144 93
144 114
144 121
144 133
144 113
144 136
144 145
144 176
144 191
144 202
144 204
144 280
144 288
144 294
144 299
144 301
144 325
144 334
144 337
144 347
144 350
144 354
144 393
144 431
144 484
144 485
144 499
144 504
144 531
144 537
144 540
144 553
144 591
144 598
144 616
144 625
144 647
144 654
144 709
144 729
144 738
144 745
144 749
144 791
144 799
144 802
144 814
144 833
144 840
144 843
144 854
144 896
161 783
161 753
170 1
170 55
170 93
170 113
170 118
170 119
170 121
170 194
170 204
170 212
170 280
170 287
170 290
170 294
170 299
170 311
170 325
170 332
170 334
170 337
170 338
170 345
170 347
170 350
170 354
170 356
170 359
170 369
170 421
170 431
170 453
170 485
170 499
170 506
170 513
170 518
170 531
170 534
170 537
170 540
170 591
170 598
170 608
170 616
170 639
170 647
170 650
170 667
170 675
170 680
170 715
170 729
170 734
170 738
170 745
170 749
170 755
170 776
170 779
170 781
170 784
170 786
170 793
170 797
170 799
170 808
170 814
170 815
170 833
170 841
170 849
170 850
170 852
170 854
170 891
170 896
170 897
193 290
193 350
193 354
193 814
193 815
193 650
193 126
193 258
193 72
193 146
193 285
193 435
193 465
193 569
193 572
193 578
193 702
193 783
201 1
201 93
201 114
201 121
201 133
201 136
201 145
201 176
201 191
201 287
201 294
201 299
201 301
201 311
201 328
201 334
201 337
201 338
201 347
201 350
201 354
201 378
201 404
201 431
201 453
201 484
201 485
201 499
201 504
201 506
201 518
201 531
201 537
201 540
201 553
201 616
201 647
201 667
201 675
201 709
201 719
201 729
201 738
201 762
201 779
201 783
201 814
201 815
201 840
201 841
201 843
201 849
201 854
201 859
201 891
201 896
201 897
258 719
258 350
258 354
258 717
258 799
258 815
258 151
258 375
258 615
258 817
258 126
258 72
258 73
258 204
258 261
258 285
258 323
258 352
258 428
258 435
258 449
258 461
258 465
258 474
258 517
258 572
258 688
258 702
258 727
258 783
258 796
258 819
258 838
258 899
287 1
287 251
287 114
287 119
287 120
287 121
287 133
287 145
287 176
287 191
287 290
287 294
287 301
287 325
287 334
287 337
287 347
287 350
287 354
287 356
287 372
287 431
287 453
287 472
287 484
287 485
287 499
287 504
287 506
287 518
287 531
287 537
287 553
287 591
287 598
287 616
287 625
287 647
287 667
287 675
287 709
287 729
287 734
287 738
287 762
287 779
287 791
287 793
287 808
287 814
287 840
287 843
287 849
287 854
287 891
287 896
287 897
290 14
290 93
290 114
290 121
290 125
290 126
290 151
290 204
290 267
290 285
290 294
290 295
290 299
290 311
290 325
290 334
290 337
290 342
290 350
290 354
290 375
290 378
290 393
290 424
290 428
290 431
290 435
290 453
290 465
290 472
290 476
290 485
290 499
290 504
290 506
290 517
290 518
290 531
290 534
290 537
290 540
290 544
290 553
290 591
290 598
290 615
290 625
290 647
290 650
290 667
290 675
290 688
290 695
290 717
290 729
290 734
290 738
290 779
290 783
290 784
290 786
290 793
290 796
290 797
290 799
290 808
290 814
290 833
290 840
290 843
290 849
290 854
290 889
290 896
290 897
290 899
294 311
294 338
294 378
294 453
294 518
294 675
294 719
294 734
294 779
294 793
294 808
294 849
294 93
294 114
294 133
294 191
294 136
294 176
294 204
294 299
294 301
294 325
294 334
294 337
294 347
294 350
294 354
294 372
294 404
294 468
294 484
294 499
294 506
294 531
294 537
294 540
294 553
294 591
294 598
294 616
294 625
294 647
294 652
294 667
294 695
294 709
294 729
294 762
294 791
294 799
294 802
294 814
294 815
294 833
294 840
294 843
294 854
294 859
294 896
295 793
295 299
295 537
295 799
295 815
295 781
295 472
295 120
295 204
299 338
299 518
299 675
299 734
299 779
299 793
299 849
299 114
299 121
299 145
299 191
299 120
299 136
299 176
299 202
299 204
299 235
299 267
299 328
299 337
299 347
299 350
299 354
299 386
299 393
299 404
299 431
299 476
299 484
299 499
299 504
299 506
299 531
299 534
299 537
299 540
299 553
299 591
299 616
299 647
299 650
299 667
299 709
299 729
299 738
299 786
299 791
299 799
299 814
299 833
299 840
299 843
299 854
299 896
299 897
311 1
311 89
311 212
311 251
311 55
311 79
311 92
311 93
311 113
311 114
311 118
311 119
311 121
311 133
311 176
311 191
311 194
311 204
311 237
311 267
311 278
311 280
311 288
311 325
311 332
311 334
311 337
311 338
311 339
311 345
311 347
311 350
311 354
311 356
311 359
311 369
311 371
311 378
311 380
311 382
311 412
311 421
311 431
311 436
311 453
311 472
311 484
311 491
311 504
311 506
311 513
311 531
311 534
311 537
311 591
311 598
311 608
311 616
311 625
311 639
311 647
311 650
311 659
311 666
311 667
311 675
311 680
311 709
311 715
311 721
311 729
311 733
311 734
311 743
311 749
311 755
311 765
311 773
311 776
311 784
311 791
311 793
311 797
311 799
311 808
311 814
311 815
311 833
311 840
311 841
311 843
311 850
311 852
311 854
311 870
311 891
311 896
311 897
311 899
325 378
325 779
325 793
325 808
325 121
325 133
325 191
325 204
325 334
325 347
325 350
325 354
325 431
325 472
325 499
325 504
325 506
325 531
325 591
325 616
325 667
325 729
325 799
325 815
325 833
325 840
325 854
325 896
325 897
334 338
334 378
334 675
334 779
334 793
334 797
334 808
334 849
334 891
334 93
334 114
334 121
334 133
334 280
334 194
334 356
334 359
334 431
334 472
334 485
334 506
334 531
334 540
334 553
334 591
334 598
334 647
334 667
334 729
334 738
334 784
334 799
334 814
334 840
334 897
337 378
337 453
337 518
337 675
337 734
337 755
337 793
337 797
337 808
337 849
337 891
337 93
337 114
337 121
337 280
337 119
337 288
337 347
337 354
337 356
337 359
337 382
337 431
337 472
337 491
337 499
337 504
337 513
337 531
337 537
337 540
337 553
337 598
337 608
337 616
337 647
337 659
337 667
337 729
337 745
337 776
337 784
337 799
337 814
337 815
337 833
337 840
337 850
337 896
337 897
347 338
347 378
347 518
347 675
347 734
347 779
347 849
347 891
347 114
347 121
347 133
347 350
347 431
347 472
347 484
347 499
347 504
347 506
347 531
347 537
347 540
347 591
347 598
347 616
347 625
347 650
347 667
347 709
347 729
347 738
347 749
347 791
347 814
347 815
347 840
347 854
347 859
347 896
347 897
354 338
354 378
354 675
354 793
354 808
354 849
354 93
354 133
354 350
354 126
354 151
354 204
354 267
354 285
354 352
354 393
354 424
354 428
354 435
354 466
354 468
354 472
354 499
354 504
354 506
354 537
354 591
354 615
354 667
354 688
354 709
354 717
354 727
354 729
354 732
354 738
354 773
354 781
354 783
354 786
354 791
354 799
354 814
354 815
354 817
354 833
354 835
354 840
354 854
354 897
354 899
375 793
375 815
375 151
375 285
375 390
375 428
375 465
375 517
375 626
375 650
375 688
375 702
375 783
375 817
378 1
378 338
378 14
378 93
378 119
378 194
378 261
378 278
378 280
378 288
378 332
378 350
378 356
378 359
378 369
378 412
378 421
378 453
378 472
378 491
378 499
378 534
378 537
378 598
378 616
378 639
378 647
378 650
378 667
378 675
378 729
378 738
378 745
378 755
378 776
378 779
378 784
378 797
378 799
378 808
378 814
378 815
378 833
378 840
378 849
378 850
378 854
378 896
378 897
468 793
468 350
468 647
468 799
468 615
468 833
468 204
468 72
468 146
468 516
468 569
468 773
472 338
472 453
472 518
472 779
472 793
472 797
472 133
472 350
472 499
472 504
472 506
472 534
472 537
472 591
472 647
472 729
472 738
472 799
472 814
472 815
472 896
472 897
472 491
472 781
472 120
472 204
472 650
472 783
485 338
485 453
485 518
485 675
485 734
485 808
485 849
485 93
485 114
485 121
485 133
485 191
485 350
485 404
485 431
485 484
485 176
485 202
485 372
485 499
485 531
485 540
485 553
485 625
485 667
485 709
485 729
485 738
485 791
485 840
485 843
485 854
485 896
485 897
506 453
506 518
506 675
506 779
506 793
506 797
506 808
506 849
506 891
506 133
506 280
506 350
506 431
506 499
506 504
506 92
506 99
506 204
506 531
506 537
506 540
506 542
506 553
506 615
506 616
506 626
506 647
506 650
506 667
506 695
506 717
506 729
506 738
506 745
506 781
506 799
506 814
506 815
506 817
506 833
506 896
506 897
518 1
518 89
518 212
518 338
518 93
518 113
518 120
518 121
518 133
518 145
518 176
518 237
518 345
518 350
518 359
518 386
518 431
518 436
518 484
518 499
518 504
518 513
518 537
518 540
518 591
518 598
518 616
518 625
518 650
518 667
518 675
518 680
518 715
518 719
518 729
518 738
518 755
518 779
518 799
518 808
518 833
518 843
518 849
518 852
518 891
518 896
518 897
534 212
534 715
534 734
534 743
534 755
534 793
534 797
534 849
534 109
534 93
534 114
534 121
534 280
534 350
534 113
534 194
534 204
534 230
534 267
534 270
534 278
534 332
534 345
534 359
534 369
534 382
534 412
534 421
534 476
534 513
534 540
534 591
534 606
534 608
534 639
534 650
534 659
534 667
534 680
534 745
534 776
534 784
534 786
534 799
534 814
534 850
534 897
537 338
537 453
537 675
537 779
537 793
537 808
537 849
537 891
537 93
537 121
537 350
537 499
537 504
537 22
537 25
537 56
537 92
537 119
537 204
537 267
537 285
537 393
537 424
537 450
537 476
537 540
537 591
537 625
537 647
537 650
537 651
537 667
537 695
537 709
537 717
537 729
537 738
537 786
537 799
537 814
537 840
537 854
537 884
537 896
537 897
553 453
553 675
553 734
553 779
553 808
553 849
553 93
553 114
553 121
553 133
553 145
553 301
553 350
553 431
553 484
553 499
553 504
553 531
553 540
553 176
553 328
553 598
553 616
553 647
553 667
553 709
553 729
553 738
553 791
553 802
553 833
553 843
553 854
553 859
553 897
572 793
572 350
572 717
572 815
572 151
572 615
572 650
572 817
572 126
572 428
572 899
572 285
572 435
572 466
572 474
572 796
572 835
572 73
572 352
572 449
572 150
572 536
572 594
572 688
572 702
572 783
572 792
572 819
572 838
591 338
591 371
591 675
591 779
591 793
591 808
591 891
591 93
591 114
591 121
591 133
591 191
591 350
591 484
591 499
591 531
591 540
591 14
591 22
591 72
591 120
591 163
591 202
591 204
591 285
591 393
591 406
591 424
591 598
591 616
591 647
591 667
591 709
591 717
591 727
591 729
591 738
591 791
591 799
591 815
591 833
591 840
591 843
591 854
591 859
591 897
615 715
615 793
615 797
615 808
615 350
615 717
615 729
615 815
615 72
615 79
615 126
615 150
615 261
615 285
615 323
615 359
615 428
615 465
615 466
615 516
615 659
615 680
615 688
615 727
615 819
615 899
647 338
647 453
647 675
647 734
647 779
647 808
647 849
647 93
647 114
647 121
647 133
647 145
647 191
647 301
647 350
647 404
647 484
647 499
647 504
647 531
647 540
647 616
647 625
647 136
647 204
647 667
647 729
647 738
647 791
647 799
647 802
647 814
647 840
647 843
647 854
647 859
647 896
647 897
650 338
650 779
650 793
650 797
650 499
650 504
650 717
650 729
650 799
650 815
650 897
650 476
650 92
650 781
650 151
650 73
650 119
650 126
650 150
650 194
650 204
650 288
650 352
650 359
650 428
650 435
650 449
650 466
650 474
650 517
650 608
650 626
650 659
650 680
650 688
650 702
650 727
650 783
650 796
650 817
650 819
650 838
650 889
667 338
667 453
667 675
667 715
667 734
667 755
667 779
667 793
667 797
667 891
667 93
667 114
667 121
667 133
667 191
667 280
667 301
667 303
667 350
667 404
667 484
667 499
667 504
667 531
667 540
667 616
667 14
667 113
667 120
667 176
667 202
667 204
667 278
667 359
667 393
667 608
667 666
667 709
667 729
667 738
667 762
667 791
667 802
667 814
667 833
667 854
667 859
667 896
667 897
675 1
675 338
675 453
675 93
675 121
675 133
675 145
675 176
675 191
675 202
675 204
675 350
675 380
675 386
675 393
675 431
675 484
675 499
675 504
675 531
675 544
675 598
675 616
675 654
675 695
675 709
675 729
675 738
675 762
675 779
675 791
675 808
675 814
675 815
675 833
675 840
675 843
675 849
675 859
675 891
675 896
675 897
709 338
709 453
709 808
709 93
709 114
709 121
709 133
709 145
709 301
709 350
709 404
709 431
709 484
709 499
709 504
709 531
709 540
709 204
709 420
709 451
709 729
709 738
709 791
709 814
709 843
709 884
709 896
709 897
719 1
719 453
719 121
719 125
719 204
719 350
719 424
719 578
719 734
719 793
719 799
719 833
719 897
729 89
729 338
729 453
729 734
729 779
729 793
729 808
729 849
729 891
729 93
729 121
729 133
729 191
729 301
729 484
729 499
729 531
729 540
729 598
729 616
729 625
729 120
729 176
729 204
729 356
729 544
729 695
729 738
729 791
729 799
729 814
729 833
729 840
729 854
729 859
729 896
729 897
738 338
738 453
738 734
738 797
738 808
738 849
738 891
738 114
738 121
738 133
738 145
738 431
738 484
738 499
738 504
738 531
738 540
738 598
738 119
738 176
738 204
738 288
738 356
738 680
738 749
738 784
738 799
738 814
738 815
738 833
738 840
738 843
738 854
738 896
738 897
753 783
753 626
781 793
781 350
781 799
781 267
781 745
781 56
781 284
781 476
781 450
781 486
781 47
781 120
781 204
781 256
781 291
781 488
781 786
781 790
781 828
791 338
791 808
791 849
791 114
791 121
791 133
791 145
791 191
791 301
791 350
791 404
791 431
791 484
791 499
791 504
791 136
791 343
791 386
791 711
791 762
791 814
791 843
791 854
791 896
793 89
793 338
793 453
793 779
793 92
793 119
793 120
793 126
793 151
793 204
793 267
793 288
793 350
793 356
793 359
793 424
793 435
793 465
793 474
793 499
793 540
793 598
793 625
793 702
793 717
793 727
793 786
793 797
793 799
793 808
793 814
793 815
793 817
793 833
793 840
793 849
793 896
793 897
793 899
814 453
814 808
814 891
814 93
814 145
814 191
814 350
814 499
814 504
814 540
814 616
814 799
814 22
814 119
814 204
814 569
814 695
814 745
814 815
814 833
814 840
814 854
814 859
814 896
814 897
815 453
815 779
815 797
815 350
815 499
815 504
815 717
815 799
815 73
815 126
815 150
815 151
815 204
815 267
815 285
815 352
815 428
815 435
815 449
815 465
815 466
815 517
815 702
815 727
815 783
815 796
815 817
815 819
815 833
815 835
815 889
815 899
817 797
817 717
817 92
817 151
817 126
817 285
817 352
817 461
817 465
817 688
817 702
817 783
817 796
833 453
833 779
833 808
833 849
833 114
833 133
833 350
833 499
833 540
833 799
833 854
833 151
833 120
833 125
833 204
833 285
833 544
833 859
840 338
840 453
840 779
840 849
840 93
840 133
840 145
840 431
840 484
840 540
840 598
840 739
840 176
840 414
840 606
840 854
840 897
849 212
849 338
849 453
849 715
849 734
849 755
849 779
849 797
849 808
849 55
849 79
849 93
849 113
849 114
849 121
849 133
849 136
849 176
849 191
849 194
849 204
849 237
849 261
849 280
849 301
849 332
849 339
849 345
849 350
849 356
849 359
849 369
849 380
849 382
849 386
849 404
849 431
849 436
849 451
849 484
849 499
849 504
849 513
849 531
849 540
849 566
849 608
849 616
849 625
849 639
849 654
849 680
849 711
849 721
849 765
849 776
849 784
849 799
849 843
849 850
849 854
849 859
849 891
849 896
849 897
854 338
854 453
854 808
854 891
854 93
854 114
854 121
854 133
854 145
854 191
854 301
854 350
854 431
854 484
854 504
854 540
854 598
854 616
854 843
854 202
854 897
891 1
891 338
891 453
891 734
891 779
891 808
891 93
891 114
891 119
891 121
891 133
891 145
891 202
891 204
891 350
891 484
891 504
891 540
891 598
891 625
891 896
891 897
896 338
896 808
896 133
896 145
896 191
896 350
896 431
896 484
896 540
896 598
896 799
896 136
896 176
896 202
896 204
896 380
896 406
896 897
897 212
897 734
897 755
897 779
897 808
897 93
897 114
897 133
897 145
897 191
897 350
897 404
897 484
897 499
897 504
897 531
897 540
897 598
897 616
897 799
897 843
897 14
897 120
897 176
897 194
897 202
897 204
897 619
897 654
897 745
897 749
897 784
897 802
897 859
899 453
899 797
899 350
899 717
899 799
899 151
899 116
899 135
899 204
899 435
899 465
899 474
899 492
899 688
899 696
899 727
899 775
899 835
899 838
120 734
120 779
120 531
120 540
120 616
120 799
120 153
120 446
120 565
120 613
120 750
120 890
120 450
120 298
120 544
120 732
120 859
132 799
132 119
132 298
132 342
132 732
298 799
298 119
298 704
298 732
342 119
704 732
732 119
489 259
259 51
259 582
259 888
259 225
259 246
259 59
259 282
259 455
259 482
259 520
259 545
259 607
119 338
119 779
119 799
119 359
799 89
799 453
799 779
799 808
799 93
799 350
799 499
799 540
799 625
799 126
799 285
799 288
799 486
799 544
799 651
799 786
502 319
350 338
350 453
350 734
350 779
350 93
350 114
350 121
350 191
350 22
350 72
350 125
350 126
350 151
350 204
350 285
350 352
350 393
350 420
350 424
350 428
350 431
350 435
350 465
350 466
350 474
350 499
350 504
350 531
350 540
350 578
350 598
350 616
350 688
350 695
350 702
350 717
350 745
350 773
350 783
350 786
350 796
350 843
350 889
1 89
1 212
1 338
1 371
1 453
1 715
1 734
1 743
1 755
1 779
1 797
1 808
89 230
89 338
89 734
212 10
212 55
212 113
212 118
212 121
212 194
212 237
212 261
212 279
212 332
212 345
212 359
212 369
212 382
212 412
212 507
212 513
212 563
212 608
212 619
212 639
212 659
212 666
212 680
212 715
212 721
212 733
212 755
212 765
212 776
212 784
212 797
212 850
212 852
212 870
338 8
338 93
338 121
338 145
338 176
338 280
338 301
338 356
338 404
338 421
338 431
338 453
338 484
338 499
338 504
338 531
338 540
338 542
338 616
338 680
338 695
338 734
338 755
338 797
338 802
338 808
371 49
371 100
371 424
371 440
371 596
371 684
371 780
453 114
453 121
453 133
453 204
453 280
453 431
453 499
453 504
453 531
453 540
453 598
453 625
453 680
453 786
453 797
453 808
715 79
715 113
715 118
715 237
715 261
715 278
715 279
715 280
715 288
715 339
715 345
715 359
715 382
715 412
715 421
715 513
715 608
715 619
715 639
715 659
715 666
715 733
715 755
715 765
715 776
715 784
715 797
715 808
715 850
715 852
734 93
734 113
734 114
734 176
734 288
734 345
734 431
734 436
734 504
734 513
734 531
734 540
734 616
734 625
734 654
734 743
734 755
734 779
734 808
734 852
743 10
743 279
743 345
743 436
743 513
743 563
743 566
743 755
743 765
743 784
743 852
743 870
755 10
755 55
755 79
755 93
755 113
755 194
755 215
755 230
755 237
755 261
755 278
755 279
755 339
755 345
755 359
755 369
755 382
755 412
755 421
755 436
755 464
755 499
755 507
755 513
755 563
755 566
755 608
755 659
755 666
755 721
755 733
755 765
755 776
755 784
755 797
755 808
755 852
779 93
779 114
779 191
779 194
779 345
779 356
779 499
779 513
779 531
779 654
779 797
779 808
797 55
797 79
797 92
797 93
797 113
797 118
797 194
797 237
797 278
797 280
797 288
797 332
797 339
797 356
797 369
797 382
797 421
797 464
797 486
797 499
797 507
797 513
797 540
797 598
797 606
797 608
797 626
797 659
797 680
797 717
797 721
797 765
797 773
797 776
797 784
797 850
808 55
808 93
808 114
808 121
808 136
808 145
808 176
808 191
808 202
808 204
808 301
808 380
808 393
808 404
808 410
808 431
808 484
808 504
808 531
808 540
808 598
808 616
808 784
808 843
808 852
114 121
114 204
114 431
114 484
114 499
114 504
114 531
114 540
114 598
114 711
114 802
114 843
133 121
133 136
133 145
133 191
133 202
133 301
133 372
133 451
133 504
133 531
133 598
133 843
145 93
145 121
145 202
145 301
145 404
145 431
145 484
145 504
145 843
176 404
176 431
176 484
176 504
176 843
176 410
176 652
191 121
191 202
191 204
191 301
191 393
191 404
191 431
191 484
191 499
191 843
204 93
204 499
204 504
204 531
204 540
204 491
204 393
204 476
204 486
204 151
204 859
204 72
204 285
204 323
204 420
204 424
204 435
204 516
204 578
204 652
204 688
230 598
230 695
356 499
356 531
356 540
356 608
431 93
431 121
431 301
431 404
431 136
431 372
431 484
431 504
431 540
431 598
431 616
431 762
431 843
484 301
484 343
484 380
484 504
484 531
484 540
484 762
484 843
499 121
499 280
499 404
499 113
499 270
499 288
499 359
499 369
499 504
499 513
499 531
499 540
499 598
499 606
499 608
499 680
499 720
499 776
499 843
499 859
531 121
531 301
531 504
531 540
531 616
531 659
531 843
540 93
540 121
540 280
540 504
540 125
540 359
540 608
540 616
540 654
540 659
540 680
540 717
598 121
598 194
598 359
616 504
616 542
616 654
616 695
625 504
625 328
625 749
843 93
843 121
843 404
843 343
843 893
859 93
859 504
859 654
55 194
55 339
55 421
55 608
55 639
55 659
55 680
55 79
55 270
55 332
55 369
55 382
55 507
55 721
55 776
93 121
93 345
93 380
93 393
93 412
93 504
113 121
113 279
113 345
113 412
113 563
113 733
113 765
113 852
113 870
113 194
113 288
113 359
113 421
113 608
113 639
113 659
113 79
113 118
113 237
113 261
113 332
113 369
113 382
113 507
113 721
113 776
113 784
113 850
118 345
118 194
118 639
118 369
118 776
121 237
121 404
121 504
121 513
121 802
121 852
194 345
194 412
194 765
194 237
194 261
194 278
194 288
194 332
194 339
194 359
194 369
194 382
194 421
194 507
194 513
194 606
194 608
194 618
194 619
194 639
194 659
194 666
194 680
194 721
194 776
194 784
194 850
280 261
280 270
280 288
280 421
280 608
280 659
280 680
280 776
332 345
332 412
332 765
332 852
332 288
332 339
332 359
332 608
332 659
332 680
332 79
332 237
332 261
332 278
332 507
332 513
332 619
332 776
332 850
345 10
345 237
345 339
345 382
345 412
345 513
345 563
345 608
345 619
345 639
345 721
345 765
345 776
345 784
345 850
345 852
359 717
359 412
359 92
359 486
359 288
359 339
359 79
359 237
359 261
359 278
359 369
359 382
359 421
359 608
359 618
359 619
359 639
359 659
359 666
359 680
359 721
359 776
359 784
359 850
369 563
369 765
369 852
369 339
369 639
369 79
369 237
369 261
369 278
369 507
369 513
369 666
369 776
369 784
369 850
421 412
421 765
421 339
421 237
421 261
421 513
421 608
421 619
421 659
421 666
421 680
421 721
421 776
421 850
513 279
513 412
513 733
513 765
513 852
513 870
513 339
513 608
513 639
513 659
513 680
513 382
513 721
513 776
513 784
513 850
513 237
513 261
608 412
608 765
608 339
608 79
608 237
608 261
608 278
608 382
608 619
608 639
608 659
608 666
608 680
608 721
608 776
608 784
608 850
639 279
639 412
639 765
639 288
639 339
639 79
639 237
639 382
639 507
639 619
639 666
639 680
639 776
639 850
680 412
680 765
680 339
680 659
680 79
680 237
680 261
680 270
680 382
680 666
680 721
680 776
680 784
680 850
745 14
745 491
745 542
749 408
776 412
776 765
776 339
776 659
776 382
776 721
776 237
776 278
776 606
776 666
776 784
776 850
784 412
784 563
784 765
784 852
784 79
784 606
784 619
786 56
786 476
786 447
786 450
786 651
841 852
841 16
850 412
850 765
850 339
850 659
850 382
850 721
850 237
850 278
850 619
852 10
852 279
852 412
852 563
852 733
852 765
852 16
852 237
852 870
136 404
301 343
301 762
328 879
404 443
504 202
504 393
504 654
504 695
504 762
504 802
783 151
783 428
783 435
783 465
783 466
783 352
783 838
783 517
783 390
783 626
783 778
10 412
10 436
10 566
10 733
10 765
10 870
237 412
237 563
237 733
237 765
237 870
237 339
237 507
237 721
261 288
261 339
261 659
261 79
261 382
261 618
261 666
279 215
279 317
279 568
279 733
279 735
279 765
279 870
382 412
382 765
382 339
382 79
382 464
382 507
382 619
382 666
382 721
412 215
412 339
412 380
412 563
412 619
412 765
563 436
563 339
563 566
563 765
619 339
619 659
619 721
619 666
659 288
659 339
659 79
659 666
659 721
666 765
666 339
666 721
666 278
721 765
721 339
721 278
733 215
733 765
733 870
765 215
765 339
765 870
870 663
14 491
14 542
126 717
126 267
126 151
126 73
126 150
126 285
126 428
126 449
126 465
126 466
126 474
126 536
126 688
126 727
126 730
126 796
126 835
151 717
151 150
151 285
151 352
151 428
151 435
151 466
151 474
151 517
151 536
151 688
151 702
151 727
151 796
151 819
151 835
151 889
267 717
267 12
267 30
267 84
267 142
267 187
267 305
267 355
267 447
267 471
267 476
267 486
267 519
267 551
267 648
267 861
267 889
285 717
285 428
285 72
285 73
285 150
285 272
285 323
285 435
285 465
285 466
285 474
285 517
285 536
285 594
285 688
285 702
285 727
285 730
285 796
285 835
285 838
285 889
393 22
424 163
428 72
428 73
428 150
428 323
428 352
428 435
428 449
428 465
428 466
428 474
428 517
428 594
428 681
428 688
428 702
428 727
428 730
428 796
428 819
428 835
435 323
435 73
435 352
435 449
435 465
435 466
435 474
435 517
435 594
435 688
435 702
435 713
435 727
435 778
435 796
435 819
465 717
465 72
465 73
465 150
465 352
465 449
465 474
465 517
465 594
465 688
465 702
465 727
465 730
465 796
465 819
465 835
465 838
476 491
476 56
476 22
476 450
476 486
476 651
517 474
517 727
517 796
517 835
517 352
517 688
517 702
517 838
688 717
688 323
688 466
688 474
688 796
688 835
688 352
688 449
688 594
688 150
688 702
688 778
688 819
688 838
688 889
717 73
717 92
717 150
717 272
717 352
717 449
717 474
717 594
717 702
717 727
717 730
717 796
717 819
717 835
717 838
717 889
796 72
796 466
796 474
796 727
796 150
796 449
796 702
796 819
796 838
889 73
92 25
92 33
92 486
92 720
278 339
278 400
288 339
436 566
491 486
491 651
491 810
773 486
8 160
8 349
8 691
8 712
542 283
49 192
49 74
49 183
49 344
49 373
49 377
49 533
49 562
49 585
49 684
49 716
49 789
100 440
596 676
684 192
684 74
684 183
684 344
684 373
684 377
684 533
684 585
684 716
684 780
684 789
780 192
780 74
780 183
780 344
780 373
780 377
780 533
780 562
780 585
780 716
780 789
578 72
578 146
578 323
464 69
464 300
464 798
474 72
474 323
474 466
474 150
474 352
474 449
474 702
474 713
474 727
474 730
474 819
474 835
474 838
702 323
702 466
702 727
702 835
702 449
702 150
702 730
702 778
702 819
727 72
727 323
727 466
727 73
727 150
727 449
727 594
727 681
727 713
727 730
727 819
727 824
727 835
727 838
486 25
486 450
486 124
486 149
486 185
486 214
486 260
486 385
486 392
486 522
486 525
486 576
486 651
486 806
486 878
410 556
410 605
410 724
2 678
678 308
678 317
308 477
308 59
317 846
317 37
317 59
317 83
317 292
317 571
317 595
317 656
317 735
3 172
3 184
3 351
3 418
3 662
3 663
3 682
172 184
172 351
172 483
172 663
184 307
184 422
184 515
184 662
184 708
351 418
351 441
351 483
351 663
351 682
418 368
418 327
418 329
418 422
418 441
418 463
418 515
418 564
418 662
418 682
418 770
418 807
418 827
662 62
662 115
662 166
662 200
662 307
662 329
662 422
662 515
662 583
662 631
662 682
662 708
662 807
662 876
663 24
663 265
663 454
663 487
663 741
682 99
682 115
682 231
682 327
682 329
682 388
682 445
682 807
307 807
307 445
307 638
307 94
307 41
307 115
307 123
307 200
307 210
307 219
307 293
307 166
307 329
307 422
307 515
307 631
307 875
307 876
422 807
422 445
422 638
422 94
422 34
422 41
422 115
422 123
422 200
422 210
422 219
422 293
422 157
422 329
422 515
422 631
422 875
515 807
515 638
515 94
515 34
515 41
515 115
515 123
515 200
515 293
515 329
515 875
708 36
708 51
708 78
708 306
708 437
708 582
708 225
708 286
708 512
708 587
708 751
708 777
708 836
708 871
708 888
441 407
441 116
441 403
441 775
441 87
441 158
441 296
441 463
441 746
368 653
368 827
653 407
653 463
653 209
653 770
653 827
827 407
827 463
827 209
827 770
407 115
407 463
407 770
407 807
115 807
115 445
115 638
115 94
115 34
115 41
115 123
115 166
115 200
115 210
115 293
115 329
115 631
115 871
115 875
115 876
463 158
463 209
463 770
770 209
807 123
807 166
807 200
807 210
807 220
807 231
807 253
807 327
807 329
807 437
807 631
807 876
327 358
327 117
327 165
327 590
327 70
327 229
327 127
327 234
327 314
327 381
327 389
327 391
327 395
327 419
327 567
327 632
327 640
327 670
327 693
327 876
329 445
329 200
329 631
329 166
329 876
564 209
564 728
62 174
62 794
62 274
166 376
166 253
166 760
166 876
200 445
200 638
200 94
200 41
200 123
200 210
200 219
200 293
200 631
200 875
583 21
583 134
583 174
583 248
583 313
583 411
583 427
583 430
583 579
583 44
583 117
583 165
583 396
583 643
583 673
583 677
583 700
583 842
583 872
631 445
631 638
631 94
631 34
631 41
631 123
631 210
631 219
631 293
631 875
876 376
876 760
265 487
454 741
231 358
231 102
231 117
231 165
231 186
231 548
231 590
231 677
231 53
231 189
231 70
231 143
231 229
231 252
231 381
231 391
231 419
231 433
231 505
231 632
231 640
231 670
231 722
231 726
445 6
445 15
445 273
445 358
445 415
445 426
445 41
445 94
445 123
445 210
445 219
445 293
445 638
445 803
445 865
123 638
123 34
123 41
123 210
123 219
123 293
210 638
210 34
210 41
210 219
210 293
210 875
437 51
437 78
437 306
437 286
437 512
437 582
437 751
437 777
437 836
437 871
437 885
4 109
4 154
4 581
4 612
4 676
109 159
109 477
109 581
109 612
109 676
109 723
109 761
109 830
109 864
581 238
581 268
581 612
581 821
612 723
612 821
676 379
159 699
159 764
159 761
159 438
159 706
159 894
477 13
477 402
477 438
477 761
761 699
761 764
761 57
761 80
761 438
761 830
761 864
830 575
830 699
830 57
830 97
830 402
830 599
830 864
864 699
864 595
864 97
864 599
864 203
864 856
268 571
268 85
268 853
96 213
96 283
96 470
96 503
96 528
96 574
96 614
96 633
96 739
239 7
239 156
239 303
239 414
239 470
239 481
239 528
239 574
239 633
239 739
239 787
239 883
303 156
303 414
303 470
303 481
303 528
303 574
303 614
303 725
303 739
303 787
633 152
633 156
633 302
633 310
633 574
633 586
633 588
633 614
633 725
633 739
633 758
633 869
633 883
739 7
739 156
739 414
739 470
739 481
739 528
739 574
739 725
739 787
213 283
213 503
283 503
470 7
470 156
470 414
470 528
470 574
470 614
470 787
470 883
528 156
528 414
528 481
528 574
528 614
528 787
528 883
574 7
574 481
574 725
574 787
574 883
614 7
614 414
614 481
614 787
614 883
7 414
7 481
7 725
7 787
7 883
156 414
156 481
156 883
414 481
414 787
414 883
481 787
481 883
787 140
787 148
787 550
787 690
787 826
787 883
652 179
72 146
72 323
72 466
72 569
72 835
352 466
352 835
352 73
352 150
352 449
352 819
352 838
466 323
466 73
466 150
466 449
466 594
466 713
466 778
466 792
466 819
835 73
835 150
835 449
835 681
835 713
835 730
835 819
835 824
835 838
720 521
25 56
25 284
25 756
25 447
25 450
25 822
25 862
56 18
56 30
56 46
56 112
56 138
56 142
56 155
56 255
56 305
56 331
56 447
56 450
56 462
56 471
56 480
56 493
56 527
56 547
56 629
56 646
56 651
56 657
56 714
56 736
56 756
56 861
56 862
450 227
450 402
651 447
651 315
651 402
406 192
406 221
406 573
406 571
406 580
406 818
406 834
152 586
152 588
152 869
302 586
302 869
310 586
310 588
310 758
310 869
586 588
586 758
586 869
588 869
73 272
73 449
73 594
73 730
73 819
150 449
150 819
150 681
150 824
449 713
449 730
449 819
449 838
594 681
594 819
594 824
819 681
819 713
819 838
838 713
6 15
6 273
6 358
6 415
6 638
6 803
6 865
15 94
15 122
15 273
15 415
15 426
15 638
15 803
15 865
273 122
273 415
273 638
273 803
273 865
358 70
358 139
358 164
358 165
358 182
358 226
358 320
358 381
358 391
358 399
358 415
358 473
358 512
358 595
358 632
358 670
358 813
358 847
358 873
358 888
415 94
415 122
415 638
415 803
415 865
638 426
638 41
638 94
638 219
638 293
638 803
638 865
638 875
803 426
803 865
865 426
94 34
94 41
94 219
94 875
70 165
70 229
70 320
70 381
70 391
70 419
139 582
139 286
139 512
139 595
139 91
139 164
139 399
139 473
139 508
139 660
139 769
139 813
139 847
139 855
139 873
164 582
164 888
164 512
164 595
164 473
164 660
164 769
164 813
164 847
164 855
164 873
165 117
165 127
165 147
165 186
165 229
165 234
165 320
165 381
165 389
165 391
165 396
165 548
165 590
165 597
165 632
165 640
165 842
182 226
320 381
320 632
381 229
381 391
381 567
381 632
381 670
391 229
391 419
391 567
391 632
391 670
399 582
399 286
399 512
399 595
399 91
399 473
399 508
399 660
399 754
399 813
399 847
399 855
399 873
473 582
473 888
473 286
473 512
473 595
473 91
473 508
473 660
473 769
473 813
473 873
512 51
512 78
512 306
512 582
512 751
512 777
512 836
512 888
512 246
512 282
512 286
512 455
512 482
512 91
512 508
512 520
512 545
512 595
512 769
512 774
512 873
595 582
595 286
595 59
595 91
595 479
595 508
595 660
595 754
595 769
595 813
595 847
595 855
595 873
632 117
632 590
632 229
632 127
632 143
632 147
632 234
632 314
632 374
632 389
632 567
632 640
632 670
632 693
670 229
670 419
670 567
813 582
813 286
813 91
813 660
813 769
813 873
847 582
847 286
847 91
847 660
847 769
847 508
847 855
847 873
873 582
873 888
873 286
873 91
873 660
888 36
888 51
888 78
888 306
888 582
888 751
888 777
888 836
888 871
888 885
888 91
888 225
888 246
888 286
888 482
888 508
888 545
888 769
888 774
41 34
41 219
41 293
41 875
219 34
219 293
219 875
293 34
293 875
140 108
550 82
550 826
826 141
826 169
826 254
160 349
160 691
160 712
349 478
349 691
349 712
691 478
691 712
712 478
9 29
9 88
9 104
9 129
9 131
9 190
9 304
9 348
9 398
9 425
9 495
9 501
9 552
9 634
9 718
9 737
9 860
29 88
29 104
29 129
29 289
29 304
29 348
29 398
29 425
29 459
29 460
29 495
29 501
29 552
29 634
29 655
29 718
29 737
29 860
29 892
88 104
88 129
88 131
88 190
88 289
88 304
88 348
88 398
88 425
88 460
88 552
88 577
88 634
88 655
88 718
88 737
88 785
88 860
88 892
104 129
104 131
104 190
104 289
104 304
104 348
104 398
104 425
104 459
104 501
104 552
104 577
104 634
104 655
104 718
104 737
104 785
104 860
104 892
129 131
129 190
129 289
129 304
129 348
129 396
129 398
129 459
129 552
129 577
129 579
129 634
129 655
129 677
129 700
129 737
129 794
129 842
129 860
131 190
131 289
131 304
131 348
131 398
131 425
131 459
131 460
131 495
131 501
131 552
131 634
131 718
131 737
131 860
131 892
190 289
190 304
190 348
190 398
190 425
190 459
190 460
190 495
190 501
190 552
190 577
190 634
190 655
190 737
190 860
190 892
304 289
304 264
304 348
304 398
304 425
304 459
304 501
304 552
304 577
304 634
304 655
304 718
304 737
304 785
304 860
304 892
348 398
348 425
348 459
348 460
348 495
348 501
348 552
348 577
348 655
348 718
348 737
348 785
348 892
398 425
398 459
398 495
398 501
398 552
398 577
398 634
398 655
398 718
398 785
398 860
398 892
425 289
425 459
425 460
425 495
425 501
425 552
425 577
425 579
425 634
425 655
425 718
425 737
425 785
425 860
425 892
495 289
495 459
495 460
495 501
495 552
495 577
495 634
495 718
495 737
495 785
495 860
495 892
501 289
501 460
501 552
501 577
501 634
501 655
501 718
501 737
501 785
501 860
501 892
552 289
552 459
552 460
552 577
552 634
552 655
552 718
552 785
552 860
552 892
634 289
634 459
634 460
634 577
634 579
634 655
634 737
634 794
634 860
634 892
718 289
718 459
718 460
718 577
718 655
718 737
718 785
718 860
737 289
737 459
737 460
737 577
737 655
737 313
737 579
737 785
737 794
737 860
737 892
860 289
860 459
860 460
860 577
860 655
860 785
860 264
860 313
860 579
860 794
860 892
289 460
289 577
289 655
289 785
289 892
459 264
459 577
459 579
459 655
459 892
460 577
460 655
460 785
460 892
655 577
655 579
655 785
655 892
892 577
892 785
577 785
396 44
396 64
396 117
396 186
396 548
396 590
396 597
396 677
579 21
579 134
579 174
579 248
579 313
579 411
579 427
579 430
579 469
579 274
579 628
579 635
579 700
579 872
579 898
677 44
677 64
677 117
677 186
677 548
677 590
677 597
677 842
700 21
700 134
700 174
700 248
700 411
700 427
700 430
700 469
700 635
700 643
700 673
700 274
700 794
700 872
700 898
794 134
794 174
794 222
794 248
794 313
794 411
794 427
794 430
794 469
794 643
794 98
794 274
794 498
794 559
794 628
794 872
794 898
842 44
842 64
842 117
842 186
842 548
842 590
842 597
313 21
313 134
313 174
313 222
313 248
313 411
313 427
313 430
313 469
313 559
313 635
313 643
313 673
568 83
568 137
568 571
568 735
568 856
735 772
16 241
11 180
11 236
11 538
11 661
11 782
11 829
11 886
180 236
180 364
180 538
180 661
180 782
180 829
180 874
180 886
236 364
236 538
236 661
236 782
236 829
236 874
236 886
538 364
538 661
538 782
538 829
538 874
538 886
661 364
661 829
661 874
661 886
782 364
782 679
782 886
829 364
829 874
829 886
886 874
679 26
679 39
679 52
679 75
679 76
679 162
679 188
679 196
679 243
679 318
679 363
679 383
679 423
679 509
679 557
679 58
679 68
679 685
679 763
679 846
30 45
30 84
30 107
30 111
30 138
30 142
30 187
30 250
30 275
30 305
30 355
30 471
30 519
30 551
30 621
30 629
30 657
30 674
30 714
84 45
84 107
84 111
84 112
84 138
84 142
84 187
84 205
84 232
84 250
84 275
84 305
84 355
84 471
84 493
84 551
84 621
84 629
84 657
84 674
84 714
84 880
142 527
142 736
142 111
142 138
142 112
142 124
142 155
142 185
142 195
142 205
142 232
142 233
142 244
142 260
142 275
142 305
142 355
142 385
142 471
142 475
142 493
142 519
142 525
142 535
142 551
142 576
142 621
142 629
142 657
142 674
142 687
142 714
142 804
142 825
142 861
142 901
187 45
187 107
187 111
187 138
187 205
187 250
187 275
187 305
187 471
187 475
187 519
187 551
187 621
187 629
187 657
187 714
187 861
187 880
305 257
305 480
305 527
305 547
305 736
305 646
305 107
305 111
305 138
305 250
305 112
305 124
305 155
305 185
305 195
305 197
305 214
305 232
305 233
305 244
305 260
305 355
305 385
305 462
305 471
305 475
305 493
305 519
305 525
305 535
305 551
305 576
305 629
305 674
305 687
305 714
305 771
305 804
305 825
305 861
305 881
305 895
305 901
355 45
355 107
355 111
355 138
355 205
355 250
355 275
355 112
355 471
355 493
355 519
355 551
355 621
355 629
355 657
355 674
355 714
355 861
355 880
355 881
447 756
447 822
471 45
471 107
471 111
471 138
471 205
471 250
471 275
471 112
471 493
471 519
471 551
471 621
471 629
471 657
471 674
471 714
471 861
471 880
471 881
519 111
519 138
519 205
519 275
519 551
519 629
519 657
519 674
519 714
519 880
551 736
551 107
551 111
551 138
551 250
551 629
551 714
551 861
551 895
861 257
861 324
861 480
861 547
861 736
861 646
861 45
861 138
861 275
861 629
861 657
861 714
861 95
861 232
861 233
861 244
861 462
861 475
861 493
861 525
861 535
861 185
861 195
861 214
861 260
861 269
861 331
861 576
861 687
861 701
861 804
861 825
861 881
861 901
13 35
402 203
17 457
457 360
457 769
360 769
769 582
769 91
18 192
18 221
18 255
18 257
18 284
18 324
18 480
18 527
18 530
18 547
18 736
192 66
192 74
192 110
192 183
192 221
192 249
192 344
192 562
192 585
192 752
192 789
192 857
221 66
221 86
221 110
221 249
221 752
221 857
255 27
255 46
255 112
255 233
255 257
255 324
255 331
255 480
255 527
255 530
255 547
255 646
255 804
257 27
257 46
257 112
257 155
257 324
257 331
257 480
257 527
257 530
257 547
257 629
257 646
257 736
257 804
324 46
324 112
324 155
324 331
324 480
324 527
324 530
324 547
324 646
324 736
480 46
480 112
480 155
480 331
480 527
480 547
480 646
480 736
480 804
527 27
527 46
527 155
527 232
527 331
527 525
527 530
527 547
527 629
527 646
527 714
527 736
527 804
530 46
530 112
530 331
530 547
530 629
530 646
530 736
547 46
547 112
547 155
547 331
547 629
547 646
547 714
547 736
547 804
736 27
736 45
736 46
736 124
736 155
736 214
736 232
736 233
736 244
736 260
736 275
736 385
736 462
736 475
736 535
736 576
736 629
736 646
736 657
736 687
736 701
736 714
736 804
736 825
736 901
46 646
46 112
46 155
46 331
112 646
112 45
112 111
112 275
112 629
112 657
112 714
112 124
112 155
112 185
112 214
112 232
112 233
112 260
112 331
112 385
112 462
112 475
112 525
112 535
112 549
112 576
112 804
112 881
112 901
138 45
138 232
138 244
138 475
138 629
138 657
138 714
138 895
155 646
155 275
155 629
155 657
155 714
155 232
155 244
155 331
155 475
155 493
155 525
155 804
331 629
331 233
331 804
462 45
462 275
462 629
462 657
462 394
462 493
462 525
462 881
493 646
493 45
493 275
493 95
493 244
493 475
493 394
493 525
493 535
493 881
493 901
629 646
629 45
629 107
629 111
629 250
629 275
629 95
629 232
629 233
629 394
629 475
629 525
629 535
629 657
629 714
629 825
629 881
629 901
646 27
646 45
646 232
646 233
646 244
646 475
646 525
646 535
646 549
646 687
646 701
646 714
646 804
646 825
646 881
646 901
657 45
657 250
657 95
657 232
657 244
657 475
657 525
657 535
657 714
657 825
657 881
657 901
714 45
714 111
714 205
714 275
714 674
714 124
714 185
714 195
714 197
714 214
714 232
714 233
714 244
714 260
714 385
714 475
714 525
714 535
714 701
714 804
714 806
714 825
714 881
714 901
756 401
756 543
756 822
756 862
756 866
862 401
74 183
74 373
74 377
74 533
74 562
74 585
74 716
74 789
183 344
183 377
183 533
183 585
183 789
249 752
344 373
344 377
344 533
344 585
344 716
344 789
562 377
562 533
562 217
562 716
562 789
585 373
585 377
585 533
585 217
585 716
585 789
789 377
789 533
857 516
86 106
86 312
86 442
86 622
86 837
233 45
233 275
233 525
233 804
233 825
804 232
232 45
232 275
232 124
232 185
232 197
232 214
232 244
232 260
232 385
232 525
232 535
232 593
232 687
232 806
232 825
232 901
525 45
525 275
525 475
525 124
525 185
525 195
525 197
525 214
525 260
525 269
525 385
525 535
525 576
525 593
525 687
525 701
525 806
525 825
525 901
45 107
45 244
45 275
45 475
45 535
45 881
45 901
124 475
124 535
124 185
124 197
124 214
124 260
124 385
124 576
124 825
214 475
214 535
214 901
214 185
214 197
214 260
214 593
214 806
214 825
244 275
244 185
244 195
244 260
244 269
244 385
244 475
244 535
244 576
244 806
244 825
244 881
244 901
260 475
260 535
260 901
260 185
260 197
260 385
260 576
260 701
260 806
260 825
275 111
275 95
275 171
275 394
275 475
275 674
275 825
275 881
275 901
385 475
385 535
385 185
385 806
385 825
475 185
475 262
475 535
475 576
475 593
475 806
475 825
475 881
475 901
535 195
535 269
535 576
535 687
535 701
535 806
535 825
535 881
535 901
576 185
576 197
576 806
701 185
701 593
825 881
825 901
825 185
825 195
825 197
825 269
901 881
901 185
901 593
401 532
401 866
543 866
543 848
19 102
19 851
102 252
102 392
102 722
851 602
252 53
252 189
252 433
252 522
252 555
252 592
252 722
252 726
392 266
392 722
722 433
20 575
20 699
575 795
699 177
699 706
706 764
21 134
21 222
21 411
21 427
21 430
21 635
21 673
21 872
134 174
134 222
134 248
134 274
134 411
134 430
134 469
134 498
134 628
134 635
134 643
134 673
134 872
222 98
222 274
222 427
222 430
222 628
222 635
222 872
222 898
411 174
411 248
411 274
411 427
411 430
411 469
411 559
411 628
411 635
411 872
411 898
427 174
427 248
427 430
427 469
427 635
427 673
427 872
427 898
430 174
430 248
430 98
430 274
430 469
430 559
430 628
430 643
430 872
430 898
635 248
635 469
635 98
635 274
635 498
635 628
635 673
635 872
635 898
673 174
673 248
673 469
673 643
673 872
872 174
872 248
872 469
872 643
872 274
872 559
872 898
174 248
174 498
174 628
174 643
174 898
248 643
274 98
274 498
274 628
469 559
469 643
498 98
498 628
898 98
44 105
44 186
44 206
44 432
44 548
44 590
44 597
44 801
117 64
117 127
117 147
117 186
117 234
117 389
117 395
117 548
117 590
117 597
117 693
23 31
23 153
23 397
23 446
23 539
23 584
23 604
23 609
23 613
23 645
23 658
23 669
23 672
23 683
23 692
23 742
23 750
23 768
23 832
23 902
31 397
31 446
31 539
31 565
31 584
31 604
31 609
31 645
31 658
31 669
31 683
31 692
31 750
31 768
31 832
31 890
31 902
153 346
153 446
153 452
153 539
153 584
153 604
153 609
153 613
153 645
153 658
153 669
153 672
153 683
153 692
153 750
153 768
153 820
153 831
153 832
153 890
397 446
397 565
397 584
397 604
397 609
397 613
397 627
397 645
397 658
397 669
397 672
397 683
397 692
397 750
397 768
397 890
397 902
446 452
446 539
446 565
446 584
446 604
446 609
446 613
446 645
446 658
446 669
446 672
446 683
446 692
446 750
446 768
446 820
446 831
446 832
446 902
539 452
539 565
539 584
539 604
539 613
539 669
539 672
539 683
539 750
539 768
539 820
539 831
539 832
539 890
539 902
584 565
584 452
584 604
584 609
584 613
584 627
584 645
584 658
584 672
584 683
584 692
584 750
584 809
584 820
584 831
584 832
584 890
584 902
604 565
604 346
604 546
604 609
604 613
604 645
604 658
604 669
604 672
604 683
604 692
604 750
604 768
604 820
604 831
604 890
609 565
609 452
609 613
609 627
609 645
609 658
609 669
609 683
609 692
609 750
609 768
609 820
609 831
609 832
609 890
609 902
613 565
613 452
613 546
613 645
613 658
613 669
613 672
613 692
613 768
613 820
613 831
613 832
613 890
613 902
645 452
645 627
645 658
645 669
645 672
645 683
645 692
645 750
645 768
645 809
645 832
645 890
658 565
658 346
658 452
658 669
658 672
658 683
658 692
658 768
658 820
658 831
658 832
658 890
658 902
669 565
669 452
669 627
669 683
669 692
669 750
669 768
669 820
669 832
669 902
672 565
672 452
672 683
672 692
672 750
672 768
672 820
672 832
672 902
683 565
683 452
683 546
683 692
683 750
683 768
683 831
683 832
683 890
683 902
692 565
692 452
692 750
692 809
692 832
692 890
692 902
750 452
750 768
750 809
750 820
750 831
750 832
750 890
750 902
768 565
768 820
768 831
768 832
768 890
768 902
832 565
832 452
832 820
832 831
832 890
832 902
902 565
902 346
902 546
902 820
902 831
565 346
565 452
565 809
565 820
565 890
890 452
890 820
890 831
452 820
33 521
33 668
227 276
227 417
227 887
456 240
149 637
149 757
185 197
185 593
185 806
522 77
522 266
47 291
47 488
47 611
47 790
47 828
256 291
256 488
256 611
256 790
256 828
291 488
291 611
291 790
291 877
488 611
488 790
488 877
790 611
790 828
26 28
26 39
26 52
26 75
26 128
26 162
26 188
26 196
26 318
26 333
26 341
26 363
26 383
26 387
26 423
26 509
26 557
26 671
26 685
26 710
26 744
26 763
26 846
26 858
26 867
28 128
28 333
28 341
28 858
39 52
39 68
39 75
39 162
39 188
39 196
39 243
39 326
39 363
39 383
39 387
39 509
39 557
39 685
39 744
39 763
39 846
39 867
39 868
52 32
52 75
52 76
52 196
52 243
52 318
52 326
52 363
52 383
52 387
52 509
52 557
52 641
52 671
52 685
52 710
52 744
52 846
52 867
75 68
75 188
75 196
75 243
75 363
75 383
75 387
75 423
75 509
75 557
75 671
75 685
75 710
75 744
75 763
75 846
75 867
128 333
128 341
128 858
162 68
162 188
162 196
162 243
162 318
162 363
162 383
162 387
162 423
162 509
162 557
162 671
162 685
162 744
162 763
188 243
188 318
188 363
188 383
188 387
188 423
188 557
188 671
188 685
188 710
188 763
188 846
188 867
196 76
196 58
196 68
196 243
196 318
196 383
196 387
196 509
196 671
196 685
196 744
196 763
196 846
318 243
318 363
318 383
318 387
318 509
318 557
318 671
318 710
318 744
318 846
318 867
333 341
333 858
341 858
363 76
363 243
363 68
363 383
363 387
363 423
363 509
363 557
363 671
363 685
363 710
363 744
363 763
363 846
363 867
383 387
383 509
383 557
383 671
383 685
383 710
383 744
383 763
383 846
383 867
387 76
387 243
387 37
387 58
387 68
387 423
387 557
387 671
387 685
387 710
387 744
387 763
387 846
387 867
423 243
423 509
423 557
423 671
423 685
423 763
423 846
423 867
509 76
509 243
509 671
509 685
509 710
509 744
509 763
509 846
557 243
557 68
557 671
557 710
557 763
557 846
557 867
671 76
671 243
671 326
671 685
671 710
671 744
671 763
671 846
685 744
685 763
685 846
685 867
710 243
710 68
710 641
710 744
710 763
710 846
710 867
744 243
744 846
744 867
763 76
763 243
763 788
763 846
763 867
846 68
846 867
867 68
867 326
68 243
68 38
68 54
68 199
68 211
68 361
68 448
68 558
68 603
68 641
68 748
68 805
68 868
68 882
326 38
326 54
326 448
326 558
326 603
326 641
326 748
326 805
326 868
326 882
868 38
868 54
868 199
868 211
868 448
868 558
868 603
868 641
868 748
868 805
868 882
32 642
641 54
641 199
641 211
641 361
641 448
641 558
641 603
641 748
641 805
641 882
37 173
37 494
37 573
37 656
881 394
107 111
107 205
107 674
107 880
111 674
674 205
195 269
871 36
871 51
871 78
871 306
871 751
871 777
871 836
871 225
871 286
36 51
36 78
36 582
36 751
36 777
36 836
36 885
51 78
51 225
51 246
51 286
51 306
51 455
51 482
51 545
51 582
51 751
51 774
51 777
51 836
51 885
78 225
78 286
78 582
78 751
78 777
78 836
78 885
582 306
582 225
582 282
582 455
582 508
582 520
582 545
582 660
582 777
582 836
582 885
751 306
751 225
751 286
751 777
751 836
777 306
777 225
777 836
836 306
836 225
836 885
885 306
885 225
885 286
225 246
225 282
225 286
225 482
225 545
225 774
246 282
246 455
246 482
246 545
246 774
286 306
286 282
286 455
286 508
286 520
286 545
286 660
455 282
455 482
455 545
455 774
482 282
482 545
482 774
545 282
545 774
774 282
282 520
660 91
660 855
173 573
173 580
173 656
173 894
573 580
573 656
656 59
656 759
580 61
580 624
894 839
59 83
59 137
59 571
83 85
83 137
571 263
571 321
571 374
571 900
38 54
38 199
38 361
38 448
38 558
38 603
38 805
38 882
54 211
54 361
54 448
54 558
54 603
54 805
54 882
199 211
199 361
199 448
199 558
199 603
199 748
199 805
199 882
361 211
361 558
361 603
361 882
448 211
448 603
448 805
448 882
558 211
558 603
558 800
558 805
558 882
603 211
603 748
603 805
805 748
805 882
882 211
882 748
211 748
40 101
40 413
40 556
40 600
40 605
101 409
101 556
101 600
413 409
413 556
413 600
413 605
556 409
556 600
556 605
600 409
600 605
618 365
618 496
681 824
116 801
116 65
116 87
116 158
116 296
116 336
116 340
116 403
116 492
116 500
116 610
116 775
492 403
492 87
492 158
492 296
492 340
492 500
492 610
492 746
492 775
775 65
775 403
775 87
775 158
775 336
775 746
105 206
105 362
105 367
105 416
105 664
105 665
105 694
105 816
186 64
186 590
186 597
206 362
206 367
206 416
206 694
206 801
432 362
432 367
432 416
432 664
432 665
432 694
432 801
548 64
548 590
548 597
590 147
590 234
590 389
590 640
597 64
801 362
801 367
801 694
801 416
801 664
801 665
801 816
362 367
362 416
362 664
362 665
362 694
362 816
367 416
367 664
367 665
367 816
416 694
416 664
416 665
664 694
664 665
664 816
665 816
694 816
127 147
127 640
127 693
147 143
147 234
147 640
147 693
234 389
234 395
234 640
234 693
389 395
389 524
389 640
395 640
693 640
229 419
373 377
373 533
373 716
377 217
377 716
533 217
533 716
50 276
50 309
50 376
276 309
276 376
309 376
376 760
607 297
607 623
607 845
607 856
53 189
53 555
53 726
189 228
189 726
189 844
726 228
726 505
726 592
228 505
228 511
228 844
844 505
844 698
419 567
592 740
97 599
599 429
137 90
137 247
137 263
137 617
85 168
85 181
85 271
85 370
85 434
85 523
85 620
85 707
85 853
90 247
90 263
90 617
247 263
247 366
247 617
321 374
374 208
479 636
479 697
408 198
63 330
63 747
330 444
330 554
330 747
747 167
444 169
444 405
444 223
554 271
65 403
403 158
403 296
403 336
403 500
403 610
87 158
87 296
87 340
87 500
87 746
158 296
158 340
158 746
296 500
296 746
336 108
336 353
336 686
340 500
340 746
500 746
69 300
69 798
71 207
71 689
207 181
207 529
181 370
181 434
181 523
181 529
181 620
181 707
529 467
529 767
168 370
168 434
168 523
271 434
370 523
370 620
370 707
620 707
853 458
106 312
106 442
312 442
312 497
442 130
442 497
442 837
497 130
497 863
863 216
863 560
141 169
141 254
169 405
405 223
637 757
757 812
223 601
178 277
178 417
178 514
178 630
277 417
277 514
277 630
277 887
417 514
417 630
417 887
514 630
514 887
630 887
365 496
365 541
218 561
242 245
242 281
242 297
242 316
242 526
242 703
242 811
245 297
245 316
245 526
245 703
245 811
281 297
281 316
281 526
281 811
297 316
297 526
297 703
297 811
316 526
316 811
526 703
526 811
623 845
532 439
697 731
697 823
823 490
