74
372
48
321
210
12
245
66
87
127
156
62
65
33
132
53
58
367
117
346
310
76
249
197
162
69
109
219
165
68
24
359
322
329
350
235
223
262
332
36
341
277
107
6
207
290
278
84
215
243
38
170
60
91
4
271
151
335
244
348
29
263
0
314
119
286
10
324
88
299
92
281
55
377
63
133
378
373
344
8
30
211
163
240
7
333
174
296
180
316
250
326
61
171
18
302
231
317
327
325
178
3
111
71
141
253
116
237
86
79
57
145
226
130
330
331
167
19
47
248
225
282
81
274
106
217
201
95
124
334
40
35
200
362
356
1
126
307
97
100
99
273
14
20
17
328
122
269
216
110
268
276
258
115
202
32
187
304
236
94
135
34
209
365
194
42
222
260
181
340
257
78
101
349
128
104
343
256
323
224
11
83
184
72
232
360
154
25
199
