0 92
0 124
0 151
0 157
0 180
0 192
92 14
92 75
92 93
92 96
92 102
92 128
92 141
92 151
92 171
92 180
92 201
124 37
124 35
124 75
124 151
124 157
124 164
124 180
124 192
151 37
151 157
151 180
157 37
157 35
157 75
157 141
157 192
180 37
180 192
192 17
192 86
14 165
14 93
14 96
14 101
14 103
14 136
14 179
14 201
75 171
75 110
75 103
75 33
75 128
93 208
93 19
93 103
93 119
93 169
93 183
93 204
96 165
96 19
96 39
96 101
96 136
96 179
102 6
102 18
102 79
102 82
102 88
102 156
102 172
102 208
128 171
128 103
141 21
141 39
141 91
141 169
171 2
171 134
171 165
171 150
171 176
201 103
35 7
35 188
35 41
35 56
35 76
35 164
35 169
35 203
164 21
164 163
164 183
17 77
17 86
86 50
86 68
1 3
1 8
1 28
1 46
1 111
1 113
1 126
1 131
1 133
1 177
1 178
3 26
3 46
3 131
3 133
8 126
8 131
8 133
8 177
28 26
28 46
28 113
28 133
28 150
28 205
46 116
46 126
46 131
46 133
46 150
46 165
46 178
46 200
46 205
111 15
111 61
113 26
126 131
126 133
126 150
126 168
126 200
131 133
177 200
177 209
178 52
178 106
26 135
26 205
150 33
150 116
150 176
150 190
116 190
165 2
165 57
200 168
200 195
15 32
61 143
168 187
168 195
209 143
209 73
52 193
52 106
106 70
2 134
57 118
57 6
57 18
57 47
57 110
57 119
57 122
57 137
57 139
57 149
57 156
57 172
57 208
176 81
176 65
176 71
4 7
4 22
4 42
4 51
4 107
4 153
4 181
4 210
7 22
7 48
7 56
7 74
7 109
7 188
22 42
22 51
22 153
22 188
22 210
42 12
42 166
42 182
42 188
51 72
51 99
51 105
51 159
51 188
51 210
107 153
107 188
153 104
153 13
153 40
153 72
153 83
153 99
153 160
153 182
153 188
153 210
181 104
181 88
181 173
210 105
48 74
48 121
48 125
56 27
56 60
56 109
56 132
56 138
56 142
74 12
74 125
109 60
109 39
109 91
109 169
188 105
188 99
12 144
12 115
12 166
166 125
166 115
166 16
166 95
166 123
182 13
182 83
182 99
182 55
182 142
182 160
182 207
72 40
99 13
99 83
99 55
99 207
105 83
105 121
105 203
159 11
159 117
104 13
104 53
104 88
104 173
104 197
13 83
53 197
88 66
88 208
88 125
88 144
88 16
88 38
88 87
88 152
88 173
88 197
88 211
173 197
197 54
83 27
83 207
121 174
121 208
121 40
121 132
203 41
203 84
203 140
203 154
40 120
160 142
5 64
5 89
5 94
5 114
5 118
64 6
64 18
64 79
64 89
64 94
64 114
64 172
64 174
89 6
89 18
89 33
89 79
89 114
89 118
89 139
89 169
89 172
89 174
89 189
94 58
94 114
94 174
114 6
114 58
114 66
114 110
114 118
114 174
114 208
118 110
118 122
118 137
118 139
118 149
118 172
118 174
118 208
6 18
6 66
6 79
6 82
6 110
6 137
6 172
18 79
18 82
18 172
18 208
79 66
79 9
79 34
79 69
79 87
79 112
79 144
79 169
79 172
172 82
172 110
172 137
172 149
172 156
172 47
172 139
174 23
174 66
174 208
33 189
33 184
139 82
139 110
139 137
139 156
139 189
139 47
169 204
169 91
169 87
189 9
189 34
189 184
58 24
58 49
58 44
58 80
58 191
58 202
66 23
66 208
66 212
110 19
110 43
110 47
110 115
110 122
110 137
110 156
110 208
208 19
208 47
208 122
208 204
122 198
137 31
137 36
137 47
137 119
137 149
137 156
137 170
149 19
149 36
149 119
82 47
82 119
82 125
47 156
47 19
47 43
47 119
47 204
119 156
119 19
119 36
119 183
212 97
212 152
212 70
212 87
9 34
9 112
34 20
34 144
69 100
69 211
112 10
112 144
144 125
144 10
144 100
144 20
144 115
144 204
125 16
125 54
125 108
125 115
125 123
125 204
19 36
19 43
19 136
19 179
19 204
43 36
115 170
170 185
204 136
204 39
204 91
204 95
41 85
41 140
41 154
41 162
76 39
76 91
27 142
132 45
132 63
132 155
138 45
39 29
39 91
39 95
16 54
16 108
16 123
54 108
54 123
108 123
21 163
21 183
100 10
100 211
186 38
186 78
186 130
186 148
186 152
186 161
186 196
38 49
38 97
38 148
78 161
78 67
78 130
78 196
130 97
130 152
130 167
130 196
148 49
152 49
152 97
152 70
152 161
152 167
161 49
161 97
161 62
161 67
161 70
161 196
196 67
196 127
196 167
117 129
117 30
117 146
117 194
95 29
101 136
101 179
136 179
77 65
77 68
77 81
77 85
65 68
65 71
65 129
65 145
65 147
65 158
68 163
68 50
81 71
85 140
85 162
71 98
71 25
71 145
71 147
71 158
71 175
71 199
129 98
129 25
129 175
129 199
145 158
158 98
158 199
24 49
24 80
24 202
49 70
49 80
49 97
49 202
80 202
202 44
202 193
97 167
44 191
44 193
190 206
30 146
146 90
146 194
140 162
162 84
167 67
167 127
45 155
187 195
206 59
