98
92
308
61
54
70
216
110
381
241
83
244
187
35
155
115
321
30
90
371
290
320
59
44
430
189
292
403
69
172
43
99
312
277
316
284
55
207
8
93
334
149
84
88
116
398
214
441
370
81
447
190
80
181
366
319
206
448
384
9
408
409
213
438
379
401
433
298
11
117
309
198
122
86
355
362
385
140
113
105
427
154
33
119
271
191
351
352
289
436
304
205
440
323
413
393
87
291
242
395
64
203
2
263
158
349
135
306
228
445
420
402
51
399
157
37
412
405
65
397
293
53
22
238
404
188
136
14
406
15
145
177
19
421
185
354
335
42
186
118
17
32
376
332
229
63
328
361
169
180
101
279
144
183
47
346
197
288
106
314
444
24
163
333
165
95
315
5
102
67
341
258
26
248
275
428
391
13
162
278
36
313
442
297
400
128
363
287
89
415
247
58
268
48
192
360
3
224
73
382
226
450
387
182
222
280
227
126
6
45
380
173
152
265
201
390
10
383
359
317
16
18
160
285
240
82
296
108
170
411
7
437
338
331
109
184
356
353
407
200
230
131
130
96
156
196
1
286
178
41
347
443
388
204
257
410
432
127
175
426
159
424
168
345
239
272
301
425
435
134
243
104
318
148
57
27
302
372
215
161
225
336
66
72
210
97
232
367
246
114
431
364
219
202
221
23
439
377
375
378
46
295
167
146
151
256
52
294
211
369
107
38
389
423
311
339
25
79
68
100
142
153
386
103
276
394
143
434
300
233
416
266
62
281
322
94
123
299
305
212
74
150
34
237
166
373
91
368
124
39
209
139
220
171
452
255
245
121
348
199
344
342
