0 194
0 200
0 206
0 208
0 259
0 292
1 152
1 182
1 229
1 276
1 296
1 303
1 328
2 29
2 81
2 168
2 183
2 211
2 223
3 152
3 190
3 238
3 241
3 253
3 257
3 303
3 332
3 336
3 348
4 41
4 267
4 321
5 112
5 134
5 277
5 314
5 318
6 36
6 43
6 56
6 134
6 212
6 238
6 253
6 359
7 25
7 134
7 185
7 212
7 240
8 46
8 81
8 134
8 138
8 183
8 194
8 200
8 206
8 210
8 228
8 252
8 259
8 286
8 298
8 327
9 123
10 49
10 84
10 108
10 134
10 144
10 225
10 265
10 286
11 37
11 98
11 152
11 167
11 178
11 238
11 240
11 253
11 267
11 303
11 321
11 343
12 108
12 130
12 134
12 144
12 153
12 156
12 200
12 203
12 206
12 238
12 240
12 241
12 258
12 266
12 356
13 23
13 108
13 144
13 152
13 180
13 303
14 84
14 265
14 317
15 43
15 44
15 134
15 200
15 206
15 228
15 253
16 55
16 152
16 303
17 43
17 134
17 253
17 275
17 308
18 134
18 169
18 330
19 82
19 119
20 29
20 134
20 184
20 211
20 300
21 55
21 152
21 303
22 152
22 156
22 238
22 274
22 291
22 303
22 336
23 81
23 108
23 134
23 144
23 183
23 226
24 67
24 76
24 134
24 152
24 199
24 217
24 303
24 322
24 337
24 344
25 134
25 212
25 240
26 85
26 108
26 134
26 144
26 200
26 206
26 236
26 298
26 307
26 352
27 134
27 152
27 196
27 279
27 303
28 37
28 134
28 152
28 191
28 238
28 253
28 303
28 348
29 35
29 65
29 66
29 69
29 88
29 94
29 95
29 97
29 99
29 134
29 151
29 157
29 184
29 187
29 202
29 211
29 212
29 223
29 247
29 267
29 281
29 291
29 303
29 309
29 327
29 345
29 349
29 353
30 108
30 115
30 144
30 200
30 206
30 275
31 73
31 134
31 200
31 206
31 340
32 134
32 181
32 355
33 139
33 267
33 319
34 60
34 81
34 134
34 179
34 183
35 39
35 41
35 108
35 134
35 144
35 152
35 200
35 206
35 211
35 267
35 277
35 303
35 304
35 321
35 341
35 345
36 72
36 212
36 256
37 43
37 106
37 130
37 134
37 152
37 156
37 166
37 200
37 203
37 206
37 212
37 238
37 240
37 245
37 253
37 259
37 267
37 269
37 303
37 321
37 348
37 356
38 53
38 68
38 129
38 258
39 41
39 134
39 238
39 304
39 335
40 93
40 134
40 136
40 152
40 163
40 170
40 207
40 233
40 240
40 267
40 303
40 320
41 267
41 304
41 306
41 321
42 49
42 108
42 134
42 144
42 212
42 286
42 319
43 56
43 60
43 62
43 78
43 108
43 134
43 144
43 156
43 176
43 188
43 192
43 194
43 200
43 204
43 206
43 212
43 227
43 228
43 240
43 252
43 253
43 268
43 308
43 324
43 325
43 333
44 134
44 200
44 206
44 349
45 133
45 152
45 238
45 303
45 338
45 342
46 60
46 81
46 134
46 183
46 200
46 206
46 291
47 63
47 134
47 214
47 240
47 259
47 293
48 82
48 134
48 138
48 152
48 164
48 177
48 238
48 255
48 298
48 303
49 84
49 108
49 134
49 144
49 265
49 286
50 77
50 126
50 134
51 134
51 200
51 206
51 223
51 226
52 84
52 108
52 134
52 144
52 225
52 265
52 286
52 317
53 68
53 129
53 134
53 140
53 173
53 220
53 248
53 258
54 111
54 312
55 152
55 303
56 91
56 108
56 134
56 144
56 200
56 206
56 238
56 253
57 59
57 108
57 134
57 144
57 170
57 198
57 201
57 238
57 240
57 272
58 83
58 212
58 286
58 333
59 67
59 76
59 201
59 238
59 322
59 337
60 81
60 134
60 152
60 156
60 183
60 200
60 206
60 238
60 253
60 259
60 303
60 338
61 134
61 163
61 343
61 347
62 188
62 253
63 134
63 182
63 214
63 229
63 240
63 259
63 292
63 296
63 307
63 331
64 250
64 360
65 81
65 97
65 150
65 183
65 211
66 81
66 94
66 103
66 211
66 353
67 130
67 134
67 216
67 238
67 267
67 269
67 337
68 173
68 258
69 134
69 211
69 349
70 134
70 153
70 203
70 238
71 108
71 144
71 200
71 206
71 238
71 284
71 357
72 197
72 256
73 188
73 200
73 206
73 212
74 86
74 87
74 127
75 134
75 138
75 280
75 286
75 298
76 134
76 238
76 322
77 108
77 126
77 134
77 144
78 212
78 253
78 268
79 81
79 154
79 183
79 184
79 200
79 206
80 167
80 218
80 238
80 310
81 89
81 94
81 95
81 103
81 116
81 130
81 133
81 134
81 137
81 150
81 151
81 152
81 153
81 158
81 165
81 168
81 174
81 176
81 183
81 184
81 193
81 200
81 202
81 206
81 212
81 226
81 238
81 249
81 258
81 267
81 271
81 281
81 287
81 292
81 303
81 307
81 309
81 323
81 324
81 327
81 331
81 340
81 361
82 134
82 164
83 286
83 289
84 134
84 225
84 265
84 317
84 337
84 350
85 298
86 87
86 122
86 127
86 132
86 135
86 140
86 221
86 230
86 237
86 273
86 321
87 122
87 127
87 230
88 94
88 134
88 154
88 211
89 153
89 238
89 258
89 324
89 327
89 342
89 361
90 113
90 134
90 286
91 108
91 144
91 152
91 238
91 253
91 303
92 152
92 238
92 253
92 257
92 303
93 134
93 152
93 240
93 303
93 334
94 103
94 116
94 130
94 165
94 211
94 212
94 267
94 292
94 303
95 158
95 183
95 187
95 211
96 115
96 134
96 212
96 214
96 239
96 240
96 259
96 284
96 352
97 134
97 211
97 316
98 102
98 123
98 134
98 167
98 178
98 196
98 200
98 206
98 208
98 224
98 267
98 297
98 299
98 343
99 134
99 137
99 202
99 211
100 145
100 200
100 206
101 134
101 253
101 267
101 286
101 294
101 339
102 134
102 208
102 238
102 246
102 343
104 114
104 130
104 134
104 148
104 152
104 162
104 167
104 222
104 240
104 244
104 262
104 303
105 114
105 167
106 134
106 152
106 190
106 238
106 253
106 267
106 269
106 298
106 303
107 134
107 288
107 356
108 131
108 134
108 144
108 149
108 160
108 162
108 165
108 169
108 172
108 185
108 203
108 212
108 225
108 227
108 238
108 240
108 252
108 253
108 257
108 260
108 268
108 275
108 284
108 285
108 286
108 290
108 302
108 307
108 311
108 317
108 320
108 327
108 345
108 351
108 353
108 357
109 112
109 134
109 314
109 318
110 166
110 200
110 206
110 212
110 333
111 312
112 134
112 314
112 318
113 134
113 286
114 130
114 152
114 167
114 303
114 345
115 212
115 259
116 130
116 134
116 145
116 200
116 206
116 267
116 303
117 128
117 200
117 206
117 267
117 269
118 134
118 162
118 238
118 282
120 134
120 240
120 307
121 152
121 303
121 306
122 230
122 237
123 134
123 200
123 206
124 130
124 152
124 162
125 147
125 195
125 259
126 134
126 153
126 253
127 230
128 212
128 267
128 269
128 270
129 220
129 258
130 134
130 152
130 153
130 156
130 162
130 183
130 203
130 238
130 240
130 245
130 250
130 253
130 258
130 266
130 267
130 269
130 283
130 291
130 303
130 307
130 337
130 344
130 346
130 356
130 359
131 144
131 149
131 248
132 221
132 237
133 152
133 183
133 193
133 200
133 206
133 212
133 238
133 303
133 338
134 136
134 137
134 138
134 144
134 145
134 152
134 153
134 154
134 155
134 156
134 157
134 159
134 161
134 163
134 164
134 170
134 171
134 172
134 175
134 176
134 179
134 181
134 182
134 183
134 185
134 187
134 189
134 192
134 199
134 200
134 201
134 203
134 206
134 207
134 209
134 210
134 211
134 212
134 214
134 217
134 219
134 222
134 223
134 225
134 226
134 229
134 231
134 232
134 235
134 238
134 239
134 240
134 241
134 243
134 244
134 245
134 246
134 247
134 248
134 249
134 252
134 253
134 255
134 257
134 258
134 259
134 260
134 263
134 265
134 266
134 267
134 268
134 269
134 272
134 273
134 275
134 277
134 278
134 279
134 280
134 282
134 284
134 285
134 286
134 288
134 289
134 291
134 292
134 293
134 295
134 296
134 298
134 300
134 301
134 303
134 307
134 314
134 316
134 317
134 318
134 322
134 326
134 327
134 330
134 334
134 335
134 337
134 338
134 339
134 340
134 343
134 346
134 347
134 348
134 349
134 350
134 351
134 352
134 355
134 356
134 360
135 264
135 270
135 273
135 305
135 321
136 152
136 163
136 267
136 303
137 249
138 210
138 235
138 255
138 261
138 280
138 286
138 298
138 329
139 166
139 259
139 267
139 319
140 220
140 221
140 237
140 258
141 152
141 180
141 212
141 238
141 303
141 312
142 299
143 146
143 152
143 303
144 149
144 160
144 162
144 165
144 169
144 172
144 185
144 203
144 212
144 225
144 227
144 238
144 240
144 252
144 253
144 257
144 260
144 268
144 275
144 284
144 285
144 286
144 290
144 302
144 307
144 311
144 317
144 320
144 327
144 345
144 351
144 353
144 357
145 200
145 206
146 152
146 233
146 303
147 164
147 195
147 259
148 167
148 244
148 262
148 302
148 344
150 183
150 200
150 206
150 295
151 157
151 183
151 211
151 271
152 153
152 156
152 162
152 163
152 169
152 170
152 171
152 177
152 180
152 186
152 189
152 190
152 191
152 196
152 201
152 203
152 208
152 212
152 214
152 219
152 233
152 234
152 235
152 238
152 240
152 251
152 253
152 254
152 257
152 258
152 259
152 261
152 270
152 273
152 274
152 276
152 277
152 279
152 284
152 287
152 290
152 298
152 303
152 304
152 306
152 309
152 310
152 312
152 313
152 320
152 321
152 330
152 332
152 334
152 337
152 338
152 343
152 344
152 348
152 357
152 358
153 155
153 156
153 183
153 238
153 253
153 258
153 266
153 303
153 307
153 327
154 200
154 206
155 253
155 263
155 267
156 238
156 240
156 245
156 253
156 258
156 266
156 267
156 274
156 291
156 303
156 357
156 359
157 161
157 211
158 183
158 200
158 206
158 300
159 181
159 231
160 185
160 198
160 238
160 251
161 168
161 200
161 206
162 260
162 279
162 303
163 175
163 182
163 229
163 303
163 343
163 347
164 195
164 259
165 212
165 292
165 353
166 213
166 238
166 240
166 253
166 259
167 196
167 200
167 206
167 208
167 218
167 224
167 238
167 244
167 262
167 267
167 292
167 294
167 310
167 344
167 345
168 183
168 200
168 206
169 200
169 206
169 208
169 227
169 303
169 310
170 198
170 232
170 238
170 240
170 303
171 222
171 254
171 303
171 307
172 176
172 200
172 206
172 311
173 258
173 264
173 305
173 343
174 176
174 202
174 212
174 325
174 361
175 229
175 273
175 334
175 343
176 183
176 194
176 212
176 253
176 259
176 325
176 340
177 214
177 238
177 253
177 298
177 303
178 267
178 343
179 252
180 303
181 231
181 355
182 229
182 296
182 328
182 343
183 184
183 226
183 238
183 258
183 267
183 271
183 281
183 292
183 303
183 307
183 323
183 331
183 340
183 361
184 211
186 238
186 253
186 303
186 332
187 209
187 211
188 212
188 253
189 238
189 284
189 303
189 352
190 238
190 257
190 298
190 303
190 348
191 212
191 238
191 274
191 303
192 227
192 238
192 253
192 292
193 200
193 206
193 212
193 249
194 215
194 253
194 259
194 292
194 298
194 308
195 259
196 224
196 303
197 256
198 199
198 238
198 251
198 315
199 203
199 216
199 217
199 238
199 267
199 269
199 315
200 206
200 208
200 209
200 210
200 212
200 226
200 227
200 236
200 238
200 240
200 244
200 249
200 252
200 253
200 268
200 271
200 275
200 284
200 295
200 300
200 307
200 310
200 311
200 316
200 323
200 327
200 333
200 345
200 356
201 219
201 238
201 240
201 270
201 303
202 211
202 361
203 240
203 253
203 258
203 267
203 269
203 303
203 356
204 253
204 333
205 267
205 283
205 358
206 208
206 209
206 210
206 212
206 226
206 227
206 236
206 238
206 240
206 244
206 249
206 252
206 253
206 268
206 271
206 275
206 284
206 295
206 300
206 307
206 310
206 311
206 316
206 323
206 327
206 333
206 345
206 356
207 233
207 240
207 257
207 292
207 298
207 320
208 303
208 343
209 323
210 238
210 286
211 212
211 223
211 247
211 281
211 291
211 309
211 327
211 345
211 349
211 353
212 215
212 223
212 238
212 240
212 252
212 253
212 259
212 270
212 274
212 286
212 292
212 302
212 303
212 309
212 311
212 312
212 319
212 324
212 325
212 333
212 338
212 351
213 234
213 238
213 330
214 238
214 239
214 240
214 253
214 259
214 292
214 303
214 307
214 331
215 259
215 308
215 325
216 217
216 238
216 337
217 238
218 238
218 310
219 240
219 303
219 304
220 258
221 237
222 240
222 307
223 309
225 265
225 286
227 253
228 253
228 259
229 273
229 296
229 328
229 334
229 343
231 267
231 276
231 303
232 240
233 251
233 303
233 320
234 238
234 290
234 303
234 330
235 238
235 286
235 303
235 329
235 338
235 354
238 240
238 243
238 244
238 246
238 251
238 253
238 257
238 258
238 259
238 263
238 265
238 266
238 267
238 274
238 278
238 282
238 287
238 292
238 298
238 303
238 307
238 309
238 310
238 312
238 315
238 320
238 321
238 322
238 326
238 327
238 330
238 332
238 335
238 337
238 338
238 346
238 348
238 352
238 357
238 358
238 359
238 360
239 240
239 292
239 350
240 245
240 253
240 257
240 259
240 272
240 284
240 291
240 292
240 293
240 303
240 307
240 321
240 322
240 337
240 352
241 257
241 336
242 267
242 269
242 336
243 285
243 326
244 262
244 326
244 330
245 253
245 267
245 303
247 281
247 295
250 283
250 303
250 360
251 303
252 327
253 257
253 259
253 267
253 268
253 269
253 303
253 308
253 320
253 321
253 332
253 333
253 339
253 348
253 356
253 358
254 303
257 278
257 292
257 298
257 303
257 320
257 336
257 348
257 350
258 266
258 267
258 303
258 307
258 327
259 292
259 293
259 298
259 303
259 308
259 311
259 325
259 330
259 338
260 351
261 286
261 303
261 313
262 344
263 267
263 360
264 270
264 305
264 343
265 267
265 278
265 303
265 317
266 291
267 269
267 276
267 278
267 283
267 286
267 294
267 303
267 306
267 307
267 312
267 319
267 321
267 336
267 341
267 343
267 356
267 358
267 359
268 327
269 303
269 336
269 344
270 303
270 305
270 343
271 316
273 303
273 304
273 321
273 334
274 303
276 303
277 303
277 314
278 303
278 350
279 303
280 286
280 298
281 323
283 303
283 358
284 303
285 290
286 294
286 298
286 317
286 329
286 333
287 303
287 309
288 356
289 291
289 301
290 303
291 301
291 327
291 336
292 294
292 298
292 331
292 350
296 328
297 299
297 343
298 303
298 352
299 343
302 344
302 351
303 304
303 306
303 307
303 309
303 310
303 312
303 313
303 320
303 321
303 330
303 332
303 334
303 337
303 338
303 343
303 344
303 346
303 348
303 356
303 357
303 358
303 359
305 343
306 321
307 331
314 318
320 358
321 341
322 337
324 325
324 361
326 330
337 350
343 347
