126
37
337
215
166
35
204
157
340
165
114
138
201
292
141
60
313
77
317
39
113
176
3
251
25
327
22
291
33
102
219
235
116
223
159
56
177
208
210
125
279
156
0
359
289
98
51
209
109
131
226
355
38
194
236
144
16
364
203
293
195
353
362
329
146
175
19
148
224
34
154
31
328
269
48
110
101
232
339
241
352
90
368
217
149
303
369
326
140
252
18
243
320
11
99
32
119
198
311
117
216
124
111
167
170
360
75
171
143
212
306
29
205
160
44
2
357
290
70
129
297
222
347
66
228
150
97
229
245
372
267
4
155
304
45
179
377
145
202
169
115
323
260
246
107
221
112
12
130
52
278
239
71
67
122
325
80
178
200
161
211
21
74
58
249
76
46
255
10
168
55
314
348
286
288
233
296
281
50
30
257
96
302
358
242
120
182
244
218
312
231
1
376
89
374
181
336
8
20
23
266
133
180
207
363
79
118
69
57
324
310
134
174
316
14
40
127
237
378
274
121
54
17
315
142
227
275
258
276
361
318
94
271
59
173
162
268
247
319
225
193
95
93
100
42
139
346
287
238
335
49
41
240
214
15
135
305
73
68
187
36
356
53
373
349
234
213
351
284
147
91
78
43
230
128
280
164
65
9
196
350
199
158
322
172
370
206
72
132
270
220
321
277
256
307
375
354
108
47
163
265
92
338
