0 3
0 92
0 178
3 92
3 105
3 140
3 146
3 178
92 20
92 47
92 71
92 82
92 99
92 105
92 127
92 133
92 146
92 150
92 154
92 165
92 174
92 197
92 218
92 240
92 264
92 267
92 290
105 58
105 60
105 106
105 297
105 5
105 8
105 9
105 11
105 19
105 20
105 24
105 26
105 31
105 37
105 41
105 43
105 45
105 47
105 56
105 64
105 65
105 68
105 71
105 74
105 76
105 80
105 82
105 83
105 87
105 88
105 93
105 98
105 100
105 102
105 109
105 112
105 116
105 117
105 120
105 123
105 126
105 127
105 133
105 134
105 140
105 141
105 144
105 145
105 146
105 147
105 150
105 153
105 154
105 157
105 165
105 171
105 176
105 181
105 182
105 183
105 186
105 190
105 193
105 197
105 199
105 203
105 208
105 209
105 213
105 215
105 217
105 218
105 219
105 224
105 232
105 233
105 234
105 235
105 236
105 240
105 241
105 244
105 253
105 256
105 258
105 260
105 261
105 265
105 266
105 267
105 273
105 277
105 280
105 285
105 289
105 290
105 291
105 292
140 106
140 5
140 12
140 19
140 41
140 45
140 64
140 76
140 80
140 82
140 87
140 95
140 98
140 112
140 116
140 117
140 123
140 128
140 135
140 146
140 151
140 153
140 157
140 176
140 181
140 182
140 183
140 186
140 190
140 193
140 199
140 202
140 203
140 215
140 216
140 219
140 227
140 231
140 232
140 233
140 241
140 243
140 253
140 256
140 258
140 260
140 285
140 294
146 58
146 5
146 8
146 11
146 12
146 19
146 20
146 24
146 26
146 31
146 37
146 45
146 47
146 64
146 74
146 80
146 82
146 93
146 95
146 98
146 99
146 100
146 102
146 112
146 116
146 117
146 127
146 128
146 136
146 145
146 150
146 151
146 154
146 171
146 174
146 181
146 182
146 183
146 184
146 190
146 193
146 199
146 203
146 213
146 215
146 217
146 218
146 219
146 220
146 227
146 231
146 232
146 236
146 240
146 241
146 244
146 253
146 258
146 261
146 265
146 266
146 267
146 280
146 281
146 285
146 290
146 291
146 292
20 5
20 19
20 8
20 11
20 37
20 42
20 43
20 47
20 48
20 65
20 83
20 93
20 99
20 127
20 133
20 134
20 136
20 144
20 150
20 154
20 165
20 184
20 208
20 218
20 232
20 244
20 266
20 267
47 297
47 82
47 100
47 136
47 145
47 183
47 231
47 232
47 234
47 266
47 267
47 8
47 9
47 11
47 37
47 42
47 48
47 65
47 99
47 107
47 120
47 127
47 134
47 154
47 165
47 174
47 208
47 217
47 235
47 244
47 264
47 292
71 218
71 234
71 11
71 133
71 134
71 174
71 240
71 43
71 115
71 165
82 297
82 215
82 5
82 19
82 24
82 31
82 45
82 56
82 64
82 68
82 76
82 80
82 53
82 87
82 95
82 98
82 99
82 109
82 112
82 116
82 117
82 123
82 126
82 135
82 144
82 147
82 150
82 151
82 157
82 171
82 176
82 181
82 182
82 183
82 190
82 193
82 199
82 203
82 209
82 213
82 218
82 219
82 227
82 231
82 232
82 233
82 234
82 236
82 253
82 256
82 258
82 260
82 265
82 267
82 289
82 291
82 294
99 19
99 26
99 98
99 100
99 128
99 136
99 144
99 151
99 232
99 266
99 9
99 11
99 37
99 120
99 134
99 163
99 165
99 174
99 184
99 240
127 26
127 100
127 136
127 218
127 231
127 232
127 234
127 266
127 8
127 9
127 11
127 37
127 48
127 65
127 83
127 93
127 42
127 118
127 120
127 163
127 165
127 172
127 174
127 184
127 208
127 235
127 244
127 281
127 292
133 150
133 203
133 218
133 232
133 8
133 43
133 115
133 134
133 154
133 165
133 174
133 240
150 12
150 31
150 45
150 74
150 76
150 80
150 98
150 116
150 117
150 123
150 8
150 90
150 134
150 141
150 151
150 154
150 171
150 174
150 176
150 181
150 190
150 193
150 203
150 209
150 218
150 219
150 231
150 233
150 240
150 241
150 243
150 253
150 260
150 261
150 267
150 285
150 290
154 26
154 136
154 218
154 224
154 234
154 266
154 8
154 11
154 37
154 48
154 83
154 134
154 42
154 43
154 115
154 163
154 174
154 184
154 197
154 208
154 244
165 136
165 218
165 224
165 232
165 234
165 266
165 11
165 37
165 48
165 83
165 134
165 184
165 208
165 240
165 244
165 42
165 118
165 43
165 115
165 197
165 264
174 100
174 136
174 144
174 145
174 171
174 183
174 218
174 231
174 234
174 253
174 267
174 290
174 8
174 9
174 37
174 48
174 65
174 83
174 93
174 42
174 43
174 118
174 120
174 163
174 184
174 208
174 217
174 281
174 292
197 136
197 218
197 134
197 42
197 43
197 115
218 19
218 26
218 31
218 100
218 128
218 136
218 144
218 183
218 203
218 209
218 8
218 9
218 11
218 42
218 43
218 48
218 65
218 83
218 93
218 115
218 118
218 134
218 175
218 208
218 217
218 224
218 231
218 232
218 234
218 235
218 240
218 244
218 253
218 264
218 266
218 267
218 292
240 26
240 100
240 128
240 136
240 224
240 232
240 234
240 266
240 267
240 290
240 8
240 9
240 11
240 37
240 48
240 65
240 134
240 184
240 208
240 235
240 42
240 115
240 118
240 120
240 163
240 172
240 217
240 244
240 264
240 292
264 37
264 115
267 58
267 106
267 12
267 19
267 41
267 56
267 64
267 76
267 80
267 87
267 98
267 109
267 112
267 116
267 151
267 157
267 171
267 182
267 183
267 186
267 190
267 193
267 209
267 219
267 231
267 232
267 233
267 234
267 236
267 241
267 253
267 256
267 260
267 261
267 266
267 90
267 134
267 141
267 213
267 243
267 258
267 285
267 289
267 290
290 297
290 5
290 19
290 24
290 26
290 31
290 41
290 45
290 56
290 64
290 74
290 95
290 98
290 109
290 116
290 117
290 123
290 126
290 128
290 135
290 144
290 157
290 171
290 181
290 182
290 183
290 186
290 190
290 193
290 199
290 219
290 231
290 232
290 233
290 236
290 253
290 256
290 260
290 261
290 289
290 8
290 153
290 291
290 294
1 4
1 27
1 30
1 35
1 58
1 60
1 79
1 85
1 86
1 89
1 91
1 106
1 129
1 139
1 185
1 187
1 196
1 200
1 206
1 211
1 242
1 248
1 262
1 268
1 271
1 297
4 27
4 30
4 35
4 60
4 79
4 85
4 86
4 89
4 91
4 106
4 121
4 129
4 137
4 185
4 187
4 196
4 200
4 206
4 210
4 211
4 215
4 237
4 262
4 268
4 279
27 9
27 30
27 32
27 58
27 74
27 79
27 80
27 85
27 86
27 89
27 91
27 95
27 98
27 107
27 116
27 124
27 129
27 136
27 137
27 185
27 196
27 200
27 206
27 215
27 242
27 248
27 258
27 262
27 265
27 271
27 277
27 297
30 35
30 58
30 60
30 79
30 86
30 91
30 106
30 129
30 139
30 185
30 187
30 200
30 206
30 211
30 242
30 262
30 268
30 271
30 297
35 58
35 60
35 74
35 79
35 85
35 86
35 91
35 95
35 98
35 106
35 113
35 121
35 124
35 129
35 137
35 139
35 185
35 186
35 196
35 200
35 206
35 210
35 211
35 215
35 237
35 242
35 248
35 250
35 258
35 262
35 265
35 271
35 297
35 299
58 8
58 9
58 14
58 26
58 31
58 37
58 45
58 52
58 60
58 74
58 76
58 79
58 83
58 84
58 85
58 86
58 89
58 91
58 93
58 98
58 102
58 104
58 106
58 123
58 124
58 129
58 139
58 164
58 171
58 176
58 186
58 196
58 200
58 206
58 211
58 213
58 215
58 216
58 220
58 233
58 236
58 242
58 244
58 248
58 258
58 262
58 265
58 266
58 268
58 277
58 280
58 281
58 297
60 74
60 85
60 86
60 91
60 106
60 130
60 136
60 139
60 143
60 199
60 201
60 206
60 211
60 213
60 215
60 242
60 258
60 265
60 268
60 271
60 297
60 299
79 85
79 86
79 89
79 91
79 106
79 139
79 185
79 196
79 206
79 210
79 215
79 216
79 242
79 262
79 268
79 271
79 299
85 86
85 89
85 91
85 106
85 206
85 210
85 211
85 216
85 242
85 248
85 262
85 271
86 70
86 74
86 89
86 91
86 121
86 129
86 185
86 196
86 200
86 206
86 210
86 211
86 212
86 215
86 216
86 242
86 262
86 268
86 271
86 297
86 299
89 91
89 106
89 124
89 137
89 139
89 185
89 196
89 200
89 206
89 211
89 242
89 248
89 262
89 268
89 299
91 74
91 106
91 107
91 121
91 124
91 187
91 196
91 200
91 210
91 211
91 215
91 216
91 237
91 242
91 248
91 262
91 279
91 297
106 19
106 24
106 26
106 31
106 45
106 74
106 76
106 80
106 84
106 95
106 98
106 104
106 107
106 116
106 129
106 136
106 144
106 176
106 181
106 193
106 196
106 199
106 200
106 210
106 211
106 213
106 215
106 216
106 231
106 236
106 242
106 248
106 250
106 258
106 262
106 265
106 268
106 271
106 277
106 299
129 84
129 98
129 104
129 107
129 113
129 139
129 196
129 200
129 215
129 236
129 242
129 248
129 250
129 262
129 265
129 268
129 271
129 297
139 84
139 98
139 113
139 185
139 196
139 200
139 206
139 211
139 216
139 242
139 262
139 265
139 268
139 271
139 297
139 299
185 196
185 211
185 242
185 248
185 262
185 268
185 271
185 279
185 299
187 242
196 74
196 98
196 104
196 206
196 210
196 211
196 216
196 242
196 248
196 262
196 268
196 271
196 299
200 74
200 84
200 98
200 107
200 113
200 137
200 206
200 211
200 215
200 242
200 248
200 268
200 271
200 277
200 299
206 137
206 211
206 212
206 242
206 262
206 271
206 299
211 84
211 121
211 137
211 210
211 212
211 215
211 216
211 237
211 242
211 258
211 262
211 265
211 268
211 271
211 299
242 212
242 74
242 98
242 210
242 215
242 216
242 237
242 248
242 262
242 265
242 271
242 297
242 299
248 70
248 84
248 98
248 104
248 137
248 210
248 216
248 237
248 250
248 262
248 265
248 271
248 299
262 74
262 84
262 104
262 107
262 121
262 210
262 213
262 215
262 216
262 237
262 243
262 250
262 258
262 268
262 292
262 297
262 299
268 70
268 74
268 84
268 98
268 104
268 124
268 210
268 215
268 237
268 250
268 258
268 271
268 297
268 299
271 74
271 84
271 98
271 104
271 121
271 216
271 250
271 265
271 297
271 299
297 8
297 9
297 14
297 32
297 74
297 78
297 84
297 93
297 98
297 107
297 111
297 120
297 121
297 136
297 145
297 213
297 231
297 258
297 265
297 266
297 292
121 299
121 23
121 74
121 78
121 84
121 95
121 97
121 237
121 258
137 299
210 299
210 98
210 216
210 250
215 8
215 14
215 19
215 24
215 31
215 41
215 45
215 76
215 78
215 84
215 87
215 95
215 98
215 104
215 107
215 112
215 117
215 126
215 128
215 136
215 144
215 157
215 168
215 173
215 181
215 183
215 186
215 190
215 199
215 209
215 216
215 220
215 227
215 231
215 232
215 233
215 236
215 241
215 249
215 258
215 260
215 265
237 299
237 74
237 97
237 258
9 19
9 26
9 102
9 116
9 128
9 136
9 144
9 151
9 171
9 182
9 183
9 224
9 234
9 253
9 265
9 266
9 8
9 11
9 32
9 37
9 65
9 83
9 93
9 107
9 120
9 134
9 163
9 184
9 192
9 208
9 235
9 281
32 76
32 136
32 186
32 164
32 14
32 36
32 72
32 104
32 152
32 192
74 299
74 5
74 24
74 26
74 31
74 41
74 45
74 64
74 8
74 14
74 46
74 78
74 80
74 84
74 87
74 95
74 97
74 109
74 116
74 117
74 123
74 124
74 126
74 144
74 153
74 171
74 173
74 176
74 183
74 186
74 190
74 193
74 209
74 213
74 216
74 219
74 227
74 231
74 232
74 233
74 236
74 241
74 253
74 258
74 260
74 261
74 265
74 277
74 280
74 289
74 291
74 294
80 12
80 19
80 24
80 26
80 31
80 41
80 45
80 64
80 76
80 8
80 95
80 98
80 112
80 116
80 117
80 135
80 136
80 141
80 144
80 151
80 176
80 181
80 182
80 186
80 190
80 193
80 199
80 209
80 213
80 227
80 231
80 232
80 233
80 241
80 253
80 256
80 260
80 261
80 289
80 291
80 294
95 5
95 12
95 24
95 31
95 41
95 45
95 64
95 68
95 76
95 87
95 53
95 90
95 98
95 102
95 109
95 112
95 116
95 123
95 126
95 128
95 144
95 147
95 153
95 157
95 176
95 181
95 182
95 183
95 186
95 190
95 193
95 199
95 209
95 219
95 227
95 231
95 232
95 233
95 258
95 260
95 261
95 280
95 285
95 291
98 5
98 12
98 24
98 31
98 41
98 45
98 64
98 76
98 46
98 78
98 84
98 112
98 116
98 117
98 123
98 126
98 128
98 136
98 141
98 157
98 164
98 166
98 173
98 176
98 181
98 182
98 183
98 186
98 190
98 193
98 199
98 203
98 213
98 216
98 219
98 227
98 233
98 236
98 241
98 243
98 253
98 258
98 260
98 261
98 265
98 277
98 280
98 285
98 289
98 291
107 136
107 145
107 224
107 265
107 266
107 213
107 37
107 83
107 93
107 244
107 281
107 104
116 5
116 12
116 19
116 41
116 45
116 64
116 93
116 117
116 126
116 128
116 136
116 144
116 145
116 151
116 157
116 171
116 176
116 181
116 183
116 186
116 190
116 193
116 199
116 209
116 213
116 219
116 227
116 231
116 232
116 233
116 236
116 241
116 244
116 253
116 260
116 261
116 265
116 291
124 277
136 5
136 19
136 26
136 123
136 128
136 8
136 11
136 14
136 42
136 48
136 65
136 83
136 93
136 104
136 118
136 120
136 145
136 151
136 163
136 164
136 171
136 172
136 175
136 176
136 182
136 183
136 184
136 192
136 199
136 203
136 208
136 209
136 213
136 224
136 231
136 232
136 234
136 235
136 244
136 253
136 265
136 266
136 280
136 281
136 292
258 12
258 24
258 41
258 45
258 68
258 76
258 87
258 117
258 123
258 126
258 128
258 144
258 151
258 176
258 181
258 183
258 186
258 193
258 199
258 209
258 227
258 233
258 236
258 253
258 265
258 280
258 291
258 90
258 213
258 8
258 164
258 16
258 46
258 78
258 84
258 97
258 111
258 153
258 192
258 220
258 243
265 299
265 19
265 24
265 26
265 41
265 45
265 87
265 102
265 123
265 128
265 144
265 151
265 171
265 176
265 182
265 183
265 186
265 199
265 203
265 232
265 233
265 241
265 253
265 8
265 14
265 46
265 88
265 104
265 164
265 192
265 243
265 250
265 280
277 186
277 233
277 148
277 156
277 252
277 283
277 8
277 164
277 15
277 40
277 59
277 103
277 110
277 142
277 192
277 205
277 220
277 245
113 76
186 12
186 19
186 31
186 45
186 56
186 87
186 102
186 112
186 117
186 123
186 126
186 128
186 151
186 171
186 176
186 183
186 8
186 10
186 21
186 46
186 72
186 90
186 119
186 141
186 164
186 190
186 193
186 199
186 209
186 213
186 219
186 227
186 231
186 232
186 233
186 236
186 241
186 280
186 287
250 14
250 104
299 212
8 12
8 26
8 100
8 144
8 145
8 183
8 209
8 224
8 227
8 231
8 232
8 280
8 291
8 213
8 11
8 37
8 48
8 65
8 83
8 93
8 134
8 164
8 184
8 208
8 235
8 281
14 280
14 104
26 5
26 19
26 24
26 11
26 31
26 41
26 45
26 76
26 83
26 87
26 88
26 102
26 112
26 123
26 128
26 141
26 144
26 145
26 151
26 181
26 182
26 184
26 190
26 193
26 199
26 203
26 209
26 224
26 227
26 231
26 232
26 235
26 241
26 253
26 266
26 280
26 281
26 285
26 292
31 5
31 12
31 19
31 24
31 45
31 56
31 64
31 68
31 76
31 83
31 87
31 90
31 112
31 117
31 123
31 126
31 128
31 135
31 141
31 144
31 147
31 151
31 163
31 176
31 181
31 182
31 183
31 190
31 193
31 209
31 213
31 219
31 227
31 231
31 232
31 233
31 236
31 241
31 243
31 256
31 260
31 261
31 273
31 280
31 281
31 285
31 289
31 291
37 100
37 224
37 232
37 234
37 266
37 11
37 42
37 48
37 65
37 93
37 118
37 120
37 134
37 163
37 172
37 184
37 208
37 217
37 244
37 281
37 292
45 24
45 41
45 16
45 53
45 56
45 68
45 78
45 87
45 109
45 112
45 117
45 123
45 126
45 128
45 135
45 141
45 144
45 151
45 153
45 157
45 171
45 176
45 181
45 182
45 190
45 193
45 202
45 209
45 213
45 219
45 227
45 231
45 232
45 233
45 236
45 241
45 243
45 253
45 260
45 261
45 285
45 289
45 291
45 294
52 102
52 280
52 7
52 66
52 90
52 125
52 162
52 166
52 173
52 191
52 249
76 5
76 41
76 87
76 117
76 123
76 128
76 145
76 151
76 176
76 181
76 190
76 199
76 213
76 227
76 231
76 232
76 233
76 236
76 241
76 260
76 261
76 280
76 285
83 100
83 128
83 171
83 224
83 232
83 234
83 253
83 266
83 11
83 48
83 42
83 93
83 118
83 134
83 184
83 217
83 244
83 281
83 292
84 227
84 23
84 78
93 19
93 100
93 144
93 145
93 224
93 266
93 291
93 11
93 48
93 65
93 42
93 118
93 120
93 163
93 208
93 281
93 292
102 5
102 19
102 7
102 117
102 151
102 166
102 168
102 171
102 173
102 227
102 241
102 249
123 5
123 12
123 19
123 56
123 64
123 87
123 109
123 112
123 117
123 90
123 126
123 128
123 141
123 144
123 151
123 153
123 157
123 171
123 181
123 182
123 183
123 190
123 193
123 199
123 203
123 209
123 219
123 227
123 231
123 232
123 233
123 236
123 253
123 280
123 285
123 289
123 291
164 233
164 10
164 21
164 72
164 88
164 192
164 220
164 287
171 5
171 12
171 19
171 24
171 41
171 87
171 117
171 128
171 151
171 157
171 90
171 134
171 153
171 181
171 183
171 190
171 199
171 203
171 209
171 213
171 219
171 227
171 232
171 233
171 236
171 241
171 253
171 261
171 280
171 291
176 5
176 12
176 19
176 24
176 41
176 56
176 64
176 87
176 109
176 117
176 128
176 144
176 151
176 157
176 90
176 119
176 141
176 153
176 182
176 183
176 190
176 193
176 199
176 209
176 213
176 219
176 227
176 232
176 233
176 236
176 253
176 260
176 261
176 285
176 291
176 294
213 19
213 24
213 41
213 87
213 151
213 199
213 209
213 227
213 232
213 233
213 280
213 66
213 90
213 173
213 46
213 78
213 119
213 141
213 192
213 220
213 243
213 281
216 280
216 70
220 280
220 192
220 10
220 21
220 72
220 46
220 188
220 287
233 5
233 19
233 41
233 56
233 68
233 87
233 109
233 112
233 128
233 144
233 151
233 157
233 183
233 190
233 193
233 209
233 219
233 231
233 232
233 90
233 153
233 202
233 236
233 241
233 253
233 256
233 261
233 285
233 289
233 291
236 5
236 19
236 24
236 64
236 68
236 87
236 109
236 112
236 117
236 126
236 128
236 144
236 151
236 157
236 181
236 193
236 199
236 209
236 219
236 227
236 231
236 232
236 53
236 141
236 147
236 241
236 253
236 256
236 280
236 285
236 291
244 19
244 100
244 144
244 145
244 224
244 234
244 266
244 291
244 11
244 48
244 65
244 184
244 235
244 42
244 118
244 120
244 163
244 292
266 5
266 128
266 144
266 151
266 183
266 199
266 232
266 234
266 11
266 42
266 48
266 65
266 118
266 120
266 163
266 235
266 292
280 5
280 19
280 24
280 41
280 128
280 151
280 157
280 181
280 199
280 227
280 241
280 88
280 90
280 141
280 168
280 173
281 19
281 144
281 145
281 151
281 224
281 231
281 42
130 25
130 73
130 143
130 201
143 25
143 61
143 73
143 77
143 201
199 12
199 19
199 24
199 112
199 117
199 126
199 144
199 145
199 157
199 181
199 182
199 183
199 190
199 141
199 203
199 219
199 231
199 232
199 241
199 243
199 253
199 260
199 261
199 291
19 5
19 12
19 68
19 87
19 88
19 112
19 117
19 128
19 144
19 145
19 157
19 181
19 182
19 183
19 184
19 190
19 193
19 208
19 209
19 219
19 232
19 241
19 253
19 260
19 261
19 285
19 291
24 5
24 41
24 64
24 87
24 90
24 112
24 126
24 128
24 151
24 157
24 181
24 219
24 232
24 241
24 260
24 261
24 285
24 291
144 5
144 41
144 100
144 112
144 126
144 128
144 135
144 90
144 145
144 151
144 153
144 181
144 182
144 183
144 184
144 190
144 193
144 231
144 241
144 261
144 289
181 12
181 41
181 109
181 112
181 126
181 128
181 151
181 157
181 141
181 182
181 183
181 190
181 219
181 231
181 232
181 260
181 261
181 273
193 5
193 12
193 41
193 56
193 64
193 68
193 87
193 109
193 112
193 117
193 126
193 128
193 151
193 183
193 53
193 119
193 147
193 153
193 203
193 209
193 227
193 232
193 241
193 256
193 261
193 289
193 291
231 5
231 12
231 41
231 87
231 109
231 117
231 151
231 182
231 183
231 190
231 209
231 219
231 88
231 120
231 232
231 241
231 253
231 260
231 261
243 203
243 241
243 10
243 97
292 145
292 224
292 232
292 65
292 208
78 41
78 23
78 97
78 111
111 67
120 232
120 11
120 65
120 42
145 5
145 183
145 232
145 253
2 49
2 96
2 101
2 138
2 155
2 257
49 13
49 96
49 101
49 138
49 155
49 257
96 101
96 138
96 155
96 177
96 257
101 13
101 50
101 138
101 155
101 177
101 257
138 13
138 50
138 177
155 257
257 13
257 50
257 177
13 50
13 177
50 51
50 67
50 158
50 177
50 207
50 259
50 287
51 67
51 207
51 259
67 207
158 259
287 148
287 283
287 21
287 72
287 18
287 34
287 40
287 44
287 122
287 170
287 188
287 221
287 245
287 246
287 251
287 255
5 12
5 41
5 56
5 64
5 68
5 100
5 109
5 112
5 126
5 128
5 135
5 151
5 157
5 182
5 183
5 190
5 203
5 209
5 219
5 224
5 232
5 234
5 241
5 253
5 261
5 285
5 294
11 100
11 224
11 234
11 42
11 48
11 65
11 118
11 163
11 172
11 184
11 208
11 217
11 235
41 12
41 56
41 64
41 87
41 109
41 112
41 126
41 128
41 135
41 141
41 151
41 153
41 183
41 202
41 219
41 227
41 241
41 256
41 260
41 261
41 285
41 289
41 294
43 234
43 134
43 115
56 12
56 64
56 68
56 109
56 112
56 117
56 128
56 153
56 157
56 179
56 183
56 190
56 209
56 219
56 232
56 253
56 260
56 261
56 291
56 294
64 12
64 68
64 87
64 109
64 112
64 126
64 128
64 135
64 141
64 147
64 153
64 157
64 183
64 190
64 219
64 227
64 241
64 253
64 256
64 261
64 289
64 291
64 294
65 100
65 224
65 232
65 234
65 48
65 42
65 118
65 134
65 163
65 172
65 184
65 208
68 87
68 112
68 128
68 151
68 157
68 183
68 202
68 261
68 289
87 109
87 112
87 117
87 126
87 128
87 147
87 151
87 153
87 157
87 183
87 202
87 219
87 227
87 232
87 241
87 256
87 260
87 289
87 291
88 192
100 42
100 48
100 172
100 184
100 208
100 224
100 232
109 12
109 53
109 126
109 151
109 179
109 183
109 190
109 202
109 219
109 227
109 232
109 241
109 253
109 256
109 261
109 289
109 294
112 117
112 128
112 157
112 183
112 190
112 209
112 219
112 227
112 232
112 241
112 256
112 260
112 261
112 285
117 12
117 128
117 141
117 147
117 151
117 157
117 182
117 183
117 190
117 203
117 209
117 219
117 241
117 253
126 12
126 128
126 135
126 190
126 241
126 253
126 256
126 260
126 261
126 289
126 291
126 294
134 209
134 232
134 115
134 163
134 208
141 190
141 232
141 241
141 253
147 157
147 183
147 190
147 219
147 241
147 256
147 153
153 183
153 190
153 209
153 219
153 227
153 232
153 253
153 261
153 289
153 202
157 182
157 183
157 190
157 202
157 209
157 219
157 227
157 232
157 241
157 253
157 256
157 260
157 261
157 289
157 291
157 294
182 12
182 128
182 151
182 219
182 232
182 253
182 260
183 135
183 151
183 53
183 90
183 118
183 190
183 209
183 219
183 227
183 232
183 235
183 241
183 253
183 256
183 260
183 261
183 285
183 291
183 294
190 12
190 151
190 53
190 202
190 209
190 219
190 232
190 241
190 253
190 256
190 289
190 291
203 232
203 241
208 224
208 232
208 234
208 48
208 184
208 42
208 118
208 163
208 235
209 128
209 151
209 219
209 227
209 232
209 241
209 253
209 260
209 289
217 48
217 184
219 12
219 128
219 151
219 232
219 253
219 256
219 260
219 261
219 285
219 289
219 294
224 42
224 48
224 163
224 184
224 234
232 12
232 135
232 151
232 42
232 48
232 184
232 202
232 234
232 235
232 241
232 253
232 256
232 260
232 261
232 273
232 285
232 289
232 294
234 128
234 42
234 48
234 172
234 184
235 184
235 42
235 118
241 12
241 128
241 151
241 53
241 90
241 253
241 256
241 260
241 285
241 289
241 291
241 294
253 128
253 227
253 90
253 202
253 260
253 261
253 273
253 285
253 291
253 294
256 128
256 260
256 261
256 289
256 294
260 12
260 128
260 135
260 151
260 53
260 202
260 261
260 285
260 289
260 294
261 128
261 135
261 151
261 227
261 53
261 285
261 291
261 294
273 151
285 227
285 90
285 291
289 12
289 128
289 135
289 151
289 179
289 294
291 128
291 151
291 227
291 90
291 294
12 128
12 151
128 135
128 151
128 294
135 202
135 294
294 53
294 179
184 48
184 42
184 118
23 97
168 7
168 66
168 90
168 162
168 249
173 7
173 66
173 125
173 46
173 166
173 191
173 249
249 7
249 66
249 90
249 125
249 162
249 191
42 48
42 118
42 163
48 118
48 163
90 7
90 21
90 46
90 162
16 167
166 66
166 162
7 66
7 125
175 69
192 159
192 160
192 10
192 21
192 72
192 114
192 161
192 226
192 230
192 272
192 288
10 21
10 39
10 72
10 275
10 278
21 39
21 72
21 142
21 222
72 188
6 148
6 159
6 160
6 169
6 195
6 214
6 223
6 252
6 283
148 17
148 18
148 38
148 40
148 44
148 59
148 103
148 110
148 114
148 131
148 161
148 169
148 170
148 195
148 204
148 205
148 214
148 223
148 225
148 230
148 239
148 245
148 246
148 254
148 255
148 270
148 272
148 283
148 295
148 300
159 156
159 38
159 75
159 114
159 160
159 169
159 170
159 189
159 204
159 214
159 226
159 239
159 252
159 272
159 274
159 288
160 156
160 17
160 18
160 44
160 75
160 114
160 161
160 169
160 170
160 195
160 204
160 221
160 223
160 226
160 230
160 246
160 252
160 270
160 274
160 283
160 288
169 156
169 17
169 75
169 114
169 189
169 204
169 214
169 223
169 226
169 239
169 246
169 252
169 270
169 272
169 283
169 288
195 156
195 17
195 18
195 38
195 44
195 75
195 114
195 161
195 170
195 204
195 223
195 226
195 230
195 246
195 254
195 270
195 272
195 283
214 156
214 204
214 17
214 18
214 38
214 75
214 114
214 161
214 170
214 205
214 221
214 223
214 226
214 230
214 239
214 252
214 254
214 270
214 272
214 274
214 283
214 288
223 156
223 17
223 18
223 44
223 75
223 114
223 131
223 161
223 226
223 230
223 239
223 246
223 252
223 254
223 270
223 272
223 288
252 17
252 34
252 44
252 59
252 75
252 131
252 161
252 189
252 226
252 239
252 245
252 246
252 251
252 254
252 270
252 272
252 283
283 156
283 18
283 38
283 40
283 44
283 75
283 103
283 110
283 114
283 131
283 161
283 170
283 205
283 221
283 225
283 226
283 229
283 230
283 239
283 245
283 246
283 254
283 255
283 270
283 272
283 288
283 295
17 156
17 204
17 18
17 44
17 245
17 246
17 254
18 156
18 204
18 34
18 40
18 44
18 75
18 103
18 131
18 170
18 205
18 225
18 245
18 246
18 251
18 254
18 255
18 295
18 300
38 114
38 226
38 230
38 272
40 75
40 103
40 110
40 205
40 229
40 245
40 246
40 254
40 270
40 295
40 300
44 156
44 75
44 189
44 239
44 246
44 251
44 255
44 270
59 156
59 246
59 103
59 110
59 131
59 170
59 225
59 229
59 295
59 300
103 156
103 245
103 254
103 205
103 225
103 229
103 295
103 300
110 156
110 245
110 246
110 254
110 131
110 205
110 225
110 229
110 295
114 156
114 75
114 239
114 170
114 161
114 226
114 230
114 272
114 288
131 156
131 239
131 245
131 205
131 295
161 75
161 170
161 226
161 230
170 156
170 204
170 75
170 221
170 239
170 246
170 254
170 270
170 34
170 122
170 189
170 226
170 230
170 251
170 255
170 272
204 156
204 75
204 226
204 239
204 246
204 254
204 272
205 156
205 245
205 246
205 254
205 270
205 33
205 225
205 295
205 300
225 156
225 245
225 33
225 229
225 295
230 156
230 75
230 226
230 272
230 274
230 288
239 156
239 75
239 226
239 254
239 270
239 274
239 288
245 156
245 75
245 33
245 229
245 246
245 300
246 75
246 221
246 270
246 295
246 300
254 156
254 221
254 229
254 270
254 295
255 156
255 75
255 34
255 251
255 122
270 156
270 75
272 156
272 75
272 189
272 226
272 274
272 288
295 156
295 229
295 33
156 226
156 229
226 75
226 274
226 288
229 75
229 33
75 34
75 221
189 274
34 251
251 122
66 162
125 162
162 191
191 194
36 152
152 269
222 57
222 62
57 62
22 298
298 29
298 276
298 296
29 28
29 132
29 149
29 276
29 286
29 296
276 149
276 63
296 55
73 77
61 286
61 54
61 81
61 94
61 108
61 198
61 228
61 247
61 293
28 132
28 149
28 284
28 286
132 55
132 284
132 286
149 55
149 284
149 286
284 55
284 286
286 55
286 54
286 94
286 108
286 247
286 293
54 94
54 108
54 198
54 247
54 293
94 81
94 247
94 293
108 81
108 198
108 228
108 247
108 293
247 81
247 198
247 228
293 81
293 198
263 180
263 282
198 81
198 228
81 228
69 238
