395
170
313
388
526
556
324
579
515
462
407
163
348
483
441
543
284
400
473
577
398
528
561
356
312
569
424
575
350
366
654
672
164
485
507
342
656
504
369
582
587
520
580
540
162
635
367
152
511
650
405
296
574
627
384
500
513
378
339
505
182
618
637
573
180
613
599
337
586
519
509
411
165
640
399
560
185
425
628
408
522
282
610
521
633
410
616
531
333
486
213
403
608
563
428
206
423
183
452
612
328
207
592
649
467
638
464
380
570
676
670
589
572
585
463
681
506
588
392
495
598
440
632
557
647
634
544
332
402
615
188
295
404
480
578
661
157
438
481
375
189
559
534
364
397
558
645
258
644
181
389
539
196
338
535
499
602
596
358
488
376
651
662
611
623
387
496
347
471
461
581
593
562
158
285
451
590
648
624
391
530
426
421
479
489
545
622
345
537
594
518
288
283
372
382
536
240
477
445
210
502
362
274
487
597
344
374
497
435
190
442
533
289
603
538
422
420
669
541
439
474
576
401
566
524
516
166
231
617
631
360
482
555
287
415
406
434
636
643
371
607
327
604
322
220
145
512
660
683
334
205
658
470
475
664
340
476
273
493
211
390
478
472
571
307
336
532
568
510
498
217
514
203
267
642
517
363
357
523
351
527
331
335
600
655
