167
1
59
45
102
152
20
94
60
265
257
23
81
343
266
240
372
299
246
274
279
302
70
40
205
286
311
199
46
317
78
62
53
141
83
68
134
351
79
318
156
359
290
58
100
166
348
72
273
170
172
319
129
13
76
312
121
288
300
122
234
352
7
25
270
16
241
14
187
313
110
353
198
108
80
112
298
6
163
136
55
61
244
242
280
41
35
4
43
148
164
256
341
138
169
118
373
153
21
29
194
30
114
0
200
271
109
258
231
3
140
193
86
42
54
232
207
203
160
297
354
245
96
65
342
137
135
268
51
130
69
249
39
142
77
277
56
150
132
33
229
292
99
12
293
218
173
363
115
220
325
275
281
254
15
327
88
236
19
324
211
82
219
188
31
238
63
347
278
139
52
320
143
201
322
111
237
32
260
151
202
360
337
267
90
34
284
168
304
175
355
17
276
176
18
255
248
204
269
133
89
171
2
346
230
116
131
50
323
113
226
101
71
306
44
239
74
22
49
75
227
144
91
243
287
165
235
