533
927
881
25
196
841
324
501
741
122
462
207
739
50
183
493
209
29
476
304
182
624
121
776
393
615
201
892
484
253
772
660
790
602
205
292
400
605
30
391
502
194
397
662
682
95
137
283
136
318
246
175
901
663
875
111
436
710
635
677
28
737
104
940
546
731
179
98
611
774
833
35
528
284
199
16
681
616
592
565
33
127
596
163
483
646
754
803
694
81
647
134
668
48
309
716
407
507
894
125
343
767
517
951
826
378
857
783
489
459
820
561
675
594
113
622
97
996
109
463
245
420
587
363
791
431
553
112
170
735
273
760
618
264
715
152
263
485
83
448
9
115
350
274
453
227
204
555
403
505
740
603
530
583
655
593
372
146
26
140
607
768
652
271
189
813
588
296
426
867
249
712
360
496
832
817
346
861
798
504
156
800
387
165
443
980
347
764
500
47
522
470
405
185
627
373
597
412
905
680
191
494
53
514
164
563
282
963
417
94
61
726
873
508
461
243
499
234
828
88
643
302
804
490
904
636
591
609
751
15
916
153
733
383
860
54
480
368
695
562
759
287
548
492
444
154
667
670
541
862
516
577
404
437
248
158
589
554
623
556
51
582
471
469
917
96
242
285
429
167
7
503
267
785
771
91
312
244
863
64
381
365
236
6
890
366
286
139
17
45
752
415
386
782
370
495
275
640
317
844
401
498
333
746
458
506
510
99
255
581
86
509
566
262
545
526
887
907
612
169
259
468
923
848
779
358
552
231
747
464
394
465
82
590
93
382
344
571
361
305
513
956
550
595
133
821
669
24
628
600
714
114
883
576
629
19
202
644
838
944
247
799
645
43
598
524
256
835
128
631
395
303
353
578
567
356
110
66
445
105
21
331
575
559
606
240
20
421
753
272
531
414
728
866
89
369
371
148
674
713
599
