28
312
162
76
296
39
189
20
212
110
275
125
108
118
10
267
299
122
359
70
188
4
286
45
44
99
25
43
213
126
127
332
97
180
146
297
203
251
281
58
134
131
287
192
306
279
237
31
220
366
171
349
191
195
36
136
170
55
159
257
23
268
166
63
294
336
53
292
128
93
133
211
175
235
365
219
141
59
239
152
378
360
120
117
265
37
208
49
74
19
80
230
176
329
302
344
79
153
142
202
225
164
150
274
221
111
54
284
145
300
291
78
343
178
358
361
238
3
345
67
21
298
278
307
223
244
177
172
280
46
351
256
132
61
326
135
15
33
209
224
66
227
91
357
247
109
100
346
350
295
210
322
325
148
313
60
342
232
129
115
311
293
245
260
341
137
90
339
169
18
75
163
324
77
264
35
71
266
41
276
207
246
226
102
89
187
34
204
51
56
269
22
323
199
273
12
8
5
193
92
68
72
364
6
236
352
130
321
179
367
253
62
0
7
47
372
144
249
337
112
222
196
48
218
214
353
30
16
98
231
95
11
270
271
69
355
377
333
348
50
2
17
9
116
52
304
158
301
161
42
181
113
288
356
140
94
340
347
147
198
258
252
32
96
310
143
330
38
200
173
57
234
14
119
174
289
290
167
168
101
13
64
114
201
338
272
149
248
263
29
354
1
121
165
373
182
303
334
160
194
277
65
331
