0 227
227 50
227 59
227 163
227 195
227 241
227 268
227 270
50 56
50 172
50 241
50 282
59 259
59 268
59 283
59 241
163 241
195 117
195 136
195 272
195 241
195 89
195 169
195 194
195 280
241 268
241 270
241 202
268 21
268 35
268 36
268 210
268 125
268 193
268 283
270 39
270 77
1 117
1 136
1 154
1 217
117 11
117 23
117 29
117 30
117 72
117 79
117 92
117 97
117 101
117 108
117 129
117 136
117 151
117 154
117 155
117 171
117 192
117 194
117 212
117 215
117 217
117 272
117 287
117 293
117 294
136 21
136 23
136 24
136 72
136 79
136 92
136 97
136 129
136 151
136 154
136 192
136 212
136 215
136 217
136 280
136 287
154 21
154 217
217 21
217 212
21 23
21 27
21 36
21 46
21 72
21 73
21 91
21 92
21 129
21 204
21 210
21 212
21 215
21 259
21 271
21 272
21 283
21 294
23 24
23 72
23 92
23 129
23 272
27 212
36 35
36 259
36 283
46 91
46 73
46 204
72 24
72 92
72 129
72 272
73 91
73 116
73 125
73 131
73 162
73 181
73 204
91 26
91 78
91 131
91 157
91 162
91 204
91 229
92 24
92 129
129 24
129 272
212 219
212 206
212 240
212 260
215 294
259 193
259 283
272 49
272 74
272 122
272 209
272 237
272 300
283 99
283 193
11 29
11 30
11 68
11 93
29 93
29 134
30 68
30 93
30 167
30 256
79 97
101 171
101 293
108 34
151 192
155 171
155 293
192 24
2 58
2 248
58 207
58 239
58 248
58 298
248 298
207 239
239 191
239 25
239 188
239 44
239 47
239 65
239 123
239 168
239 170
239 255
239 278
239 289
3 111
111 173
4 26
26 5
26 149
26 213
26 221
26 255
26 285
5 78
5 116
5 127
5 267
5 269
5 274
149 64
213 281
213 20
213 55
213 63
213 112
213 156
213 197
213 211
255 65
255 69
255 113
255 115
255 123
255 126
255 199
255 208
255 218
255 228
255 230
78 131
78 152
78 162
131 116
131 162
157 7
157 15
157 60
162 116
162 181
229 7
229 60
116 152
127 274
269 274
274 38
6 52
52 43
52 203
43 203
7 12
7 15
7 22
7 42
7 48
7 60
7 75
7 120
7 191
7 262
15 60
48 75
48 262
60 75
60 120
60 191
75 262
120 191
191 66
191 87
191 106
191 141
191 182
191 188
262 47
262 137
262 186
262 223
262 226
262 289
66 106
87 188
87 244
141 182
188 25
188 178
188 84
188 159
188 168
188 170
188 177
188 243
188 276
47 137
47 170
47 175
47 289
137 226
137 289
186 289
223 289
226 289
289 170
289 175
8 28
8 71
8 138
8 150
8 224
28 13
28 51
28 71
28 94
28 138
28 148
28 150
28 224
28 234
28 238
28 257
71 104
71 124
71 138
71 139
71 150
71 220
71 224
138 150
138 224
150 224
13 51
13 83
13 94
13 148
13 176
13 234
13 238
13 257
13 273
51 94
51 148
51 234
51 238
94 80
94 148
94 176
94 234
94 238
148 234
148 257
234 176
234 19
234 80
234 88
234 140
234 200
234 236
234 238
234 257
234 286
238 257
104 124
104 220
124 139
124 220
139 220
9 25
9 301
25 57
25 145
25 146
25 183
25 198
25 216
25 299
301 145
301 146
301 279
57 145
57 189
57 198
145 198
145 299
146 279
146 183
146 264
198 53
198 216
198 299
216 76
216 98
216 265
279 18
279 45
279 81
279 246
10 178
10 179
10 249
178 103
178 168
178 179
178 249
179 103
179 249
249 103
168 170
168 62
168 177
168 277
168 278
167 256
83 86
83 273
176 19
176 140
176 201
80 236
19 140
19 88
19 201
140 242
140 17
140 82
140 90
140 88
140 96
140 107
140 119
140 144
140 200
140 201
140 278
140 292
201 286
88 200
200 242
200 90
200 96
200 107
200 119
286 190
286 232
286 67
286 153
286 102
14 196
14 231
14 242
196 231
196 242
231 242
242 119
119 90
119 96
16 174
16 281
174 109
174 247
174 281
174 288
281 109
281 121
281 95
281 118
281 133
281 247
281 288
109 121
121 247
95 118
17 82
17 90
17 292
82 90
82 292
90 96
292 144
292 278
144 278
278 170
278 62
278 277
278 110
278 187
278 275
278 276
18 45
18 81
45 81
45 128
20 40
20 219
40 130
40 205
40 206
40 219
40 225
40 251
219 105
219 130
219 135
219 160
219 225
219 235
219 251
219 282
219 290
130 205
130 225
130 235
130 290
205 225
205 235
205 290
206 41
206 70
206 132
206 135
206 158
206 166
225 235
225 290
251 105
251 160
251 282
55 156
55 165
63 211
156 164
105 282
235 290
282 147
125 181
240 291
49 237
49 74
49 209
74 209
209 237
237 266
237 297
237 302
84 177
159 243
276 275
76 98
76 265
98 265
65 123
69 32
69 199
69 228
69 230
69 263
113 126
115 263
126 263
126 208
199 32
199 228
199 230
218 284
228 32
228 263
230 32
230 254
230 263
31 302
302 266
302 297
266 297
32 263
33 250
250 222
250 295
222 100
222 214
222 295
100 295
34 258
37 261
39 77
77 114
77 253
77 296
114 143
114 253
114 296
253 143
253 296
296 85
296 245
41 132
41 142
41 158
41 166
41 185
70 132
70 142
70 158
70 166
132 142
132 158
132 166
158 142
166 142
166 184
142 184
142 185
54 85
85 245
61 190
61 232
190 67
190 153
190 161
190 232
190 233
232 161
67 153
153 102
62 277
277 187
110 275
275 252
89 169
169 180
