0 11
0 15
0 24
0 32
0 41
0 45
0 46
0 48
0 51
0 52
0 68
0 70
0 75
0 80
0 81
0 86
0 89
0 122
0 127
0 129
0 139
0 146
0 148
0 166
0 175
0 185
0 195
0 203
0 209
0 211
0 214
0 215
0 232
0 239
0 242
0 246
0 254
0 259
0 265
0 267
0 280
0 292
0 305
0 306
0 309
0 312
0 320
0 321
1 45
1 74
1 87
1 98
1 99
1 128
1 132
1 142
1 150
1 151
1 164
1 181
1 184
1 217
1 222
1 224
1 228
1 229
1 237
1 244
1 261
1 275
1 279
1 285
2 10
2 14
2 19
2 22
2 25
2 27
2 33
2 42
2 92
2 104
2 108
2 114
2 120
2 123
2 125
2 138
2 161
2 163
2 171
2 183
2 187
2 191
2 192
2 193
2 213
2 216
2 220
2 221
2 223
2 234
2 245
2 251
2 257
2 258
2 273
2 282
2 286
2 293
2 296
2 297
2 311
2 316
2 320
3 20
3 34
3 38
3 57
3 64
3 87
3 90
3 97
3 102
3 111
3 113
3 129
3 134
3 147
3 153
3 170
3 174
3 194
3 208
3 210
3 218
3 222
3 225
3 235
3 239
3 244
3 249
3 250
3 253
3 257
3 266
3 284
3 294
3 295
3 299
3 304
3 314
3 324
4 6
4 7
4 9
4 10
4 12
4 17
4 19
4 22
4 23
4 27
4 36
4 44
4 46
4 48
4 54
4 55
4 58
4 84
4 86
4 93
4 100
4 101
4 108
4 113
4 114
4 120
4 125
4 130
4 131
4 137
4 138
4 152
4 160
4 176
4 178
4 180
4 181
4 183
4 188
4 191
4 193
4 196
4 200
4 207
4 215
4 216
4 217
4 219
4 220
4 221
4 222
4 236
4 243
4 251
4 257
4 260
4 267
4 277
4 281
4 283
4 284
4 285
4 286
4 294
4 308
4 311
4 312
4 315
4 317
5 15
5 19
5 30
5 33
5 39
5 40
5 56
5 60
5 65
5 79
5 81
5 94
5 103
5 108
5 112
5 115
5 141
5 157
5 161
5 225
5 233
5 240
5 248
5 256
5 269
5 283
5 285
5 302
5 307
5 322
6 7
6 10
6 14
6 17
6 18
6 23
6 27
6 30
6 36
6 39
6 44
6 54
6 56
6 58
6 84
6 86
6 92
6 93
6 94
6 100
6 101
6 103
6 104
6 108
6 120
6 130
6 137
6 141
6 160
6 178
6 180
6 181
6 183
6 188
6 191
6 193
6 196
6 209
6 217
6 219
6 221
6 222
6 227
6 236
6 243
6 251
6 257
6 263
6 282
6 286
6 296
6 308
6 311
6 315
6 317
6 322
7 14
7 17
7 18
7 22
7 23
7 27
7 36
7 44
7 48
7 54
7 59
7 79
7 84
7 93
7 94
7 100
7 101
7 108
7 114
7 130
7 137
7 152
7 160
7 178
7 180
7 181
7 183
7 188
7 189
7 191
7 193
7 196
7 217
7 219
7 221
7 236
7 243
7 257
7 269
7 281
7 308
7 315
7 317
8 45
8 63
8 74
8 99
8 150
8 151
8 156
8 162
8 164
8 165
8 173
8 184
8 190
8 207
8 208
8 222
8 227
8 228
8 237
8 250
8 253
8 256
8 258
8 262
8 272
8 277
8 293
8 295
8 296
8 312
9 22
9 24
9 45
9 46
9 53
9 63
9 66
9 73
9 78
9 86
9 93
9 96
9 112
9 117
9 130
9 136
9 140
9 142
9 146
9 150
9 151
9 165
9 166
9 175
9 177
9 183
9 186
9 195
9 201
9 202
9 203
9 242
9 258
9 259
9 306
9 321
9 325
10 14
10 19
10 22
10 25
10 33
10 42
10 48
10 92
10 104
10 108
10 114
10 120
10 121
10 123
10 125
10 138
10 156
10 161
10 163
10 171
10 187
10 189
10 192
10 205
10 213
10 216
10 220
10 223
10 229
10 234
10 245
10 251
10 258
10 273
10 282
10 286
10 293
10 296
10 297
10 307
10 308
10 311
10 316
10 317
11 24
11 39
11 46
11 52
11 53
11 70
11 73
11 78
11 79
11 86
11 117
11 124
11 136
11 140
11 142
11 166
11 175
11 177
11 200
11 202
11 203
11 242
11 255
11 259
11 267
11 278
11 280
11 306
11 319
11 320
11 325
12 24
12 31
12 32
12 35
12 39
12 41
12 49
12 52
12 66
12 67
12 68
12 72
12 76
12 79
12 86
12 95
12 105
12 116
12 122
12 124
12 126
12 146
12 148
12 172
12 176
12 177
12 185
12 186
12 209
12 217
12 249
12 259
12 270
12 271
12 272
12 278
12 279
12 287
12 289
12 290
12 301
12 320
12 326
13 30
13 40
13 41
13 47
13 50
13 56
13 65
13 77
13 80
13 85
13 86
13 88
13 94
13 95
13 103
13 106
13 107
13 115
13 116
13 135
13 141
13 150
13 157
13 181
13 191
13 199
13 206
13 209
13 227
13 233
13 240
13 255
13 269
13 274
13 282
13 297
13 302
13 307
13 310
13 312
13 322
14 18
14 19
14 22
14 29
14 33
14 44
14 54
14 73
14 92
14 101
14 104
14 108
14 110
14 114
14 120
14 123
14 125
14 138
14 160
14 174
14 180
14 181
14 191
14 205
14 213
14 220
14 222
14 227
14 245
14 251
14 258
14 282
14 286
14 293
14 296
14 297
14 311
14 315
14 317
14 326
15 31
15 45
15 53
15 66
15 72
15 75
15 80
15 81
15 85
15 89
15 119
15 122
15 136
15 146
15 199
15 209
15 214
15 215
15 217
15 232
15 274
15 280
15 291
15 305
16 31
16 32
16 36
16 39
16 46
16 49
16 64
16 68
16 82
16 95
16 105
16 116
16 126
16 131
16 148
16 172
16 176
16 186
16 209
16 217
16 249
16 270
16 271
16 272
16 287
16 289
16 290
16 298
16 299
16 301
16 312
16 326
17 22
17 23
17 27
17 36
17 44
17 54
17 59
17 82
17 84
17 93
17 108
17 137
17 152
17 160
17 181
17 183
17 189
17 193
17 196
17 220
17 221
17 236
17 243
17 260
17 308
17 315
18 22
18 23
18 27
18 36
18 84
18 92
18 93
18 110
18 137
18 152
18 178
18 180
18 183
18 189
18 191
18 193
18 220
18 224
18 227
18 236
18 248
18 257
18 282
18 286
18 315
18 316
18 317
19 21
19 22
19 25
19 33
19 36
19 48
19 92
19 104
19 108
19 114
19 123
19 125
19 130
19 138
19 161
19 163
19 187
19 201
19 205
19 213
19 216
19 217
19 220
19 223
19 227
19 234
19 245
19 251
19 293
19 296
19 297
19 311
19 316
20 29
20 38
20 55
20 58
20 64
20 74
20 97
20 102
20 111
20 113
20 134
20 140
20 147
20 149
20 153
20 169
20 170
20 194
20 197
20 199
20 208
20 210
20 218
20 225
20 235
20 249
20 250
20 253
20 268
20 283
20 299
20 304
20 314
20 324
21 42
21 108
21 110
21 114
21 120
21 123
21 161
21 187
21 192
21 223
21 234
21 282
21 286
21 296
21 311
21 316
22 23
22 36
22 44
22 48
22 54
22 58
22 84
22 92
22 93
22 101
22 104
22 110
22 114
22 123
22 125
22 130
22 137
22 138
22 152
22 160
22 180
22 181
22 183
22 191
22 193
22 196
22 205
22 213
22 216
22 219
22 236
22 243
22 282
22 286
22 293
22 296
22 308
22 317
22 322
23 27
23 36
23 48
23 54
23 58
23 59
23 84
23 93
23 100
23 101
23 107
23 110
23 116
23 123
23 130
23 137
23 144
23 152
23 160
23 178
23 180
23 181
23 183
23 188
23 189
23 191
23 193
23 196
23 221
23 236
23 243
23 257
23 260
23 308
23 315
23 317
24 46
24 52
24 53
24 66
24 69
24 70
24 73
24 79
24 86
24 112
24 117
24 122
24 123
24 131
24 135
24 136
24 140
24 146
24 166
24 175
24 177
24 179
24 186
24 195
24 202
24 203
24 207
24 213
24 217
24 232
24 242
24 259
24 267
24 280
24 289
24 306
24 309
24 312
24 319
24 321
24 325
25 104
25 108
25 114
25 125
25 138
25 161
25 163
25 191
25 205
25 213
25 216
25 223
25 227
25 251
25 282
25 296
25 302
25 311
25 316
26 28
26 57
26 61
26 62
26 69
26 71
26 83
26 87
26 91
26 109
26 133
26 145
26 154
26 168
26 182
26 190
26 212
26 224
26 225
26 226
26 231
26 241
26 263
26 264
26 276
26 288
26 294
26 313
27 36
27 40
27 44
27 54
27 58
27 84
27 93
27 100
27 101
27 110
27 130
27 137
27 144
27 152
27 160
27 178
27 181
27 183
27 188
27 191
27 193
27 196
27 213
27 221
27 236
27 243
27 246
27 252
27 257
27 260
27 272
27 302
27 308
27 317
28 61
28 62
28 69
28 71
28 83
28 87
28 91
28 109
28 133
28 154
28 168
28 174
28 179
28 182
28 204
28 212
28 221
28 224
28 225
28 226
28 231
28 239
28 241
28 243
28 256
28 257
28 263
28 275
28 276
28 288
28 313
28 318
29 37
29 43
29 57
29 61
29 68
29 69
29 74
29 83
29 88
29 95
29 97
29 109
29 113
29 121
29 128
29 132
29 133
29 139
29 149
29 151
29 153
29 154
29 156
29 162
29 164
29 165
29 173
29 184
29 199
29 207
29 217
29 222
29 225
29 227
29 228
29 230
29 231
29 237
29 239
29 244
29 261
29 277
29 283
29 284
29 285
29 286
29 295
29 324
30 50
30 60
30 65
30 77
30 88
30 94
30 103
30 106
30 115
30 150
30 157
30 191
30 199
30 206
30 240
30 269
30 307
30 322
31 32
31 35
31 39
31 49
31 53
31 58
31 67
31 68
31 72
31 76
31 80
31 81
31 126
31 130
31 131
31 148
31 172
31 176
31 181
31 186
31 193
31 198
31 209
31 214
31 217
31 222
31 243
31 246
31 249
31 257
31 259
31 267
31 270
31 271
31 272
31 279
31 287
31 289
31 290
31 291
31 298
31 301
31 312
31 320
31 326
32 35
32 45
32 67
32 68
32 69
32 72
32 75
32 76
32 79
32 82
32 105
32 116
32 119
32 122
32 126
32 131
32 148
32 172
32 176
32 186
32 209
32 211
32 217
32 232
32 238
32 248
32 249
32 259
32 267
32 270
32 271
32 272
32 278
32 289
32 290
32 298
32 301
32 312
33 42
33 53
33 69
33 83
33 92
33 104
33 108
33 114
33 120
33 123
33 125
33 138
33 148
33 163
33 168
33 169
33 171
33 192
33 197
33 213
33 216
33 220
33 225
33 227
33 231
33 240
33 245
33 248
33 251
33 258
33 282
33 286
33 293
33 295
33 296
33 297
33 302
33 307
33 311
33 313
33 316
33 317
33 318
34 38
34 43
34 64
34 71
34 90
34 97
34 102
34 111
34 113
34 147
34 149
34 153
34 154
34 158
34 159
34 170
34 179
34 194
34 210
34 218
34 225
34 228
34 235
34 237
34 247
34 284
34 294
34 299
34 314
35 67
35 76
35 86
35 116
35 126
35 172
35 186
35 198
35 217
35 259
35 270
35 271
35 279
35 289
35 290
35 301
35 312
36 44
36 45
36 54
36 58
36 68
36 84
36 86
36 93
36 100
36 107
36 109
36 110
36 126
36 127
36 130
36 137
36 150
36 152
36 160
36 178
36 181
36 183
36 188
36 191
36 193
36 196
36 203
36 213
36 221
36 236
36 243
36 246
36 257
36 260
36 270
36 272
36 308
36 309
36 315
36 317
36 319
37 43
37 74
37 77
37 121
37 132
37 156
37 164
37 165
37 173
37 184
37 229
37 237
37 285
38 64
38 90
38 97
38 113
38 126
38 128
38 134
38 148
38 153
38 158
38 170
38 194
38 210
38 218
38 229
38 250
38 283
38 284
38 294
38 314
38 324
39 49
39 76
39 79
39 80
39 86
39 93
39 95
39 116
39 124
39 174
39 176
39 186
39 198
39 199
39 202
39 209
39 217
39 238
39 255
39 257
39 271
39 278
39 279
39 289
39 290
39 301
39 326
40 41
40 44
40 47
40 50
40 56
40 60
40 65
40 68
40 77
40 84
40 85
40 94
40 95
40 103
40 115
40 135
40 141
40 144
40 150
40 157
40 167
40 181
40 187
40 199
40 218
40 224
40 233
40 240
40 269
40 270
40 272
40 275
40 277
40 302
40 307
40 310
40 312
40 322
41 47
41 50
41 56
41 77
41 88
41 94
41 103
41 114
41 115
41 118
41 135
41 150
41 157
41 167
41 176
41 220
41 223
41 225
41 237
41 240
41 255
41 267
41 269
41 287
41 302
41 307
41 310
41 312
41 314
41 321
41 322
42 45
42 63
42 104
42 108
42 114
42 123
42 125
42 136
42 137
42 161
42 171
42 177
42 187
42 192
42 205
42 216
42 217
42 220
42 223
42 227
42 234
42 236
42 273
42 282
42 293
42 296
42 297
42 311
42 316
43 63
43 74
43 97
43 99
43 121
43 128
43 132
43 139
43 147
43 149
43 151
43 154
43 156
43 162
43 164
43 165
43 173
43 184
43 207
43 222
43 228
43 237
43 256
43 277
43 285
43 295
44 45
44 54
44 58
44 84
44 100
44 107
44 110
44 130
44 137
44 142
44 144
44 152
44 160
44 178
44 180
44 181
44 183
44 188
44 193
44 196
44 219
44 221
44 236
44 243
44 257
44 315
44 317
44 320
45 46
45 52
45 53
45 63
45 66
45 67
45 72
45 75
45 80
45 81
45 85
45 89
45 105
45 111
45 119
45 122
45 136
45 146
45 150
45 152
45 165
45 176
45 177
45 184
45 185
45 188
45 199
45 203
45 206
45 209
45 214
45 216
45 217
45 227
45 232
45 242
45 257
45 259
45 272
45 291
45 309
45 310
45 320
45 321
45 323
46 52
46 53
46 66
46 73
46 78
46 86
46 96
46 117
46 126
46 131
46 136
46 140
46 166
46 175
46 177
46 188
46 195
46 200
46 201
46 202
46 203
46 242
46 259
46 267
46 271
46 290
46 306
46 319
46 321
46 325
47 50
47 60
47 65
47 88
47 106
47 115
47 130
47 135
47 141
47 150
47 157
47 167
47 199
47 206
47 269
47 302
47 310
47 312
47 322
48 54
48 58
48 84
48 93
48 100
48 101
48 104
48 130
48 138
48 152
48 160
48 163
48 178
48 180
48 181
48 183
48 191
48 193
48 196
48 219
48 221
48 223
48 257
48 260
48 308
48 311
48 315
49 67
49 68
49 71
49 75
49 76
49 79
49 80
49 81
49 105
49 116
49 126
49 131
49 141
49 148
49 170
49 172
49 176
49 198
49 209
49 217
49 270
49 271
49 272
49 278
49 290
49 301
49 309
49 312
49 320
49 326
50 65
50 77
50 85
50 88
50 115
50 135
50 157
50 233
50 274
50 302
50 310
50 322
51 52
51 66
51 68
51 80
51 81
51 122
51 146
51 185
51 232
51 254
51 305
51 312
51 320
52 53
52 66
52 68
52 73
52 78
52 86
52 112
52 114
52 122
52 136
52 140
52 142
52 166
52 168
52 175
52 177
52 195
52 200
52 202
52 203
52 242
52 259
52 267
52 270
52 280
52 287
52 291
52 306
52 312
52 319
52 321
52 325
53 66
53 69
53 72
53 73
53 76
53 79
53 81
53 86
53 93
53 95
53 96
53 102
53 132
53 140
53 160
53 166
53 168
53 175
53 177
53 178
53 188
53 195
53 199
53 200
53 201
53 202
53 203
53 209
53 216
53 217
53 218
53 221
53 222
53 225
53 238
53 242
53 243
53 257
53 259
53 261
53 267
53 280
53 289
53 296
53 301
53 304
53 306
53 312
53 319
53 321
53 325
54 58
54 84
54 92
54 93
54 100
54 101
54 107
54 108
54 110
54 122
54 130
54 137
54 152
54 160
54 177
54 178
54 180
54 181
54 183
54 188
54 189
54 191
54 193
54 196
54 217
54 219
54 221
54 236
54 243
54 257
54 260
54 281
54 308
54 315
54 317
55 74
55 169
55 283
56 65
56 77
56 85
56 88
56 115
56 141
56 150
56 157
56 181
56 183
56 206
56 233
56 240
56 255
56 269
56 322
56 323
57 69
57 71
57 83
57 87
57 91
57 97
57 109
57 133
57 145
57 154
57 156
57 168
57 174
57 179
57 182
57 190
57 212
57 222
57 224
57 225
57 226
57 230
57 239
57 241
57 248
57 264
57 275
57 276
57 277
57 288
57 303
57 313
57 318
58 84
58 92
58 93
58 100
58 101
58 108
58 120
58 130
58 160
58 178
58 180
58 181
58 183
58 186
58 190
58 191
58 193
58 196
58 215
58 218
58 219
58 221
58 222
58 243
58 257
58 282
58 294
58 308
58 312
58 317
59 160
59 183
59 189
59 191
59 196
59 308
59 315
60 65
60 68
60 77
60 94
60 115
60 141
60 233
60 255
60 307
60 310
60 322
61 62
61 69
61 71
61 87
61 154
61 155
61 159
61 168
61 174
61 179
61 190
61 212
61 225
61 226
61 230
61 231
61 239
61 241
61 248
61 263
61 272
61 275
61 276
61 288
61 303
61 313
61 318
62 69
62 71
62 87
62 91
62 133
62 145
62 148
62 154
62 168
62 212
62 224
62 226
62 231
62 241
62 275
62 276
62 288
62 303
62 313
62 325
63 74
63 99
63 104
63 128
63 141
63 151
63 156
63 162
63 165
63 184
63 190
63 207
63 216
63 222
63 224
63 228
63 250
63 258
63 262
63 277
63 288
63 293
63 296
64 69
64 97
64 102
64 111
64 113
64 129
64 134
64 147
64 153
64 158
64 159
64 168
64 169
64 170
64 186
64 194
64 197
64 208
64 210
64 212
64 224
64 230
64 235
64 250
64 253
64 266
64 294
64 296
64 299
64 304
64 312
64 318
64 324
65 66
65 76
65 77
65 88
65 94
65 103
65 104
65 106
65 115
65 135
65 141
65 150
65 157
65 167
65 186
65 191
65 199
65 206
65 233
65 240
65 248
65 269
65 272
65 302
65 307
65 310
65 322
65 324
65 326
66 73
66 86
66 95
66 96
66 106
66 117
66 140
66 142
66 150
66 174
66 177
66 195
66 198
66 200
66 203
66 209
66 217
66 242
66 259
66 267
66 272
66 280
66 306
66 319
66 325
67 68
67 72
67 105
67 116
67 122
67 126
67 148
67 172
67 176
67 186
67 191
67 198
67 209
67 217
67 238
67 249
67 270
67 271
67 272
67 279
67 289
67 290
67 301
67 312
67 320
68 76
68 77
68 78
68 79
68 82
68 86
68 95
68 105
68 115
68 116
68 121
68 122
68 124
68 126
68 127
68 141
68 146
68 148
68 170
68 172
68 174
68 176
68 177
68 180
68 185
68 186
68 198
68 199
68 200
68 203
68 209
68 217
68 218
68 238
68 240
68 248
68 249
68 257
68 259
68 270
68 271
68 272
68 278
68 279
68 280
68 287
68 289
68 290
68 298
68 301
68 302
68 305
68 312
68 322
68 323
68 326
69 71
69 73
69 74
69 83
69 86
69 87
69 91
69 97
69 102
69 105
69 109
69 121
69 126
69 129
69 132
69 133
69 136
69 143
69 145
69 147
69 151
69 154
69 155
69 156
69 157
69 159
69 162
69 164
69 168
69 169
69 171
69 173
69 176
69 179
69 182
69 184
69 190
69 194
69 195
69 197
69 212
69 215
69 216
69 222
69 224
69 225
69 226
69 230
69 231
69 235
69 238
69 239
69 241
69 248
69 249
69 253
69 261
69 263
69 264
69 266
69 267
69 270
69 271
69 275
69 276
69 280
69 284
69 285
69 288
69 290
69 295
69 299
69 301
69 303
69 313
69 318
70 73
70 77
70 80
70 86
70 116
70 117
70 140
70 175
70 195
70 202
70 203
70 214
70 242
70 259
70 267
70 280
70 306
70 321
70 325
71 74
71 86
71 87
71 91
71 109
71 133
71 143
71 145
71 154
71 155
71 167
71 168
71 174
71 179
71 190
71 204
71 212
71 224
71 225
71 226
71 229
71 231
71 241
71 248
71 263
71 264
71 268
71 276
71 288
71 299
71 303
71 313
71 318
72 80
72 81
72 89
72 119
72 122
72 136
72 146
72 193
72 209
72 211
72 215
72 217
72 232
72 243
72 265
72 274
72 291
72 298
72 312
72 320
73 86
73 96
73 117
73 136
73 140
73 166
73 175
73 177
73 195
73 200
73 202
73 203
73 217
73 242
73 251
73 259
73 267
73 280
73 306
73 312
73 319
73 321
73 325
74 75
74 87
74 98
74 99
74 121
74 128
74 132
74 133
74 139
74 149
74 151
74 153
74 156
74 164
74 165
74 168
74 173
74 184
74 194
74 207
74 222
74 224
74 225
74 226
74 228
74 229
74 237
74 244
74 256
74 261
74 263
74 275
74 285
74 288
74 295
74 303
74 313
74 318
75 80
75 112
75 116
75 119
75 122
75 127
75 185
75 209
75 211
75 215
75 239
75 246
75 254
75 265
75 274
75 301
75 307
75 312
75 320
76 95
76 105
76 119
76 121
76 124
76 126
76 131
76 135
76 148
76 156
76 172
76 176
76 186
76 198
76 209
76 217
76 238
76 271
76 272
76 279
76 289
76 290
76 301
76 309
76 320
76 321
76 326
77 80
77 86
77 88
77 103
77 106
77 112
77 115
77 117
77 135
77 141
77 150
77 157
77 165
77 184
77 199
77 201
77 206
77 214
77 233
77 240
77 254
77 302
77 310
77 311
77 322
77 323
78 112
78 121
78 136
78 142
78 175
78 201
78 202
78 203
78 240
78 259
78 267
78 312
79 80
79 81
79 86
79 95
79 124
79 141
79 172
79 177
79 186
79 190
79 198
79 202
79 209
79 215
79 217
79 224
79 238
79 254
79 255
79 270
79 272
79 278
79 279
79 287
79 301
79 320
79 326
80 86
80 89
80 116
80 119
80 122
80 124
80 140
80 146
80 175
80 185
80 202
80 209
80 211
80 214
80 215
80 217
80 232
80 265
80 274
80 278
80 291
80 305
80 320
80 326
81 119
81 122
81 136
81 146
81 177
81 185
81 209
81 211
81 214
81 225
81 232
81 238
81 259
81 272
81 290
81 309
81 320
82 126
82 137
82 166
82 186
82 198
82 217
82 236
82 259
82 270
82 305
82 312
83 87
83 91
83 102
83 109
83 111
83 133
83 136
83 143
83 145
83 154
83 168
83 174
83 179
83 190
83 212
83 222
83 224
83 225
83 230
83 239
83 241
83 248
83 261
83 263
83 264
83 266
83 268
83 275
83 277
83 284
83 285
83 303
83 313
83 318
84 93
84 101
84 107
84 110
84 130
84 137
84 152
84 160
84 178
84 180
84 183
84 188
84 189
84 191
84 193
84 196
84 213
84 221
84 236
84 243
84 257
84 308
84 315
84 317
85 88
85 106
85 114
85 115
85 137
85 141
85 150
85 152
85 157
85 174
85 181
85 187
85 193
85 199
85 201
85 206
85 209
85 221
85 233
85 234
85 236
85 240
85 255
85 272
85 296
85 302
85 307
85 310
85 322
85 323
86 95
86 96
86 109
86 112
86 116
86 117
86 124
86 127
86 135
86 136
86 140
86 141
86 142
86 145
86 157
86 166
86 172
86 175
86 177
86 185
86 195
86 199
86 200
86 202
86 203
86 209
86 215
86 217
86 222
86 230
86 233
86 238
86 242
86 246
86 252
86 255
86 259
86 267
86 278
86 280
86 286
86 290
86 294
86 306
86 312
86 318
86 319
86 321
86 325
87 109
87 121
87 128
87 133
87 139
87 145
87 151
87 154
87 156
87 159
87 162
87 165
87 168
87 174
87 179
87 190
87 204
87 212
87 219
87 224
87 225
87 226
87 230
87 231
87 237
87 241
87 248
87 256
87 262
87 263
87 264
87 268
87 275
87 276
87 288
87 295
87 303
87 313
87 314
87 318
88 94
88 103
88 106
88 115
88 135
88 140
88 141
88 150
88 152
88 157
88 183
88 195
88 199
88 206
88 223
88 240
88 255
88 267
88 269
88 280
88 301
88 302
88 307
88 310
88 311
88 312
88 322
88 323
89 119
89 122
89 146
89 198
89 209
89 217
89 254
89 286
89 291
89 292
89 305
90 97
90 111
90 129
90 134
90 147
90 153
90 159
90 170
90 194
90 197
90 208
90 210
90 229
90 250
90 283
90 284
90 294
90 314
90 324
91 97
91 101
91 130
91 133
91 145
91 147
91 149
91 154
91 156
91 165
91 168
91 169
91 174
91 176
91 179
91 180
91 182
91 184
91 190
91 191
91 199
91 204
91 207
91 212
91 217
91 222
91 224
91 225
91 230
91 231
91 237
91 241
91 263
91 264
91 275
91 277
91 283
91 284
91 288
91 294
91 303
91 313
92 108
92 114
92 123
92 125
92 130
92 136
92 137
92 138
92 141
92 161
92 166
92 187
92 192
92 205
92 213
92 216
92 220
92 223
92 227
92 234
92 236
92 258
92 273
92 282
92 286
92 290
92 294
92 296
92 297
92 311
92 316
92 317
93 100
93 101
93 107
93 110
93 130
93 137
93 141
93 152
93 160
93 178
93 180
93 181
93 183
93 188
93 189
93 191
93 193
93 196
93 221
93 224
93 236
93 243
93 257
93 260
93 272
93 281
93 308
93 315
93 317
94 103
94 115
94 141
94 150
94 167
94 199
94 213
94 240
94 302
94 307
94 322
95 102
95 104
95 105
95 109
95 116
95 124
95 126
95 131
95 148
95 150
95 172
95 176
95 198
95 202
95 209
95 217
95 222
95 224
95 238
95 248
95 249
95 255
95 258
95 270
95 271
95 278
95 280
95 289
95 290
95 326
96 112
96 117
96 140
96 175
96 177
96 186
96 195
96 200
96 201
96 202
96 203
96 242
96 259
96 267
96 280
96 290
96 306
96 317
96 321
96 325
97 102
97 111
97 113
97 129
97 134
97 147
97 149
97 153
97 154
97 156
97 158
97 159
97 160
97 163
97 165
97 169
97 170
97 182
97 184
97 194
97 197
97 208
97 210
97 218
97 226
97 235
97 237
97 249
97 250
97 253
97 266
97 270
97 277
97 283
97 284
97 294
97 295
97 299
97 304
97 314
97 324
98 99
98 105
98 121
98 149
98 156
98 165
98 173
98 207
98 217
98 228
98 229
98 237
98 261
98 262
98 277
98 285
98 294
98 295
98 324
99 105
99 113
99 121
99 128
99 132
99 139
99 149
99 151
99 154
99 156
99 162
99 164
99 165
99 184
99 207
99 208
99 222
99 228
99 237
99 244
99 261
99 262
99 277
99 284
99 285
99 294
99 295
99 324
100 130
100 137
100 152
100 160
100 178
100 180
100 181
100 183
100 191
100 193
100 196
100 219
100 221
100 236
100 243
100 257
100 260
100 281
100 308
100 315
100 317
101 130
101 137
101 152
101 160
101 180
101 182
101 191
101 193
101 196
101 219
101 221
101 257
101 311
101 317
102 111
102 113
102 134
102 143
102 145
102 153
102 158
102 169
102 170
102 172
102 174
102 194
102 197
102 208
102 210
102 218
102 225
102 230
102 235
102 239
102 247
102 250
102 253
102 264
102 283
102 284
102 294
102 295
102 299
102 314
102 324
103 106
103 115
103 137
103 167
103 240
103 257
103 307
103 314
103 315
103 322
104 108
104 114
104 120
104 123
104 125
104 138
104 163
104 171
104 181
104 203
104 213
104 216
104 223
104 224
104 227
104 245
104 251
104 258
104 269
104 273
104 277
104 282
104 286
104 293
104 296
104 297
104 304
104 311
104 314
104 316
105 116
105 126
105 131
105 148
105 172
105 176
105 186
105 190
105 197
105 198
105 207
105 217
105 238
105 243
105 249
105 257
105 270
105 271
105 272
105 278
105 287
105 289
105 290
105 301
105 312
105 326
106 115
106 135
106 141
106 150
106 157
106 291
106 302
106 310
106 318
106 322
107 130
107 191
107 315
108 114
108 120
108 121
108 123
108 130
108 138
108 152
108 161
108 163
108 171
108 187
108 190
108 206
108 213
108 215
108 216
108 219
108 220
108 223
108 227
108 229
108 234
108 245
108 251
108 258
108 273
108 282
108 286
108 288
108 293
108 296
108 297
108 311
108 315
108 317
108 322
109 111
109 129
109 133
109 143
109 145
109 168
109 173
109 174
109 179
109 190
109 204
109 212
109 224
109 225
109 230
109 231
109 239
109 241
109 248
109 263
109 264
109 266
109 268
109 275
109 276
109 285
109 288
109 303
109 318
109 321
110 114
110 137
110 152
110 160
110 178
110 181
110 183
110 187
110 188
110 196
110 236
110 243
110 257
110 308
110 311
110 315
110 316
110 317
111 113
111 121
111 129
111 134
111 147
111 154
111 156
111 158
111 159
111 169
111 170
111 197
111 207
111 208
111 209
111 218
111 229
111 235
111 237
111 239
111 253
111 265
111 266
111 283
111 284
111 294
111 299
111 304
111 314
111 324
112 136
112 140
112 142
112 175
112 177
112 186
112 195
112 200
112 201
112 202
112 214
112 224
112 259
112 275
112 309
112 321
113 121
113 129
113 147
113 153
113 154
113 156
113 158
113 159
113 169
113 170
113 194
113 197
113 203
113 204
113 207
113 208
113 210
113 218
113 235
113 237
113 239
113 250
113 283
113 284
113 294
113 304
113 314
113 324
114 120
114 123
114 125
114 137
114 138
114 146
114 147
114 156
114 161
114 163
114 181
114 183
114 187
114 191
114 192
114 205
114 213
114 216
114 217
114 220
114 223
114 227
114 245
114 251
114 282
114 286
114 295
114 296
114 297
114 307
114 311
114 316
114 317
114 323
115 135
115 141
115 148
115 150
115 157
115 167
115 172
115 181
115 199
115 233
115 240
115 255
115 258
115 269
115 287
115 307
115 310
115 322
116 126
116 131
116 148
116 176
116 209
116 217
116 238
116 249
116 267
116 270
116 271
116 272
116 278
116 289
116 290
116 301
116 309
116 312
116 326
117 136
117 140
117 142
117 166
117 175
117 177
117 195
117 200
117 203
117 214
117 254
117 259
117 264
117 267
117 280
117 306
117 312
117 319
117 321
118 150
118 199
118 322
119 141
119 146
119 209
119 211
119 215
119 217
119 232
119 238
119 274
119 305
119 309
120 125
120 149
120 157
120 171
120 178
120 181
120 192
120 205
120 210
120 213
120 216
120 217
120 223
120 234
120 245
120 251
120 273
120 282
120 286
120 296
120 297
120 311
120 314
120 316
121 128
121 132
121 136
121 139
121 147
121 149
121 151
121 153
121 154
121 156
121 162
121 164
121 165
121 168
121 173
121 182
121 195
121 197
121 205
121 207
121 212
121 222
121 225
121 228
121 229
121 237
121 244
121 256
121 257
121 261
121 262
121 276
121 277
121 284
121 285
121 288
121 294
121 295
121 314
121 324
121 326
122 136
122 146
122 185
122 195
122 196
122 209
122 215
122 232
122 259
122 291
122 292
122 305
122 312
122 321
123 125
123 138
123 161
123 163
123 180
123 181
123 191
123 205
123 206
123 213
123 216
123 220
123 223
123 227
123 239
123 251
123 257
123 258
123 282
123 286
123 293
123 296
123 297
123 302
123 311
123 316
123 317
123 324
124 172
124 175
124 176
124 202
124 216
124 217
124 238
124 270
124 278
124 279
124 290
124 320
125 138
125 161
125 163
125 187
125 205
125 213
125 216
125 217
125 220
125 223
125 227
125 234
125 245
125 251
125 258
125 273
125 282
125 283
125 286
125 295
125 296
125 297
125 311
125 317
125 322
126 131
126 160
126 172
126 176
126 186
126 198
126 203
126 215
126 217
126 225
126 249
126 265
126 270
126 271
126 272
126 289
126 290
126 298
126 301
126 312
126 324
127 209
127 246
127 320
128 129
128 139
128 143
128 151
128 156
128 162
128 164
128 165
128 184
128 186
128 190
128 204
128 207
128 218
128 222
128 224
128 228
128 256
128 277
128 285
128 295
128 299
128 300
129 133
129 134
129 147
129 156
129 159
129 169
129 190
129 194
129 197
129 204
129 230
129 231
129 235
129 250
129 253
129 280
129 283
129 294
129 303
129 304
129 324
130 137
130 152
130 160
130 165
130 171
130 175
130 178
130 180
130 181
130 182
130 183
130 188
130 191
130 193
130 196
130 209
130 215
130 217
130 219
130 220
130 221
130 222
130 224
130 236
130 239
130 240
130 243
130 251
130 257
130 260
130 274
130 275
130 283
130 294
130 308
130 311
130 317
130 320
130 326
131 148
131 172
131 176
131 184
131 198
131 217
131 249
131 259
131 265
131 270
131 271
131 272
131 278
131 289
131 290
131 301
131 312
132 145
132 149
132 153
132 154
132 156
132 164
132 165
132 166
132 173
132 181
132 184
132 207
132 222
132 225
132 228
132 237
132 239
132 244
132 245
132 261
132 285
132 295
132 299
132 313
133 145
133 154
133 155
133 162
133 168
133 174
133 179
133 204
133 212
133 224
133 225
133 226
133 230
133 231
133 239
133 241
133 248
133 256
133 263
133 264
133 268
133 275
133 276
133 288
133 299
133 303
133 313
133 318
134 147
134 159
134 169
134 208
134 250
134 253
134 268
134 283
134 299
134 304
134 324
135 141
135 150
135 157
135 167
135 191
135 199
135 233
135 240
135 302
135 307
135 310
135 321
135 322
135 323
136 140
136 142
136 145
136 150
136 156
136 166
136 174
136 175
136 177
136 185
136 199
136 203
136 209
136 232
136 239
136 242
136 259
136 267
136 272
136 277
136 311
136 321
137 143
137 152
137 160
137 166
137 178
137 180
137 181
137 183
137 187
137 188
137 189
137 191
137 193
137 196
137 206
137 221
137 224
137 236
137 243
137 257
137 271
137 282
137 290
137 308
137 315
137 317
138 163
138 171
138 213
138 216
138 220
138 223
138 245
138 251
138 273
138 286
138 293
138 296
138 297
138 311
139 149
139 151
139 156
139 162
139 164
139 165
139 173
139 190
139 207
139 222
139 225
139 229
139 237
139 239
139 256
139 261
139 262
139 277
139 294
139 295
139 300
140 142
140 166
140 175
140 176
140 177
140 195
140 200
140 201
140 202
140 203
140 211
140 242
140 252
140 259
140 267
140 274
140 280
140 306
140 312
140 319
140 321
140 325
141 165
141 166
141 181
141 183
141 199
141 201
141 206
141 209
141 240
141 251
141 255
141 256
141 267
141 269
141 284
141 293
141 294
141 302
141 307
141 322
141 324
142 177
142 200
142 201
142 202
142 203
142 240
142 259
142 267
142 273
142 306
142 312
142 321
143 145
143 151
143 154
143 174
143 179
143 182
143 190
143 194
143 204
143 224
143 225
143 230
143 231
143 236
143 239
143 240
143 241
143 248
143 264
143 268
143 288
143 295
143 303
144 152
144 178
144 188
144 243
144 257
145 147
145 165
145 168
145 174
145 179
145 182
145 184
145 188
145 190
145 204
145 207
145 209
145 212
145 224
145 225
145 226
145 230
145 239
145 241
145 248
145 264
145 268
145 273
145 275
145 276
145 303
145 313
145 316
145 318
145 322
146 185
146 195
146 202
146 209
146 214
146 215
146 217
146 232
146 254
146 259
146 265
146 274
146 292
146 305
146 312
146 320
147 153
147 154
147 158
147 159
147 165
147 169
147 170
147 182
147 197
147 207
147 208
147 210
147 235
147 237
147 239
147 250
147 253
147 262
147 283
147 284
147 294
147 299
147 314
147 324
148 150
148 176
148 198
148 217
148 238
148 249
148 270
148 271
148 277
148 286
148 289
148 290
148 297
148 301
148 312
148 325
148 326
149 151
149 154
149 156
149 158
149 164
149 165
149 173
149 180
149 182
149 184
149 190
149 207
149 218
149 222
149 225
149 228
149 229
149 237
149 244
149 256
149 261
149 262
149 277
149 283
149 284
149 285
149 293
149 295
150 151
150 165
150 167
150 169
150 183
150 186
150 190
150 199
150 228
150 240
150 257
150 258
150 269
150 272
150 302
150 320
150 322
150 323
151 153
151 156
151 162
151 164
151 165
151 173
151 184
151 190
151 199
151 207
151 216
151 227
151 228
151 258
151 261
151 262
151 272
151 277
151 293
151 294
151 295
151 312
151 324
152 160
152 178
152 180
152 181
152 183
152 187
152 188
152 189
152 191
152 193
152 196
152 199
152 206
152 209
152 213
152 221
152 236
152 243
152 257
152 260
152 272
152 281
152 282
152 286
152 302
152 307
152 308
152 315
152 317
152 322
152 323
153 156
153 158
153 159
153 169
153 170
153 197
153 210
153 212
153 218
153 222
153 228
153 235
153 237
153 244
153 250
153 261
153 266
153 277
153 283
153 284
153 291
153 294
153 295
153 299
153 300
153 304
153 314
153 316
153 324
154 156
154 158
154 160
154 168
154 173
154 174
154 179
154 182
154 190
154 203
154 204
154 207
154 224
154 225
154 226
154 230
154 237
154 239
154 241
154 242
154 248
154 263
154 264
154 268
154 275
154 276
154 284
154 288
154 294
154 303
154 313
154 324
155 168
155 179
155 197
155 201
155 212
155 225
155 226
155 231
155 239
155 263
155 288
155 313
156 162
156 164
156 165
156 173
156 174
156 176
156 177
156 182
156 184
156 207
156 222
156 225
156 227
156 228
156 229
156 237
156 244
156 256
156 261
156 262
156 270
156 275
156 277
156 282
156 285
156 294
156 295
156 322
157 181
157 199
157 206
157 221
157 233
157 240
157 241
157 269
157 272
157 302
157 307
157 322
158 170
158 210
158 218
158 237
158 243
158 250
158 284
158 299
158 314
159 169
159 190
159 197
159 204
159 208
159 231
159 235
159 237
159 250
159 253
159 266
159 280
159 294
159 299
159 304
159 324
160 178
160 180
160 181
160 183
160 188
160 189
160 191
160 193
160 196
160 219
160 221
160 236
160 243
160 257
160 260
160 270
160 278
160 308
160 315
160 317
161 185
161 192
161 213
161 220
161 234
161 245
161 251
161 273
161 282
161 286
161 293
161 296
161 311
161 316
161 322
162 164
162 165
162 173
162 184
162 207
162 212
162 228
162 237
162 256
162 261
162 262
162 277
162 285
162 294
162 295
162 299
162 300
163 181
163 187
163 216
163 220
163 223
163 245
163 251
163 258
163 282
163 293
163 297
163 311
164 165
164 168
164 174
164 184
164 207
164 222
164 228
164 237
164 248
164 256
164 261
164 262
164 277
164 285
164 295
164 314
165 168
165 171
165 173
165 184
165 199
165 207
165 222
165 224
165 225
165 228
165 229
165 237
165 244
165 253
165 256
165 261
165 262
165 268
165 275
165 277
165 285
165 288
165 295
166 177
166 195
166 198
166 200
166 202
166 203
166 222
166 236
166 242
166 257
166 259
166 267
166 280
166 291
166 306
166 319
166 321
167 199
167 307
168 174
168 179
168 182
168 197
168 204
168 210
168 212
168 224
168 225
168 230
168 231
168 237
168 239
168 241
168 248
168 261
168 263
168 264
168 268
168 275
168 276
168 277
168 280
168 283
168 288
168 294
168 299
168 303
168 306
168 312
168 313
168 314
168 324
169 170
169 184
169 194
169 197
169 208
169 218
169 222
169 225
169 231
169 235
169 250
169 253
169 266
169 283
169 285
169 288
169 294
169 299
169 304
169 324
170 172
170 194
170 195
170 210
170 218
170 235
170 237
170 270
170 277
170 283
170 284
170 299
170 304
170 314
170 324
171 181
171 199
171 216
171 227
171 229
171 251
171 258
171 261
171 273
171 282
171 293
171 296
171 297
172 175
172 176
172 183
172 186
172 196
172 198
172 209
172 217
172 238
172 246
172 249
172 259
172 270
172 271
172 272
172 278
172 279
172 280
172 287
172 289
172 290
172 298
172 301
172 312
172 320
172 326
173 184
173 207
173 222
173 225
173 228
173 241
173 261
173 277
173 283
173 285
173 295
173 313
174 179
174 182
174 190
174 204
174 218
174 224
174 225
174 230
174 239
174 241
174 244
174 245
174 248
174 263
174 264
174 271
174 275
174 290
174 299
174 303
175 177
175 178
175 186
175 195
175 200
175 202
175 203
175 242
175 259
175 301
175 306
175 312
175 319
175 321
176 183
176 186
176 187
176 198
176 203
176 209
176 215
176 217
176 219
176 220
176 222
176 225
176 238
176 242
176 248
176 249
176 270
176 271
176 272
176 278
176 279
176 289
176 290
176 301
176 312
176 320
176 326
177 195
177 200
177 202
177 203
177 242
177 259
177 267
177 270
177 271
177 280
177 287
177 290
177 295
177 306
177 319
177 320
177 321
177 325
178 180
178 181
178 183
178 188
178 190
178 191
178 193
178 196
178 219
178 221
178 222
178 236
178 243
178 257
178 260
178 281
178 282
178 296
178 308
178 315
178 317
179 182
179 190
179 203
179 204
179 212
179 224
179 225
179 230
179 231
179 239
179 248
179 263
179 264
179 268
179 274
179 275
179 276
179 277
179 284
179 288
179 295
179 303
179 313
179 318
180 181
180 182
180 183
180 188
180 191
180 193
180 196
180 219
180 243
180 257
180 260
180 282
180 286
180 294
180 308
180 317
181 183
181 188
181 189
181 191
181 193
181 196
181 199
181 214
181 219
181 221
181 222
181 223
181 228
181 236
181 240
181 243
181 257
181 260
181 269
181 273
181 275
181 281
181 297
181 302
181 308
181 311
181 315
181 317
181 322
181 323
182 190
182 191
182 207
182 217
182 224
182 225
182 227
182 230
182 231
182 237
182 239
182 248
182 257
182 263
182 264
182 275
182 276
182 284
182 294
182 303
183 189
183 191
183 193
183 196
183 200
183 203
183 219
183 221
183 222
183 236
183 243
183 257
183 260
183 269
183 281
183 308
183 315
183 317
184 195
184 207
184 222
184 224
184 225
184 228
184 237
184 244
184 256
184 261
184 277
184 285
184 295
185 209
185 211
185 217
185 232
185 240
185 246
185 254
185 265
185 305
186 198
186 203
186 209
186 217
186 235
186 239
186 243
186 254
186 255
186 259
186 267
186 270
186 272
186 275
186 278
186 279
186 289
186 290
186 294
186 297
186 298
186 301
186 312
186 314
186 324
186 325
186 326
187 199
187 206
187 213
187 216
187 227
187 236
187 240
187 251
187 258
187 273
187 282
187 286
187 296
187 297
187 307
187 311
187 316
187 322
187 323
188 191
188 193
188 196
188 236
188 243
188 257
188 260
188 271
188 279
188 296
188 297
188 308
188 315
188 317
188 319
188 321
189 191
189 196
189 221
189 236
189 243
189 257
189 308
189 315
190 197
190 204
190 208
190 212
190 222
190 224
190 225
190 226
190 227
190 228
190 229
190 230
190 231
190 236
190 239
190 241
190 248
190 253
190 260
190 261
190 263
190 264
190 268
190 270
190 272
190 275
190 276
190 277
190 285
190 288
190 293
190 294
190 296
190 299
190 303
190 313
190 318
190 324
191 193
191 196
191 205
191 209
191 213
191 219
191 221
191 236
191 243
191 257
191 282
191 297
191 302
191 307
191 308
191 315
191 317
192 205
192 213
192 216
192 220
192 223
192 234
192 282
192 296
192 316
193 196
193 219
193 221
193 236
193 243
193 257
193 270
193 308
193 315
193 317
193 322
194 197
194 210
194 222
194 226
194 229
194 231
194 235
194 253
194 266
194 283
194 294
194 299
194 304
194 324
195 198
195 200
195 202
195 203
195 242
195 259
195 267
195 280
195 290
195 305
195 306
195 312
195 319
195 321
195 325
196 219
196 221
196 236
196 243
196 257
196 260
196 307
196 308
196 315
196 317
197 208
197 217
197 218
197 224
197 225
197 235
197 248
197 250
197 253
197 266
197 283
197 284
197 294
197 295
197 296
197 299
197 304
197 312
197 313
197 324
198 200
198 212
198 217
198 233
198 237
198 249
198 259
198 267
198 270
198 271
198 272
198 279
198 280
198 290
198 298
198 301
198 305
198 312
198 326
199 204
199 206
199 217
199 233
199 269
199 272
199 290
199 302
199 307
199 310
199 322
199 323
200 202
200 203
200 217
200 242
200 259
200 267
200 280
200 305
200 306
200 312
200 319
200 321
200 325
201 309
201 325
202 203
202 216
202 242
202 254
202 255
202 259
202 267
202 278
202 280
202 289
202 306
202 312
202 319
202 320
202 321
202 325
203 222
203 224
203 227
203 231
203 242
203 244
203 251
203 259
203 267
203 270
203 280
203 297
203 304
203 306
203 312
203 319
203 321
203 324
203 325
204 207
204 212
204 218
204 224
204 230
204 239
204 241
204 248
204 263
204 264
204 268
204 272
204 288
204 303
204 304
204 313
204 318
204 324
205 213
205 216
205 220
205 261
205 273
205 286
205 296
205 311
205 317
205 322
206 226
206 257
206 272
206 302
206 307
206 322
206 323
207 210
207 222
207 228
207 237
207 256
207 261
207 262
207 268
207 277
207 284
207 285
207 295
207 313
207 324
208 218
208 250
208 253
208 266
208 284
208 293
208 294
208 299
208 304
209 211
209 214
209 215
209 217
209 221
209 227
209 232
209 235
209 246
209 249
209 254
209 259
209 265
209 270
209 271
209 272
209 274
209 278
209 291
209 292
209 298
209 301
209 309
209 312
209 318
209 320
210 218
210 235
210 253
210 283
210 284
210 294
210 295
210 299
210 314
211 215
211 217
211 252
211 254
211 265
211 274
211 291
211 292
211 296
211 304
211 309
211 312
211 314
211 326
212 224
212 225
212 226
212 231
212 239
212 241
212 253
212 256
212 263
212 264
212 268
212 275
212 276
212 288
212 303
212 313
212 318
213 216
213 220
213 223
213 237
213 245
213 251
213 258
213 273
213 276
213 282
213 286
213 293
213 296
213 297
213 302
213 311
213 316
213 317
213 321
214 215
214 217
214 254
214 292
214 309
214 320
215 217
215 252
215 254
215 265
215 270
215 274
215 285
215 309
215 320
216 220
216 223
216 225
216 227
216 245
216 251
216 258
216 273
216 282
216 286
216 293
216 296
216 297
216 311
216 316
217 228
217 230
217 238
217 240
217 246
217 249
217 251
217 270
217 271
217 272
217 274
217 278
217 279
217 280
217 286
217 287
217 289
217 290
217 296
217 298
217 301
217 312
217 317
217 320
217 321
217 326
218 235
218 237
218 239
218 249
218 250
218 268
218 284
218 294
218 314
218 324
219 221
219 243
219 251
219 257
219 263
219 270
219 271
219 288
219 308
219 317
220 223
220 227
220 251
220 258
220 273
220 282
220 286
220 294
220 296
220 297
220 311
220 316
220 317
221 236
221 243
221 257
221 259
221 269
221 281
221 308
221 315
221 317
222 225
222 228
222 229
222 237
222 244
222 248
222 253
222 258
222 261
222 277
222 283
222 285
222 295
222 318
223 227
223 234
223 251
223 258
223 273
223 282
223 286
223 296
223 297
223 307
223 311
223 312
224 225
224 226
224 228
224 230
224 239
224 241
224 248
224 256
224 263
224 268
224 275
224 276
224 288
224 295
224 303
224 310
224 312
224 313
224 318
224 322
225 226
225 227
225 230
225 231
225 235
225 237
225 239
225 241
225 253
225 261
225 263
225 264
225 270
225 271
225 275
225 276
225 277
225 280
225 283
225 285
225 288
225 290
225 294
225 295
225 301
225 303
225 313
225 314
225 324
226 231
226 239
226 241
226 263
226 268
226 275
226 276
226 303
226 313
226 318
227 245
227 251
227 258
227 282
227 286
227 293
227 296
227 297
227 311
227 316
227 317
228 229
228 237
228 244
228 261
228 262
228 263
228 275
228 285
228 294
228 295
229 237
229 244
229 261
229 262
229 285
229 294
229 295
230 231
230 239
230 248
230 263
230 264
230 268
230 275
230 284
230 285
230 288
230 303
230 320
231 239
231 241
231 248
231 263
231 267
231 276
231 280
231 288
231 303
231 312
231 313
231 318
232 274
232 305
233 234
233 255
233 269
233 307
233 311
233 312
233 322
233 323
234 273
234 282
234 296
234 311
234 316
235 253
235 266
235 283
235 284
235 294
235 299
235 302
235 314
235 324
236 243
236 257
236 308
236 315
237 244
237 261
237 277
237 284
237 285
237 294
237 295
237 314
237 324
238 249
238 270
238 271
238 289
238 290
238 320
239 248
239 262
239 263
239 264
239 268
239 275
239 276
239 284
239 288
239 295
239 299
239 303
239 313
239 318
240 269
240 272
240 302
240 307
240 321
240 322
240 323
241 248
241 261
241 268
241 275
241 276
241 285
241 288
241 303
241 313
241 318
242 259
242 267
242 280
242 306
242 319
242 321
242 325
243 257
243 260
243 277
243 296
243 308
243 315
244 261
244 285
245 251
245 258
245 282
245 290
245 293
245 296
245 297
245 311
245 316
246 301
248 263
248 264
248 275
248 276
248 303
248 318
249 270
249 271
249 272
249 279
249 282
249 283
249 289
249 290
249 301
249 312
249 326
250 253
250 266
250 299
250 304
250 324
251 258
251 282
251 286
251 293
251 296
251 297
251 304
251 311
251 316
251 317
252 265
252 298
252 305
253 266
253 275
253 284
253 296
253 299
253 304
253 315
254 255
254 280
254 291
254 305
254 309
254 312
254 320
255 269
255 302
255 320
256 261
256 275
256 277
256 294
256 295
256 318
257 260
257 272
257 282
257 289
257 296
257 308
257 315
257 317
258 282
258 286
258 293
258 296
258 297
258 311
258 316
259 267
259 280
259 294
259 305
259 306
259 312
259 319
259 321
259 325
260 281
260 296
260 315
261 262
261 283
261 285
261 286
261 295
262 295
263 264
263 268
263 276
263 288
263 303
263 313
263 318
264 268
264 275
264 276
264 286
264 294
264 303
265 270
265 274
265 291
265 305
265 309
265 326
266 296
266 312
266 324
267 272
267 280
267 306
267 312
267 319
267 321
267 322
267 325
268 275
268 303
268 313
268 318
269 302
269 307
269 310
269 312
269 322
269 323
270 271
270 272
270 278
270 279
270 289
270 290
270 301
270 312
270 326
271 272
271 284
271 289
271 290
271 301
271 312
271 317
271 320
271 326
272 278
272 279
272 287
272 289
272 290
272 294
272 295
272 301
272 312
272 323
272 326
273 282
273 286
273 293
273 295
273 296
273 311
274 291
274 309
274 320
275 276
275 288
275 290
275 294
275 295
275 303
275 312
275 318
276 288
276 303
276 313
276 318
277 285
277 294
277 295
277 296
277 297
277 326
278 279
278 290
278 320
279 289
279 290
279 301
279 326
280 305
280 306
280 312
280 319
280 321
280 325
281 308
281 315
282 286
282 293
282 296
282 297
282 308
282 311
282 316
282 317
283 285
283 294
283 299
283 304
283 324
284 294
284 299
284 303
284 311
284 314
284 324
285 295
286 293
286 296
286 311
286 316
286 317
287 301
287 312
287 326
288 311
288 313
289 290
289 294
289 301
289 321
289 326
290 301
290 312
290 323
290 326
291 292
291 309
291 320
292 305
292 318
293 296
293 297
293 311
293 325
294 299
294 300
294 304
294 315
294 323
294 324
295 300
295 301
295 314
296 297
296 302
296 309
296 311
296 312
296 316
296 317
296 323
297 311
297 316
298 312
298 326
299 303
299 304
299 314
299 324
301 312
301 317
301 326
302 307
302 310
302 311
302 317
302 322
302 323
303 313
304 318
304 324
305 321
306 312
306 315
306 319
306 321
306 325
307 310
307 311
307 322
307 323
308 315
308 317
309 320
310 322
311 316
311 317
311 321
311 322
312 319
312 321
312 322
312 326
313 318
313 324
314 324
314 326
315 317
316 317
317 322
319 321
319 325
321 325
322 323
