24
353
556
19
492
248
395
500
505
675
728
282
89
520
401
729
533
463
278
873
338
214
467
703
748
577
596
915
490
503
952
644
705
790
470
371
51
135
576
391
461
475
437
674
141
373
694
394
109
469
551
645
30
615
290
84
545
628
243
143
623
502
471
959
974
600
108
611
553
407
629
360
528
880
403
356
565
792
247
776
383
866
563
133
333
351
950
668
847
733
0
501
936
592
610
54
823
20
646
587
884
491
508
244
662
768
599
458
239
246
420
531
886
28
670
384
721
710
315
242
516
581
25
682
72
724
175
736
10
561
453
900
31
218
589
517
499
626
612
704
720
526
580
509
195
737
609
888
507
257
158
562
680
862
896
444
618
831
548
476
493
18
806
647
431
513
607
63
468
417
588
506
821
1
666
465
631
598
732
498
279
652
66
510
752
404
861
21
215
532
583
157
554
606
827
485
372
838
552
13
