1124
222
504
832
1129
525
364
830
604
755
130
806
379
435
440
661
535
952
686
442
573
99
487
893
337
369
368
663
626
713
859
940
610
814
710
87
807
174
529
700
1047
732
846
351
1043
796
467
1064
640
158
666
1100
522
407
929
145
994
564
600
49
90
397
637
553
621
566
438
333
1081
881
345
703
382
1048
202
118
398
714
595
1112
192
911
472
928
146
499
943
318
767
997
10
898
1045
699
989
567
624
593
771
586
149
227
698
836
276
1032
554
1028
603
317
990
510
188
205
410
1042
493
862
177
240
55
322
636
941
93
330
1033
405
210
923
329
536
1107
171
842
653
614
277
341
189
735
839
370
912
687
516
570
30
843
967
688
890
8
533
254
764
25
540
978
913
860
742
776
875
464
155
56
84
743
432
683
100
123
161
386
111
273
833
868
187
505
480
152
32
802
841
684
870
151
491
97
403
896
1021
157
91
521
193
528
1026
185
139
834
148
747
306
257
167
853
585
1098
959
648
294
584
1116
667
1004
1130
501
926
391
176
531
1003
256
348
774
383
175
944
804
936
422
976
701
473
1077
560
867
920
619
325
127
81
280
866
615
305
607
634
492
195
260
574
561
730
299
819
731
494
854
319
117
805
934
248
159
1050
1131
876
266
194
1057
992
835
746
787
340
1012
425
1117
1046
562
1024
1088
292
877
354
694
53
544
647
844
656
970
1015
334
927
250
765
408
1086
326
73
675
182
894
1114
937
986
95
557
744
750
1020
559
828
86
1013
483
35
215
678
481
901
1
549
283
265
1055
885
906
789
316
1110
234
695
12
