0 3
0 13
0 14
0 30
0 73
0 81
0 95
0 99
1 5
1 28
1 42
1 45
1 50
1 53
1 58
1 60
1 71
1 78
1 83
1 90
1 95
1 102
2 5
2 8
2 10
2 14
2 34
2 42
2 45
2 57
2 58
2 59
2 100
3 13
3 14
3 30
3 75
3 81
3 82
3 89
3 94
4 35
4 39
4 41
4 55
5 8
5 40
5 66
5 95
6 19
6 26
7 13
7 18
7 30
7 35
7 47
7 51
7 75
7 79
7 82
7 87
7 97
7 99
8 11
8 14
8 23
8 29
8 38
8 40
8 51
8 75
8 95
8 99
8 100
8 105
8 108
9 52
9 72
10 24
10 94
11 34
11 40
11 47
11 95
11 99
11 105
12 45
12 50
12 54
12 63
12 74
12 79
13 14
13 30
13 33
13 36
13 81
13 89
14 30
14 33
14 36
14 75
14 81
14 86
14 89
14 91
14 95
14 99
14 106
15 46
15 63
15 72
15 94
16 18
16 38
16 54
16 93
17 69
17 70
18 47
18 49
18 71
18 79
18 82
18 102
19 20
19 28
19 91
19 96
19 101
19 106
19 109
20 101
21 86
22 93
22 97
23 29
23 51
23 83
23 100
23 111
24 42
24 72
25 30
25 36
26 65
27 28
27 31
27 34
27 58
27 60
27 64
27 80
27 81
27 84
27 97
27 99
27 104
28 38
28 51
28 60
28 66
28 80
28 81
28 91
28 96
28 97
29 40
29 95
29 100
29 105
29 108
30 33
30 36
30 46
30 89
31 53
31 81
31 102
32 68
32 86
32 96
33 49
33 89
34 36
34 42
34 110
35 39
35 42
35 55
35 61
35 87
36 81
36 89
37 52
37 68
37 96
38 64
38 65
38 70
38 76
38 87
38 93
38 97
39 55
40 51
40 75
40 105
40 108
41 55
41 98
42 45
42 58
42 60
42 75
42 81
42 83
42 88
42 99
43 53
43 84
44 48
44 84
44 93
45 57
45 58
45 60
45 63
45 84
45 106
45 109
46 81
47 95
48 62
48 93
49 76
50 54
50 60
50 74
51 98
51 99
51 100
52 81
52 91
53 79
54 71
54 90
54 102
56 73
56 75
57 58
58 60
58 81
58 84
58 110
60 81
60 88
60 99
61 75
61 85
62 77
62 93
63 64
63 70
64 77
64 79
64 93
66 83
66 88
67 69
67 107
68 96
68 109
71 79
71 82
72 87
73 75
73 88
73 99
74 102
74 103
75 91
75 95
75 99
75 100
75 105
75 108
76 78
76 79
78 79
78 87
79 82
79 87
79 93
79 99
79 109
80 99
81 88
81 89
82 95
82 112
83 99
83 100
83 111
84 93
86 98
86 107
87 110
88 91
88 100
88 105
90 102
91 92
91 97
92 101
94 103
95 99
95 100
95 111
96 109
100 111
102 106
102 112
104 112
105 108
105 111
106 109
