669
658
228
203
314
295
225
421
240
66
560
643
51
91
429
257
100
95
81
619
63
507
449
398
10
660
591
198
601
637
19
663
683
478
43
656
180
315
514
410
494
244
552
406
230
582
498
583
570
120
546
685
605
260
184
119
195
490
301
482
138
67
57
34
563
25
16
98
419
15
665
460
609
625
131
584
666
111
0
123
178
596
205
425
634
418
202
392
371
265
366
458
649
12
78
529
270
357
631
185
155
454
241
499
281
648
606
361
233
459
237
282
579
342
171
152
75
404
353
311
362
115
424
571
644
220
317
341
255
90
465
515
40
161
430
553
629
96
122
595
438
331
557
415
363
588
87
286
211
506
215
469
166
537
476
389
302
512
44
309
480
47
140
647
576
344
199
388
118
345
597
382
1
77
306
373
110
426
212
472
330
466
462
602
80
158
18
674
468
585
610
440
581
137
101
379
147
322
121
287
569
504
453
328
528
24
114
170
551
327
402
65
390
2
568
293
613
84
289
139
593
486
538
534
28
559
651
251
143
589
550
224
76
316
148
298
603
72
70
393
246
667
292
59
146
196
318
587
358
319
267
444
33
370
145
420
475
645
622
650
300
435
271
380
384
540
612
417
376
17
279
659
232
283
22
427
531
334
243
423
594
676
572
615
562
536
41
85
20
347
263
624
394
387
513
154
273
83
305
549
9
92
252
21
623
4
434
416
45
312
535
519
350
630
49
526
108
261
397
299
194
544
79
32
620
71
621
566
356
479
502
112
168
248
31
242
175
374
463
414
661
586
227
46
307
50
37
269
573
339
164
107
377
378
189
113
73
320
408
130
409
329
11
461
527
337
109
97
455
511
13
399
23
200
36
297
223
372
670
567
226
517
516
503
187
532
308
614
56
401
335
125
439
497
672
608
340
346
332
88
165
405
201
326
256
247
652
310
577
126
82
89
451
396
174
617
136
400
338
52
365
58
607
172
547
489
636
231
106
352
321
160
616
471
391
62
284
564
483
407
359
30
103
592
436
671
574
618
646
64
38
254
29
533
354
556
484
456
42
53
611
633
104
385
492
686
219
422
235
285
473
192
156
210
351
428
375
467
214
333
159
94
518
524
496
590
27
457
485
117
26
638
35
296
61
105
364
403
413
173
561
229
207
69
474
501
324
157
487
548
258
500
632
395
635
234
336
266
369
565
102
386
179
367
99
188
525
680
505
530
495
54
127
48
411
323
162
325
68
60
14
555
206
662
313
163
470
245
124
604
167
186
580
448
276
493
442
541
144
39
558
272
182
481
217
360
477
213
181
464
