253
957
207
425
826
1042
499
383
114
494
135
5
570
288
342
314
278
1044
111
449
254
122
575
663
424
55
474
190
679
212
34
999
882
971
797
1128
1002
606
14
1054
1084
454
758
432
189
12
984
624
350
1092
440
134
1123
792
740
431
83
1110
270
768
226
783
252
1131
533
1073
621
623
955
328
1047
576
428
493
728
945
1116
123
468
159
708
609
892
448
608
776
332
437
218
753
504
435
490
799
361
934
800
1035
978
841
529
362
774
1100
146
376
817
127
1086
989
444
491
714
864
255
725
844
581
20
182
168
539
390
703
1121
592
169
1029
716
632
72
949
730
872
1010
402
1101
599
421
517
976
174
598
198
372
995
627
406
993
701
612
477
1104
712
1112
964
1037
367
546
481
150
895
631
221
403
303
666
22
1016
549
1009
1108
1022
7
1028
426
1122
881
652
885
1063
100
525
242
496
307
51
415
149
99
281
672
317
144
179
1099
879
178
487
929
140
1024
24
1020
1125
247
315
110
1130
745
531
346
683
845
1119
871
948
261
521
132
153
269
467
233
1114
615
492
380
685
355
290
873
243
765
1017
501
905
154
516
117
569
1075
436
305
374
319
580
29
165
1058
559
334
691
700
994
761
79
735
21
200
848
711
116
64
1030
106
684
786
32
724
1043
654
673
890
731
276
124
497
209
681
941
322
732
660
838
148
208
891
729
640
459
526
240
293
760
302
692
522
506
645
97
157
313
407
983
625
1041
1031
821
199
369
473
542
354
173
943
231
958
167
3
1082
743
579
589
528
902
510
422
734
803
1111
822
665
604
637
636
524
423
967
138
8
727
404
260
463
795
899
680
61
649
862
1046
125
642
707
996
831
1064
756
368
74
900
143
251
184
479
764
677
26
88
222
563
721
877
920
972
94
668
11
910
586
596
552
1106
1129
194
715
462
232
1071
650
754
807
937
171
183
442
210
66
791
686
611
1077
163
486
130
235
814
518
610
458
931
538
741
635
951
412
1048
1090
364
622
439
1021
197
1057
215
166
511
48
656
465
275
291
306
914
738
0
860
1050
420
92
600
777
394
788
2
466
947
480
336
266
397
924
771
271
1019
80
852
469
119
284
455
98
759
693
1117
710
828
78
804
1052
128
1062
907
68
1065
952
1013
257
256
551
544
188
543
81
1124
696
84
155
644
842
47
136
816
214
38
662
300
370
966
717
876
901
564
228
619
868
333
236
31
975
769
616
953
733
981
414
540
796
60
787
713
1120
413
789
366
749
39
172
30
830
577
10
287
699
363
50
450
912
445
460
1098
323
139
1068
509
865
960
447
935
357
859
175
647
736
158
36
405
484
325
607
655
571
977
33
102
