290
565
942
113
618
1112
584
397
661
906
590
647
818
744
876
398
205
902
338
101
893
1018
184
802
319
234
39
304
471
529
4
479
508
306
819
1014
224
1015
989
453
123
804
454
408
38
675
787
967
488
26
490
440
1046
1026
782
879
936
190
238
112
510
282
680
369
228
890
772
929
992
697
388
721
1125
538
158
677
493
176
776
288
668
725
51
177
634
316
1006
348
419
994
332
800
8
833
792
908
452
1024
1048
432
913
151
142
747
572
32
920
1031
426
274
865
826
544
854
42
1103
220
645
681
595
996
272
947
257
0
99
188
333
540
441
254
1095
466
218
773
720
505
522
424
341
941
579
270
456
669
148
195
250
580
394
489
1058
1130
612
85
342
678
231
934
791
707
531
801
703
241
125
487
120
401
1090
963
922
636
1113
199
73
1045
292
662
912
122
374
97
958
862
196
812
838
610
451
1080
562
345
76
899
278
116
1089
1084
521
1016
421
318
305
314
183
907
49
604
651
1042
260
723
587
710
415
375
860
1004
444
71
997
127
660
882
679
61
524
635
931
844
532
943
1081
713
771
774
698
382
759
577
738
354
402
701
589
525
1131
309
1057
516
303
129
1107
19
472
581
94
187
436
1117
973
821
959
368
5
37
311
109
946
438
95
430
559
727
474
686
699
232
526
896
836
28
23
960
164
373
295
1043
1110
263
603
813
853
607
770
971
1124
745
766
20
1029
246
561
895
827
105
859
619
790
215
637
376
379
554
940
667
975
297
248
90
473
1082
405
706
628
950
1067
1009
810
22
925
867
1100
977
143
330
926
364
842
86
549
978
832
56
87
117
194
756
666
617
1050
350
691
520
185
435
1079
1
277
1051
145
980
1129
422
78
1035
208
1005
242
653
730
683
883
417
1028
988
981
755
684
275
464
627
169
972
952
323
852
213
918
606
171
362
871
461
197
885
370
14
1049
58
1075
805
935
84
743
570
80
1023
31
460
866
816
325
60
528
822
219
207
448
708
1086
608
917
477
671
30
735
457
154
731
124
750
875
442
72
157
609
746
211
503
449
336
834
163
1083
585
903
313
289
533
501
494
923
807
507
515
1101
118
155
491
624
504
111
633
406
133
181
672
1073
873
870
632
1116
386
497
1038
1118
932
1012
898
146
483
317
910
119
1027
1032
3
476
1010
983
734
599
35
337
1033
467
439
1123
299
331
227
1114
371
358
294
621
291
1002
475
927
67
1098
557
714
240
765
990
480
690
1077
901
558
648
574
202
55
789
758
53
1052
596
1078
1036
551
839
641
296
696
193
149
736
283
702
849
872
178
845
658
349
863
600
615
850
919
742
455
329
887
1120
29
1013
172
614
200
