40
116
207
159
337
231
116
119
225
51
69
243
272
320
9
306
209
219
109
287
72
168
116
216
130
34
225
116
189
9
187
214
34
72
121
242
228
187
210
107
361
115
320
107
70
47
140
159
219
109
119
70
9
140
338
221
336
159
187
8
225
306
272
225
272
116
140
40
361
48
320
159
286
336
48
110
286
204
214
10
306
96
119
72
11
74
221
225
74
302
51
10
74
243
116
23
72
276
182
11
276
72
348
204
95
289
31
187
20
212
209
144
272
140
72
94
228
212
9
120
68
42
11
70
159
272
225
110
204
140
99
72
48
266
302
72
307
140
336
338
133
289
119
247
222
247
159
307
116
140
159
140
213
72
204
116
9
34
289
306
159
336
99
159
9
70
140
213
31
119
247
117
48
129
208
243
116
320
182
208
212
306
159
140
275
272
70
107
94
