0 18
0 39
0 47
0 59
0 79
0 111
0 124
0 129
0 132
0 136
0 139
0 145
0 154
0 159
0 172
0 204
0 208
0 215
0 226
18 2
18 4
18 47
18 51
18 59
18 75
18 81
18 102
18 107
18 115
18 124
18 132
18 133
18 136
18 137
18 139
18 153
18 154
18 163
18 165
18 204
18 208
18 215
18 219
18 221
18 226
39 47
39 51
39 81
39 100
39 102
39 111
39 116
39 124
39 133
39 136
39 137
39 139
39 145
39 154
39 159
39 165
39 172
39 183
39 208
39 215
39 221
47 81
47 107
47 111
47 124
47 129
47 132
47 136
47 139
47 145
47 159
47 165
47 172
47 204
47 208
47 215
47 221
47 226
59 42
59 50
59 55
59 65
59 73
59 81
59 84
59 100
59 105
59 111
59 136
59 137
59 139
59 141
59 145
59 154
59 166
59 185
59 193
59 204
59 215
59 223
59 225
59 226
79 26
79 50
79 100
79 102
79 108
79 116
79 124
79 129
79 132
79 136
79 138
79 139
79 145
79 154
79 165
79 172
79 193
79 204
79 213
79 215
79 221
79 224
111 26
111 81
111 100
111 107
111 108
111 31
111 37
111 67
111 92
111 124
111 129
111 132
111 133
111 136
111 137
111 145
111 154
111 159
111 172
111 193
111 204
111 206
111 208
111 221
111 226
124 26
124 51
124 81
124 107
124 31
124 37
124 129
124 133
124 136
124 137
124 139
124 145
124 154
124 159
124 165
124 172
124 190
124 209
124 221
129 26
129 51
129 81
129 100
129 107
129 116
129 2
129 75
129 110
129 130
129 132
129 133
129 136
129 137
129 139
129 145
129 152
129 153
129 154
129 172
129 186
129 204
129 208
129 215
129 221
129 226
132 26
132 51
132 81
132 100
132 107
132 68
132 75
132 102
132 133
132 136
132 137
132 139
132 154
132 159
132 172
132 189
132 204
132 206
132 208
132 215
132 221
132 226
136 26
136 51
136 81
136 133
136 50
136 75
136 102
136 105
136 115
136 130
136 137
136 139
136 145
136 159
136 163
136 164
136 165
136 174
136 193
136 200
136 204
136 213
136 215
136 221
136 226
139 51
139 107
139 133
139 17
139 50
139 68
139 102
139 159
139 165
139 172
139 175
139 200
139 204
139 208
139 226
145 26
145 81
145 100
145 107
145 116
145 137
145 89
145 92
145 102
145 122
145 154
145 159
145 165
145 166
145 172
145 197
145 204
145 206
145 215
145 218
145 221
145 226
154 107
154 108
154 116
154 17
154 36
154 53
154 55
154 77
154 83
154 89
154 92
154 115
154 130
154 144
154 157
154 160
154 163
154 166
154 169
154 170
154 174
154 175
154 178
154 184
154 187
154 189
154 193
154 197
154 200
154 202
154 205
154 208
154 212
154 218
154 221
154 224
154 226
154 227
159 26
159 107
159 116
159 133
159 31
159 50
159 112
159 167
159 172
159 174
159 204
159 208
159 213
159 216
159 226
172 26
172 51
172 81
172 107
172 38
172 50
172 64
172 75
172 102
172 105
172 106
172 168
172 193
172 202
172 204
172 208
172 214
172 215
172 221
172 224
172 225
172 226
204 51
204 81
204 100
204 107
204 116
204 133
204 137
204 165
204 9
204 31
204 37
204 45
204 65
204 75
204 102
204 150
204 153
204 155
204 162
204 164
204 168
204 174
204 176
204 178
204 186
204 193
204 202
204 208
204 210
204 213
204 215
204 221
204 226
208 26
208 81
208 100
208 107
208 116
208 133
208 165
208 10
208 31
208 193
208 215
215 26
215 100
215 107
215 137
215 165
215 102
215 153
215 168
215 186
215 226
226 26
226 81
226 107
226 137
226 165
226 13
226 31
226 37
226 75
226 91
226 109
226 115
226 168
226 200
226 213
226 223
7 10
7 23
7 24
7 25
7 29
7 42
7 44
7 49
7 60
7 62
7 66
7 97
7 106
7 114
7 147
7 150
7 164
7 181
7 195
7 198
7 217
10 165
10 1
10 4
10 19
10 22
10 23
10 24
10 29
10 32
10 42
10 44
10 49
10 66
10 70
10 78
10 97
10 119
10 142
10 150
10 160
10 162
10 163
10 179
10 181
10 189
10 195
10 198
10 199
10 203
10 205
10 206
10 216
10 219
23 1
23 4
23 19
23 5
23 13
23 24
23 25
23 32
23 42
23 43
23 44
23 45
23 49
23 58
23 60
23 62
23 66
23 70
23 72
23 82
23 85
23 97
23 106
23 119
23 122
23 142
23 144
23 147
23 150
23 158
23 160
23 162
23 176
23 179
23 181
23 184
23 190
23 194
23 195
23 196
23 197
23 199
23 203
23 205
23 219
24 1
24 4
24 19
24 22
24 25
24 42
24 49
24 60
24 66
24 78
24 97
24 106
24 142
24 150
24 181
24 195
24 203
24 205
24 219
25 100
25 4
25 5
25 44
25 49
25 62
25 66
25 77
25 78
25 96
25 101
25 106
25 119
25 142
25 147
25 181
25 195
25 199
25 203
25 217
25 219
25 222
29 100
29 4
29 19
29 22
29 5
29 44
29 49
29 60
29 62
29 64
29 66
29 77
29 101
29 106
29 119
29 142
29 147
29 173
29 195
29 199
29 202
29 203
29 217
29 219
29 222
42 1
42 4
42 22
42 32
42 11
42 34
42 49
42 60
42 78
42 82
42 85
42 106
42 119
42 123
42 142
42 181
42 199
42 203
42 205
42 219
44 22
44 60
44 62
44 66
44 78
44 106
44 123
44 142
44 181
44 198
44 203
49 1
49 4
49 19
49 22
49 32
49 62
49 66
49 78
49 106
49 117
49 119
49 142
49 147
49 150
49 163
49 181
49 195
49 198
49 199
49 203
49 205
49 217
49 219
60 107
60 1
60 19
60 32
60 13
60 36
60 78
60 97
60 98
60 104
60 117
60 121
60 142
60 147
60 150
60 152
60 173
60 186
60 193
60 195
60 197
60 199
60 201
60 203
60 205
60 216
60 217
60 219
62 1
62 19
62 22
62 66
62 78
62 87
62 97
62 106
62 114
62 142
62 150
62 181
62 195
62 198
62 199
62 203
66 107
66 1
66 4
66 22
66 32
66 36
66 83
66 97
66 98
66 104
66 106
66 115
66 119
66 142
66 147
66 150
66 181
66 195
66 199
66 203
66 205
66 217
66 219
97 4
97 22
97 13
97 89
97 98
97 106
97 117
97 119
97 147
97 181
97 198
97 199
97 203
97 205
97 217
97 219
106 19
106 22
106 32
106 31
106 117
106 119
106 142
106 147
106 150
106 181
106 190
106 195
106 199
106 203
106 219
106 222
114 4
114 32
114 123
114 150
114 173
114 181
114 205
114 65
114 91
114 134
114 218
114 11
114 34
114 87
114 13
114 28
114 30
114 36
114 56
114 64
114 70
114 82
114 85
114 90
114 96
114 118
114 158
114 190
114 196
114 222
147 1
147 19
147 11
147 70
147 190
147 195
147 203
147 217
147 219
150 1
150 4
150 19
150 32
150 78
150 123
150 3
150 31
150 85
150 122
150 173
150 174
150 179
150 181
150 186
150 195
150 199
150 209
150 217
150 218
150 219
150 222
164 108
164 205
164 21
164 87
164 144
164 8
164 40
164 52
164 57
164 63
164 67
164 69
164 74
164 84
164 86
164 88
164 95
164 96
164 113
164 115
164 125
164 148
164 149
164 151
164 152
164 156
164 157
164 170
164 183
164 185
164 201
164 212
164 214
164 222
181 1
181 4
181 19
181 78
181 119
181 142
181 3
181 31
181 70
181 117
181 168
181 195
181 198
181 199
181 203
181 217
181 219
195 116
195 4
195 19
195 22
195 32
195 142
195 199
195 203
195 217
195 219
195 50
195 184
195 98
195 190
198 1
198 142
217 81
217 107
217 1
217 4
217 19
217 78
217 142
217 203
217 36
217 50
217 80
217 98
217 196
217 219
2 137
2 31
2 50
2 65
2 83
2 89
2 130
2 138
2 153
2 168
2 174
2 178
2 186
2 187
2 197
2 223
2 225
4 51
4 19
4 21
4 22
4 32
4 34
4 73
4 78
4 87
4 99
4 117
4 119
4 142
4 144
4 162
4 169
4 174
4 177
4 197
4 199
4 203
4 205
4 209
4 219
4 222
4 225
4 227
51 50
51 68
51 75
51 78
51 81
51 99
51 100
51 107
51 115
51 116
51 119
51 130
51 133
51 157
51 165
51 216
75 81
75 116
75 133
75 221
75 134
75 144
75 227
75 68
75 115
81 26
81 11
81 31
81 50
81 91
81 100
81 103
81 107
81 133
81 137
81 152
81 165
81 166
81 221
102 100
102 116
102 165
102 50
102 83
102 174
102 223
102 216
102 11
102 73
102 222
102 112
102 37
102 191
102 214
102 64
107 100
107 20
107 22
107 36
107 43
107 67
107 68
107 78
107 83
107 94
107 95
107 105
107 110
107 142
107 162
107 165
107 168
107 174
107 176
107 197
115 26
115 133
115 165
115 205
115 31
115 174
115 186
115 197
115 167
115 216
115 73
115 144
115 212
115 12
115 35
115 163
115 196
115 53
115 77
115 152
115 175
115 192
115 193
115 202
115 213
115 224
133 26
133 165
133 202
133 221
137 89
137 165
137 221
153 31
153 110
153 163
153 168
153 186
153 193
153 202
153 213
163 174
163 187
163 197
163 225
163 194
163 17
163 152
163 175
163 189
163 193
163 200
163 213
165 26
165 100
165 33
165 50
165 54
165 86
165 156
165 162
165 189
165 193
165 196
165 209
165 221
165 224
165 227
219 1
219 19
219 22
219 32
219 78
219 142
219 173
219 199
219 203
219 205
219 36
219 96
219 98
219 162
221 26
221 100
221 15
221 37
221 93
221 130
221 202
221 206
26 27
26 55
26 68
27 21
27 144
27 6
27 37
27 48
27 55
27 76
27 80
27 86
27 92
27 128
27 131
27 140
27 143
27 207
55 31
55 89
55 187
55 197
55 194
55 216
55 189
55 94
55 196
55 200
55 224
55 53
55 74
55 175
68 116
68 122
68 34
68 5
100 43
100 77
100 162
100 222
116 72
116 177
183 108
183 73
183 121
183 144
183 112
183 6
183 37
183 48
183 54
183 67
183 76
183 80
183 96
183 103
183 146
183 182
183 9
183 101
183 126
183 188
183 191
183 207
50 203
50 31
50 5
50 8
50 15
50 53
50 64
50 72
50 83
50 105
50 110
50 130
50 138
50 174
50 176
50 180
50 189
50 216
50 223
78 19
78 117
78 119
78 122
78 199
78 203
99 108
99 176
99 216
99 21
99 20
99 33
99 38
99 43
99 46
99 61
99 63
99 67
99 69
99 80
99 113
99 118
99 120
99 140
99 144
99 149
99 151
99 162
99 185
99 188
99 192
99 211
99 214
99 220
99 227
119 32
119 13
119 28
119 34
119 70
119 85
119 110
119 142
119 173
119 190
119 199
119 203
119 205
119 218
130 16
130 31
130 83
130 70
130 141
130 174
130 193
130 213
130 223
130 225
157 176
157 216
157 109
157 156
157 214
157 101
157 211
157 110
157 15
157 38
157 46
157 61
157 63
157 185
216 3
216 127
216 166
216 167
216 176
216 177
216 184
216 194
216 206
216 5
216 58
216 72
216 96
216 148
216 160
216 169
216 179
216 218
65 205
65 16
65 31
65 37
65 83
65 168
65 210
65 224
65 225
73 6
73 9
73 13
73 14
73 37
73 40
73 48
73 54
73 67
73 76
73 80
73 86
73 92
73 95
73 96
73 101
73 103
73 112
73 118
73 126
73 131
73 143
73 146
73 155
73 182
73 188
73 191
73 201
73 211
73 220
73 227
84 37
84 76
84 92
84 103
84 182
84 212
84 8
84 12
84 41
84 57
84 156
84 170
84 192
84 201
84 214
105 83
105 168
105 187
105 197
105 223
105 225
105 134
105 67
141 138
141 174
141 155
166 127
166 35
166 67
166 87
166 160
166 169
166 177
166 180
166 184
166 189
166 194
166 206
166 218
185 162
185 67
185 69
185 96
185 140
185 109
185 149
185 120
185 38
185 46
185 61
185 63
185 192
185 220
193 89
193 168
193 174
193 187
193 122
193 176
193 177
193 194
193 218
193 58
193 112
193 93
193 95
193 126
193 211
193 224
193 17
193 53
193 152
193 175
193 77
193 213
223 83
223 174
225 31
225 168
225 174
225 187
225 197
225 9
225 17
225 53
225 189
225 213
108 9
108 20
108 21
108 35
108 37
108 48
108 52
108 54
108 67
108 76
108 80
108 86
108 94
108 103
108 104
108 112
108 118
108 120
108 121
108 125
108 126
108 128
108 131
108 143
108 144
108 146
108 156
108 170
108 188
108 191
108 212
108 227
138 16
138 83
138 174
138 197
213 31
213 89
213 168
213 187
213 189
213 224
213 17
213 53
213 202
224 32
224 142
224 199
224 16
224 31
224 89
224 174
224 187
224 184
224 37
224 67
224 96
224 189
224 200
224 77
224 152
11 123
11 173
11 91
11 206
11 218
11 13
11 34
11 40
11 64
11 70
11 71
11 87
11 90
11 117
11 118
11 135
11 171
11 190
11 196
11 209
11 222
31 9
31 21
31 34
31 36
31 53
31 64
31 70
31 72
31 77
31 89
31 121
31 135
31 170
31 174
31 175
31 176
31 177
31 186
31 187
31 189
31 197
31 202
31 209
31 211
91 123
91 173
91 203
91 13
91 28
91 30
91 34
91 56
91 70
91 71
91 85
91 87
91 90
91 94
91 110
91 113
91 135
91 146
91 171
91 196
91 209
91 222
103 144
103 227
103 112
103 6
103 14
103 37
103 48
103 54
103 76
103 80
103 8
103 61
103 101
103 104
103 118
103 128
103 146
103 155
103 207
103 211
152 89
152 186
152 197
152 17
152 53
152 202
43 162
43 37
43 80
43 143
43 86
43 113
43 214
43 56
43 120
43 15
43 20
43 33
43 46
43 61
43 63
43 72
77 175
162 205
162 197
162 21
162 33
162 37
162 61
162 67
162 72
162 96
162 109
162 113
162 120
162 126
162 148
162 149
162 189
162 190
162 192
162 201
162 211
162 214
222 123
222 173
222 205
222 122
222 34
222 87
222 28
222 36
222 70
222 71
222 94
222 110
222 135
222 171
222 190
222 196
222 202
20 158
20 37
20 67
20 69
20 96
20 128
20 151
20 191
20 109
20 113
20 149
20 214
20 211
20 120
20 15
20 33
20 38
20 61
20 63
20 220
22 1
22 5
22 32
22 104
22 142
22 160
22 174
22 203
22 205
36 123
36 173
36 34
36 87
36 158
36 5
36 13
36 30
36 56
36 58
36 64
36 70
36 71
36 94
36 96
36 110
36 135
36 170
36 171
36 190
36 196
36 212
67 134
67 21
67 121
67 144
67 112
67 6
67 14
67 37
67 48
67 54
67 9
67 15
67 17
67 35
67 38
67 76
67 80
67 86
67 92
67 94
67 101
67 104
67 110
67 120
67 128
67 131
67 140
67 143
67 148
67 156
67 170
67 189
67 191
67 201
67 202
83 174
83 197
94 123
94 173
94 34
94 87
94 158
94 209
94 70
94 37
94 92
94 143
94 155
94 190
94 148
94 170
94 126
94 13
94 28
94 30
94 56
94 64
94 71
94 82
94 38
94 110
94 135
94 196
95 112
95 182
95 188
95 8
95 12
95 35
95 88
95 93
95 52
95 74
95 113
95 148
95 156
95 170
95 192
95 201
110 123
110 34
110 158
110 70
110 13
110 28
110 56
110 64
110 82
110 85
110 90
110 135
110 196
142 1
142 19
142 32
142 86
142 117
142 199
142 205
168 96
168 134
168 174
168 186
168 227
174 203
174 16
174 89
174 5
174 8
174 12
174 17
174 80
174 122
174 155
174 178
174 187
174 189
174 197
176 203
176 178
176 186
176 3
176 122
176 127
176 167
176 5
176 21
176 45
176 158
176 160
176 180
176 182
176 184
176 202
176 206
176 218
197 199
197 205
197 186
197 17
197 53
197 175
197 189
197 200
197 202
9 21
9 121
9 144
9 227
9 112
9 14
9 37
9 48
9 76
9 80
9 92
9 96
9 140
9 182
9 191
9 212
9 40
9 86
9 101
9 126
9 211
21 6
21 14
21 15
21 37
21 40
21 48
21 54
21 57
21 76
21 80
21 86
21 96
21 104
21 109
21 112
21 117
21 121
21 128
21 143
21 144
21 148
21 182
21 189
21 191
21 207
21 214
21 227
35 8
35 40
35 57
35 74
35 85
35 93
35 113
35 125
35 156
35 201
37 121
37 144
37 158
37 227
37 45
37 6
37 14
37 12
37 17
37 38
37 40
37 48
37 54
37 76
37 86
37 92
37 96
37 101
37 104
37 118
37 120
37 125
37 126
37 128
37 131
37 140
37 143
37 146
37 148
37 151
37 155
37 170
37 189
37 191
37 202
37 207
37 211
37 212
37 214
48 227
48 112
48 14
48 54
48 69
48 76
48 92
48 104
48 118
48 120
48 125
48 126
48 128
48 140
48 143
48 146
48 151
48 182
48 207
48 211
52 212
52 12
52 40
52 57
52 109
52 125
52 38
52 74
54 144
54 227
54 112
54 6
54 14
54 38
54 76
54 80
54 86
54 92
54 96
54 101
54 104
54 118
54 126
54 131
54 140
54 143
54 155
54 182
54 188
54 207
76 121
76 144
76 227
76 6
76 40
76 80
76 92
76 101
76 125
76 126
76 128
76 131
76 140
76 146
76 182
76 188
76 191
76 207
80 218
80 121
80 144
80 227
80 112
80 6
80 15
80 57
80 71
80 96
80 109
80 126
80 128
80 143
80 146
80 155
80 182
80 191
80 207
86 144
86 227
86 14
86 96
86 104
86 118
86 128
86 131
86 140
86 143
86 146
86 188
86 191
86 207
86 57
86 46
86 61
86 63
86 101
86 113
86 126
86 156
86 211
104 121
104 144
104 227
104 6
104 14
104 69
104 92
104 118
104 128
104 140
104 143
104 155
104 191
104 207
112 186
112 144
112 227
112 14
112 17
112 56
112 96
112 101
112 125
112 126
112 128
112 131
112 140
112 182
112 191
112 201
112 202
112 207
118 32
118 6
118 14
118 96
118 120
118 128
118 140
118 143
118 146
118 148
120 144
120 227
120 14
120 69
120 140
120 143
120 207
120 113
120 149
120 214
120 211
120 15
120 33
120 38
120 46
120 63
120 192
121 117
121 14
121 40
121 57
121 92
121 96
121 109
121 113
121 144
121 146
125 96
125 151
125 212
125 8
125 12
125 40
125 41
125 57
125 88
125 93
125 148
125 156
125 170
125 175
125 192
125 201
126 134
126 167
126 14
126 96
126 128
126 131
126 140
126 146
126 155
126 182
126 191
126 207
126 170
126 101
126 189
128 144
128 227
128 45
128 6
128 96
128 61
128 101
128 131
128 140
128 146
128 155
128 182
128 188
128 191
128 207
131 144
131 6
131 14
131 92
131 96
131 140
131 143
131 146
131 155
131 207
143 6
143 92
143 96
143 140
143 61
143 109
143 146
143 155
143 156
143 170
143 182
143 188
143 191
143 207
144 184
144 69
144 72
144 96
144 140
144 188
144 202
146 227
146 14
146 92
146 96
146 140
146 155
146 207
156 167
156 96
156 182
156 212
156 8
156 12
156 57
156 93
156 109
156 113
156 148
156 63
156 170
156 201
156 211
170 227
170 212
170 8
170 40
170 57
170 88
170 148
170 38
188 227
188 6
188 14
188 96
188 140
188 155
188 182
188 41
188 101
188 109
188 207
191 227
191 6
191 14
191 96
191 140
191 155
191 8
191 40
191 101
191 211
212 227
212 6
212 155
212 8
212 12
212 41
212 57
212 74
212 88
212 93
212 175
212 201
227 218
227 6
227 15
227 38
227 69
227 72
227 85
227 96
227 140
227 155
227 180
227 192
92 6
92 101
92 140
92 148
92 207
92 211
206 203
206 178
206 3
206 177
206 194
206 5
206 45
206 160
206 161
206 179
206 180
206 211
206 218
72 140
72 113
72 15
72 33
72 63
72 192
177 178
177 3
177 122
177 167
177 5
177 58
177 101
177 160
177 184
177 194
177 218
190 117
190 209
190 70
190 13
190 28
190 30
190 85
190 135
190 196
190 211
209 32
209 123
209 122
209 34
209 87
209 158
209 13
209 28
209 30
209 70
209 71
209 82
209 90
209 135
209 196
186 89
186 17
186 134
186 175
186 187
186 202
189 32
189 89
189 87
189 214
189 17
189 53
189 175
189 200
202 89
202 187
202 58
202 56
202 200
202 17
202 53
202 175
200 16
200 89
200 187
200 15
200 17
200 175
89 53
89 175
89 178
89 187
17 32
17 187
17 40
17 53
175 187
122 178
122 5
122 30
122 40
122 69
122 134
122 160
122 167
122 169
122 179
122 184
122 194
218 199
218 203
218 178
218 3
218 134
218 167
218 5
218 45
218 135
218 160
218 161
218 169
218 171
218 179
218 180
218 214
53 187
160 178
160 134
160 184
160 194
160 169
160 45
160 58
160 179
160 180
160 85
169 178
169 127
169 167
169 45
169 161
169 180
178 3
178 5
178 45
178 161
178 167
178 179
178 180
178 184
178 194
178 196
184 19
184 127
184 134
184 167
184 5
184 45
184 98
184 179
184 180
187 93
187 207
205 1
205 19
205 32
205 173
205 199
205 96
205 117
167 134
167 45
167 85
167 161
167 179
167 180
33 113
33 149
33 211
33 15
33 63
196 123
196 173
196 34
196 87
196 158
196 13
196 28
196 30
196 56
196 64
196 71
196 82
196 135
38 70
38 69
38 140
38 151
38 109
38 113
38 201
38 214
38 211
38 135
38 15
38 46
38 61
38 63
38 192
38 220
64 123
64 173
64 87
64 158
64 70
64 30
64 85
64 135
64 171
214 123
214 173
214 70
214 69
214 140
214 151
214 8
214 109
214 113
214 15
214 46
214 61
214 63
214 192
214 211
214 220
45 134
45 194
45 179
155 6
155 14
155 69
155 96
155 140
155 182
155 207
210 19
210 16
15 69
15 151
15 109
15 113
15 148
15 211
15 61
15 63
93 8
93 12
93 40
93 57
93 74
93 201
13 34
13 87
13 70
13 28
13 30
13 71
13 85
13 135
13 171
109 69
109 151
109 182
109 8
109 40
109 57
109 63
109 113
109 192
109 211
109 220
1 19
1 32
1 123
1 203
19 98
19 117
19 199
19 203
32 14
32 117
32 140
123 28
123 30
123 56
123 70
123 71
123 82
123 85
123 90
123 135
123 149
123 158
123 171
123 173
203 173
203 5
203 58
203 98
203 117
34 134
34 28
34 70
34 71
34 82
34 85
34 87
34 90
34 171
87 173
87 28
87 70
87 71
87 82
87 135
87 171
117 199
199 5
70 173
70 5
70 58
70 28
70 56
70 57
70 71
70 82
70 85
70 171
179 134
179 194
179 5
179 58
5 194
5 161
82 173
82 28
82 30
82 56
82 85
82 90
82 135
85 173
85 158
85 28
85 30
85 56
85 71
85 90
85 135
158 173
158 30
158 149
194 3
194 127
194 161
194 180
96 6
96 14
96 30
96 88
96 101
96 149
96 182
96 207
101 182
101 207
101 192
173 30
173 56
173 71
173 90
173 135
173 171
14 6
14 140
14 182
14 207
140 6
140 69
140 113
140 151
140 182
140 192
140 201
140 207
140 220
201 12
201 40
201 41
201 57
201 88
28 30
28 56
28 90
28 135
30 88
30 56
30 171
56 71
56 135
56 171
71 171
90 135
90 171
135 171
149 207
149 8
149 113
149 74
149 220
171 134
3 127
3 134
16 8
8 12
8 40
8 41
8 57
8 88
8 113
8 148
211 151
211 40
211 46
211 61
134 69
12 40
12 57
207 6
207 182
113 151
113 40
113 57
113 46
113 63
40 57
40 74
69 6
69 46
69 151
69 192
182 192
148 57
148 88
6 151
57 41
57 46
57 88
57 220
220 151
220 63
46 61
46 63
46 192
63 151
63 88
63 192
151 192
192 74
74 41
88 41
