699
30
897
791
288
71
806
90
88
730
154
999
362
196
122
16
670
187
757
338
787
14
382
638
889
645
835
366
233
732
912
193
459
54
636
820
528
82
371
381
34
87
691
353
343
641
295
735
998
120
442
712
393
20
805
95
119
73
940
932
423
191
615
15
253
357
828
348
278
194
96
269
224
892
601
270
375
742
329
877
299
171
480
664
839
460
164
672
256
272
911
503
114
561
548
326
676
465
147
558
500
321
833
594
959
334
274
453
705
234
223
287
57
502
105
346
4
231
785
722
143
267
75
680
457
850
540
226
374
556
618
332
686
51
327
545
351
737
587
650
86
745
859
24
580
83
100
398
586
790
648
759
394
446
870
520
728
112
583
227
448
6
241
40
776
145
324
498
364
482
153
369
9
687
982
210
582
318
260
625
437
771
107
103
879
183
276
80
986
989
519
522
854
225
829
133
169
132
660
422
740
170
517
802
692
463
708
372
838
984
876
800
157
869
613
297
202
667
773
647
491
575
110
894
360
804
710
718
595
27
751
320
296
501
704
355
461
358
285
763
68
552
206
406
265
832
279
881
126
306
65
873
817
726
386
404
590
1003
368
884
178
392
916
485
407
76
860
413
909
128
415
910
724
436
665
856
92
385
125
779
311
711
129
492
214
425
885
139
420
190
738
246
94
78
182
316
7
956
56
361
631
913
44
585
181
637
335
634
389
966
849
490
367
312
266
504
175
462
563
115
445
723
200
709
896
919
823
858
681
741
165
23
184
784
19
861
555
189
431
675
644
827
397
983
52
871
970
396
880
846
207
106
694
255
28
525
262
452
547
22
508
578
581
240
268
510
663
244
584
679
893
26
41
533
783
688
74
668
750
486
66
136
249
842
277
412
554
93
950
64
450
756
541
566
624
476
537
617
308
988
373
47
494
782
98
862
754
697
521
330
102
505
652
401
813
822
571
387
458
247
111
310
717
48
403
185
197
874
43
236
337
685
734
213
693
526
915
698
17
891
426
146
951
469
315
307
300
1001
905
939
359
809
642
347
250
609
623
781
470
309
943
137
429
451
509
830
205
161
596
35
866
786
810
261
605
495
821
428
758
219
298
405
696
447
29
248
481
388
339
89
158
715
567
553
658
487
493
872
215
841
703
815
349
179
477
201
113
488
743
921
752
865
264
607
793
610
243
700
649
513
443
356
58
772
365
727
173
497
259
252
77
621
166
565
395
319
733
944
444
864
987
629
646
91
653
531
209
174
50
289
328
900
514
199
163
434
518
789
5
868
336
591
303
427
619
263
208
746
479
140
612
245
731
33
464
635
417
275
478
599
167
156
141
530
661
45
180
468
917
690
633
101
507
325
409
53
127
992
148
677
666
886
736
579
138
99
204
564
79
588
768
952
81
808
333
713
577
608
778
221
576
345
317
402
251
640
273
669
399
954
947
546
803
149
524
439
795
152
628
837
760
342
682
222
192
657
748
237
232
218
780
963
606
600
969
719
863
958
104
689
172
354
400
286
788
230
217
370
168
592
391
383
855
656
611
499
796
293
25
549
562
662
305
655
97
674
466
121
620
430
155
271
290
551
352
714
134
471
474
627
467
516
