0 437
0 525
0 527
437 239
437 525
437 661
525 239
525 442
525 527
527 390
527 442
239 191
239 198
239 379
239 390
239 472
239 495
239 661
191 379
191 472
191 495
198 93
198 94
198 113
198 263
198 283
198 288
198 338
198 513
198 620
198 638
198 701
198 562
198 592
198 455
198 202
198 19
198 20
198 38
198 68
198 120
198 130
198 138
198 152
198 158
198 200
198 205
198 219
198 220
198 224
198 241
198 255
198 262
198 264
198 291
198 311
198 317
198 324
198 367
198 373
198 384
198 419
198 424
198 443
198 444
198 485
198 494
198 498
198 516
198 521
198 533
198 534
198 548
198 569
198 570
198 575
198 579
198 582
198 587
198 614
198 616
198 649
198 671
198 693
379 692
379 495
379 509
390 690
390 383
390 550
495 268
661 275
661 134
661 235
661 290
1 33
1 140
1 146
1 151
1 195
1 240
1 250
1 258
1 284
1 376
1 380
1 469
1 484
1 490
33 140
33 146
33 195
33 240
33 258
33 284
33 376
33 380
33 469
33 484
33 490
140 136
140 146
140 195
140 240
140 250
140 258
140 284
140 376
140 380
140 469
140 484
140 490
146 195
146 240
146 250
146 258
146 284
146 376
146 380
146 469
146 484
146 490
151 380
151 469
151 484
195 240
195 250
195 258
195 284
195 376
195 380
195 469
195 484
195 490
240 250
240 258
240 284
240 376
240 380
240 469
240 484
240 490
250 136
250 258
250 284
250 376
250 380
250 469
250 484
250 490
258 284
258 376
258 380
258 469
258 484
284 136
284 376
284 380
284 469
284 484
284 490
376 380
376 469
376 490
380 469
380 484
380 490
469 484
469 490
484 490
490 117
490 166
490 212
490 272
490 491
490 507
490 648
136 288
136 701
136 458
136 335
136 692
117 20
117 144
117 196
117 401
117 423
117 526
117 533
117 547
117 572
117 578
117 622
117 40
117 160
117 161
117 171
117 177
117 187
117 200
117 201
117 266
117 276
117 296
117 306
117 320
117 356
117 387
117 410
117 466
117 528
117 530
117 535
117 606
117 612
117 648
117 667
166 212
166 491
166 507
212 648
212 272
212 491
212 507
491 541
491 701
491 518
491 673
491 695
648 161
648 466
648 187
648 197
648 276
648 410
648 530
648 266
648 667
2 99
2 307
99 54
99 67
99 126
99 184
99 305
99 307
99 396
99 474
99 480
99 502
307 305
54 225
67 305
67 396
67 126
67 184
67 392
67 474
67 502
67 539
126 396
126 392
126 474
126 502
126 539
184 305
184 396
305 249
305 347
305 396
305 480
396 504
396 683
396 9
396 347
396 46
396 72
396 110
396 115
396 193
396 237
396 293
396 415
396 446
396 480
396 563
396 607
396 608
396 617
396 628
396 643
396 647
396 686
396 694
474 392
480 215
480 589
480 659
502 539
3 5
3 199
3 344
3 584
5 60
5 199
5 247
5 344
5 568
5 595
199 12
199 23
199 60
199 89
199 278
199 293
199 299
199 344
199 428
199 482
199 563
199 568
199 584
199 595
344 60
344 247
344 568
344 595
584 12
584 23
584 230
584 355
584 563
584 568
584 634
584 683
60 89
60 568
60 595
60 691
247 482
247 595
568 89
568 563
568 573
568 595
12 15
12 229
12 278
12 299
12 428
12 438
12 573
12 683
12 55
12 230
12 333
12 477
12 532
12 563
12 580
12 590
23 683
23 89
23 355
23 431
23 634
89 17
89 69
89 98
89 116
89 172
89 441
89 558
89 691
278 7
278 15
278 27
278 41
278 182
278 229
278 230
278 299
278 371
278 389
278 428
278 438
278 543
278 556
278 563
278 573
278 604
278 663
293 504
293 683
293 563
293 580
293 46
293 119
293 227
293 237
293 281
293 72
293 84
293 87
293 115
293 193
293 369
293 415
293 446
293 529
293 594
293 608
293 617
293 628
293 640
293 647
293 686
299 7
299 428
299 438
299 532
299 563
299 573
299 580
299 683
428 7
428 15
428 41
428 182
428 229
428 371
428 389
428 438
428 543
428 556
428 563
428 573
428 604
428 663
482 407
563 15
563 229
563 371
563 389
563 438
563 573
563 683
563 477
563 532
563 70
563 580
230 229
230 55
230 532
230 580
230 634
355 194
355 256
355 431
355 451
355 457
355 634
355 650
355 654
634 431
683 7
683 573
683 627
4 111
4 483
111 375
111 483
483 375
483 252
483 532
483 580
252 532
252 580
532 229
532 573
532 477
532 580
580 229
580 573
580 55
691 17
691 69
691 98
691 116
691 172
691 429
691 441
691 558
691 585
573 7
573 15
573 27
573 41
573 182
573 229
573 371
573 389
573 438
573 543
573 556
573 287
573 604
573 663
6 25
6 91
6 93
6 94
6 107
6 113
6 135
6 149
6 156
6 167
6 207
6 226
6 263
6 283
6 288
6 336
6 338
6 352
6 362
6 365
6 386
6 400
6 405
6 412
6 413
6 435
6 468
6 496
6 513
6 541
6 576
6 620
6 638
6 670
6 675
6 681
6 697
6 701
25 94
25 107
25 135
25 138
25 149
25 156
25 167
25 207
25 226
25 263
25 283
25 336
25 338
25 352
25 362
25 386
25 400
25 403
25 413
25 414
25 435
25 458
25 493
25 631
25 670
25 680
25 681
25 697
91 36
91 38
91 52
91 90
91 93
91 94
91 100
91 107
91 113
91 130
91 135
91 152
91 156
91 158
91 164
91 167
91 202
91 207
91 208
91 219
91 224
91 233
91 236
91 245
91 255
91 263
91 264
91 283
91 288
91 300
91 326
91 336
91 338
91 340
91 352
91 362
91 365
91 367
91 373
91 386
91 400
91 412
91 413
91 432
91 435
91 443
91 444
91 456
91 458
91 468
91 476
91 493
91 496
91 513
91 516
91 519
91 521
91 534
91 541
91 562
91 576
91 587
91 609
91 638
91 653
91 670
91 675
91 680
91 681
91 697
91 701
93 52
93 94
93 107
93 113
93 135
93 137
93 156
93 158
93 167
93 202
93 207
93 219
93 226
93 241
93 264
93 288
93 300
93 311
93 336
93 338
93 341
93 362
93 365
93 367
93 373
93 386
93 400
93 403
93 412
93 413
93 424
93 435
93 443
93 458
93 468
93 485
93 493
93 496
93 510
93 513
93 533
93 534
93 576
93 587
93 610
93 616
93 620
93 638
93 675
93 680
93 681
93 697
93 701
94 38
94 52
94 107
94 113
94 135
94 138
94 149
94 156
94 158
94 164
94 167
94 202
94 207
94 219
94 233
94 236
94 241
94 251
94 263
94 264
94 283
94 288
94 311
94 318
94 336
94 338
94 352
94 362
94 373
94 378
94 386
94 400
94 403
94 412
94 413
94 435
94 456
94 458
94 493
94 496
94 513
94 516
94 519
94 533
94 548
94 575
94 576
94 610
94 638
94 642
94 669
94 670
94 675
94 680
94 681
94 697
94 701
107 36
107 44
107 52
107 66
107 113
107 120
107 130
107 135
107 138
107 149
107 152
107 156
107 158
107 167
107 202
107 205
107 207
107 219
107 226
107 233
107 241
107 251
107 263
107 264
107 283
107 288
107 300
107 311
107 318
107 326
107 338
107 340
107 352
107 362
107 365
107 367
107 373
107 386
107 400
107 412
107 413
107 424
107 432
107 435
107 444
107 456
107 458
107 468
107 485
107 493
107 496
107 513
107 519
107 533
107 541
107 548
107 559
107 562
107 570
107 576
107 592
107 610
107 620
107 638
107 642
107 653
107 669
107 670
107 675
107 680
107 681
107 697
107 700
113 29
113 36
113 52
113 68
113 100
113 125
113 130
113 135
113 137
113 138
113 149
113 152
113 156
113 158
113 164
113 167
113 202
113 207
113 208
113 219
113 226
113 241
113 251
113 255
113 263
113 283
113 288
113 291
113 311
113 318
113 336
113 338
113 340
113 362
113 365
113 367
113 373
113 374
113 386
113 400
113 403
113 405
113 413
113 424
113 435
113 443
113 456
113 458
113 468
113 476
113 485
113 493
113 496
113 510
113 513
113 516
113 519
113 533
113 534
113 541
113 551
113 562
113 576
113 579
113 592
113 600
113 609
113 610
113 638
113 642
113 653
113 669
113 670
113 675
113 680
113 681
113 693
113 697
113 701
135 130
135 138
135 149
135 156
135 167
135 202
135 207
135 226
135 263
135 264
135 283
135 288
135 336
135 340
135 352
135 386
135 400
135 403
135 412
135 413
135 435
135 458
135 470
135 493
135 496
135 513
135 541
135 576
135 631
135 670
135 675
135 680
135 681
135 697
135 701
149 130
149 167
149 226
149 263
149 264
149 338
149 340
149 352
149 362
149 386
149 413
149 435
149 470
149 493
149 513
149 657
149 670
149 675
156 130
156 138
156 207
156 226
156 241
156 263
156 283
156 288
156 336
156 338
156 340
156 341
156 352
156 373
156 386
156 400
156 403
156 413
156 414
156 435
156 458
156 468
156 493
156 496
156 513
156 519
156 533
156 541
156 576
156 631
156 638
156 670
156 675
156 680
156 681
156 697
156 701
167 36
167 52
167 130
167 138
167 158
167 202
167 207
167 219
167 224
167 226
167 233
167 236
167 241
167 245
167 263
167 264
167 283
167 286
167 288
167 300
167 311
167 318
167 336
167 338
167 340
167 341
167 352
167 362
167 365
167 367
167 373
167 386
167 400
167 403
167 405
167 412
167 413
167 414
167 424
167 432
167 435
167 443
167 456
167 458
167 468
167 470
167 493
167 496
167 510
167 513
167 519
167 533
167 534
167 541
167 570
167 575
167 576
167 579
167 592
167 609
167 610
167 620
167 638
167 642
167 653
167 669
167 670
167 675
167 680
167 681
167 697
167 701
207 36
207 44
207 52
207 66
207 130
207 138
207 152
207 158
207 202
207 208
207 219
207 241
207 255
207 263
207 264
207 283
207 288
207 300
207 311
207 318
207 336
207 340
207 352
207 362
207 365
207 373
207 374
207 400
207 403
207 405
207 412
207 413
207 414
207 424
207 432
207 435
207 456
207 458
207 468
207 476
207 493
207 513
207 519
207 533
207 541
207 559
207 576
207 592
207 601
207 610
207 620
207 638
207 642
207 653
207 669
207 672
207 675
207 680
207 681
207 697
207 701
226 130
226 138
226 202
226 241
226 255
226 263
226 264
226 283
226 288
226 318
226 338
226 352
226 362
226 365
226 378
226 386
226 400
226 403
226 412
226 413
226 424
226 435
226 443
226 458
226 493
226 496
226 513
226 519
226 541
226 576
226 620
226 669
226 670
226 675
226 680
226 681
226 697
226 701
263 36
263 52
263 100
263 130
263 138
263 158
263 202
263 205
263 208
263 219
263 241
263 255
263 264
263 283
263 288
263 300
263 311
263 318
263 338
263 352
263 362
263 365
263 373
263 386
263 400
263 403
263 412
263 413
263 424
263 435
263 456
263 458
263 468
263 485
263 493
263 512
263 513
263 519
263 533
263 534
263 541
263 576
263 610
263 620
263 638
263 642
263 653
263 669
263 670
263 675
263 680
263 681
263 697
263 701
283 28
283 36
283 38
283 52
283 66
283 90
283 125
283 130
283 133
283 137
283 138
283 158
283 202
283 205
283 208
283 219
283 220
283 224
283 233
283 241
283 245
283 255
283 264
283 288
283 291
283 300
283 311
283 317
283 318
283 336
283 340
283 341
283 348
283 349
283 352
283 362
283 365
283 367
283 373
283 374
283 378
283 384
283 386
283 400
283 403
283 412
283 413
283 419
283 424
283 432
283 435
283 443
283 444
283 455
283 456
283 458
283 468
283 485
283 493
283 496
283 498
283 516
283 519
283 521
283 533
283 534
283 536
283 541
283 548
283 569
283 570
283 576
283 579
283 582
283 587
283 592
283 609
283 610
283 614
283 620
283 638
283 642
283 652
283 653
283 669
283 670
283 671
283 675
283 680
283 681
283 697
283 701
288 19
288 28
288 36
288 38
288 44
288 100
288 109
288 120
288 125
288 130
288 133
288 138
288 152
288 158
288 202
288 205
288 208
288 219
288 220
288 224
288 233
288 234
288 236
288 241
288 245
288 255
288 256
288 264
288 291
288 300
288 311
288 317
288 318
288 326
288 336
288 338
288 340
288 341
288 352
288 365
288 373
288 374
288 386
288 400
288 411
288 413
288 419
288 424
288 432
288 435
288 443
288 444
288 455
288 456
288 458
288 468
288 485
288 492
288 493
288 496
288 498
288 501
288 513
288 516
288 519
288 521
288 533
288 534
288 536
288 548
288 559
288 562
288 569
288 570
288 575
288 576
288 579
288 582
288 587
288 592
288 609
288 614
288 616
288 620
288 638
288 642
288 649
288 652
288 653
288 656
288 669
288 670
288 671
288 672
288 674
288 675
288 680
288 681
288 693
288 697
288 701
336 36
336 52
336 130
336 158
336 202
336 219
336 241
336 255
336 300
336 311
336 318
336 338
336 352
336 362
336 365
336 373
336 386
336 400
336 403
336 405
336 412
336 413
336 424
336 435
336 456
336 458
336 468
336 493
336 496
336 513
336 519
336 533
336 541
336 576
336 610
336 638
336 653
336 669
336 670
336 675
336 680
336 681
336 697
336 701
338 29
338 36
338 38
338 52
338 138
338 202
338 205
338 208
338 219
338 224
338 234
338 241
338 251
338 255
338 300
338 311
338 318
338 340
338 352
338 362
338 365
338 367
338 373
338 386
338 400
338 403
338 405
338 412
338 413
338 414
338 435
338 443
338 444
338 455
338 456
338 458
338 468
338 476
338 485
338 493
338 496
338 510
338 513
338 519
338 521
338 533
338 541
338 576
338 582
338 592
338 609
338 610
338 620
338 638
338 642
338 653
338 669
338 670
338 675
338 681
338 697
338 701
352 90
352 130
352 255
352 264
352 362
352 365
352 373
352 386
352 400
352 403
352 412
352 413
352 414
352 424
352 435
352 458
352 470
352 493
352 496
352 513
352 519
352 541
352 576
352 620
352 631
352 670
352 675
352 680
352 681
352 697
352 701
362 138
362 158
362 202
362 208
362 219
362 241
362 255
362 264
362 318
362 340
362 365
362 386
362 400
362 403
362 405
362 412
362 413
362 458
362 468
362 493
362 496
362 513
362 519
362 541
362 576
362 601
362 620
362 642
362 669
362 675
362 680
362 697
362 701
365 36
365 52
365 100
365 130
365 137
365 138
365 152
365 158
365 202
365 208
365 219
365 241
365 251
365 255
365 264
365 273
365 300
365 318
365 340
365 373
365 374
365 386
365 400
365 405
365 412
365 413
365 414
365 424
365 435
365 443
365 458
365 468
365 476
365 493
365 496
365 510
365 513
365 519
365 541
365 559
365 562
365 576
365 610
365 620
365 638
365 653
365 669
365 670
365 675
365 680
365 697
365 701
386 24
386 36
386 52
386 137
386 138
386 158
386 202
386 219
386 241
386 251
386 255
386 264
386 300
386 318
386 340
386 373
386 400
386 403
386 412
386 413
386 414
386 435
386 456
386 458
386 468
386 493
386 496
386 513
386 519
386 533
386 576
386 601
386 609
386 610
386 620
386 642
386 653
386 669
386 675
386 681
386 697
386 701
400 36
400 38
400 52
400 66
400 68
400 125
400 130
400 138
400 158
400 202
400 205
400 208
400 241
400 251
400 255
400 264
400 291
400 300
400 311
400 318
400 340
400 373
400 374
400 403
400 405
400 412
400 413
400 424
400 443
400 456
400 458
400 468
400 470
400 476
400 485
400 493
400 496
400 510
400 513
400 521
400 533
400 534
400 541
400 576
400 592
400 609
400 610
400 620
400 638
400 642
400 653
400 669
400 670
400 675
400 680
400 681
400 693
400 697
400 701
405 403
405 541
405 576
405 620
405 670
405 681
405 701
412 44
412 52
412 66
412 100
412 125
412 130
412 138
412 158
412 202
412 219
412 241
412 255
412 264
412 311
412 318
412 340
412 373
412 413
412 424
412 435
412 443
412 444
412 456
412 468
412 485
412 493
412 496
412 513
412 519
412 521
412 533
412 534
412 541
412 575
412 576
412 579
412 592
412 609
412 620
412 638
412 642
412 653
412 669
412 670
412 675
412 680
412 681
412 693
412 697
412 701
413 24
413 36
413 52
413 100
413 130
413 138
413 158
413 164
413 202
413 208
413 219
413 241
413 251
413 255
413 264
413 300
413 311
413 318
413 340
413 373
413 403
413 414
413 424
413 435
413 443
413 456
413 458
413 468
413 470
413 493
413 496
413 513
413 519
413 533
413 534
413 541
413 542
413 559
413 562
413 564
413 576
413 592
413 601
413 609
413 620
413 638
413 642
413 653
413 669
413 670
413 675
413 680
413 681
413 697
413 701
435 36
435 52
435 130
435 158
435 202
435 219
435 241
435 300
435 318
435 341
435 373
435 374
435 403
435 414
435 424
435 456
435 458
435 468
435 470
435 493
435 496
435 513
435 519
435 541
435 576
435 601
435 642
435 653
435 669
435 670
435 675
435 680
435 681
435 697
435 701
468 36
468 52
468 158
468 202
468 241
468 255
468 262
468 264
468 300
468 311
468 318
468 340
468 373
468 424
468 456
468 493
468 496
468 513
468 519
468 533
468 541
468 576
468 592
468 620
468 638
468 642
468 653
468 670
468 675
468 680
468 681
468 697
468 701
496 493
496 36
496 52
496 66
496 130
496 137
496 138
496 152
496 158
496 202
496 208
496 219
496 241
496 255
496 264
496 300
496 311
496 318
496 324
496 340
496 348
496 373
496 374
496 403
496 432
496 443
496 456
496 458
496 476
496 485
496 513
496 519
496 533
496 541
496 562
496 576
496 592
496 609
496 610
496 620
496 638
496 642
496 653
496 669
496 670
496 675
496 680
496 697
496 701
513 493
513 19
513 20
513 24
513 36
513 52
513 62
513 73
513 90
513 130
513 138
513 158
513 200
513 202
513 219
513 241
513 255
513 264
513 300
513 340
513 373
513 403
513 424
513 458
513 470
513 476
513 510
513 519
513 533
513 534
513 541
513 562
513 576
513 592
513 609
513 610
513 620
513 638
513 653
513 670
513 675
513 680
513 681
513 697
513 701
541 493
541 52
541 130
541 138
541 152
541 158
541 202
541 241
541 300
541 318
541 340
541 341
541 373
541 403
541 424
541 443
541 456
541 458
541 470
541 519
541 533
541 534
541 576
541 592
541 610
541 620
541 638
541 642
541 653
541 669
541 670
541 675
541 680
541 697
541 701
576 493
576 36
576 52
576 90
576 100
576 130
576 137
576 138
576 158
576 202
576 219
576 241
576 255
576 264
576 300
576 311
576 340
576 341
576 373
576 374
576 403
576 414
576 424
576 443
576 456
576 458
576 510
576 519
576 533
576 559
576 609
576 610
576 620
576 638
576 642
576 653
576 669
576 675
576 680
576 681
576 697
576 701
620 493
620 36
620 44
620 52
620 68
620 73
620 82
620 100
620 137
620 138
620 152
620 158
620 202
620 241
620 255
620 264
620 300
620 311
620 318
620 403
620 418
620 424
620 443
620 458
620 510
620 519
620 533
620 534
620 559
620 592
620 609
620 638
620 642
620 653
620 669
620 670
620 675
620 697
620 701
638 493
638 44
638 52
638 130
638 158
638 202
638 208
638 219
638 241
638 255
638 300
638 373
638 424
638 432
638 443
638 456
638 458
638 519
638 533
638 610
638 642
638 653
638 669
638 670
638 680
638 681
638 697
638 701
670 493
670 36
670 52
670 90
670 130
670 137
670 138
670 158
670 202
670 208
670 219
670 241
670 251
670 255
670 264
670 300
670 311
670 318
670 340
670 373
670 403
670 414
670 424
670 456
670 470
670 476
670 519
670 533
670 609
670 610
670 642
670 653
670 669
670 675
670 680
670 681
670 697
670 701
675 493
675 36
675 52
675 130
675 137
675 138
675 158
675 202
675 208
675 219
675 241
675 251
675 255
675 264
675 300
675 311
675 318
675 373
675 403
675 424
675 443
675 458
675 533
675 534
675 542
675 592
675 609
675 610
675 642
675 653
675 669
675 680
675 681
675 697
681 493
681 52
681 152
681 202
681 241
681 264
681 318
681 340
681 378
681 403
681 424
681 456
681 470
681 519
681 601
681 609
681 627
681 642
681 653
681 669
681 680
681 697
681 701
697 493
697 36
697 52
697 125
697 130
697 138
697 152
697 158
697 202
697 208
697 219
697 241
697 255
697 291
697 300
697 311
697 318
697 340
697 341
697 367
697 373
697 403
697 419
697 424
697 443
697 444
697 456
697 485
697 510
697 516
697 519
697 521
697 533
697 579
697 592
697 601
697 609
697 642
697 653
697 669
697 672
697 680
697 701
701 493
701 29
701 36
701 44
701 52
701 53
701 73
701 90
701 100
701 130
701 137
701 138
701 152
701 158
701 200
701 202
701 264
701 300
701 318
701 335
701 339
701 340
701 373
701 403
701 414
701 424
701 436
701 443
701 458
701 476
701 510
701 512
701 519
701 533
701 534
701 538
701 559
701 592
701 609
701 610
701 642
701 653
701 669
701 680
138 493
138 458
138 202
138 443
138 36
138 52
138 66
138 130
138 158
138 219
138 241
138 264
138 300
138 318
138 373
138 476
138 519
138 582
138 610
138 642
138 653
138 669
138 680
403 493
403 458
403 202
403 443
403 52
403 318
403 470
403 510
403 680
414 493
458 493
458 8
458 32
458 53
458 97
458 100
458 129
458 180
458 273
458 316
458 339
458 360
458 395
458 411
458 19
458 36
458 52
458 58
458 62
458 68
458 73
458 130
458 144
458 152
458 158
458 164
458 200
458 202
458 219
458 228
458 241
458 244
458 255
458 264
458 311
458 318
458 328
458 330
458 335
458 373
458 418
458 424
458 443
458 456
458 464
458 489
458 510
458 512
458 519
458 533
458 534
458 538
458 542
458 545
458 559
458 562
458 575
458 592
458 609
458 646
458 653
458 669
458 678
458 680
458 685
493 24
493 36
493 52
493 100
493 130
493 137
493 164
493 202
493 228
493 241
493 255
493 264
493 300
493 311
493 340
493 373
493 424
493 432
493 443
493 456
493 470
493 519
493 533
493 601
493 610
493 642
493 653
493 656
493 669
493 680
680 100
680 562
680 592
680 202
680 424
680 533
680 443
680 485
680 208
680 29
680 36
680 52
680 66
680 130
680 137
680 152
680 219
680 241
680 255
680 264
680 300
680 311
680 318
680 326
680 340
680 373
680 456
680 476
680 519
680 534
680 559
680 575
680 609
680 610
680 642
680 653
680 669
36 202
36 311
36 700
36 52
36 137
36 158
36 219
36 241
36 300
36 318
36 374
36 476
36 519
36 559
36 653
38 28
38 52
38 109
38 120
38 133
38 141
38 158
38 205
38 219
38 220
38 224
38 233
38 234
38 236
38 256
38 264
38 291
38 317
38 367
38 373
38 384
38 419
38 492
38 498
38 500
38 501
38 516
38 521
38 536
38 548
38 569
38 570
38 579
38 582
38 587
38 600
38 614
38 616
38 649
38 652
38 671
38 693
52 100
52 562
52 592
52 202
52 533
52 485
52 291
52 548
52 587
52 44
52 66
52 130
52 152
52 158
52 219
52 241
52 255
52 264
52 318
52 373
52 374
52 432
52 456
52 476
52 519
52 521
52 534
52 609
52 610
52 653
52 669
100 8
100 16
100 32
100 53
100 97
100 19
100 43
100 62
100 103
100 129
100 143
100 152
100 158
100 176
100 180
100 202
100 222
100 228
100 241
100 244
100 255
100 264
100 273
100 300
100 311
100 316
100 318
100 334
100 354
100 360
100 373
100 411
100 418
100 443
100 464
100 485
100 489
100 512
100 519
100 534
100 538
100 545
100 562
100 575
100 592
100 605
100 609
100 610
100 653
100 678
130 202
130 533
130 443
130 158
130 219
130 241
130 300
130 519
130 264
130 373
130 251
130 348
130 456
130 609
130 610
130 642
130 669
152 562
152 592
152 202
152 228
152 144
152 424
152 533
152 246
152 443
152 485
152 311
152 158
152 300
152 318
152 476
152 519
152 653
152 264
152 255
152 534
152 170
152 330
152 637
152 62
152 324
152 328
152 609
152 642
152 669
158 562
158 592
158 202
158 144
158 424
158 533
158 200
158 443
158 485
158 120
158 224
158 236
158 291
158 419
158 444
158 498
158 516
158 548
158 569
158 579
158 582
158 614
158 616
158 671
158 311
158 656
158 44
158 66
158 125
158 205
158 219
158 241
158 255
158 264
158 300
158 318
158 373
158 432
158 456
158 494
158 501
158 519
158 521
158 534
158 570
158 609
158 642
158 649
158 652
158 653
158 669
158 693
164 464
164 592
164 202
164 443
164 535
164 219
164 255
164 534
164 432
164 609
164 669
164 58
164 335
164 388
164 646
202 16
202 32
202 53
202 97
202 180
202 273
202 360
202 395
202 411
202 464
202 512
202 538
202 562
202 592
202 678
202 103
202 19
202 20
202 29
202 51
202 58
202 62
202 200
202 208
202 219
202 228
202 244
202 255
202 264
202 300
202 311
202 318
202 330
202 335
202 373
202 418
202 424
202 432
202 443
202 456
202 485
202 510
202 519
202 533
202 534
202 542
202 559
202 575
202 579
202 609
202 642
202 653
202 669
208 592
208 533
208 24
208 125
208 219
208 311
208 519
208 534
208 669
219 236
219 317
219 367
219 516
219 548
219 587
219 616
219 241
219 245
219 300
219 340
219 373
219 374
219 432
219 476
219 519
219 610
219 653
219 693
224 455
224 485
224 28
224 109
224 120
224 133
224 141
224 220
224 43
224 205
224 233
224 234
224 236
224 367
224 373
224 384
224 419
224 432
224 444
224 498
224 501
224 516
224 521
224 536
224 548
224 569
224 575
224 579
224 582
224 600
224 614
224 616
224 649
224 652
224 671
224 693
233 485
233 28
233 109
233 120
233 133
233 220
233 236
233 256
233 291
233 367
233 384
233 419
233 444
233 492
233 498
233 500
233 516
233 521
233 548
233 569
233 579
233 582
233 587
233 614
233 616
233 671
236 28
236 109
236 141
236 35
236 256
236 317
236 367
236 419
236 475
236 492
236 516
236 548
236 579
236 587
236 616
236 656
236 671
245 367
245 475
245 492
245 516
245 349
255 273
255 411
255 464
255 545
255 562
255 592
255 103
255 144
255 424
255 533
255 443
255 485
255 311
255 479
255 123
255 418
255 575
255 137
255 241
255 300
255 318
255 476
255 519
255 653
255 264
255 373
255 43
255 62
255 206
255 323
255 328
255 534
255 542
255 609
255 610
255 642
255 669
264 562
264 592
264 424
264 533
264 443
264 485
264 367
264 444
264 548
264 569
264 579
264 582
264 671
264 137
264 241
264 300
264 318
264 476
264 519
264 653
264 205
264 43
264 66
264 373
264 456
264 494
264 515
264 521
264 534
264 570
264 609
264 610
264 642
264 649
264 669
264 693
300 592
300 424
300 533
300 246
300 485
300 367
300 569
300 579
300 614
300 68
300 311
300 241
300 44
300 66
300 205
300 340
300 373
300 456
300 519
300 521
300 534
300 609
300 649
300 669
300 693
326 592
326 534
326 432
326 324
340 443
340 519
340 286
340 470
340 564
367 485
367 28
367 109
367 120
367 133
367 141
367 220
367 234
367 256
367 291
367 317
367 311
367 324
367 349
367 373
367 384
367 419
367 432
367 444
367 450
367 475
367 492
367 498
367 500
367 501
367 521
367 536
367 548
367 569
367 570
367 579
367 582
367 587
367 614
367 616
367 649
367 652
367 671
373 424
373 533
373 246
373 443
373 485
373 419
373 444
373 516
373 311
373 575
373 241
373 43
373 456
373 536
373 642
373 669
373 693
432 592
432 485
432 317
432 516
432 311
432 669
432 672
443 32
443 273
443 339
443 411
443 464
443 489
443 512
443 538
443 562
443 592
443 685
443 20
443 144
443 424
443 533
443 574
443 246
443 62
443 137
443 241
443 318
443 335
443 418
443 476
443 510
443 519
443 534
443 542
443 564
443 575
443 609
443 610
443 646
443 653
443 669
444 562
444 455
444 485
444 28
444 120
444 133
444 220
444 291
444 384
444 419
444 205
444 241
444 311
444 494
444 498
444 516
444 521
444 536
444 548
444 569
444 570
444 575
444 579
444 582
444 600
444 614
444 616
444 649
444 652
444 671
456 592
456 485
456 291
456 311
456 519
456 521
456 324
456 610
456 642
456 669
476 592
476 144
476 533
476 306
476 137
476 241
476 62
476 101
476 106
476 128
476 170
476 231
476 232
476 312
476 313
476 409
476 534
476 593
476 609
476 637
476 641
516 455
516 485
516 28
516 109
516 120
516 133
516 141
516 220
516 234
516 256
516 291
516 317
516 384
516 419
516 475
516 492
516 498
516 311
516 341
516 500
516 521
516 536
516 548
516 569
516 570
516 579
516 582
516 587
516 600
516 614
516 616
516 649
516 652
516 671
519 562
519 424
519 533
519 311
519 137
519 241
519 318
519 125
519 251
519 391
519 610
519 653
519 669
519 672
521 512
521 562
521 592
521 455
521 574
521 485
521 674
521 120
521 133
521 220
521 234
521 291
521 384
521 419
521 498
521 569
521 579
521 582
521 587
521 614
521 616
521 671
521 311
521 575
521 241
521 44
521 155
521 536
521 600
521 642
521 649
521 652
521 693
534 97
534 411
534 464
534 538
534 562
534 592
534 144
534 424
534 533
534 574
534 200
534 246
534 485
534 535
534 311
534 575
534 241
534 318
534 653
534 43
534 44
534 62
534 106
534 232
534 330
534 453
534 515
534 542
534 609
534 642
534 669
562 8
562 16
562 32
562 53
562 97
562 129
562 143
562 176
562 180
562 222
562 273
562 316
562 334
562 354
562 360
562 395
562 411
562 464
562 489
562 512
562 538
562 545
562 19
562 20
562 43
562 44
562 103
562 123
562 144
562 203
562 241
562 244
562 291
562 311
562 328
562 418
562 424
562 485
562 498
562 533
562 575
562 582
562 592
562 605
562 637
562 649
562 653
562 674
562 678
562 693
587 485
587 28
587 109
587 133
587 220
587 256
587 317
587 384
587 419
587 475
587 492
587 498
587 548
587 569
587 579
587 582
587 501
587 600
587 614
587 616
587 671
609 273
609 538
609 592
609 424
609 533
609 311
609 137
609 241
609 318
609 559
609 58
609 62
609 542
609 669
653 512
653 592
653 144
653 533
653 485
653 674
653 68
653 311
653 700
653 123
653 575
653 241
653 318
653 559
653 203
653 205
653 583
653 627
653 642
653 669
137 241
137 374
241 512
241 592
241 533
241 485
241 582
241 311
241 66
241 205
241 374
241 642
241 649
241 669
311 592
311 455
311 424
311 533
311 485
311 120
311 291
311 419
311 498
311 569
311 579
311 614
311 616
311 671
311 29
311 44
311 66
311 205
311 642
311 652
311 669
311 693
341 616
424 32
424 53
424 97
424 129
424 180
424 273
424 316
424 334
424 411
424 464
424 489
424 512
424 538
424 592
424 678
424 228
424 19
424 20
424 144
424 43
424 106
424 123
424 170
424 200
424 318
424 328
424 330
424 335
424 418
424 485
424 510
424 533
424 542
424 575
424 610
424 669
485 411
485 512
485 592
485 455
485 20
485 574
485 28
485 43
485 68
485 120
485 133
485 155
485 203
485 205
485 220
485 234
485 262
485 291
485 328
485 384
485 419
485 492
485 498
485 500
485 501
485 536
485 548
485 569
485 570
485 575
485 579
485 582
485 600
485 614
485 642
485 649
485 652
485 669
485 671
485 674
485 693
510 533
510 73
510 610
533 512
533 592
533 19
533 20
533 44
533 73
533 177
533 200
533 306
533 335
533 535
533 559
533 610
533 669
533 674
610 318
610 348
610 642
610 672
616 109
616 120
616 133
616 220
616 256
616 291
616 317
616 384
616 419
616 450
616 475
616 492
616 498
616 548
616 579
616 582
616 614
616 600
616 671
318 592
318 642
318 669
548 28
548 109
548 120
548 133
548 141
548 256
548 291
548 317
548 384
548 419
548 498
548 569
548 579
548 582
548 614
548 649
548 652
548 671
575 32
575 53
575 143
575 180
575 273
575 316
575 339
575 354
575 411
575 464
575 512
575 538
575 545
575 592
575 678
575 685
575 674
575 418
575 43
575 328
575 536
575 542
575 649
642 592
642 291
642 579
642 205
642 66
669 411
669 592
669 200
669 205
44 592
44 51
44 106
44 170
44 232
44 313
44 330
44 453
44 637
66 592
66 582
66 374
120 28
120 43
120 133
120 205
120 220
120 234
120 291
120 384
120 419
120 498
120 569
120 582
120 600
120 649
120 652
120 671
120 693
205 291
205 569
205 582
205 43
205 494
205 649
205 652
205 693
559 324
570 133
570 220
570 291
570 384
570 419
570 498
570 569
570 579
570 582
570 614
570 671
570 500
570 536
570 494
570 649
592 8
592 32
592 53
592 97
592 180
592 273
592 360
592 411
592 489
592 512
592 538
592 545
592 19
592 20
592 43
592 62
592 103
592 123
592 144
592 200
592 246
592 328
592 335
592 542
592 574
592 674
592 693
700 246
700 29
700 68
29 246
29 68
68 144
68 246
291 455
291 28
291 220
291 234
291 43
291 155
291 262
291 384
291 419
291 498
291 500
291 501
291 536
291 569
291 579
291 582
291 600
291 614
291 649
291 652
291 671
291 693
579 28
579 317
579 492
579 498
579 569
579 262
579 536
579 582
579 600
579 649
579 671
600 133
600 220
600 234
600 384
600 419
600 498
600 582
600 614
600 671
600 649
693 133
693 419
693 498
693 649
693 652
693 43
286 243
286 277
286 560
512 8
512 16
512 32
512 53
512 97
512 129
512 143
512 176
512 180
512 222
512 273
512 316
512 334
512 354
512 360
512 395
512 406
512 411
512 464
512 489
512 19
512 43
512 123
512 244
512 538
512 545
512 605
512 674
512 678
512 684
28 109
28 133
28 141
28 220
28 234
28 256
28 317
28 384
28 419
28 450
28 475
28 492
28 498
28 569
28 582
28 614
28 671
133 455
133 43
133 220
133 384
133 419
133 492
133 498
133 536
133 569
133 582
133 614
133 649
133 652
133 671
220 455
220 234
220 384
220 419
220 498
220 501
220 569
220 582
220 614
220 649
220 671
317 109
317 141
317 256
317 349
317 450
317 475
317 492
349 475
349 492
384 234
384 419
384 498
384 500
384 536
384 569
384 582
384 614
384 649
384 652
384 671
419 455
419 234
419 498
419 500
419 536
419 569
419 582
419 614
419 649
419 652
419 671
455 11
455 234
455 569
455 582
455 597
455 614
455 671
498 141
498 234
498 43
498 500
498 501
498 536
498 569
498 582
498 614
498 649
498 652
498 671
536 582
536 671
536 652
569 234
569 262
569 614
569 649
569 671
582 43
582 649
582 652
582 671
614 234
614 649
614 671
652 464
652 234
652 671
652 649
652 155
671 109
671 234
671 492
671 500
671 501
671 649
19 97
19 20
19 61
19 122
19 144
19 196
19 244
19 295
19 368
19 401
19 423
19 526
19 547
19 572
19 574
19 578
19 611
19 622
19 660
109 141
109 256
109 450
109 475
234 649
256 141
256 475
256 492
411 8
411 32
411 53
411 97
411 143
411 180
411 222
411 273
411 316
411 334
411 354
411 360
411 43
411 172
411 214
411 464
411 489
411 538
411 545
411 558
411 585
411 605
411 678
649 43
656 35
656 297
674 20
674 574
674 177
674 43
674 328
674 377
674 515
674 602
273 8
273 16
273 32
273 53
273 97
273 129
273 143
273 180
273 43
273 103
273 123
273 316
273 328
273 334
273 354
273 395
273 418
273 464
273 489
273 538
273 545
273 583
273 678
542 339
542 418
542 82
542 639
542 646
564 688
228 16
228 32
228 53
228 129
228 180
228 222
228 316
228 360
228 395
228 489
228 545
228 678
228 123
228 203
228 206
228 253
228 323
228 418
20 73
20 144
20 177
20 200
20 246
20 306
20 535
20 574
62 144
62 106
62 330
200 144
200 572
200 574
200 177
200 306
200 535
82 339
82 418
82 646
418 32
418 97
418 180
418 339
418 360
418 464
418 489
418 538
418 545
418 639
418 646
53 8
53 16
53 32
53 97
53 129
53 143
53 176
53 180
53 316
53 334
53 339
53 354
53 360
53 395
53 404
53 406
53 464
53 489
53 538
53 545
53 561
53 678
53 684
53 685
335 436
339 8
339 180
339 316
339 334
339 395
339 464
339 489
339 538
339 639
339 646
339 678
339 685
436 692
538 8
538 16
538 32
538 97
538 129
538 143
538 176
538 180
538 222
538 316
538 334
538 354
538 360
538 395
538 406
538 464
538 489
538 123
538 244
538 583
538 605
538 678
538 684
7 15
7 27
7 41
7 80
7 121
7 182
7 229
7 314
7 371
7 389
7 438
7 440
7 462
7 504
7 543
7 556
7 604
7 663
7 682
15 27
15 41
15 182
15 229
15 371
15 438
15 543
15 556
15 604
15 663
27 41
27 182
27 229
27 371
27 389
27 438
27 543
27 556
27 604
41 182
41 229
41 371
41 389
41 438
41 543
41 556
41 604
41 663
80 121
80 153
80 181
80 314
80 440
80 462
80 543
80 663
80 682
121 153
121 181
121 314
121 440
121 462
121 504
121 543
121 663
121 682
182 389
182 438
182 543
182 556
182 604
182 663
229 371
229 389
229 438
229 543
229 556
229 604
229 663
314 153
314 181
314 440
314 462
314 543
314 682
371 389
371 438
371 543
371 556
371 604
371 663
389 438
389 543
389 556
389 604
389 663
438 556
438 604
438 663
440 153
440 462
440 543
440 682
462 153
462 543
462 682
504 10
504 72
504 114
504 115
504 175
504 193
504 218
504 381
504 425
504 446
504 461
504 505
504 523
504 529
504 546
504 594
504 608
504 617
504 647
504 658
504 682
504 690
504 696
543 153
543 556
543 604
543 663
543 682
556 604
556 663
604 663
153 181
10 22
10 39
10 48
10 114
10 175
10 353
10 381
10 417
10 425
10 461
10 505
10 546
10 581
10 630
10 658
10 690
10 696
72 446
72 608
72 84
72 115
72 193
72 529
72 594
72 617
72 647
114 22
114 14
114 30
114 55
114 64
114 70
114 92
114 175
114 211
114 216
114 287
114 350
114 363
114 381
114 382
114 385
114 417
114 425
114 459
114 461
114 503
114 505
114 506
114 546
114 581
114 598
114 626
114 658
114 690
114 696
115 446
115 608
115 84
115 193
115 529
115 594
115 617
115 647
175 22
175 39
175 353
175 381
175 417
175 425
175 461
175 505
175 581
175 630
175 658
175 690
175 696
193 446
193 608
193 529
193 594
193 617
193 647
218 523
381 22
381 39
381 353
381 417
381 425
381 461
381 505
381 546
381 581
381 630
381 658
381 690
381 696
425 39
425 353
425 417
425 461
425 505
425 546
425 581
425 630
425 658
425 690
425 696
446 590
446 46
446 75
446 110
446 185
446 227
446 361
446 369
446 84
446 529
446 594
446 607
446 608
446 617
446 628
446 640
446 643
446 647
446 686
446 694
461 22
461 39
461 353
461 417
461 546
461 581
461 658
461 690
461 696
505 22
505 353
505 417
505 581
505 658
505 690
505 696
529 608
529 84
529 594
529 617
529 647
546 22
546 39
546 353
546 417
546 581
546 630
546 658
546 690
546 696
594 608
594 647
608 46
608 119
608 227
608 237
608 369
608 84
608 87
608 415
608 511
608 617
608 628
608 640
608 647
608 676
608 686
617 84
617 647
647 84
658 22
658 39
658 353
658 417
658 581
658 14
658 55
658 64
658 70
658 92
658 211
658 270
658 287
658 350
658 363
658 382
658 385
658 459
658 503
658 506
658 598
658 626
658 690
658 696
658 699
690 22
690 39
690 353
690 417
690 581
690 630
690 92
690 118
690 141
690 391
690 497
690 696
696 22
696 39
696 353
696 417
696 581
696 14
696 30
696 64
696 70
696 92
696 216
696 270
696 287
696 350
696 363
696 382
696 385
696 459
696 503
696 506
696 598
696 626
696 699
287 353
287 55
287 14
287 70
287 211
287 350
287 363
287 382
287 459
287 503
287 598
287 626
8 32
8 97
8 129
8 143
8 176
8 180
8 222
8 316
8 334
8 354
8 360
8 404
8 406
8 464
8 489
8 605
8 678
8 684
8 685
32 97
32 103
32 123
32 129
32 143
32 176
32 180
32 222
32 244
32 316
32 334
32 354
32 395
32 464
32 489
32 545
32 605
32 678
32 684
32 685
97 16
97 43
97 123
97 143
97 176
97 180
97 334
97 354
97 360
97 395
97 406
97 464
97 545
97 583
97 605
97 678
129 16
129 143
129 176
129 180
129 222
129 316
129 334
129 354
129 360
129 395
129 464
129 489
129 545
129 605
129 678
129 684
143 180
143 315
143 316
143 334
143 354
143 360
143 395
143 464
143 489
143 545
143 561
143 605
143 678
143 684
176 180
176 222
176 244
176 316
176 334
176 354
176 360
176 395
176 406
176 464
176 489
176 545
176 605
176 678
176 684
180 16
180 103
180 123
180 222
180 316
180 334
180 354
180 360
180 395
180 406
180 464
180 489
180 545
180 605
180 678
180 684
222 16
222 316
222 334
222 360
222 395
222 404
222 464
222 489
222 545
222 605
222 678
316 16
316 104
316 334
316 354
316 360
316 395
316 404
316 489
316 545
316 605
316 678
316 684
316 685
334 16
334 315
334 354
334 360
334 395
334 404
334 406
334 464
334 489
334 545
334 561
334 605
334 678
334 684
334 685
354 315
354 360
354 395
354 404
354 464
354 489
354 545
354 605
354 678
354 684
360 16
360 103
360 123
360 395
360 404
360 406
360 464
360 489
360 605
360 678
360 684
360 685
404 489
404 605
406 489
406 605
406 678
464 16
464 395
464 43
464 103
464 123
464 489
464 545
464 583
464 588
464 605
464 678
464 684
464 685
489 16
489 395
489 545
489 605
489 678
489 684
489 685
605 395
605 545
605 678
678 16
678 395
678 43
678 103
678 244
678 315
678 561
678 685
684 395
684 545
684 315
684 561
685 646
16 103
16 395
103 545
103 123
103 203
103 253
103 323
103 328
395 123
395 545
123 545
123 43
123 588
545 104
561 315
328 515
639 646
646 388
172 17
172 116
172 147
172 429
172 441
172 517
172 558
172 585
558 17
558 69
558 98
558 116
558 429
558 441
558 147
558 465
558 508
558 514
558 517
558 585
585 69
585 98
585 116
585 429
585 441
585 147
585 514
585 517
144 266
144 535
144 574
330 479
330 549
330 571
330 51
330 106
330 170
330 232
330 313
330 279
330 453
330 637
203 206
637 479
637 571
637 51
637 106
637 170
637 232
637 313
637 453
637 279
246 574
246 309
246 535
574 445
574 145
574 177
574 238
574 249
574 254
574 269
574 306
574 398
574 402
574 535
574 596
574 689
9 347
9 445
347 445
445 50
445 249
249 50
249 370
46 590
46 75
46 110
46 119
46 185
46 227
46 237
46 281
46 361
46 369
46 499
46 607
46 628
46 643
46 694
110 590
110 75
110 185
110 237
110 361
110 499
110 607
110 643
110 694
237 75
237 185
237 227
237 361
237 369
237 499
237 607
237 628
237 686
237 694
415 369
607 75
607 185
607 361
607 499
607 643
607 694
628 119
628 227
628 281
628 369
628 640
628 686
643 590
643 75
643 185
643 361
643 499
643 96
643 694
686 119
686 227
686 281
686 369
686 640
694 590
694 75
694 185
694 361
694 499
22 39
22 86
22 554
22 566
22 581
39 581
353 14
353 30
353 55
353 64
353 70
353 92
353 350
353 382
353 385
353 503
353 506
353 581
353 598
353 626
353 699
417 581
581 630
86 554
86 557
86 566
554 566
14 55
14 70
14 350
14 363
14 382
14 459
14 503
14 598
14 626
30 92
30 216
55 70
55 174
55 211
55 350
55 363
55 382
55 459
55 503
55 598
55 626
64 598
64 626
64 92
64 216
64 270
64 385
64 506
64 699
70 211
70 363
70 382
70 459
70 503
70 598
70 626
92 598
92 626
92 118
92 216
92 270
92 644
92 699
211 350
211 363
211 382
211 459
211 503
211 626
216 598
216 626
216 270
216 506
216 699
350 363
350 382
350 459
350 503
350 598
350 626
363 382
363 459
363 503
363 598
363 626
382 459
382 503
382 598
382 626
385 598
385 626
385 270
385 506
385 699
459 503
459 598
459 626
503 598
503 626
506 598
506 626
506 270
506 699
598 270
598 626
598 699
626 270
626 699
699 270
118 204
118 213
118 150
118 275
118 391
118 618
141 213
141 391
141 450
141 475
141 497
391 518
391 150
391 275
391 463
391 497
391 618
391 645
497 213
497 257
497 673
333 56
333 302
590 21
590 63
590 75
590 81
590 88
590 157
590 159
590 162
590 185
590 260
590 289
590 302
590 332
590 337
590 351
590 668
56 13
56 21
56 63
56 157
56 162
56 282
56 289
56 302
56 332
56 351
56 426
56 448
56 467
56 677
302 13
302 21
302 63
302 282
302 289
302 81
302 88
302 157
302 162
302 260
302 332
302 337
302 351
302 426
302 448
302 467
302 668
302 677
21 13
21 34
21 63
21 81
21 88
21 154
21 157
21 159
21 162
21 260
21 282
21 289
21 332
21 337
21 351
21 426
21 467
21 668
63 13
63 34
63 88
63 96
63 157
63 159
63 162
63 165
63 260
63 265
63 282
63 289
63 331
63 332
63 337
63 351
63 426
63 448
63 467
63 668
63 677
75 96
75 185
75 499
81 289
81 426
81 677
81 34
81 88
81 157
81 159
81 162
81 260
81 332
81 337
81 351
81 668
88 426
88 34
88 157
88 159
88 162
88 260
88 332
88 337
88 351
88 668
157 282
157 289
157 426
157 467
157 34
157 96
157 159
157 162
157 165
157 183
157 260
157 265
157 331
157 332
157 337
157 351
157 359
157 665
159 289
159 426
159 34
159 162
159 260
159 332
159 337
159 351
159 668
162 282
162 289
162 426
162 467
162 34
162 154
162 260
162 332
162 337
162 351
162 668
185 57
185 112
185 280
185 298
185 361
185 421
185 499
185 553
260 289
260 426
260 677
260 34
260 154
260 165
260 331
260 332
260 337
260 351
260 668
289 13
289 282
289 34
289 332
289 337
289 351
289 426
289 448
289 467
289 668
289 677
332 282
332 426
332 677
332 34
332 154
332 337
332 351
332 668
337 282
337 426
337 677
337 34
337 351
337 668
351 282
351 426
351 467
351 677
351 34
351 96
351 668
668 426
668 34
668 154
13 282
13 426
13 448
13 467
13 677
282 426
282 467
282 677
426 34
426 448
426 467
426 677
34 154
96 71
96 165
96 178
96 183
96 186
96 248
96 261
96 265
96 331
96 359
96 364
96 473
96 522
96 591
96 619
96 633
96 666
165 71
165 76
165 163
165 178
165 183
165 186
165 248
165 261
165 265
165 331
165 359
165 364
165 372
165 473
165 522
165 591
165 619
165 623
165 633
165 665
165 666
165 698
265 49
265 71
265 76
265 163
265 183
265 186
265 248
265 261
265 359
265 372
265 473
265 522
265 591
265 619
265 623
265 633
265 665
265 666
265 698
331 49
331 71
331 76
331 163
331 178
331 183
331 186
331 248
331 261
331 359
331 364
331 372
331 460
331 473
331 522
331 591
331 619
331 623
331 665
331 666
331 698
323 206
51 106
51 313
51 453
17 69
17 98
17 116
17 429
17 441
69 98
69 116
69 429
69 441
98 116
98 429
116 147
116 429
116 441
116 514
116 553
429 441
514 325
553 57
553 112
553 124
553 242
553 280
553 294
553 298
553 322
553 408
553 537
465 18
18 346
61 85
61 122
61 139
61 292
61 295
61 356
61 368
61 387
61 401
61 423
61 526
61 547
61 552
61 555
61 565
61 578
61 622
61 660
122 37
122 40
122 127
122 145
122 160
122 196
122 201
122 221
122 238
122 269
122 276
122 292
122 295
122 319
122 356
122 366
122 368
122 387
122 394
122 398
122 401
122 402
122 416
122 420
122 423
122 520
122 526
122 528
122 552
122 555
122 565
122 577
122 578
122 596
122 606
122 612
122 613
122 622
122 632
122 660
122 662
122 689
196 37
196 40
196 102
196 127
196 145
196 160
196 161
196 187
196 197
196 201
196 221
196 238
196 276
196 292
196 295
196 296
196 319
196 320
196 356
196 366
196 368
196 387
196 394
196 397
196 398
196 401
196 402
196 410
196 420
196 423
196 466
196 520
196 526
196 528
196 530
196 547
196 565
196 577
196 606
196 612
196 622
196 632
196 662
196 687
295 85
295 292
295 356
295 368
295 387
295 423
295 466
295 526
295 547
295 555
295 578
295 613
295 660
368 85
368 139
368 292
368 356
368 387
368 401
368 416
368 423
368 471
368 526
368 547
368 555
368 565
368 578
368 613
368 622
368 660
368 662
401 37
401 85
401 127
401 139
401 145
401 161
401 201
401 221
401 238
401 269
401 292
401 319
401 356
401 366
401 387
401 394
401 398
401 402
401 420
401 423
401 466
401 520
401 526
401 547
401 552
401 555
401 565
401 577
401 596
401 606
401 612
401 622
401 632
401 660
401 687
423 37
423 85
423 127
423 139
423 145
423 160
423 161
423 201
423 221
423 238
423 254
423 269
423 292
423 319
423 356
423 366
423 387
423 394
423 397
423 398
423 402
423 410
423 420
423 466
423 520
423 526
423 528
423 547
423 552
423 555
423 565
423 577
423 578
423 596
423 606
423 612
423 622
423 632
423 660
423 662
423 687
423 689
526 85
526 292
526 356
526 387
526 416
526 471
526 528
526 547
526 552
526 555
526 565
526 577
526 578
526 613
526 622
526 660
547 139
547 201
547 292
547 356
547 387
547 416
547 471
547 528
547 552
547 555
547 565
547 577
547 578
547 613
547 622
547 660
572 177
572 306
572 535
572 667
578 85
578 139
578 292
578 356
578 387
578 416
578 552
578 555
578 613
578 622
578 660
622 37
622 319
622 356
622 387
622 565
622 662
660 37
660 85
660 139
660 201
660 292
660 356
660 387
660 416
660 471
660 528
660 552
660 555
660 565
660 613
177 171
177 266
177 306
177 535
177 667
306 134
306 535
535 134
535 427
85 292
85 387
85 565
85 139
85 471
85 552
85 555
139 552
292 37
292 145
292 160
292 201
292 319
292 356
292 387
292 420
292 466
292 520
292 528
292 552
292 555
292 565
292 577
292 599
292 603
292 612
292 662
356 37
356 145
356 160
356 201
356 319
356 387
356 420
356 466
356 520
356 528
356 565
356 577
356 599
356 603
356 606
356 612
356 613
356 662
356 687
387 37
387 145
387 160
387 161
387 201
387 221
387 319
387 40
387 187
387 296
387 410
387 420
387 466
387 520
387 528
387 552
387 555
387 565
387 577
387 599
387 603
387 606
387 612
387 613
387 662
387 687
555 201
555 471
555 613
565 37
565 145
565 160
565 201
565 221
565 319
565 466
565 520
565 528
565 577
565 599
565 606
565 612
565 662
565 687
37 47
37 102
37 127
37 145
37 160
37 161
37 201
37 221
37 238
37 254
37 269
37 319
37 366
37 394
37 402
37 420
37 466
37 520
37 528
37 577
37 606
37 612
37 632
37 662
37 687
37 689
40 161
40 201
40 394
40 466
40 606
40 612
40 187
40 197
40 210
40 276
40 296
40 320
40 530
127 47
127 145
127 201
127 238
127 254
127 269
127 319
127 397
127 398
127 402
127 420
127 466
127 520
127 606
127 615
127 632
127 662
127 689
145 47
145 102
145 160
145 161
145 201
145 221
145 238
145 254
145 269
145 319
145 366
145 397
145 398
145 402
145 420
145 466
145 520
145 528
145 577
145 596
145 606
145 612
145 632
145 662
145 687
145 689
160 201
160 466
160 528
160 577
201 161
201 187
201 197
201 221
201 238
201 269
201 276
201 296
201 319
201 320
201 394
201 398
201 402
201 410
201 420
201 466
201 520
201 528
201 577
201 606
201 612
201 662
221 296
221 394
221 420
221 466
221 530
221 606
238 254
238 319
238 398
238 402
238 420
238 466
238 596
238 615
238 662
238 687
238 689
269 254
269 319
269 398
269 402
269 420
269 466
269 596
269 615
269 662
269 687
269 689
276 161
276 394
276 466
276 606
276 612
276 197
276 296
276 320
276 410
276 530
319 102
319 254
319 398
319 402
319 420
319 466
319 520
319 528
319 577
319 596
319 606
319 612
319 632
319 662
319 687
366 466
366 606
366 687
394 161
394 187
394 410
394 466
394 530
394 606
394 612
398 47
398 254
398 397
398 402
398 420
398 466
398 520
398 596
398 662
398 687
398 689
402 47
402 254
402 397
402 420
402 466
402 520
402 596
402 662
402 687
402 689
420 102
420 466
420 520
420 528
420 577
420 596
420 606
420 632
420 662
420 687
420 689
520 47
520 466
520 528
520 577
520 606
520 632
520 662
520 687
528 466
528 577
528 599
528 603
528 606
528 612
528 662
528 687
577 603
577 606
577 662
577 687
596 47
596 466
596 615
596 662
596 687
596 689
606 161
606 466
606 187
606 197
606 296
606 320
606 397
606 410
606 612
606 662
606 687
612 161
612 466
612 187
612 197
612 296
612 320
612 410
612 530
612 662
632 102
632 687
662 47
662 254
662 687
689 397
102 687
161 187
161 197
161 210
161 296
161 320
161 410
161 466
161 530
187 466
187 197
187 296
187 320
187 410
187 530
197 466
197 296
197 320
197 530
296 466
296 320
296 410
296 530
320 466
320 410
320 530
397 47
397 466
397 687
410 530
466 210
466 530
466 687
530 210
687 254
106 479
106 571
106 170
106 232
106 279
106 313
106 453
170 232
170 279
170 313
170 453
667 171
134 550
155 190
377 217
377 602
515 602
183 49
183 71
183 76
183 163
183 178
183 186
183 248
183 261
183 359
183 364
183 372
183 473
183 522
183 591
183 619
183 623
183 633
183 665
183 666
183 698
359 49
359 71
359 76
359 163
359 178
359 186
359 248
359 364
359 372
359 460
359 522
359 591
359 619
359 623
359 633
359 665
359 666
359 698
665 49
665 71
665 76
665 163
665 178
665 186
665 248
665 261
665 364
665 372
665 473
665 522
665 591
665 619
665 623
665 633
665 666
665 698
194 654
457 650
26 95
26 488
95 74
95 78
95 101
95 105
95 128
95 131
95 231
95 267
95 285
95 358
95 409
95 434
95 452
95 454
95 486
95 488
95 567
95 593
95 621
95 641
95 679
488 78
488 101
488 105
488 128
488 131
488 231
488 267
488 285
488 312
488 358
488 409
488 434
488 486
488 567
488 593
488 621
488 624
488 641
488 679
74 78
74 101
74 105
74 128
74 131
74 231
74 267
74 312
74 409
74 454
74 593
74 621
74 624
74 641
78 79
78 101
78 105
78 128
78 131
78 231
78 267
78 285
78 312
78 345
78 358
78 409
78 434
78 452
78 454
78 486
78 567
78 593
78 621
78 624
78 641
78 655
78 679
101 105
101 128
101 131
101 231
101 267
101 285
101 312
101 358
101 409
101 434
101 452
101 454
101 486
101 567
101 593
101 621
101 624
101 641
101 655
101 679
105 128
105 131
105 231
105 267
105 285
105 312
105 345
105 358
105 409
105 434
105 452
105 454
105 486
105 567
105 593
105 621
105 624
105 641
105 655
105 679
128 79
128 131
128 231
128 267
128 285
128 312
128 358
128 409
128 434
128 452
128 454
128 486
128 567
128 593
128 621
128 624
128 641
128 655
128 679
131 79
131 231
131 267
131 285
131 312
131 345
131 358
131 409
131 434
131 454
131 486
131 567
131 593
131 621
131 624
131 641
131 655
131 679
231 267
231 285
231 312
231 358
231 409
231 434
231 452
231 454
231 486
231 567
231 593
231 621
231 624
231 629
231 641
231 655
231 679
267 285
267 312
267 358
267 409
267 434
267 452
267 454
267 486
267 593
267 624
267 641
267 651
267 655
267 679
285 312
285 409
285 454
285 486
285 593
285 621
285 624
285 641
285 358
285 434
285 452
285 567
285 651
285 655
358 312
358 409
358 454
358 486
358 593
358 621
358 624
358 641
358 679
358 434
358 452
358 567
358 629
358 655
409 312
409 434
409 452
409 454
409 486
409 567
409 593
409 621
409 624
409 641
409 655
409 679
434 312
434 454
434 486
434 593
434 621
434 624
434 641
434 679
434 452
434 567
452 312
452 454
452 486
452 593
452 621
452 624
452 641
452 679
452 651
452 655
454 312
454 486
454 567
454 593
454 621
454 624
454 641
454 655
454 679
486 312
486 593
486 621
486 624
486 641
486 655
486 679
567 312
567 593
567 621
567 641
567 679
567 651
593 312
593 621
593 624
593 629
593 641
593 651
593 655
593 679
621 312
621 624
621 641
621 655
621 679
641 312
641 624
641 79
641 629
641 651
641 655
641 679
679 312
679 624
679 345
679 655
312 629
312 655
624 79
624 345
624 655
213 42
213 204
213 383
213 518
35 297
644 31
644 304
644 433
644 479
644 549
644 571
644 586
31 304
31 433
31 479
31 549
31 571
31 586
304 433
304 479
304 549
304 571
304 586
433 479
433 549
433 571
433 586
479 313
479 549
479 571
479 586
549 571
549 586
571 586
313 232
313 279
313 453
232 279
42 59
42 192
42 204
42 518
59 192
59 204
59 209
192 204
204 150
518 150
518 189
518 268
518 271
518 676
150 635
383 83
268 635
268 142
271 676
676 636
45 77
45 168
45 169
45 524
45 635
77 321
77 329
168 169
168 321
168 524
168 625
168 635
169 321
169 393
169 524
169 635
524 393
524 635
635 142
635 321
635 393
321 188
321 393
329 664
625 343
142 223
119 369
119 640
227 281
227 422
361 499
369 640
57 112
57 124
57 242
57 280
57 294
57 298
57 322
57 408
57 421
112 124
112 242
112 280
112 294
112 298
112 322
112 408
112 421
280 124
280 242
280 294
280 298
280 322
280 408
280 421
298 124
298 242
298 294
298 322
298 408
298 421
421 124
421 242
421 294
421 322
421 408
49 71
49 76
49 163
49 178
49 186
49 248
49 261
49 364
49 372
49 473
49 522
49 591
49 619
49 623
49 633
49 666
49 698
71 163
71 178
71 186
71 248
71 261
71 364
71 372
71 473
71 522
71 591
71 619
71 623
71 633
71 666
71 698
76 163
76 178
76 186
76 248
76 261
76 372
76 473
76 522
76 591
76 619
76 623
76 633
76 666
76 698
163 178
163 186
163 248
163 261
163 364
163 372
163 473
163 522
163 591
163 619
163 623
163 666
163 698
178 186
178 248
178 261
178 364
178 372
178 473
178 522
178 591
178 619
178 623
178 633
178 666
178 698
186 248
186 261
186 364
186 372
186 522
186 591
186 619
186 623
186 633
186 666
186 698
248 261
248 364
248 372
248 473
248 522
248 591
248 619
248 623
248 633
248 698
261 364
261 372
261 473
261 522
261 591
261 619
261 633
261 666
261 698
364 372
364 460
364 473
364 522
364 591
364 619
364 633
364 666
364 698
372 473
372 522
372 591
372 619
372 623
372 633
372 666
473 522
473 591
473 619
473 623
473 633
473 666
473 698
522 591
522 619
522 623
522 633
522 666
522 698
591 619
591 623
591 633
591 666
591 698
619 633
619 666
623 633
623 666
623 698
633 666
633 698
666 698
124 242
124 322
124 408
242 322
242 408
294 322
322 408
65 243
65 277
65 430
65 481
65 544
65 560
243 277
243 430
243 481
243 560
277 430
277 544
430 544
430 560
481 560
544 560
188 540
664 132
664 173
83 274
83 439
274 439
274 449
618 447
618 645
618 673
215 589
589 659
478 148
478 303
148 179
148 301
148 303
148 531
303 301
303 531
108 190
108 259
463 357
645 673
310 327
132 173
235 290
179 301
179 531
343 399
308 342
308 487
