0 1
0 10
0 17
0 30
0 31
0 45
0 53
0 58
0 63
0 67
0 82
0 88
0 103
0 106
0 108
0 115
0 120
0 129
0 134
0 148
0 154
0 157
0 160
0 173
0 186
0 202
0 206
0 207
0 218
0 224
0 231
0 245
0 260
1 8
1 10
1 17
1 30
1 45
1 53
1 63
1 67
1 69
1 75
1 85
1 88
1 90
1 106
1 120
1 121
1 134
1 148
1 150
1 157
1 186
1 202
1 231
1 244
1 245
1 252
1 260
2 12
2 36
2 56
2 59
2 70
2 72
2 98
2 108
2 121
2 125
2 131
2 132
2 135
2 142
2 150
2 180
2 197
2 206
2 210
2 217
2 220
2 223
2 241
2 250
2 253
2 259
3 16
3 25
3 27
3 36
3 37
3 44
3 45
3 62
3 64
3 89
3 101
3 108
3 125
3 140
3 154
3 160
3 165
3 169
3 171
3 187
3 188
3 191
3 192
3 198
3 199
3 203
3 217
3 218
3 219
3 229
3 234
3 237
3 246
3 253
3 259
4 9
4 11
4 13
4 14
4 28
4 29
4 31
4 46
4 51
4 55
4 61
4 68
4 78
4 83
4 84
4 87
4 92
4 95
4 100
4 111
4 112
4 120
4 123
4 128
4 130
4 134
4 139
4 145
4 149
4 152
4 155
4 157
4 161
4 163
4 179
4 181
4 183
4 185
4 196
4 200
4 205
4 214
4 215
4 220
4 221
4 222
4 238
4 242
4 249
4 255
4 257
5 7
5 18
5 33
5 35
5 42
5 62
5 80
5 93
5 103
5 108
5 109
5 116
5 124
5 129
5 130
5 141
5 143
5 150
5 151
5 167
5 190
5 192
5 195
5 203
5 225
5 233
5 236
5 241
5 247
6 9
6 14
6 22
6 28
6 29
6 31
6 39
6 55
6 60
6 66
6 68
6 78
6 83
6 92
6 95
6 100
6 111
6 122
6 123
6 139
6 152
6 158
6 161
6 181
6 183
6 196
6 200
6 206
6 207
6 214
6 222
6 238
6 242
6 249
7 50
7 59
7 62
7 103
7 108
7 109
7 116
7 124
7 135
7 137
7 141
7 151
7 180
7 192
7 195
7 206
7 208
7 223
7 225
7 232
7 233
7 236
7 241
7 247
8 10
8 19
8 69
8 75
8 79
8 90
8 99
8 106
8 117
8 118
8 126
8 150
8 159
8 160
8 174
8 182
8 184
8 203
8 204
8 213
8 243
8 252
9 14
9 19
9 21
9 28
9 31
9 46
9 55
9 68
9 78
9 87
9 92
9 95
9 100
9 106
9 111
9 122
9 123
9 139
9 152
9 158
9 161
9 162
9 178
9 181
9 183
9 189
9 193
9 196
9 200
9 207
9 214
9 217
9 222
9 238
9 242
9 244
9 249
10 13
10 17
10 23
10 30
10 32
10 45
10 53
10 58
10 63
10 67
10 70
10 75
10 76
10 79
10 82
10 83
10 86
10 88
10 106
10 108
10 115
10 120
10 123
10 129
10 132
10 134
10 148
10 157
10 186
10 202
10 203
10 224
10 229
10 231
10 245
10 260
11 22
11 26
11 51
11 55
11 61
11 78
11 83
11 104
11 107
11 112
11 146
11 155
11 163
11 179
11 185
11 198
11 221
11 255
11 257
12 24
12 32
12 36
12 38
12 53
12 54
12 56
12 59
12 72
12 82
12 103
12 108
12 115
12 121
12 132
12 169
12 180
12 197
12 206
12 210
12 217
12 220
12 223
12 245
12 250
12 253
13 19
13 23
13 40
13 50
13 57
13 65
13 70
13 79
13 94
13 97
13 117
13 119
13 129
13 133
13 162
13 172
13 194
13 216
13 227
13 228
13 229
13 235
13 258
14 19
14 28
14 29
14 30
14 31
14 38
14 46
14 55
14 63
14 68
14 78
14 87
14 92
14 95
14 100
14 111
14 122
14 123
14 139
14 145
14 152
14 158
14 161
14 164
14 178
14 181
14 183
14 185
14 192
14 193
14 196
14 200
14 207
14 214
14 222
14 238
14 242
14 249
14 260
15 18
15 42
15 62
15 125
15 181
16 18
16 24
16 25
16 27
16 35
16 36
16 38
16 42
16 44
16 64
16 71
16 74
16 80
16 87
16 89
16 101
16 104
16 124
16 125
16 154
16 165
16 169
16 188
16 192
16 198
16 199
16 203
16 206
16 218
16 219
16 226
16 234
16 254
16 259
17 23
17 45
17 53
17 58
17 63
17 67
17 75
17 82
17 88
17 106
17 115
17 116
17 120
17 129
17 134
17 138
17 150
17 157
17 173
17 186
17 202
17 224
17 231
17 241
17 242
17 245
17 260
18 36
18 42
18 44
18 48
18 62
18 64
18 103
18 116
18 135
18 141
18 143
18 151
18 167
18 181
18 190
18 192
18 195
18 198
18 203
18 208
18 224
18 225
18 233
18 247
18 249
18 257
19 23
19 28
19 31
19 35
19 36
19 40
19 49
19 50
19 57
19 58
19 65
19 66
19 67
19 68
19 70
19 75
19 79
19 90
19 94
19 97
19 107
19 108
19 115
19 117
19 118
19 119
19 120
19 133
19 134
19 135
19 150
19 160
19 161
19 162
19 172
19 190
19 194
19 198
19 203
19 204
19 207
19 216
19 220
19 229
19 234
19 235
19 255
19 258
20 34
20 54
20 55
20 92
20 113
20 114
20 131
20 144
20 163
20 175
20 176
20 201
20 209
20 212
20 246
20 251
21 28
21 95
21 111
21 139
21 152
21 161
21 178
21 181
21 196
21 200
21 214
22 26
22 39
22 41
22 51
22 61
22 77
22 79
22 107
22 123
22 128
22 134
22 149
22 160
22 168
22 170
22 179
22 184
22 205
22 215
22 220
22 221
22 230
22 237
22 254
22 255
22 257
23 40
23 45
23 49
23 57
23 63
23 65
23 66
23 68
23 70
23 79
23 94
23 97
23 117
23 119
23 126
23 133
23 153
23 157
23 160
23 162
23 172
23 181
23 184
23 194
23 216
23 228
23 229
23 235
23 258
24 31
24 32
24 38
24 55
24 56
24 72
24 80
24 87
24 89
24 104
24 108
24 132
24 134
24 192
24 195
24 203
24 205
24 206
24 210
24 217
24 218
24 233
24 249
24 250
24 253
25 32
25 36
25 44
25 71
25 89
25 93
25 104
25 125
25 140
25 151
25 154
25 188
25 198
25 219
25 234
25 258
26 41
26 51
26 61
26 83
26 107
26 112
26 128
26 149
26 168
26 220
26 255
27 37
27 44
27 64
27 67
27 74
27 89
27 101
27 104
27 106
27 107
27 108
27 113
27 125
27 140
27 141
27 151
27 154
27 162
27 165
27 169
27 180
27 187
27 188
27 191
27 195
27 198
27 199
27 205
27 206
27 218
27 219
27 237
27 248
27 254
28 29
28 31
28 46
28 55
28 60
28 92
28 95
28 100
28 111
28 117
28 122
28 123
28 139
28 144
28 145
28 150
28 152
28 158
28 161
28 181
28 183
28 193
28 196
28 200
28 207
28 212
28 214
28 222
28 238
28 242
28 249
29 31
29 46
29 68
29 69
29 78
29 87
29 92
29 95
29 100
29 111
29 123
29 127
29 139
29 145
29 152
29 158
29 160
29 161
29 181
29 183
29 185
29 189
29 200
29 207
29 214
29 238
29 242
29 249
29 256
30 45
30 53
30 69
30 70
30 82
30 85
30 90
30 97
30 106
30 115
30 129
30 134
30 150
30 202
30 231
30 245
30 260
31 34
31 46
31 55
31 58
31 66
31 68
31 75
31 87
31 92
31 93
31 95
31 100
31 104
31 106
31 111
31 113
31 122
31 123
31 139
31 145
31 149
31 152
31 160
31 161
31 178
31 179
31 181
31 183
31 193
31 196
31 200
31 207
31 214
31 222
31 238
31 242
31 245
31 249
31 255
32 35
32 38
32 56
32 59
32 60
32 65
32 72
32 86
32 89
32 93
32 116
32 121
32 132
32 157
32 169
32 180
32 184
32 185
32 190
32 197
32 203
32 206
32 217
32 223
32 245
32 250
32 253
33 35
33 42
33 48
33 77
33 80
33 88
33 93
33 99
33 101
33 104
33 116
33 124
33 129
33 141
33 147
33 151
33 167
33 169
33 180
33 190
33 192
33 203
33 225
33 226
33 233
33 247
34 39
34 54
34 60
34 76
34 98
34 102
34 106
34 123
34 130
34 136
34 139
34 160
34 163
34 176
34 179
34 212
34 215
34 244
34 246
34 251
35 37
35 42
35 46
35 48
35 56
35 59
35 62
35 80
35 93
35 103
35 124
35 137
35 141
35 151
35 167
35 190
35 192
35 195
35 224
35 225
35 226
35 232
35 245
35 247
35 256
36 37
36 44
36 46
36 53
36 62
36 64
36 66
36 70
36 71
36 74
36 75
36 89
36 92
36 93
36 101
36 104
36 108
36 115
36 125
36 140
36 143
36 151
36 154
36 161
36 165
36 169
36 181
36 185
36 188
36 191
36 197
36 198
36 199
36 200
36 203
36 206
36 214
36 218
36 219
36 234
36 236
36 237
36 248
36 249
36 258
37 44
37 47
37 48
37 59
37 74
37 89
37 101
37 104
37 116
37 125
37 129
37 140
37 154
37 165
37 169
37 180
37 187
37 188
37 199
37 206
37 217
37 218
37 219
37 237
37 259
38 44
38 56
38 59
38 64
38 72
38 80
38 81
38 89
38 96
38 98
38 104
38 108
38 121
38 124
38 132
38 141
38 154
38 165
38 180
38 192
38 194
38 195
38 197
38 203
38 206
38 210
38 217
38 218
38 223
38 225
38 226
38 233
38 234
38 247
38 250
38 258
39 51
39 53
39 60
39 61
39 76
39 83
39 84
39 107
39 112
39 123
39 128
39 139
39 146
39 149
39 155
39 163
39 168
39 201
39 205
39 215
39 221
39 230
39 248
39 251
39 255
39 256
39 257
40 43
40 49
40 50
40 57
40 65
40 70
40 79
40 81
40 94
40 97
40 117
40 129
40 133
40 162
40 172
40 186
40 194
40 216
40 229
40 235
40 254
40 258
41 51
41 61
41 83
41 84
41 86
41 112
41 128
41 146
41 149
41 155
41 163
41 168
41 179
41 215
41 221
41 254
41 255
41 257
42 44
42 46
42 48
42 62
42 93
42 103
42 116
42 125
42 135
42 137
42 141
42 143
42 151
42 167
42 172
42 190
42 192
42 203
42 208
42 224
42 225
42 232
42 233
42 236
42 241
42 247
43 50
43 57
43 70
43 85
43 97
43 117
43 119
43 126
43 172
43 174
43 194
43 202
43 216
43 228
43 229
43 235
43 246
43 258
44 56
44 64
44 74
44 80
44 89
44 101
44 104
44 108
44 115
44 125
44 134
44 141
44 151
44 155
44 165
44 169
44 171
44 185
44 187
44 188
44 192
44 197
44 198
44 199
44 203
44 205
44 218
44 219
44 223
44 225
44 234
44 245
45 53
45 58
45 63
45 67
45 75
45 82
45 106
45 115
45 117
45 120
45 134
45 148
45 157
45 166
45 181
45 186
45 202
45 224
45 231
45 260
46 55
46 67
46 75
46 78
46 83
46 87
46 92
46 100
46 111
46 129
46 145
46 149
46 161
46 181
46 183
46 193
46 195
46 196
46 200
46 206
46 207
46 211
46 214
46 215
46 222
46 238
46 242
46 249
47 74
47 101
47 151
47 187
47 195
48 63
48 71
48 80
48 93
48 124
48 141
48 143
48 151
48 167
48 186
48 192
48 195
48 208
48 225
48 226
48 232
48 241
49 50
49 51
49 57
49 65
49 66
49 67
49 70
49 79
49 94
49 97
49 117
49 119
49 126
49 127
49 153
49 156
49 159
49 160
49 172
49 173
49 182
49 184
49 194
49 216
49 227
49 229
49 235
49 245
49 258
49 260
50 57
50 65
50 66
50 67
50 70
50 73
50 79
50 91
50 94
50 97
50 108
50 115
50 117
50 118
50 126
50 134
50 148
50 172
50 194
50 203
50 216
50 228
50 229
50 231
50 235
50 245
50 258
51 55
51 60
51 61
51 76
51 77
51 78
51 83
51 84
51 86
51 89
51 95
51 101
51 107
51 112
51 123
51 128
51 134
51 146
51 147
51 149
51 155
51 168
51 179
51 181
51 185
51 200
51 205
51 213
51 214
51 215
51 220
51 221
51 230
51 233
51 239
51 251
51 255
51 257
52 54
52 55
52 57
52 70
52 76
52 113
52 114
52 130
52 131
52 136
52 147
52 163
52 176
52 201
52 212
52 240
52 244
52 246
52 251
52 256
53 58
53 63
53 67
53 69
53 75
53 82
53 88
53 89
53 106
53 108
53 115
53 120
53 129
53 134
53 145
53 147
53 148
53 150
53 157
53 160
53 172
53 181
53 186
53 194
53 202
53 203
53 211
53 214
53 224
53 231
53 245
53 258
53 260
54 55
54 65
54 77
54 88
54 102
54 106
54 113
54 114
54 129
54 130
54 131
54 136
54 141
54 144
54 163
54 175
54 176
54 201
54 209
54 212
54 240
54 244
54 246
54 251
54 256
55 68
55 78
55 87
55 92
55 95
55 100
55 111
55 112
55 122
55 123
55 130
55 139
55 145
55 149
55 150
55 152
55 161
55 164
55 176
55 179
55 181
55 183
55 185
55 189
55 193
55 196
55 200
55 207
55 214
55 222
55 230
55 238
55 242
55 249
55 251
56 59
56 72
56 74
56 80
56 93
56 96
56 98
56 101
56 108
56 116
56 126
56 129
56 132
56 142
56 179
56 184
56 190
56 197
56 203
56 206
56 210
56 217
56 223
56 225
56 233
56 234
56 247
56 249
56 250
56 253
57 58
57 66
57 67
57 68
57 70
57 73
57 79
57 94
57 97
57 112
57 117
57 119
57 126
57 127
57 134
57 147
57 160
57 162
57 172
57 182
57 184
57 194
57 201
57 216
57 221
57 227
57 228
57 229
57 235
57 258
58 63
58 75
58 82
58 88
58 97
58 106
58 115
58 120
58 129
58 134
58 157
58 186
58 195
58 202
58 224
58 231
58 245
58 260
59 72
59 96
59 106
59 121
59 135
59 141
59 142
59 180
59 206
59 217
59 218
59 225
59 250
59 253
60 76
60 102
60 106
60 113
60 114
60 118
60 123
60 130
60 131
60 133
60 139
60 150
60 160
60 163
60 176
60 183
60 200
60 201
60 212
60 240
60 244
60 251
60 255
60 256
61 71
61 77
61 78
61 83
61 84
61 86
61 89
61 92
61 104
61 107
61 112
61 122
61 128
61 146
61 149
61 155
61 170
61 179
61 181
61 185
61 193
61 196
61 215
61 220
61 221
61 230
61 239
61 248
61 251
61 254
61 255
61 257
62 96
62 103
62 108
62 109
62 113
62 116
62 135
62 137
62 141
62 143
62 151
62 190
62 192
62 195
62 203
62 208
62 220
62 225
62 232
62 233
62 236
62 241
62 247
63 67
63 75
63 82
63 106
63 108
63 115
63 120
63 129
63 134
63 138
63 141
63 148
63 157
63 166
63 202
63 203
63 211
63 224
63 231
63 242
63 245
63 258
63 260
64 74
64 89
64 101
64 104
64 108
64 125
64 165
64 171
64 187
64 188
64 191
64 198
64 199
64 203
64 218
64 219
64 234
65 70
65 79
65 94
65 106
65 113
65 115
65 117
65 118
65 127
65 131
65 134
65 148
65 150
65 159
65 160
65 162
65 172
65 194
65 216
65 228
65 229
65 235
65 258
66 70
66 79
66 83
66 94
66 97
66 117
66 123
66 126
66 148
66 156
66 162
66 172
66 184
66 194
66 216
66 228
66 229
66 234
66 235
66 244
66 258
67 70
67 75
67 82
67 88
67 91
67 94
67 97
67 99
67 103
67 106
67 109
67 117
67 119
67 120
67 126
67 127
67 129
67 132
67 134
67 136
67 138
67 144
67 147
67 148
67 150
67 153
67 157
67 159
67 163
67 172
67 173
67 176
67 181
67 182
67 186
67 191
67 202
67 204
67 213
67 216
67 217
67 224
67 228
67 229
67 231
67 235
67 241
67 245
67 255
67 256
67 258
67 260
68 87
68 92
68 95
68 100
68 123
68 139
68 152
68 157
68 160
68 161
68 178
68 181
68 183
68 196
68 200
68 207
68 222
68 230
68 238
68 242
68 249
68 253
68 255
69 75
69 79
69 85
69 90
69 91
69 97
69 105
69 113
69 126
69 134
69 150
69 156
69 157
69 159
69 160
69 174
69 204
69 211
69 213
69 231
69 249
69 252
70 79
70 85
70 90
70 92
70 94
70 97
70 108
70 110
70 115
70 117
70 119
70 121
70 126
70 127
70 134
70 150
70 155
70 162
70 172
70 176
70 181
70 184
70 194
70 195
70 202
70 211
70 212
70 216
70 227
70 228
70 229
70 231
70 235
70 242
70 244
70 245
70 246
70 253
70 258
71 74
71 89
71 101
71 104
71 121
71 125
71 140
71 143
71 170
71 171
71 188
71 195
71 198
71 206
71 215
71 219
71 247
72 80
72 96
72 101
72 105
72 108
72 121
72 124
72 132
72 142
72 180
72 197
72 199
72 203
72 206
72 210
72 217
72 223
72 250
72 253
72 258
73 85
73 91
73 94
73 110
73 117
73 118
73 126
73 148
73 159
73 166
73 177
73 182
73 213
73 229
73 243
73 245
74 89
74 101
74 104
74 125
74 126
74 154
74 165
74 169
74 180
74 187
74 195
74 198
74 199
74 203
74 206
74 218
74 219
74 259
75 82
75 85
75 88
75 106
75 117
75 118
75 120
75 129
75 134
75 138
75 148
75 150
75 156
75 157
75 173
75 174
75 183
75 186
75 200
75 204
75 207
75 216
75 224
75 231
75 245
75 249
75 260
76 102
76 106
76 113
76 130
76 139
76 144
76 160
76 163
76 195
76 200
76 201
76 245
76 246
76 251
76 255
77 78
77 84
77 86
77 92
77 107
77 112
77 115
77 128
77 135
77 144
77 146
77 149
77 155
77 170
77 179
77 185
77 193
77 199
77 200
77 205
77 215
77 217
77 220
77 221
77 230
77 237
77 239
77 248
77 254
77 255
77 257
77 258
78 83
78 87
78 95
78 100
78 107
78 112
78 123
78 139
78 145
78 146
78 149
78 155
78 158
78 162
78 163
78 179
78 181
78 183
78 185
78 193
78 196
78 200
78 207
78 214
78 222
78 238
78 239
78 242
78 249
78 254
78 255
78 257
79 89
79 90
79 94
79 97
79 101
79 117
79 119
79 127
79 157
79 160
79 162
79 172
79 173
79 184
79 194
79 216
79 227
79 228
79 229
79 235
79 245
79 258
79 260
80 93
80 103
80 104
80 108
80 116
80 124
80 137
80 141
80 151
80 154
80 157
80 167
80 181
80 190
80 192
80 195
80 197
80 218
80 221
80 225
80 226
80 233
80 236
80 244
80 247
81 96
81 98
81 108
81 121
81 132
81 142
81 180
81 186
81 210
81 217
81 223
81 253
82 90
82 99
82 106
82 108
82 117
82 120
82 126
82 129
82 134
82 138
82 150
82 157
82 160
82 182
82 186
82 202
82 204
82 216
82 224
82 231
82 243
82 245
82 260
83 92
83 107
83 112
83 123
83 128
83 146
83 149
83 155
83 179
83 184
83 185
83 195
83 205
83 215
83 220
83 221
83 230
83 239
83 244
83 248
83 249
83 255
83 257
84 86
84 92
84 107
84 112
84 128
84 134
84 135
84 145
84 146
84 149
84 155
84 170
84 179
84 181
84 185
84 205
84 215
84 220
84 221
84 230
84 235
84 239
84 244
84 248
84 249
84 254
84 255
84 257
84 258
85 88
85 90
85 97
85 99
85 105
85 118
85 119
85 126
85 134
85 150
85 156
85 159
85 160
85 166
85 172
85 174
85 176
85 177
85 182
85 202
85 204
85 211
85 213
85 243
85 246
86 107
86 112
86 128
86 146
86 149
86 185
86 205
86 215
86 220
86 221
86 230
86 234
86 239
86 248
86 254
86 255
86 257
87 92
87 95
87 100
87 111
87 123
87 139
87 145
87 149
87 155
87 161
87 178
87 179
87 181
87 183
87 185
87 193
87 195
87 196
87 200
87 207
87 214
87 222
87 238
87 245
87 249
88 90
88 99
88 104
88 106
88 115
88 120
88 129
88 134
88 138
88 148
88 157
88 166
88 173
88 185
88 186
88 199
88 202
88 224
88 231
88 245
88 249
88 260
89 101
89 104
89 108
89 125
89 132
89 149
89 151
89 154
89 163
89 165
89 169
89 171
89 180
89 184
89 187
89 188
89 191
89 192
89 195
89 198
89 199
89 203
89 205
89 218
89 219
89 225
89 234
89 237
89 247
89 259
89 260
90 91
90 95
90 97
90 106
90 115
90 120
90 129
90 134
90 148
90 150
90 173
90 206
90 211
90 217
90 231
90 244
90 245
90 260
91 97
91 99
91 126
91 129
91 150
91 156
91 159
91 174
91 177
91 211
91 213
91 228
91 246
91 252
92 95
92 100
92 102
92 111
92 123
92 134
92 145
92 149
92 150
92 152
92 155
92 158
92 161
92 163
92 175
92 181
92 183
92 185
92 196
92 200
92 205
92 207
92 214
92 215
92 221
92 222
92 238
92 242
92 244
92 249
92 250
92 255
93 101
93 109
93 116
93 124
93 135
93 137
93 141
93 143
93 151
93 167
93 180
93 190
93 192
93 195
93 203
93 208
93 224
93 225
93 232
93 233
93 236
93 241
93 247
94 97
94 117
94 119
94 127
94 134
94 148
94 172
94 181
94 194
94 214
94 216
94 227
94 228
94 229
94 235
94 245
94 258
95 100
95 111
95 122
95 123
95 134
95 139
95 144
95 145
95 152
95 158
95 161
95 164
95 175
95 181
95 183
95 185
95 193
95 196
95 200
95 207
95 214
95 215
95 222
95 238
95 242
95 249
96 104
96 108
96 121
96 125
96 132
96 142
96 145
96 180
96 203
96 206
96 210
96 215
96 217
96 219
96 221
96 223
96 237
96 250
97 107
97 115
97 117
97 119
97 127
97 153
97 162
97 172
97 194
97 213
97 216
97 227
97 229
97 235
97 258
98 108
98 121
98 125
98 132
98 142
98 143
98 180
98 192
98 203
98 206
98 210
98 217
98 223
98 250
98 253
99 105
99 110
99 126
99 134
99 135
99 150
99 156
99 166
99 172
99 204
99 211
99 243
99 252
99 255
100 112
100 122
100 123
100 139
100 152
100 158
100 161
100 181
100 183
100 189
100 193
100 196
100 207
100 214
100 222
100 238
100 242
100 249
100 256
101 103
101 104
101 106
101 108
101 120
101 125
101 132
101 151
101 154
101 165
101 167
101 169
101 180
101 187
101 188
101 190
101 191
101 192
101 198
101 199
101 203
101 217
101 218
101 219
101 220
101 234
101 257
101 259
102 113
102 114
102 144
102 147
102 163
102 176
102 200
102 201
102 212
102 214
102 244
102 246
102 256
103 104
103 108
103 109
103 116
103 134
103 135
103 137
103 141
103 143
103 151
103 190
103 192
103 195
103 203
103 206
103 217
103 220
103 225
103 232
103 233
103 236
103 241
103 247
103 255
104 108
104 125
104 141
104 142
104 151
104 153
104 154
104 165
104 169
104 171
104 180
104 184
104 187
104 188
104 195
104 198
104 199
104 203
104 210
104 215
104 218
104 219
104 225
104 229
104 233
104 234
104 245
104 247
104 259
105 118
105 134
105 150
105 156
105 166
105 172
105 176
105 204
105 211
105 213
105 243
105 249
105 252
106 113
106 120
106 129
106 134
106 139
106 148
106 150
106 157
106 160
106 173
106 184
106 191
106 195
106 201
106 202
106 206
106 212
106 216
106 223
106 224
106 231
106 242
106 245
106 256
106 260
107 108
107 112
107 128
107 146
107 149
107 155
107 160
107 170
107 179
107 181
107 203
107 205
107 215
107 220
107 221
107 230
107 237
107 239
107 248
107 254
107 255
107 257
108 109
108 116
108 120
108 121
108 125
108 132
108 142
108 143
108 157
108 169
108 170
108 180
108 184
108 187
108 190
108 192
108 197
108 198
108 203
108 206
108 210
108 211
108 212
108 216
108 217
108 220
108 223
108 224
108 229
108 233
108 234
108 235
108 236
108 241
108 250
108 253
108 260
109 137
109 141
109 143
109 151
109 192
109 197
109 232
109 236
109 241
109 247
109 255
110 138
110 166
110 172
110 211
111 123
111 139
111 145
111 152
111 161
111 178
111 181
111 183
111 193
111 196
111 200
111 207
111 214
111 222
111 238
111 242
111 249
112 128
112 130
112 139
112 146
112 149
112 155
112 175
112 179
112 185
112 210
112 215
112 220
112 221
112 230
112 239
112 242
112 248
112 254
112 255
112 257
113 114
113 115
113 129
113 130
113 131
113 136
113 140
113 144
113 147
113 160
113 162
113 163
113 175
113 176
113 184
113 186
113 188
113 191
113 201
113 206
113 214
113 219
113 242
113 246
113 248
113 256
114 131
114 136
114 144
114 147
114 163
114 173
114 175
114 176
114 186
114 200
114 201
114 209
114 212
114 231
114 240
114 244
114 245
114 246
114 248
114 251
114 256
115 134
115 148
115 150
115 157
115 176
115 186
115 190
115 202
115 217
115 224
115 231
115 245
115 248
115 256
115 260
116 121
116 124
116 135
116 137
116 141
116 143
116 151
116 167
116 187
116 190
116 192
116 195
116 206
116 208
116 226
116 232
116 233
116 234
116 236
116 241
116 247
117 119
117 126
117 127
117 129
117 148
117 150
117 153
117 160
117 162
117 172
117 182
117 184
117 194
117 195
117 213
117 216
117 227
117 228
117 229
117 231
117 235
117 245
117 258
118 126
118 134
118 150
118 156
118 160
118 174
118 177
118 182
118 184
118 204
118 211
118 213
118 243
119 120
119 126
119 129
119 153
119 161
119 162
119 172
119 184
119 194
119 227
119 228
119 229
119 231
119 235
119 249
119 258
120 129
120 134
120 148
120 150
120 157
120 173
120 186
120 202
120 203
120 224
120 231
120 245
120 260
121 124
121 125
121 142
121 180
121 203
121 206
121 210
121 217
121 223
121 250
121 253
122 123
122 139
122 152
122 158
122 164
122 196
122 200
122 207
122 214
122 222
122 238
123 139
123 149
123 152
123 157
123 158
123 161
123 181
123 183
123 196
123 200
123 207
123 214
123 217
123 222
123 238
123 242
123 249
124 143
124 151
124 165
124 167
124 188
124 190
124 192
124 195
124 203
124 225
124 226
124 233
124 241
124 247
125 132
125 140
125 143
125 151
125 154
125 165
125 169
125 171
125 180
125 188
125 191
125 198
125 203
125 217
125 218
125 219
125 234
125 237
125 250
125 259
126 147
126 150
126 159
126 160
126 166
126 174
126 177
126 182
126 186
126 193
126 194
126 211
126 213
126 216
126 229
126 245
126 252
126 258
127 133
127 140
127 153
127 162
127 172
127 184
127 201
127 216
127 227
127 228
127 258
128 146
128 149
128 151
128 155
128 168
128 179
128 205
128 220
128 221
128 230
128 248
128 253
128 255
129 132
129 134
129 138
129 141
129 148
129 150
129 162
129 195
129 207
129 216
129 227
129 230
129 231
129 241
129 245
129 258
129 260
130 131
130 136
130 139
130 144
130 147
130 163
130 175
130 176
130 179
130 200
130 201
130 212
130 220
130 221
130 240
130 244
130 245
130 246
130 251
130 255
130 256
131 136
131 156
131 163
131 176
131 212
131 240
131 244
131 246
132 140
132 142
132 180
132 188
132 195
132 197
132 200
132 203
132 206
132 210
132 217
132 219
132 223
132 227
132 236
132 249
132 253
132 256
132 259
133 146
133 153
133 162
133 172
133 227
133 244
133 246
133 252
134 138
134 140
134 146
134 148
134 150
134 155
134 157
134 160
134 173
134 174
134 177
134 181
134 186
134 188
134 201
134 202
134 204
134 211
134 213
134 224
134 231
134 235
134 243
134 245
134 249
134 255
134 257
134 260
135 137
135 141
135 143
135 151
135 192
135 195
135 208
135 225
135 232
135 236
135 241
135 247
135 258
136 144
136 147
136 163
136 176
136 209
136 212
136 240
136 244
136 249
136 256
137 154
137 190
137 191
137 192
137 195
137 206
137 208
137 225
137 232
137 233
137 236
137 241
137 247
137 254
138 148
138 150
138 204
138 231
138 245
139 149
139 150
139 152
139 155
139 158
139 160
139 161
139 163
139 178
139 181
139 183
139 193
139 196
139 200
139 207
139 214
139 215
139 222
139 238
139 242
139 249
139 251
140 154
140 160
140 169
140 180
140 188
140 198
140 200
140 217
140 234
141 143
141 151
141 154
141 179
141 190
141 192
141 195
141 203
141 206
141 208
141 218
141 225
141 232
141 233
141 241
141 244
141 247
141 258
142 148
142 151
142 180
142 187
142 197
142 203
142 206
142 210
142 217
142 223
142 236
142 241
142 250
142 253
142 259
143 167
143 190
143 192
143 195
143 225
143 236
143 241
144 147
144 163
144 176
144 200
144 201
144 212
144 214
144 240
144 244
144 251
144 256
145 157
145 161
145 180
145 181
145 183
145 193
145 196
145 200
145 207
145 214
145 215
145 238
145 249
145 250
145 260
146 168
146 179
146 181
146 185
146 193
146 205
146 215
146 220
146 221
146 230
146 239
146 242
146 249
146 254
146 255
146 257
147 163
147 173
147 175
147 176
147 201
147 203
147 212
147 216
147 240
147 246
147 251
147 256
148 157
148 177
148 186
148 216
148 224
148 229
148 231
148 245
148 260
149 155
149 161
149 168
149 170
149 176
149 179
149 185
149 196
149 205
149 215
149 220
149 221
149 224
149 230
149 248
149 254
149 255
149 257
150 156
150 157
150 160
150 166
150 174
150 176
150 177
150 182
150 184
150 202
150 204
150 205
150 211
150 213
150 224
150 231
150 243
150 244
150 245
150 247
150 249
150 252
150 253
150 260
151 156
151 167
151 188
151 190
151 192
151 195
151 198
151 199
151 225
151 226
151 232
151 233
151 234
151 241
152 158
152 161
152 164
152 178
152 181
152 183
152 185
152 189
152 193
152 195
152 196
152 200
152 207
152 214
152 215
152 222
152 236
152 238
152 242
153 162
153 184
153 201
153 216
153 227
153 245
153 258
154 165
154 169
154 187
154 188
154 191
154 195
154 198
154 199
154 218
154 219
154 225
154 234
154 237
155 168
155 177
155 179
155 181
155 185
155 186
155 198
155 205
155 215
155 220
155 221
155 239
155 248
155 254
155 255
155 257
156 160
156 166
156 177
156 182
156 204
156 252
157 186
157 202
157 203
157 224
157 231
157 245
157 260
158 164
158 178
158 181
158 183
158 196
158 200
158 207
158 214
158 215
158 222
158 238
158 242
159 182
159 213
159 245
160 162
160 174
160 177
160 182
160 184
160 191
160 194
160 204
160 205
160 213
160 219
160 237
160 240
160 242
160 243
160 247
160 252
160 258
161 178
161 181
161 183
161 193
161 196
161 200
161 206
161 207
161 214
161 222
161 238
161 242
161 249
161 255
162 172
162 181
162 184
162 194
162 213
162 214
162 219
162 227
162 228
162 229
162 235
162 237
162 248
162 249
162 258
163 175
163 176
163 183
163 200
163 201
163 209
163 212
163 215
163 216
163 217
163 221
163 240
163 244
163 245
163 246
163 251
163 253
163 256
163 257
164 196
164 214
164 222
164 238
165 169
165 171
165 187
165 188
165 192
165 199
165 218
165 219
165 233
165 234
165 237
165 259
166 204
166 211
166 213
166 247
166 252
166 260
167 190
167 192
167 195
167 218
167 225
167 226
167 233
167 236
167 241
168 179
168 215
168 221
168 255
169 171
169 187
169 188
169 191
169 198
169 199
169 218
169 219
169 234
169 259
170 198
170 200
170 205
170 215
170 219
170 220
170 230
170 239
170 248
170 249
170 254
170 255
171 219
171 234
171 246
172 184
172 194
172 216
172 227
172 228
172 229
172 235
172 258
173 231
173 245
174 200
174 211
174 213
174 227
174 228
174 246
174 252
175 176
175 201
175 209
175 244
175 251
175 256
176 189
176 200
176 201
176 202
176 205
176 212
176 230
176 240
176 244
176 246
176 251
176 256
177 182
177 204
177 213
177 243
178 181
178 193
178 200
178 206
178 207
178 214
178 222
178 238
178 242
178 249
178 255
179 185
179 200
179 205
179 215
179 220
179 221
179 222
179 230
179 239
179 248
179 254
179 255
179 257
180 187
180 197
180 203
180 206
180 210
180 217
180 219
180 223
180 250
180 253
180 259
181 183
181 193
181 195
181 196
181 199
181 200
181 207
181 211
181 214
181 215
181 216
181 218
181 221
181 222
181 225
181 238
181 239
181 242
181 249
181 257
182 184
182 204
182 211
182 213
182 229
182 238
182 245
183 193
183 196
183 200
183 204
183 207
183 214
183 222
183 238
183 242
183 249
183 260
184 194
184 197
184 199
184 204
184 216
184 221
184 227
184 228
184 235
184 253
184 258
185 200
185 205
185 215
185 220
185 221
185 230
185 235
185 239
185 248
185 254
185 255
185 257
186 199
186 202
186 220
186 224
186 230
186 245
186 260
187 188
187 191
187 195
187 198
187 199
187 218
187 219
187 237
187 259
188 191
188 195
188 198
188 200
188 206
188 217
188 218
188 219
188 234
188 237
188 250
189 222
189 242
189 249
190 192
190 195
190 197
190 203
190 208
190 225
190 226
190 231
190 232
190 236
190 241
190 247
190 253
191 199
191 205
191 206
191 218
191 219
191 232
191 236
191 237
191 248
191 254
191 255
191 259
192 195
192 199
192 208
192 219
192 224
192 225
192 226
192 232
192 233
192 236
192 241
192 247
192 260
193 196
193 200
193 214
193 221
193 222
193 238
193 239
193 249
194 216
194 229
194 235
194 258
195 199
195 203
195 206
195 225
195 233
195 241
195 244
195 247
195 249
195 259
196 200
196 207
196 214
196 222
196 238
196 242
196 249
197 198
197 199
197 203
197 206
197 217
197 220
197 247
197 250
197 253
198 203
198 206
198 218
198 219
198 234
198 259
199 203
199 206
199 207
199 218
199 219
199 230
199 237
199 255
199 256
199 259
200 201
200 207
200 212
200 214
200 221
200 222
200 230
200 234
200 238
200 242
200 244
200 249
200 256
201 212
201 220
201 244
201 245
201 246
201 249
201 251
201 256
202 216
202 222
202 224
202 245
202 252
202 260
203 205
203 206
203 210
203 217
203 219
203 220
203 223
203 234
203 236
203 250
203 253
203 260
204 207
204 211
204 213
204 243
205 206
205 215
205 220
205 221
205 230
205 248
205 254
205 255
205 257
205 258
206 210
206 215
206 217
206 223
206 236
206 237
206 250
206 253
206 254
206 255
206 260
207 214
207 222
207 226
207 238
207 242
207 249
207 255
208 232
208 233
208 236
208 241
208 247
209 240
209 244
209 245
209 246
209 251
209 256
210 217
210 223
210 250
210 253
211 213
211 215
211 243
211 249
211 252
211 260
212 246
212 251
212 256
213 229
213 243
213 245
214 222
214 231
214 238
214 242
214 244
214 249
214 258
215 220
215 221
215 230
215 239
215 248
215 249
215 254
215 255
216 228
216 229
216 235
216 244
216 258
217 219
217 227
217 237
217 240
217 241
217 249
217 250
217 253
217 256
217 258
217 259
218 219
218 225
218 233
218 234
218 237
218 247
218 253
218 259
219 233
219 234
219 236
219 237
219 244
219 246
219 249
219 253
219 259
220 221
220 230
220 239
220 248
220 251
220 254
220 255
220 257
221 230
221 239
221 246
221 248
221 249
221 251
221 254
221 255
221 257
222 238
222 242
222 249
223 250
224 231
224 245
224 260
225 226
225 232
225 233
225 241
225 247
225 258
226 232
226 233
226 241
226 247
227 229
227 246
227 252
228 229
228 235
228 246
228 258
229 235
229 258
230 239
230 248
230 254
230 255
230 257
230 258
231 238
231 245
231 260
232 233
232 236
232 237
232 241
233 236
233 241
233 247
233 253
234 253
235 258
236 241
236 247
236 255
237 244
237 248
237 254
237 255
238 242
238 249
238 251
239 254
239 255
239 257
240 246
240 251
240 256
241 247
241 255
242 245
242 249
242 252
242 258
242 260
243 244
243 252
244 245
244 246
244 251
244 254
244 256
244 259
245 246
245 256
245 258
245 260
246 256
248 254
248 255
248 257
251 256
252 255
254 255
255 257
256 260
258 260
