932
66
541
524
410
364
862
15
24
560
154
992
119
902
179
184
670
187
597
338
787
483
382
638
889
21
961
636
567
732
912
213
89
68
739
820
528
82
371
947
80
171
337
353
152
671
295
962
998
260
228
712
393
437
634
362
421
311
940
625
423
191
729
331
202
211
948
348
763
146
139
269
224
936
877
270
402
614
367
323
870
643
480
788
839
678
164
672
659
271
911
503
253
561
548
746
435
465
793
637
500
374
124
594
538
251
312
453
686
142
222
639
73
502
255
346
272
231
785
722
143
267
48
816
457
850
298
226
332
556
618
334
882
51
327
545
351
39
587
901
214
159
123
110
860
83
29
398
377
384
648
759
580
426
774
520
645
414
583
716
448
34
622
392
776
23
720
498
117
116
589
814
9
598
428
209
97
318
149
811
508
771
293
145
879
183
230
132
683
515
705
291
212
225
777
74
169
876
660
286
740
170
517
802
160
463
708
372
239
640
340
751
324
692
613
690
455
344
772
647
491
575
32
891
360
983
710
718
37
44
361
329
779
501
422
418
461
358
285
497
30
552
206
385
265
832
831
294
103
306
65
758
287
539
735
404
198
887
368
519
363
375
916
485
407
162
840
547
691
128
192
909
721
531
569
856
77
725
14
506
310
711
304
492
86
250
974
95
420
603
701
246
94
78
182
786
7
956
57
161
631
621
489
585
181
540
335
605
706
859
441
490
118
245
196
419
175
216
563
115
445
482
200
709
896
848
823
849
681
664
274
261
654
753
19
861
555
550
431
675
644
827
350
512
523
438
707
730
880
846
122
602
694
114
28
439
262
473
330
40
476
578
63
800
474
510
663
244
584
679
442
256
268
533
649
572
100
668
750
486
54
210
207
842
495
412
554
93
950
227
964
756
826
405
624
62
537
166
494
931
373
47
308
866
765
257
504
559
521
320
92
505
768
401
972
822
52
381
595
247
111
56
817
75
403
156
283
874
241
236
357
881
734
193
693
526
915
376
106
812
905
194
854
469
315
307
300
853
867
687
322
769
339
347
425
609
623
695
470
309
943
201
784
313
509
743
205
767
596
35
885
699
698
120
566
527
67
626
775
219
396
653
791
447
133
248
481
389
719
88
158
715
359
553
658
522
493
872
215
841
869
807
349
96
477
137
113
488
696
913
153
865
264
607
830
610
243
700
656
513
443
356
22
773
379
487
478
586
259
252
232
819
107
565
395
319
733
685
20
864
825
629
748
197
529
8
185
173
50
180
314
900
514
199
163
434
178
341
5
868
336
378
303
633
619
316
208
963
138
140
612
289
731
190
464
680
417
275
808
599
518
387
141
530
87
45
749
462
917
568
593
76
507
325
409
71
386
999
148
922
666
475
736
579
189
582
204
564
79
615
91
766
6
661
333
757
577
608
778
41
394
413
317
112
642
688
273
669
399
657
798
546
803
258
301
144
557
282
628
726
760
342
682
223
570
451
888
237
157
218
742
835
606
600
673
601
863
238
104
288
172
354
400
168
665
126
276
369
616
592
662
383
855
794
611
499
796
747
25
345
562
806
305
366
98
837
466
617
620
430
155
147
290
551
352
714
134
471
676
627
467
516
