0 25
0 65
0 73
0 81
25 65
25 81
65 73
73 3
73 39
73 81
3 7
3 14
3 52
3 5
3 16
3 18
3 22
3 24
3 31
3 32
3 34
3 35
3 41
3 43
3 48
3 50
3 54
3 56
3 57
3 66
3 72
3 78
3 83
39 45
39 52
39 72
39 89
1 7
1 14
1 45
1 49
1 52
1 55
1 74
7 2
7 4
7 9
7 11
7 14
7 17
7 22
7 23
7 32
7 36
7 40
7 41
7 45
7 48
7 49
7 52
7 55
7 58
7 60
7 68
7 71
7 78
7 80
7 85
7 89
14 10
14 16
14 20
14 40
14 41
14 42
14 45
14 46
14 49
14 52
14 54
14 56
14 57
14 64
14 71
14 72
14 83
14 89
45 2
45 6
45 8
45 10
45 16
45 17
45 22
45 23
45 24
45 26
45 30
45 33
45 34
45 35
45 40
45 41
45 44
45 48
45 49
45 51
45 52
45 53
45 55
45 56
45 57
45 59
45 63
45 66
45 69
45 71
45 74
45 77
45 78
45 79
45 80
45 82
45 83
45 85
45 87
45 88
45 89
49 4
49 32
49 41
49 48
49 52
49 55
49 68
49 71
52 8
52 16
52 23
52 28
52 31
52 33
52 36
52 38
52 40
52 41
52 48
52 53
52 54
52 55
52 56
52 57
52 58
52 60
52 62
52 78
52 83
52 85
52 89
55 4
55 9
55 11
55 17
55 22
55 28
55 31
55 36
55 40
55 48
55 60
55 62
55 78
55 80
55 85
74 2
74 16
74 29
74 40
2 29
2 33
2 40
4 54
4 57
4 8
4 71
9 10
9 60
11 24
11 59
17 22
17 24
17 59
22 31
22 78
23 40
32 16
32 18
32 35
32 43
32 48
32 87
36 59
36 84
36 85
40 29
40 10
40 16
40 46
40 60
40 64
40 85
41 56
41 72
41 78
41 83
41 89
48 5
48 12
48 16
48 31
48 43
48 19
48 56
48 58
48 82
48 83
48 86
58 12
58 16
58 31
58 34
58 86
58 19
58 82
60 54
60 57
60 10
68 71
68 27
68 38
71 38
71 67
78 12
78 16
78 34
78 50
78 37
78 61
78 76
78 82
78 84
78 85
80 88
85 16
85 24
85 10
85 59
85 79
85 82
10 16
10 46
10 64
16 38
16 43
20 42
46 64
54 24
54 43
54 21
54 57
54 72
54 75
56 31
56 6
56 30
56 62
56 63
56 82
57 24
57 43
57 21
57 72
57 75
72 34
72 50
72 6
72 76
72 83
83 31
83 62
83 63
83 82
8 53
24 13
24 79
24 82
26 15
26 44
26 88
30 51
34 50
35 18
35 47
35 51
35 66
35 69
35 87
44 15
44 77
44 88
51 18
59 13
59 79
59 82
63 19
66 18
69 18
77 15
82 76
87 18
88 15
38 62
38 27
38 67
5 47
5 50
5 86
18 47
50 12
47 86
86 12
21 75
37 61
37 70
61 84
61 70
84 70
