84
132
267
238
14
231
329
20
233
186
15
199
325
339
85
17
261
128
245
370
81
83
244
277
112
371
45
198
86
340
187
312
278
203
69
257
365
152
127
249
16
129
366
105
82
313
71
235
178
246
236
184
172
201
90
253
153
156
74
296
13
282
104
130
4
125
177
254
133
12
202
92
174
107
3
230
332
46
175
72
256
281
135
68
93
57
183
200
66
322
259
176
323
232
330
372
251
237
326
258
234
262
18
91
59
155
350
124
331
0
96
157
19
103
32
367
87
308
38
39
252
106
7
333
334
173
248
260
44
361
185
23
88
118
347
25
373
126
309
239
255
97
131
283
154
31
61
297
89
58
213
