201
826
599
25
612
844
885
503
666
778
26
504
64
890
169
394
782
681
266
24
240
614
387
636
771
530
808
138
29
43
947
88
267
16
498
197
367
754
661
772
662
83
192
66
146
431
732
694
855
336
601
703
141
355
780
932
246
536
285
385
632
389
255
425
911
170
835
196
600
45
759
175
787
286
669
317
342
869
866
540
768
478
205
94
415
125
505
493
940
398
571
739
647
733
752
92
551
134
299
541
187
756
476
606
263
423
278
516
827
444
637
68
471
992
33
862
19
775
627
677
704
553
458
545
80
502
326
166
631
412
670
609
265
740
648
615
226
682
481
927
738
870
325
592
30
485
190
751
405
95
233
215
587
86
236
407
264
44
401
250
972
877
680
860
461
251
262
513
623
470
531
462
482
277
936
460
303
335
128
508
154
840
35
886
563
218
486
248
813
247
189
453
468
996
360
374
974
81
469
356
122
273
4
594
110
579
577
584
321
674
14
533
111
522
20
337
329
871
624
495
209
178
883
87
99
191
427
821
345
93
803
28
888
318
368
607
649
90
137
576
259
832
305
746
253
357
53
555
873
709
745
391
147
724
728
875
652
660
596
400
999
872
446
463
17
315
208
791
372
716
915
781
583
229
776
373
353
515
105
173
104
97
987
635
617
480
158
410
846
82
386
675
207
65
7
48
580
244
526
591
496
96
366
204
448
348
139
548
711
912
645
228
734
561
823
119
5
194
588
549
693
802
316
838
785
605
74
397
6
638
506
770
434
214
833
809
507
436
406
646
695
148
156
806
100
864
426
121
114
320
112
334
34
510
459
642
556
51
271
524
501
628
279
990
995
179
243
133
798
404
417
814
98
319
171
494
653
47
499
89
713
904
963
650
488
817
50
905
362
658
9
54
629
383
750
403
663
308
437
413
231
708
465
39
618
793
518
547
742
719
272
290
420
861
731
562
210
784
15
361
241
333
395
102
309
892
800
115
678
894
339
880
249
896
393
767
795
184
429
430
790
127
351
27
735
91
490
332
140
275
350
552
582
595
232
304
234
567
202
464
815
443
338
575
691
581
371
509
848
77
108
330
106
113
517
655
868
75
528
344
804
590
324
700
172
644
500
492
143
445
161
554
183
620
422
174
710
565
282
132
155
491
