0 19
0 506
0 632
0 804
19 175
19 506
19 632
19 829
19 974
506 974
632 26
632 51
632 70
632 77
632 182
632 210
632 268
632 344
632 379
632 422
632 466
632 476
632 502
632 533
632 601
632 638
632 746
632 778
632 805
632 809
632 869
632 974
804 123
804 410
804 47
804 108
804 145
804 495
804 511
175 466
175 154
175 220
175 392
175 477
175 673
175 814
175 818
175 974
829 123
829 1
829 26
829 39
829 51
829 77
829 99
829 193
829 268
829 312
829 323
829 332
829 344
829 419
829 432
829 476
829 495
829 502
829 566
829 770
829 805
829 974
974 766
974 688
974 220
974 241
974 268
974 285
974 312
974 320
974 419
974 435
974 538
974 566
974 869
123 410
123 466
123 495
123 533
123 869
410 108
410 145
410 312
410 495
410 502
466 533
466 10
466 329
466 16
466 145
466 160
466 210
466 240
466 241
466 333
466 384
466 435
466 441
466 566
466 571
466 688
466 721
466 747
466 818
466 996
495 766
495 494
495 553
495 869
495 182
495 210
495 145
495 232
495 265
533 1
533 14
533 117
533 222
533 349
533 409
533 477
533 570
533 601
533 606
533 654
533 669
533 735
533 814
533 818
533 825
533 913
533 983
533 996
869 894
869 524
869 397
869 39
869 323
869 669
869 795
869 924
869 157
869 173
869 177
869 210
869 263
869 300
869 322
869 349
869 474
869 769
869 818
108 180
108 307
108 777
108 432
108 494
108 992
108 553
108 266
108 52
108 723
108 982
108 51
108 112
108 145
108 297
108 298
108 315
108 336
108 370
108 371
108 384
108 465
108 511
108 512
108 600
108 615
108 638
108 800
108 876
108 971
108 1001
145 818
145 296
145 511
145 163
145 241
145 908
312 766
312 894
312 896
312 323
312 432
312 669
312 278
312 924
312 84
312 119
312 173
312 177
312 182
312 186
312 222
312 322
312 344
312 406
312 422
312 566
312 725
312 736
312 759
312 818
312 868
312 983
502 278
502 818
502 422
26 278
26 536
26 924
51 310
51 307
51 397
51 634
51 814
51 150
51 173
51 182
51 858
51 204
51 219
51 262
51 371
51 476
51 882
51 1009
70 553
70 267
70 182
70 614
70 805
70 476
70 210
70 326
77 278
77 285
77 638
182 627
182 111
182 42
182 210
182 380
182 614
182 805
182 855
210 652
210 913
210 770
210 805
210 419
210 566
210 934
268 818
268 694
344 278
344 285
379 771
379 490
379 875
379 233
379 341
379 475
379 665
379 700
379 382
379 393
379 913
379 249
379 477
379 30
379 100
379 259
379 270
379 311
379 334
379 421
379 428
379 430
379 442
379 488
379 563
379 645
379 680
379 716
379 761
379 781
379 818
379 905
379 947
379 966
422 524
422 323
422 669
422 266
476 553
476 560
476 511
476 649
601 262
601 285
601 346
601 566
638 278
746 524
746 409
746 14
746 475
746 665
746 22
746 39
746 301
746 314
746 467
746 518
746 607
746 716
746 795
746 905
746 913
746 915
746 996
746 1001
778 438
778 292
778 786
778 811
778 409
778 417
778 233
778 162
778 543
778 243
778 37
778 48
778 52
778 63
778 76
778 92
778 104
778 127
778 172
778 296
778 302
778 370
778 517
778 529
778 792
778 862
778 944
778 1004
805 614
805 713
47 789
47 796
47 648
511 310
511 811
511 417
511 498
511 494
511 992
511 553
511 266
511 793
511 219
511 104
511 455
511 86
511 121
511 226
511 247
511 528
511 649
511 678
511 799
511 800
511 876
511 887
511 950
511 952
1 164
1 248
1 350
1 468
1 627
1 641
1 661
1 766
1 825
1 894
1 896
164 435
164 552
248 154
248 177
248 186
248 445
350 42
350 111
350 146
350 192
350 205
350 219
350 262
350 276
350 307
350 323
350 387
350 396
350 443
350 482
350 490
350 561
350 579
350 628
350 661
350 766
350 825
350 889
350 896
350 966
350 992
468 87
468 139
468 228
468 242
468 307
468 320
468 385
468 404
468 645
468 668
468 688
468 691
468 708
468 732
468 756
468 841
468 895
627 41
627 42
627 66
627 79
627 192
627 244
627 246
627 247
627 265
627 276
627 296
627 307
627 329
627 340
627 374
627 443
627 459
627 481
627 490
627 555
627 587
627 593
627 614
627 634
627 688
627 736
627 770
627 771
627 814
627 855
627 889
627 896
627 924
627 966
627 996
641 34
641 157
641 442
641 661
641 698
641 947
661 438
661 22
661 34
661 39
661 159
661 170
661 171
661 185
661 192
661 211
661 292
661 307
661 325
661 358
661 434
661 494
661 505
661 543
661 558
661 598
661 636
661 680
661 687
661 696
661 706
661 716
661 757
661 814
661 823
661 841
661 856
661 889
661 894
661 922
661 958
766 15
766 97
766 136
766 166
766 171
766 172
766 185
766 225
766 227
766 299
766 343
766 391
766 445
766 498
766 656
766 662
766 680
766 694
766 696
766 754
766 771
766 865
825 14
825 117
825 119
825 150
825 173
825 221
825 307
825 481
825 490
825 552
825 571
825 587
825 590
825 634
825 704
825 715
825 736
825 757
825 771
825 789
825 966
825 992
894 39
894 307
894 313
894 432
894 434
894 543
894 795
894 924
896 192
896 406
896 443
896 561
896 634
896 806
896 814
896 875
435 437
435 786
435 811
435 501
435 185
435 996
435 320
435 454
435 309
435 978
435 392
435 48
435 151
435 154
435 186
435 220
435 265
435 289
435 378
435 445
435 457
435 528
435 548
435 569
435 680
435 754
435 818
552 757
552 834
552 924
552 673
552 221
552 721
552 485
154 754
154 349
154 521
154 570
154 658
154 680
154 816
154 986
177 160
177 759
177 222
177 521
177 680
177 317
177 378
177 513
177 866
186 457
186 157
186 220
186 519
445 160
445 818
445 384
445 93
445 151
445 378
445 583
445 658
445 754
445 891
445 893
445 930
42 587
42 111
42 924
42 41
42 230
42 244
42 340
42 434
42 481
42 560
42 614
42 681
42 736
42 770
42 858
42 949
111 307
111 875
111 13
111 173
111 208
111 230
111 244
111 276
111 280
111 284
111 323
111 404
111 482
111 618
111 707
111 770
111 858
111 1018
146 323
146 443
146 687
146 537
146 671
146 806
192 789
192 229
192 307
192 587
192 836
192 875
192 409
192 233
192 173
192 201
192 262
192 119
192 728
192 806
205 208
205 150
205 647
205 244
205 482
205 425
205 733
205 887
205 1018
219 266
219 371
219 882
262 307
262 490
262 185
262 634
262 992
262 459
262 478
262 889
276 985
276 397
276 832
276 21
276 294
276 443
276 481
276 1018
307 438
307 1006
307 771
307 310
307 10
307 211
307 229
307 13
307 139
307 185
307 221
307 228
307 242
307 246
307 289
307 294
307 323
307 329
307 339
307 387
307 396
307 404
307 405
307 434
307 481
307 488
307 490
307 561
307 668
307 688
307 708
307 715
307 732
307 741
307 756
307 757
307 806
307 836
307 837
307 841
307 868
307 875
307 889
307 895
307 915
307 942
307 950
323 1006
323 329
323 490
323 587
323 875
323 634
323 208
323 22
323 39
323 83
323 244
323 414
323 459
323 482
323 561
323 614
323 647
323 668
323 669
323 795
323 846
323 855
323 902
323 924
323 962
323 986
387 750
387 587
387 875
387 246
387 992
387 25
387 136
387 173
387 193
387 242
387 244
387 247
387 405
387 908
387 942
387 949
387 995
396 628
396 88
396 545
396 815
396 889
443 397
443 41
443 173
443 88
443 228
443 289
443 459
443 628
443 647
443 868
443 889
443 908
443 1018
482 329
482 832
482 208
482 173
482 647
482 340
482 546
482 736
482 846
482 83
482 420
482 240
482 404
482 459
482 618
482 833
482 962
490 10
490 329
490 119
490 201
490 335
490 390
490 485
490 567
490 587
490 836
490 868
490 913
490 924
490 992
561 185
561 498
561 814
561 952
561 91
561 671
561 806
561 868
561 876
579 417
579 755
579 488
579 517
579 48
579 106
579 247
579 296
579 876
628 771
628 992
628 924
628 41
628 103
628 201
628 221
628 566
628 567
628 599
628 600
628 608
628 715
628 868
628 889
889 771
889 875
889 634
889 288
889 173
889 481
889 647
889 618
889 404
889 934
889 293
966 700
966 634
966 652
966 85
966 682
966 267
966 222
966 512
966 525
966 655
966 1001
992 771
992 587
992 836
992 590
992 185
992 494
992 757
992 103
992 119
992 201
992 221
992 280
992 335
992 371
992 420
992 478
992 481
992 606
992 713
992 715
992 734
992 871
992 924
992 942
992 991
438 22
438 34
438 117
438 325
438 411
438 437
438 501
438 543
438 549
438 592
438 607
438 696
438 793
438 814
438 834
438 931
438 978
22 524
22 117
22 786
22 185
22 656
22 696
22 39
22 162
22 249
22 400
22 432
22 477
22 494
22 505
22 543
22 607
22 705
22 741
22 755
22 814
22 834
22 902
22 931
34 789
34 325
34 856
34 160
34 242
34 256
117 589
117 10
117 12
117 38
117 73
117 160
117 162
117 222
117 238
117 292
117 351
117 355
117 371
117 403
117 417
117 472
117 554
117 578
117 616
117 687
117 688
117 696
117 700
117 737
117 834
117 932
117 973
325 543
325 687
325 786
325 793
325 856
411 814
411 242
411 159
411 405
411 483
411 516
411 655
437 3
437 12
437 68
437 74
437 183
437 211
437 288
437 339
437 365
437 402
437 473
437 494
437 518
437 528
437 648
437 667
437 688
437 721
437 786
437 814
437 834
437 838
437 841
437 908
501 497
501 742
501 777
501 944
543 856
543 498
543 696
543 865
543 634
543 652
543 400
543 505
543 203
543 296
543 301
543 313
543 401
543 488
543 539
543 558
543 592
543 598
543 636
543 690
543 726
543 741
543 793
543 801
543 914
543 952
549 797
549 676
549 72
549 126
549 488
549 863
549 395
549 48
549 231
549 327
549 582
549 674
549 718
549 947
549 979
592 621
592 288
592 43
592 107
592 366
592 384
592 664
592 690
592 712
592 989
592 999
607 432
607 518
607 159
607 616
607 727
607 814
607 957
607 977
696 185
696 299
696 767
696 856
696 15
696 171
696 225
696 227
696 382
696 498
696 656
696 73
696 149
696 259
696 368
696 400
696 662
696 793
696 837
696 865
696 899
696 910
696 931
696 973
696 1003
696 1004
793 786
793 185
793 417
793 621
793 879
793 68
793 494
793 741
793 834
793 643
793 539
793 978
793 517
793 723
793 48
793 773
793 98
793 121
793 368
793 370
793 384
793 455
793 525
793 551
793 689
793 876
793 952
793 982
814 786
814 856
814 475
814 665
814 162
814 494
814 80
814 110
814 127
814 159
814 188
814 242
814 253
814 266
814 296
814 320
814 481
814 516
814 548
814 562
814 570
814 680
814 721
814 784
814 800
814 867
814 905
814 914
814 931
814 946
834 688
834 786
834 249
834 46
834 74
834 100
834 160
834 231
834 320
834 539
834 606
834 616
834 719
834 841
834 973
931 665
931 382
931 371
931 905
978 215
978 786
978 225
978 37
978 752
978 850
978 63
978 92
978 104
978 135
978 140
978 155
978 168
978 287
978 289
978 348
978 392
978 413
978 415
978 486
978 573
978 574
978 591
978 664
978 837
978 874
87 13
139 309
139 404
139 228
139 668
139 895
228 404
228 708
228 668
228 756
228 895
242 789
242 215
242 339
242 63
242 76
242 161
242 172
242 335
242 436
242 574
242 637
320 786
320 27
320 28
320 46
320 76
320 231
320 392
320 599
320 616
320 655
320 664
320 673
320 911
385 395
385 335
404 173
645 208
645 975
645 305
645 221
645 226
645 349
668 429
688 848
688 180
688 864
688 89
688 10
688 211
688 215
688 292
688 339
688 95
688 287
688 434
688 486
688 494
688 517
688 572
688 673
688 680
688 708
688 754
688 774
688 784
688 786
688 811
688 815
688 850
688 950
691 243
691 626
691 752
691 104
691 298
691 666
691 130
691 844
691 878
708 1006
708 643
708 644
708 545
708 296
708 824
708 753
708 134
708 678
732 414
732 887
756 460
841 339
841 774
841 700
841 393
841 246
841 398
841 119
841 335
841 934
14 15
14 202
14 341
14 475
14 700
14 879
14 961
222 202
222 160
222 159
222 157
222 213
222 349
222 731
222 754
222 891
349 789
349 811
349 409
349 160
349 457
349 680
409 339
409 20
409 36
409 238
409 341
409 347
409 371
409 449
409 480
409 518
409 682
409 716
409 719
409 749
409 781
409 905
409 932
477 39
477 432
477 43
477 669
477 705
477 788
477 795
477 902
570 913
570 671
570 577
606 861
606 295
606 341
606 475
606 515
606 68
606 749
606 249
606 160
606 449
606 973
606 392
606 616
606 371
606 781
606 384
606 121
606 509
654 913
654 908
654 993
669 43
669 266
669 474
669 818
669 902
669 924
735 180
818 727
818 54
818 716
818 100
818 282
818 346
818 474
818 859
913 589
913 341
913 996
913 749
913 20
913 80
913 223
913 371
913 442
913 677
913 902
983 400
983 43
983 580
983 474
996 403
996 341
996 475
996 16
996 29
996 55
996 100
996 121
996 241
996 254
996 256
996 334
996 371
996 384
996 393
996 566
996 781
996 920
996 989
41 587
41 786
41 875
41 832
41 634
41 488
41 79
41 173
41 574
41 647
41 855
66 173
66 170
79 736
79 846
244 750
244 587
244 208
244 246
244 575
244 150
244 614
244 647
244 949
244 280
244 414
244 618
244 674
244 846
244 858
244 907
244 991
246 587
246 875
246 21
246 208
246 772
247 587
247 777
247 949
247 927
265 659
265 544
265 144
265 359
265 566
296 403
296 657
296 652
296 518
296 160
296 126
296 653
296 434
296 58
296 174
296 347
296 947
296 109
296 277
296 352
296 353
296 362
296 426
296 457
296 582
296 600
296 721
296 1004
329 771
329 310
329 10
329 83
329 230
329 340
329 420
329 427
329 434
329 481
329 523
329 555
329 575
329 833
329 875
329 924
340 832
340 575
340 560
340 614
340 83
340 429
340 736
340 962
374 339
374 587
374 267
374 723
374 671
374 815
459 150
459 707
459 546
459 420
459 398
459 1018
459 240
459 884
459 991
481 771
481 875
481 397
481 486
481 173
481 414
481 647
481 842
481 942
555 832
555 962
555 398
555 240
555 429
555 798
587 119
587 185
587 390
587 392
587 593
587 736
587 741
587 772
587 872
587 908
587 942
587 949
614 875
614 507
614 736
614 855
634 771
634 875
634 16
634 119
634 158
634 173
634 263
634 429
634 485
634 651
634 924
736 208
736 575
736 173
736 647
736 136
736 858
770 560
770 594
770 858
771 4
771 172
771 575
771 590
771 942
855 782
924 39
924 221
924 274
924 429
924 456
924 485
924 671
924 846
924 917
924 991
157 215
157 975
157 637
157 728
442 665
442 727
442 975
442 58
442 716
442 252
442 685
442 763
698 215
698 811
698 782
698 950
698 287
947 295
947 642
947 676
947 371
947 54
947 252
947 381
947 572
947 948
947 1001
39 524
39 774
39 656
39 159
39 249
39 266
39 267
39 432
39 518
39 705
39 727
39 755
39 759
39 795
39 863
39 902
39 957
39 977
159 590
159 301
159 243
159 300
159 337
159 360
159 491
159 677
159 678
159 957
170 765
170 730
171 299
171 15
171 50
171 71
171 78
171 225
171 227
171 259
171 303
171 358
171 382
171 498
171 656
171 662
171 899
185 292
185 12
185 25
185 119
185 160
185 381
185 494
185 505
185 584
185 621
211 10
211 339
211 774
211 836
211 875
211 942
211 950
211 958
292 10
292 335
292 432
292 774
292 856
292 901
292 929
358 357
358 371
358 112
358 176
358 273
358 428
358 984
434 309
434 427
434 523
494 774
494 621
494 55
494 74
494 297
494 315
494 384
494 465
494 488
494 553
494 726
494 741
494 753
494 830
494 932
494 950
505 287
558 402
558 648
558 355
558 124
558 319
558 604
636 856
636 919
636 663
680 160
680 754
680 519
680 569
680 731
680 911
680 986
687 118
687 665
687 707
687 392
687 198
687 679
687 401
687 950
716 417
716 233
716 235
716 348
716 723
716 63
716 127
716 174
716 54
716 311
716 464
716 994
757 289
757 429
757 873
823 741
823 355
823 576
823 384
823 270
823 183
823 690
823 926
856 12
856 368
856 781
958 836
15 998
15 261
15 328
15 845
15 861
15 339
15 225
15 367
15 382
15 493
15 498
15 657
15 659
15 703
15 847
15 865
15 899
136 83
136 343
166 328
166 990
166 115
166 165
166 197
166 343
166 563
166 694
172 786
172 95
172 590
172 777
172 790
172 393
172 243
172 951
172 553
172 862
172 174
172 719
172 883
172 784
172 223
172 418
172 529
172 564
172 714
172 717
172 923
225 299
225 621
225 45
225 52
225 161
225 183
225 227
225 271
225 382
225 421
225 450
225 496
225 498
225 517
225 541
225 629
225 630
225 656
225 662
225 690
225 725
225 737
225 764
225 865
225 899
225 970
225 1002
227 299
227 382
227 939
299 295
299 17
299 100
299 114
299 197
299 208
299 356
299 432
299 504
299 565
299 629
299 642
299 656
299 767
299 794
299 796
299 835
299 899
299 939
343 367
343 498
343 656
343 301
343 149
343 115
343 240
343 785
343 852
498 777
498 121
498 174
498 259
498 286
498 517
498 525
498 656
498 662
498 800
498 802
498 806
498 865
498 952
498 982
656 524
656 40
656 286
656 491
656 518
656 662
656 703
656 835
656 899
656 977
662 328
662 367
662 382
662 703
662 835
662 40
662 271
662 794
754 160
754 713
754 419
754 289
754 93
754 521
754 617
754 658
754 986
865 789
865 122
865 835
119 1006
119 875
119 284
119 837
150 985
150 902
150 28
150 263
150 546
150 647
150 681
150 858
150 868
150 991
150 1018
173 985
173 875
173 397
173 393
173 486
173 289
173 290
173 293
173 294
173 361
173 371
173 405
173 571
173 713
173 734
173 748
221 789
221 420
221 103
221 274
221 429
221 485
221 631
221 671
221 704
221 734
571 846
571 660
590 786
590 95
590 497
590 223
590 233
590 289
590 302
590 362
590 529
590 717
590 777
590 790
590 842
590 883
590 918
590 923
590 944
590 967
704 644
704 274
704 623
715 267
715 204
715 908
715 193
715 567
715 609
789 589
789 20
789 36
789 215
789 243
789 259
789 279
789 305
789 338
789 360
789 467
789 682
789 689
789 707
789 801
789 932
789 990
789 993
789 1001
99 599
193 357
193 971
193 163
193 273
193 609
193 803
193 979
332 560
419 73
419 278
419 179
419 334
432 524
432 239
432 135
432 267
432 283
432 313
432 523
432 795
432 902
566 266
566 285
566 599
313 621
313 68
313 652
313 749
313 249
313 643
313 288
313 69
313 270
313 297
313 359
313 412
313 440
313 469
313 532
313 711
313 747
313 881
313 984
313 1017
795 341
795 188
795 335
795 426
795 428
795 500
795 556
795 939
795 976
795 977
806 875
806 952
806 800
806 876
806 843
806 287
875 1006
875 201
875 398
875 488
875 516
875 575
875 647
875 833
875 846
875 949
875 973
875 991
875 1018
1006 233
1006 309
1006 907
1006 962
233 52
233 63
233 174
233 249
233 331
233 333
233 334
233 449
233 749
233 982
233 994
233 1004
309 536
309 29
309 201
309 245
309 395
309 463
309 486
309 765
309 972
907 399
962 832
962 575
962 85
962 83
962 420
2 848
2 1013
848 43
848 96
848 318
848 403
848 1013
43 393
43 643
43 35
43 355
43 380
43 421
43 449
43 450
43 488
43 576
43 578
43 973
43 993
96 403
96 251
96 318
318 594
318 251
403 774
403 124
403 584
403 621
403 643
3 217
3 589
3 839
3 998
217 180
217 330
217 452
217 616
217 839
217 864
217 872
589 180
589 7
589 23
589 49
589 89
589 261
589 301
589 330
589 347
589 682
589 803
589 839
589 861
589 864
589 872
589 973
589 987
589 998
839 180
839 110
839 321
839 354
839 864
839 872
839 955
839 998
998 7
998 89
998 330
998 542
998 821
998 861
998 955
998 971
180 7
180 23
180 32
180 61
180 110
180 137
180 195
180 270
180 301
180 310
180 328
180 386
180 451
180 493
180 602
180 659
180 682
180 713
180 765
180 820
180 824
180 861
180 950
180 959
180 1000
7 195
7 224
7 328
7 402
7 602
7 822
7 861
23 328
23 602
23 301
23 489
23 955
32 195
32 386
32 137
32 648
32 959
61 822
61 845
61 682
61 959
61 710
61 110
61 451
61 520
61 910
110 741
110 959
110 988
110 451
137 261
137 386
137 845
137 861
137 515
137 741
137 301
137 430
137 648
137 820
137 959
195 386
195 431
195 493
195 657
195 761
270 749
270 539
270 651
270 167
270 366
270 600
270 713
270 737
270 290
270 183
270 423
270 462
270 747
301 864
301 38
301 540
301 824
301 1003
310 95
310 113
310 129
310 220
310 352
310 462
310 499
310 642
310 644
310 699
310 721
310 742
310 764
310 777
310 791
310 810
310 842
310 846
310 932
310 940
310 984
310 1017
328 224
328 59
328 78
328 165
328 197
328 303
328 451
328 515
328 563
328 657
328 703
328 824
328 1015
386 261
386 16
386 657
451 822
451 682
451 520
493 657
493 659
493 682
493 788
493 1000
602 489
602 955
659 156
659 359
659 383
659 988
659 997
682 515
682 73
682 568
682 655
682 824
682 941
682 971
682 973
682 1000
713 239
713 475
713 68
713 643
713 765
713 450
713 600
765 861
765 295
765 35
765 72
765 174
765 333
765 430
765 450
765 600
765 1001
820 988
820 1000
824 861
824 215
824 515
824 652
824 59
824 156
824 1000
861 402
861 38
861 184
861 643
861 710
950 215
950 774
950 95
950 643
950 395
950 121
950 183
950 567
959 542
959 710
959 928
959 971
1000 224
1000 59
1000 354
1000 430
1000 431
330 709
330 880
452 16
616 973
616 231
616 368
864 321
864 703
864 872
864 955
872 955
12 187
12 239
12 365
12 621
12 767
12 796
12 904
68 811
68 239
68 621
68 16
68 45
68 69
68 80
68 132
68 203
68 384
68 449
68 532
68 539
68 600
68 970
74 55
74 932
74 553
74 266
74 102
74 342
74 384
74 492
183 514
288 621
288 31
288 149
288 446
288 984
288 993
339 10
339 215
339 648
365 264
365 384
365 475
365 517
402 56
402 202
402 239
402 604
402 796
402 810
473 36
473 126
518 524
518 652
518 249
518 347
518 395
518 480
518 648
518 908
518 977
528 777
528 121
528 952
528 376
648 215
648 36
648 141
648 253
648 267
648 297
648 488
648 595
648 828
648 908
667 36
667 389
667 357
667 664
667 780
667 954
721 652
721 488
721 240
786 10
786 52
786 62
786 81
786 95
786 104
786 231
786 287
786 302
786 362
786 368
786 370
786 488
786 644
786 652
786 673
786 689
786 711
786 790
786 842
786 858
786 918
786 944
908 382
908 515
908 652
49 955
89 6
261 542
261 703
261 821
347 239
347 341
347 256
347 54
347 84
347 122
347 290
347 306
347 781
347 791
347 919
803 955
803 357
973 239
973 341
973 749
973 249
973 902
973 932
973 338
973 573
973 781
973 885
321 215
354 224
354 383
354 988
354 997
955 802
955 489
955 821
703 118
703 367
703 382
703 515
703 149
703 271
703 630
703 802
703 835
703 939
821 515
971 643
971 430
575 832
575 21
575 152
575 647
575 949
5 524
524 249
524 475
524 705
524 720
524 902
524 977
249 536
249 977
475 202
475 54
475 73
475 80
475 167
475 206
475 253
475 676
475 700
475 727
475 741
475 764
705 655
705 902
705 977
720 777
902 727
902 267
902 370
902 726
902 977
902 994
20 393
20 835
36 341
36 879
36 932
36 65
36 126
36 181
36 357
36 389
36 488
36 625
36 644
36 653
36 921
215 134
215 545
215 811
215 850
215 975
215 1016
243 28
243 52
243 76
243 104
243 127
243 130
243 161
243 174
243 189
243 298
243 302
243 305
243 348
243 384
243 436
243 574
243 626
243 666
243 752
243 784
243 850
243 862
243 878
243 1004
259 899
259 652
259 910
259 286
259 557
259 630
279 54
279 851
305 777
305 752
305 76
305 104
305 236
305 238
305 360
305 728
338 665
360 348
360 719
360 775
360 905
467 341
467 727
467 932
467 488
467 133
467 976
689 774
689 652
689 741
689 129
689 440
689 463
689 885
707 229
707 626
707 37
707 122
707 198
707 399
707 719
707 905
801 652
801 781
801 646
801 914
932 55
932 920
932 102
932 122
932 129
932 138
932 277
932 314
932 342
932 492
932 693
932 699
932 743
932 828
932 953
932 976
990 73
990 253
990 554
990 976
993 578
1001 727
1001 129
1001 266
1001 1009
1001 837
1001 663
224 59
224 988
224 997
822 489
431 657
431 761
657 521
657 761
657 802
657 891
59 515
59 156
59 383
59 988
988 430
988 677
997 781
997 383
997 359
997 604
78 71
78 149
78 199
78 306
78 888
165 563
197 563
303 149
303 563
515 568
563 629
563 939
563 557
16 73
16 388
16 652
56 367
56 939
202 239
202 35
202 539
202 700
239 290
239 488
239 573
239 652
239 781
604 283
604 557
796 295
796 46
796 72
796 90
796 141
796 453
796 826
810 624
38 975
184 710
184 520
643 774
643 24
643 31
643 380
643 384
643 539
643 609
643 762
643 779
643 783
643 867
710 802
710 73
710 156
710 131
8 260
8 424
8 530
8 750
8 797
8 898
8 909
8 916
260 27
260 683
260 750
260 898
260 909
260 916
424 471
424 620
424 625
424 797
424 980
530 27
530 718
530 742
530 767
530 909
530 916
750 695
750 898
750 909
797 898
797 909
898 499
898 760
909 499
909 916
27 187
27 85
27 407
27 787
683 187
683 767
683 289
95 811
95 11
95 37
95 169
95 223
95 302
95 362
95 388
95 553
95 675
95 742
95 777
95 790
95 842
95 883
95 944
95 995
113 784
129 55
129 33
129 102
129 277
129 520
129 828
129 929
129 939
220 212
220 911
352 275
352 277
462 291
462 749
462 266
462 366
462 394
462 297
462 737
462 747
462 423
462 359
642 17
642 72
642 381
642 486
642 547
644 181
699 553
699 939
699 953
742 11
742 497
742 675
764 45
764 392
764 176
764 372
764 600
777 11
777 94
777 118
777 497
777 104
777 162
777 238
777 298
777 461
777 553
777 585
777 790
777 842
777 876
777 883
777 918
777 952
791 327
791 888
791 428
791 919
791 684
842 985
842 223
842 675
842 194
842 302
842 918
842 944
846 208
846 647
846 858
846 373
846 618
940 250
940 444
940 272
984 621
984 544
984 112
984 401
1017 749
1017 449
1017 64
1017 167
1017 366
1017 600
1017 747
471 277
471 289
620 369
620 879
620 527
620 304
620 921
625 767
625 65
625 357
625 453
625 921
625 939
625 980
277 341
277 562
277 64
277 133
277 500
277 556
277 693
277 857
277 929
277 941
277 946
277 953
289 160
289 954
289 752
289 76
289 965
289 651
289 327
289 98
289 287
289 297
289 414
289 655
289 853
289 876
289 911
289 956
767 187
767 453
760 407
760 209
760 965
9 44
9 985
44 76
44 135
44 206
44 214
44 413
44 586
44 619
44 874
985 413
985 936
76 388
76 400
76 626
76 975
76 752
76 850
76 52
76 104
76 130
76 161
76 174
76 189
76 231
76 298
76 472
76 541
76 611
76 666
76 837
76 878
76 892
135 52
135 63
135 140
135 348
135 370
135 413
135 619
135 792
206 178
206 348
206 619
206 827
214 63
214 168
214 413
214 874
413 52
413 168
413 586
413 792
413 874
586 348
586 155
586 611
586 827
619 348
619 63
619 792
874 348
874 63
874 168
874 611
10 229
10 774
229 21
229 208
229 546
229 618
774 54
774 567
774 879
73 341
73 253
73 539
73 576
160 213
160 457
160 486
160 521
160 553
160 728
160 934
160 956
160 975
162 388
162 37
162 238
162 302
162 605
162 792
162 817
162 837
162 850
162 944
238 752
238 850
238 348
238 127
238 104
238 223
238 418
238 788
351 306
351 250
351 120
351 444
351 446
351 854
351 906
355 46
355 80
355 107
355 203
355 446
355 503
355 547
355 711
355 784
355 888
355 989
371 749
371 153
371 428
371 520
417 121
417 127
417 218
417 226
417 331
417 370
417 384
417 517
417 525
417 723
417 755
417 952
417 982
417 1003
472 316
472 469
472 768
554 646
578 380
578 449
578 203
578 925
578 938
700 652
700 961
737 749
737 449
737 167
737 712
737 747
836 573
836 684
134 517
134 196
134 353
545 811
545 637
811 161
811 787
850 388
850 37
850 605
850 104
850 127
850 461
850 666
850 883
850 1004
975 749
975 85
975 83
975 568
975 888
1016 17
1016 57
1016 504
1016 46
1016 98
1016 209
1016 375
1016 965
21 208
208 397
208 373
208 398
208 414
208 546
208 574
208 623
208 647
208 681
208 858
546 85
546 574
546 240
546 868
546 923
546 1018
618 118
618 647
618 858
618 623
335 398
335 588
335 815
335 831
901 837
929 799
13 284
13 397
13 832
294 397
294 488
294 647
294 414
294 1018
294 373
405 393
405 269
488 536
488 80
488 104
488 253
488 297
488 384
488 440
488 508
488 532
488 664
488 781
741 25
741 190
741 534
741 539
741 646
741 854
741 938
837 784
837 678
868 647
868 595
83 832
83 651
83 420
83 675
83 897
230 949
230 102
230 427
230 510
230 769
230 917
420 832
420 280
420 485
427 871
427 671
833 231
240 798
240 911
241 285
241 599
333 951
384 621
384 899
384 388
384 539
384 863
384 458
384 532
384 615
384 712
384 989
747 291
747 749
747 449
747 167
747 366
747 946
747 297
747 615
747 423
201 393
201 752
201 574
201 46
201 436
567 588
567 873
392 45
392 64
392 124
392 250
392 678
949 647
287 388
287 944
287 522
486 961
486 835
486 536
486 40
486 297
486 629
517 652
517 755
517 52
517 46
517 48
517 106
517 121
517 127
517 255
517 331
517 525
517 651
517 678
517 723
517 876
517 982
572 316
572 948
572 768
673 652
673 539
673 862
673 45
673 121
673 297
673 946
784 626
784 63
784 127
784 62
784 191
54 393
54 580
54 781
879 369
879 357
879 527
879 539
879 857
879 880
879 954
879 961
52 295
52 454
52 626
52 752
52 104
52 127
52 140
52 161
52 174
52 178
52 298
52 304
52 327
52 465
52 792
52 813
52 886
52 939
52 967
62 63
62 231
62 967
62 198
62 994
81 621
81 780
81 124
81 440
81 455
81 701
104 626
104 752
104 611
104 60
104 161
104 298
104 334
104 399
104 436
104 666
104 844
104 878
104 1004
231 48
231 290
231 535
231 655
231 982
302 790
302 174
302 223
302 362
302 944
362 790
362 63
362 223
362 169
362 918
362 944
368 253
368 306
368 415
368 446
370 755
370 773
370 982
370 876
652 359
652 534
652 539
652 573
652 646
652 726
652 781
652 989
711 148
711 283
711 960
711 469
711 237
790 11
790 223
790 666
790 675
790 918
790 967
858 560
858 647
858 782
858 263
858 478
858 594
918 951
918 223
918 675
944 174
944 223
161 626
161 752
161 130
161 198
161 436
161 666
161 844
787 58
787 702
787 729
787 863
573 646
573 463
573 775
684 781
684 646
398 798
398 884
398 1018
647 284
647 263
647 373
647 414
647 769
1018 798
1018 884
11 94
11 118
11 497
11 968
94 497
94 675
118 198
118 399
118 484
118 497
118 585
118 679
118 729
118 840
968 55
968 75
968 342
675 223
675 189
37 460
37 605
37 672
37 752
37 817
37 840
37 862
223 553
223 752
223 63
223 883
223 967
388 63
388 191
388 436
388 460
388 666
388 883
553 35
553 75
553 138
553 266
553 283
553 336
553 342
553 363
553 465
553 603
553 611
553 649
553 666
553 723
553 849
553 982
883 174
883 1004
198 85
198 174
198 401
198 585
198 679
399 719
399 679
399 401
399 905
484 729
585 840
585 910
585 106
679 85
729 460
840 447
840 613
840 808
369 304
369 527
304 357
304 527
527 939
717 951
717 345
717 418
717 714
717 612
717 923
923 951
923 174
923 345
967 132
298 626
298 752
298 681
298 189
298 666
298 878
876 723
876 982
876 525
876 196
876 800
876 807
876 226
876 353
876 376
876 678
952 331
952 86
952 121
952 226
952 678
666 626
666 752
666 574
666 127
666 174
666 792
666 60
666 130
666 189
666 844
666 878
55 29
55 138
55 342
55 743
55 828
55 920
75 465
342 102
342 426
342 603
342 693
621 153
621 359
621 455
621 539
621 544
621 584
621 600
25 676
381 72
584 455
584 234
584 372
584 690
290 781
290 615
781 253
781 258
781 359
781 418
295 46
295 463
295 622
46 504
46 863
46 723
46 965
463 395
463 655
17 57
100 382
100 719
100 428
100 871
114 794
356 910
356 286
356 557
356 582
356 948
504 209
504 375
504 965
629 835
629 862
629 40
629 132
629 149
629 190
629 496
629 557
629 615
629 725
629 794
629 910
629 1002
835 367
835 40
835 271
835 630
835 939
899 382
899 539
899 712
939 367
939 382
939 653
939 53
939 149
939 271
939 910
124 464
124 469
341 33
341 133
341 334
341 426
341 562
341 600
341 653
341 954
449 749
449 69
449 359
449 469
449 526
449 532
449 612
449 690
449 712
449 728
449 925
480 905
719 48
719 174
749 18
749 291
749 64
749 254
749 297
749 366
749 372
749 646
749 881
905 665
905 727
905 207
121 755
121 331
121 982
121 86
121 819
127 605
127 862
127 574
127 348
127 63
127 174
127 257
127 436
127 808
127 994
218 257
218 331
218 597
226 755
226 331
226 982
226 525
226 800
331 755
331 48
331 98
331 196
331 678
331 800
331 819
331 887
331 982
525 86
723 755
723 863
723 48
723 132
723 551
723 982
755 48
755 509
755 927
982 48
982 541
153 256
153 532
359 512
359 200
539 31
539 234
539 690
544 31
544 412
600 203
600 372
600 512
600 615
600 646
600 946
453 72
453 826
453 141
72 35
72 674
72 826
141 912
826 776
284 651
284 832
397 414
397 651
280 560
280 84
280 115
280 594
280 930
280 964
651 48
651 283
651 1010
414 88
414 373
367 40
367 149
367 271
367 382
367 491
367 557
367 725
367 802
382 149
382 271
382 910
63 348
63 48
63 168
63 611
174 714
174 948
334 191
1004 626
1004 447
33 389
426 603
653 389
954 126
954 327
954 880
80 727
80 190
80 946
80 1012
167 275
167 64
167 82
167 297
167 364
167 366
167 615
253 588
676 860
727 393
727 203
727 976
665 537
665 871
665 877
357 181
357 112
357 216
357 377
357 581
357 751
357 880
357 921
880 520
50 148
71 148
71 363
71 1008
45 190
45 275
45 416
271 149
450 203
450 925
541 605
541 132
541 725
630 557
690 882
690 428
690 372
725 557
970 640
40 395
40 745
557 910
557 979
802 286
910 115
910 132
910 286
910 945
910 1012
286 132
800 98
800 106
800 353
800 376
521 378
521 583
521 891
521 986
891 893
122 440
712 394
132 190
132 143
132 615
203 393
203 245
532 190
532 559
191 436
191 911
436 393
436 752
436 574
460 574
460 817
263 594
263 934
534 646
646 190
726 336
989 235
989 372
989 596
29 920
254 291
254 740
254 64
254 82
254 297
393 293
920 102
57 702
702 863
702 58
702 209
209 407
209 965
375 407
375 965
965 407
965 1005
98 267
98 196
98 479
98 799
98 807
18 291
18 408
291 144
64 366
297 366
297 596
366 615
285 278
285 84
285 599
574 752
574 862
574 152
574 681
266 102
266 649
759 378
863 58
863 327
605 752
605 1010
792 348
792 178
817 808
536 686
986 522
283 440
283 508
283 664
283 870
283 960
315 925
315 245
315 531
315 535
753 102
753 603
395 595
190 423
190 946
854 808
48 257
48 611
48 773
927 807
927 125
428 207
428 919
428 963
556 597
556 943
548 281
540 430
380 783
762 724
783 448
274 671
274 917
456 608
671 917
917 116
85 925
85 981
407 1005
925 535
981 454
28 67
28 454
28 626
28 951
664 389
911 596
911 650
67 827
454 611
454 633
454 813
626 348
626 752
626 844
626 862
626 878
951 345
951 418
951 613
951 1010
951 1014
827 611
130 189
189 752
189 844
189 878
348 862
348 140
348 155
348 168
348 591
348 611
752 844
752 862
862 345
862 418
862 564
878 844
611 140
611 633
611 813
345 418
345 714
345 758
418 714
613 808
1014 722
138 102
828 603
245 535
102 935
102 492
102 603
102 693
102 769
102 943
102 953
492 693
693 603
235 469
469 960
446 258
446 306
446 250
941 739
389 53
389 780
181 377
457 128
728 678
956 884
888 199
888 1007
674 582
336 649
336 849
363 1008
649 849
849 964
377 433
377 969
112 250
112 415
440 701
440 969
508 870
327 582
808 447
808 610
415 744
300 937
84 560
84 594
84 738
84 964
378 866
378 930
769 115
769 510
560 594
560 930
594 670
594 930
930 513
782 635
580 282
580 1011
999 200
885 697
885 812
275 82
275 859
106 773
551 196
740 252
252 763
257 773
948 316
948 768
535 147
569 519
979 464
148 439
439 514
512 142
306 101
919 258
919 470
464 870
109 105
109 316
353 125
353 376
353 639
685 890
394 900
943 597
101 308
670 93
617 798
251 550
479 933
207 444
128 843
519 692
483 903
324 487
