0 284
284 27
284 103
284 120
284 125
284 186
128 117
128 178
117 65
117 178
117 169
117 263
178 8
178 77
178 177
178 232
27 48
27 125
27 267
103 267
125 48
186 13
186 77
1 19
1 22
1 23
1 24
1 53
1 60
1 79
1 138
1 158
1 184
19 79
19 106
19 109
22 24
22 53
22 60
22 106
22 175
22 185
23 24
23 66
23 79
24 48
24 53
24 65
24 66
24 79
24 101
24 104
24 106
24 153
24 157
24 185
53 2
53 16
53 58
53 60
53 104
53 106
53 157
53 175
53 184
53 185
53 187
60 175
60 184
60 185
79 175
138 171
138 180
138 195
138 233
158 2
158 29
158 126
158 134
158 146
158 150
158 171
158 182
158 195
158 252
158 266
184 4
184 185
184 242
184 275
2 51
2 89
2 104
2 185
2 199
2 204
2 218
2 250
51 8
51 11
51 15
51 36
51 47
51 77
51 84
51 91
51 115
51 131
51 147
51 191
51 197
51 199
51 283
89 205
89 218
104 4
104 99
104 157
104 185
104 199
199 106
199 155
199 205
199 227
199 256
204 3
204 13
204 32
204 43
204 78
204 129
204 148
204 223
204 281
218 50
218 92
218 197
218 237
250 126
250 93
250 110
250 172
250 264
106 83
106 153
106 195
106 208
109 155
109 255
109 173
109 187
109 201
175 56
175 57
175 70
175 121
175 242
65 7
65 142
65 169
65 269
153 242
153 42
157 155
157 173
16 255
16 58
16 201
58 155
58 68
58 230
58 54
58 173
58 187
58 201
58 202
187 155
187 230
187 173
187 214
4 99
4 105
4 124
4 244
4 275
99 278
99 9
99 127
99 166
99 220
83 155
83 195
195 172
195 171
208 192
171 172
171 233
171 180
180 233
233 282
233 110
233 72
233 172
29 70
126 8
126 93
126 110
126 134
126 142
126 146
126 172
126 235
126 252
134 93
134 146
134 75
134 254
134 252
146 43
146 75
146 196
150 63
150 71
150 110
150 266
150 177
150 182
150 216
150 252
182 210
252 63
252 118
252 216
266 15
266 91
266 64
266 194
266 229
56 5
56 70
56 242
57 5
57 70
70 5
70 242
121 242
121 42
121 173
242 5
242 151
275 272
275 278
275 113
275 127
275 151
275 183
12 166
12 264
12 272
12 278
166 87
166 127
166 139
166 156
264 272
264 278
272 10
272 220
272 244
272 255
272 278
278 9
278 75
278 115
278 124
278 127
278 132
278 220
278 244
8 13
8 77
8 78
8 212
11 43
11 20
11 36
11 47
11 81
11 197
11 200
11 283
15 49
15 63
15 71
15 93
15 110
15 118
15 161
15 163
15 194
15 276
36 43
36 115
36 20
36 81
36 132
47 43
47 170
47 191
47 200
47 219
47 236
47 283
77 44
91 124
91 280
91 20
91 283
91 131
91 14
91 40
91 62
91 191
91 193
91 215
91 224
91 236
91 259
115 54
115 68
115 127
115 130
115 133
115 145
115 173
115 223
115 273
131 13
131 283
131 49
131 147
131 176
131 236
131 256
131 270
147 283
147 236
147 221
191 200
191 219
191 236
191 176
191 67
191 141
191 270
197 237
197 20
197 81
197 132
197 14
197 50
197 139
197 159
197 215
197 217
197 236
197 283
283 280
283 20
283 81
283 18
283 170
283 215
283 217
283 224
283 236
205 229
205 227
93 110
110 72
110 172
142 144
172 72
172 279
235 7
155 214
155 220
155 230
155 255
220 9
220 244
230 10
230 31
230 102
230 173
230 202
255 10
255 201
256 200
256 219
256 236
256 261
256 270
3 43
3 107
3 129
3 137
3 140
13 34
13 44
13 46
13 49
13 206
13 212
13 258
13 281
32 137
32 78
32 148
32 223
43 20
43 127
43 139
43 196
43 200
43 244
43 273
78 129
78 223
78 274
129 30
129 46
129 140
129 189
129 223
148 137
148 46
148 38
148 223
148 261
223 137
223 46
223 130
281 34
281 46
281 258
281 179
50 237
92 237
92 159
92 69
92 251
237 102
237 159
10 9
10 31
10 88
244 105
244 73
244 196
9 68
75 215
75 127
75 62
75 162
75 245
75 254
124 6
124 127
124 132
124 248
127 87
127 156
127 273
132 20
132 170
132 217
107 40
107 149
107 188
107 226
137 140
137 189
137 226
137 271
140 189
30 176
30 189
176 203
176 61
176 240
176 261
20 18
20 200
20 215
20 236
139 200
139 156
139 229
139 273
200 229
200 236
200 270
273 26
273 156
40 226
40 236
40 271
40 188
40 240
40 246
149 38
149 143
149 226
149 249
188 249
188 271
188 143
188 211
188 243
226 97
226 246
226 257
226 280
46 159
46 179
271 25
271 211
38 249
38 203
38 238
38 240
38 243
143 243
249 6
249 98
249 198
249 239
249 243
249 248
105 62
105 234
105 245
105 254
62 161
62 163
62 215
62 217
62 259
62 100
62 162
62 209
62 234
62 245
234 245
234 254
54 68
54 173
54 262
68 95
68 262
133 37
133 59
133 122
133 145
145 37
145 94
145 108
145 122
173 95
6 97
6 257
6 280
248 18
248 98
248 198
73 45
73 76
73 222
113 151
113 168
113 183
151 193
151 168
151 183
97 52
97 141
97 240
97 257
97 265
97 280
257 52
257 240
257 265
257 280
280 18
280 217
52 122
52 240
52 265
52 141
141 122
141 86
141 260
240 238
240 207
240 211
240 246
240 247
240 253
240 265
265 122
265 246
265 123
98 18
98 239
239 18
18 81
18 236
18 170
18 193
18 217
217 81
217 215
7 210
210 144
210 216
210 263
169 41
216 71
216 177
216 263
212 34
212 44
34 111
34 179
44 102
44 190
44 194
44 206
44 232
49 17
49 28
49 161
49 163
49 194
49 221
49 236
206 21
206 55
206 174
206 258
258 136
274 231
274 37
274 59
274 108
274 122
274 251
177 71
177 118
102 21
102 136
102 190
102 213
102 225
102 231
102 241
159 35
159 136
159 164
159 225
159 251
31 112
31 201
88 193
112 201
193 59
193 114
193 165
193 259
81 215
63 71
63 118
71 118
161 100
161 162
161 163
161 209
161 276
163 100
163 162
163 209
194 64
194 28
194 276
276 64
236 170
236 224
236 270
170 259
219 67
219 261
219 270
270 67
270 261
67 261
224 190
224 123
224 167
156 26
21 55
21 174
21 241
55 174
241 136
111 179
190 260
17 28
136 85
164 80
100 162
100 209
162 209
59 39
59 82
59 94
59 96
59 108
59 119
59 122
59 268
114 76
114 74
165 119
165 181
231 33
231 37
231 122
203 207
203 253
207 253
253 211
33 116
37 94
37 108
37 122
37 160
94 96
94 108
94 160
108 82
160 69
160 96
160 135
160 228
160 268
96 69
96 135
268 69
268 135
123 260
260 86
45 222
222 277
76 74
90 154
181 152
