29
104
106
81
286
105
375
19
169
230
294
319
347
243
3
194
161
187
110
236
262
52
363
47
175
180
56
318
206
214
316
146
85
332
354
353
195
64
299
303
133
235
290
79
188
75
224
308
44
225
239
28
13
125
112
368
147
49
300
247
264
229
142
184
91
6
302
344
87
212
284
257
205
34
41
198
218
275
280
149
372
282
116
51
265
22
132
330
86
124
95
276
312
38
346
46
25
183
179
233
295
61
166
186
227
89
362
4
128
131
90
241
217
127
240
68
339
129
115
164
333
329
301
165
213
93
7
31
261
98
203
352
96
283
371
60
269
66
150
288
58
211
35
359
103
73
65
12
134
182
177
242
159
320
114
365
176
350
100
20
369
234
143
209
50
321
248
238
185
258
160
40
259
271
289
307
21
2
43
69
287
334
62
293
219
317
367
63
370
