1
201
162
80
534
275
273
688
436
477
462
98
467
349
301
400
25
311
16
7
2
402
473
513
30
518
421
250
625
284
479
347
406
11
392
320
289
690
413
708
338
282
297
350
554
475
285
222
335
568
0
270
355
280
19
243
122
540
72
73
91
434
189
440
101
302
24
544
408
404
31
93
238
171
416
524
374
60
187
170
474
430
6
417
618
480
368
705
269
61
3
322
286
466
18
377
17
441
681
106
229
215
221
439
219
204
249
362
213
133
42
50
438
176
296
35
583
185
5
9
28
363
118
111
159
88
225
500
487
569
277
499
281
464
380
345
202
559
593
23
245
265
351
312
315
624
51
323
13
8
314
10
242
442
195
458
427
605
420
151
369
578
490
27
294
501
224
415
463
344
22
556
564
643
595
258
486
36
428
55
433
571
405
261
226
658
103
468
384
37
205
411
102
376
703
356
267
39
357
327
12
305
14
32
575
21
15
610
308
26
604
304
33
324
57
276
20
34
496
528
217
529
445
332
310
97
371
366
38
370
288
333
437
74
399
172
54
173
483
164
364
29
478
318
649
278
167
481
498
689
391
419
317
435
184
375
283
331
546
365
216
422
358
79
130
328
262
551
316
472
361
503
367
271
696
207
298
389
577
46
40
41
4
43
329
