191
6
182
305
38
234
307
206
243
30
296
146
26
29
49
294
145
316
200
289
162
297
264
241
107
256
71
246
291
322
64
61
23
8
311
14
232
303
141
136
170
152
80
74
310
126
161
116
27
290
201
133
56
230
192
215
279
33
325
20
304
15
62
148
320
190
11
225
313
317
108
57
326
199
138
209
65
87
308
272
83
173
177
114
299
217
314
125
295
284
319
103
244
321
293
55
274
151
302
18
278
50
285
98
67
306
28
292
298
223
89
120
24
207
224
96
219
69
265
60
324
119
12
157
198
7
51
255
3
196
229
110
36
231
94
48
52
315
45
258
160
16
129
1
252
159
239
288
135
75
100
66
137
153
22
10
270
269
32
309
242
323
301
