301
228
50
269
233
51
244
243
353
240
356
70
129
216
352
130
137
16
274
38
241
308
141
229
215
183
230
304
115
61
103
21
188
245
260
118
221
234
161
35
373
91
4
128
172
278
71
22
113
208
193
190
293
299
344
207
187
20
17
286
222
60
170
156
261
146
238
199
64
325
29
307
94
178
365
49
45
0
317
213
251
25
107
298
54
268
155
235
225
76
300
377
231
78
333
185
148
125
226
326
275
55
142
246
214
43
318
335
306
41
180
209
287
82
374
37
263
159
179
48
182
351
265
267
232
361
173
217
302
108
46
87
196
31
223
143
271
105
354
90
135
259
219
197
14
177
368
3
372
328
336
163
62
322
149
364
119
174
104
1
329
126
58
28
303
47
205
147
347
132
375
346
111
211
186
114
264
254
110
184
84
330
262
297
112
30
220
171
290
376
2
181
195
239
280
33
252
72
331
366
99
85
277
310
311
319
258
266
116
357
57
56
88
36
281
117
160
206
154
164
198
348
218
312
138
194
102
276
224
23
358
92
282
256
69
139
39
250
313
106
75
212
247
273
81
363
100
175
309
320
63
24
166
77
327
202
59
109
89
345
26
323
65
52
53
227
40
296
167
332
32
321
44
86
169
157
334
369
349
200
378
133
144
249
283
203
42
34
242
83
210
15
162
176
257
294
367
270
292
150
350
131
121
