290
617
436
320
424
440
399
246
626
580
591
9
685
198
335
390
704
276
195
444
809
666
571
219
562
745
570
297
754
193
543
192
465
494
91
610
463
530
646
728
180
992
109
120
313
256
561
987
28
958
336
200
72
636
11
37
236
407
905
75
683
937
343
52
814
726
309
244
541
786
0
196
295
307
98
339
705
332
1003
410
794
870
784
778
788
175
108
261
268
874
59
14
719
330
583
462
371
777
318
326
569
251
925
604
78
712
689
118
954
670
23
122
439
464
657
292
835
428
69
730
386
337
220
224
707
29
715
16
533
291
237
156
780
573
206
818
319
452
115
89
920
984
450
881
783
413
404
274
914
137
114
286
661
679
656
540
717
831
478
427
298
150
703
539
628
619
770
149
242
36
255
474
267
395
238
812
44
396
486
134
853
808
906
554
33
314
182
868
880
833
499
379
584
924
756
148
899
611
718
768
197
70
4
934
889
887
447
950
722
810
146
680
235
446
506
699
803
273
846
425
944
334
222
18
929
674
623
787
459
457
252
207
38
882
1002
327
63
160
181
960
759
345
136
911
652
5
678
498
896
840
841
806
673
430
509
260
492
522
45
873
983
632
73
400
126
155
166
417
764
141
544
269
51
56
310
346
782
945
280
1
131
76
96
392
520
956
232
116
827
797
690
372
254
469
85
34
42
651
844
618
915
264
366
301
901
558
30
426
125
317
660
7
760
227
139
47
308
20
832
839
212
487
202
19
84
708
574
791
973
275
538
113
279
932
344
31
577
329
454
694
691
525
663
693
546
229
542
87
168
838
999
262
800
721
385
406
531
579
265
402
917
551
732
510
21
749
305
614
27
751
2
354
931
727
342
940
145
347
758
555
801
117
247
405
164
994
294
64
535
736
46
686
373
860
119
226
858
790
875
101
822
17
234
387
490
475
921
315
763
356
608
681
377
609
504
581
567
111
239
79
153
576
635
847
857
597
766
165
367
714
57
641
779
755
662
159
80
60
671
737
503
110
588
675
403
959
199
88
32
67
398
600
1000
278
701
158
138
205
968
270
854
93
82
631
596
798
559
713
393
368
928
154
241
629
918
709
677
733
12
211
501
419
547
151
781
903
731
321
408
179
865
412
978
349
68
943
217
640
352
991
589
49
361
553
24
665
575
702
564
648
884
249
491
892
127
667
230
630
563
106
697
642
208
271
859
471
820
451
103
864
376
748
10
963
848
556
658
167
948
578
850
682
204
3
855
173
41
742
460
560
515
590
866
190
185
328
776
351
48
25
949
883
537
582
169
528
645
644
443
851
135
391
900
684
746
359
358
724
710
105
863
216
951
130
97
927
423
35
811
333
771
213
606
147
54
967
995
572
871
77
615
514
672
734
545
162
107
695
163
183
986
817
650
972
112
692
529
104
653
8
382
15
552
83
375
698
287
894
437
700
380
599
624
601
128
384
957
985
587
649
99
548
422
802
879
741
799
518
904
453
210
132
996
370
825
416
912
595
233
821
837
257
484
743
922
300
394
50
988
946
263
218
877
527
209
829
481
186
259
706
935
997
13
282
53
687
102
508
266
711
633
977
383
40
856
223
157
253
303
409
467
215
852
100
862
172
312
468
523
401
341
429
458
916
340
435
240
473
461
129
433
750
532
288
228
878
479
557
688
565
953
526
785
133
524
964
299
94
480
142
890
71
876
936
281
43
432
22
170
174
296
231
815
144
311
497
184
369
472
828
485
466
65
620
792
500
807
178
775
364
502
455
723
729
338
74
191
81
420
26
245
58
495
909
789
725
90
752
348
823
214
171
285
676
549
448
947
869
258
519
161
568
647
6
513
516
434
152
293
277
605
39
517
664
696
493
819
772
845
836
735
482
826
289
891
415
843
910
201
627
496
842
594
353
431
476
365
188
720
888
121
221
521
194
411
592
140
740
189
187
378
612
861
61
445
302
62
488
607
360
143
566
470
243
250
325
449
923
418
886
324
966
638
66
816
362
92
316
357
95
248
225
655
872
507
598
969
381
374
941
813
477
350
849
965
765
272
669
637
55
505
86
441
