0 90
0 110
0 126
0 154
0 188
0 228
0 237
0 267
0 285
0 305
0 326
0 327
0 333
0 382
0 386
0 390
0 402
0 405
0 431
0 436
0 478
0 507
0 559
0 615
0 633
0 667
90 110
90 126
90 144
90 154
90 166
90 188
90 237
90 267
90 280
90 305
90 326
90 333
90 390
90 392
90 414
90 417
90 431
90 436
90 478
90 487
90 507
90 559
90 615
90 633
90 667
90 677
110 17
110 39
110 64
110 144
110 154
110 166
110 183
110 188
110 196
110 237
110 267
110 280
110 285
110 305
110 331
110 333
110 382
110 402
110 414
110 417
110 431
110 436
110 449
110 478
110 487
110 553
110 559
110 615
110 633
110 667
110 677
126 15
126 17
126 166
126 188
126 196
126 305
126 326
126 327
126 333
126 390
126 392
126 402
126 405
126 417
126 615
126 667
154 34
154 12
154 17
154 23
154 64
154 116
154 145
154 166
154 183
154 188
154 196
154 208
154 217
154 228
154 237
154 280
154 285
154 291
154 305
154 308
154 316
154 318
154 326
154 327
154 331
154 333
154 362
154 378
154 390
154 392
154 402
154 417
154 436
154 478
154 553
154 559
154 614
154 633
154 667
154 677
154 698
188 34
188 166
188 4
188 116
188 183
188 196
188 208
188 228
188 280
188 285
188 298
188 318
188 326
188 327
188 331
188 362
188 390
188 392
188 402
188 405
188 414
188 436
188 440
188 555
188 559
188 614
188 667
188 677
188 682
228 166
228 285
228 326
228 333
228 615
237 144
237 91
237 267
237 305
237 333
237 414
237 431
237 487
237 507
237 559
237 677
267 91
267 305
267 333
267 390
267 414
267 431
267 478
267 507
267 633
267 677
285 4
285 183
285 208
285 298
285 308
285 326
285 327
285 333
285 362
285 382
285 390
285 392
285 402
285 405
285 417
285 555
285 615
285 667
285 682
305 144
305 29
305 39
305 62
305 91
305 107
305 168
305 234
305 254
305 326
305 331
305 333
305 390
305 431
305 436
305 444
305 478
305 487
305 506
305 507
305 559
305 615
305 617
305 633
326 34
326 166
326 318
326 4
326 12
326 17
326 39
326 64
326 116
326 196
326 208
326 217
326 264
326 280
326 291
326 308
326 316
326 327
326 331
326 333
326 362
326 382
326 405
326 414
326 417
326 436
326 553
326 559
326 614
326 615
326 667
326 677
327 166
327 15
327 17
327 39
327 196
327 280
327 390
327 392
327 402
327 405
327 559
327 615
327 667
333 144
333 166
333 318
333 4
333 91
333 196
333 208
333 280
333 308
333 362
333 382
333 386
333 390
333 392
333 414
333 417
333 431
333 436
333 478
333 487
333 507
333 555
333 559
333 615
333 633
333 667
333 677
382 166
382 318
382 308
382 440
382 555
382 614
386 431
386 478
390 144
390 166
390 12
390 15
390 17
390 39
390 116
390 196
390 280
390 316
390 331
390 378
390 392
390 405
390 414
390 417
390 436
390 449
390 478
390 553
390 559
390 615
390 667
402 34
402 4
402 183
402 208
402 280
402 308
402 362
402 405
402 417
402 555
402 559
402 614
402 615
402 667
405 166
405 392
405 183
405 280
405 436
405 555
405 559
405 615
431 34
431 144
431 91
431 478
431 487
431 507
431 559
431 633
431 677
436 34
436 166
436 12
436 39
436 116
436 145
436 217
436 280
436 331
436 449
436 559
436 615
436 667
478 144
478 414
478 91
478 487
478 507
478 633
478 677
507 414
507 487
507 559
559 34
559 144
559 166
559 318
559 392
559 414
559 417
559 4
559 17
559 116
559 280
559 308
559 378
559 555
559 615
559 633
559 667
559 677
615 318
615 414
615 417
615 4
615 12
615 39
615 64
615 116
615 145
615 208
615 217
615 264
615 280
615 291
615 308
615 331
615 362
615 378
615 553
615 555
615 667
615 677
633 144
633 414
633 487
633 91
633 677
667 166
667 318
667 392
667 417
667 4
667 183
667 280
667 308
667 331
667 362
667 682
34 144
34 166
34 280
34 677
144 414
144 677
166 4
166 183
166 196
166 208
166 280
166 298
166 308
166 318
166 362
166 392
166 414
166 417
166 440
166 555
166 614
166 662
166 677
166 682
280 392
280 417
280 12
280 17
280 116
280 217
280 15
280 196
280 291
280 295
280 316
280 378
280 449
677 414
392 15
392 17
392 23
392 39
392 196
392 217
392 291
392 331
392 417
392 449
392 553
414 487
417 318
417 4
417 208
417 298
417 308
417 362
417 555
487 91
17 39
17 64
17 116
17 145
17 217
17 264
17 316
17 331
17 378
17 698
39 12
39 23
39 64
39 116
39 145
39 217
39 264
39 291
39 316
39 331
39 378
39 553
39 698
64 221
64 398
64 450
64 662
64 210
64 375
64 403
64 116
64 145
64 553
64 331
64 464
64 494
196 15
331 116
331 145
331 217
331 291
331 553
331 668
553 12
553 217
553 291
553 378
553 23
553 668
12 116
12 264
12 316
23 217
23 291
23 378
116 145
116 217
116 291
116 316
116 698
145 264
145 291
145 316
208 318
208 4
208 298
208 308
208 362
208 440
208 614
208 662
217 291
217 378
291 264
291 316
291 378
308 318
308 4
308 298
308 362
308 440
308 555
308 614
308 662
316 264
316 378
318 4
318 298
318 482
318 614
318 662
362 4
362 482
362 555
362 614
614 4
614 555
614 662
4 298
4 482
4 555
4 662
298 555
298 662
555 662
662 18
662 36
662 62
662 107
662 250
662 347
662 428
662 494
662 506
662 515
662 586
662 617
91 444
91 234
91 407
29 2
29 18
29 8
29 35
29 36
29 61
29 75
29 102
29 107
29 130
29 131
29 149
29 150
29 156
29 164
29 169
29 179
29 187
29 198
29 214
29 218
29 221
29 225
29 238
29 256
29 259
29 263
29 271
29 272
29 278
29 348
29 367
29 375
29 376
29 398
29 403
29 411
29 434
29 441
29 450
29 469
29 505
29 506
29 515
29 520
29 564
29 574
29 582
29 583
29 597
29 601
29 609
29 643
29 650
29 652
29 653
29 655
29 691
29 697
62 428
62 107
62 250
62 494
62 617
62 36
62 168
62 506
107 597
107 601
107 133
107 376
107 375
107 582
107 36
107 250
107 494
107 685
168 617
168 36
168 506
168 416
168 444
234 494
234 506
254 506
254 444
254 659
254 159
254 416
444 506
444 48
444 289
444 159
444 416
444 659
506 617
506 416
617 18
617 150
617 214
617 218
617 398
617 450
617 597
617 601
617 376
617 494
617 36
1 37
1 58
1 211
1 273
1 480
1 488
1 552
1 666
37 58
37 211
37 273
37 329
37 472
37 480
37 488
37 552
37 666
58 52
58 211
58 273
58 329
58 472
58 488
58 666
211 273
211 472
211 488
211 552
211 666
273 52
273 299
273 472
273 480
273 488
273 552
273 666
480 472
480 52
480 329
480 552
480 666
488 52
488 329
488 552
488 666
552 472
552 52
552 666
666 472
329 52
52 5
52 14
52 76
52 128
52 173
52 205
52 206
52 556
2 7
2 18
2 31
2 49
2 61
2 68
2 73
2 75
2 94
2 102
2 117
2 121
2 130
2 131
2 149
2 152
2 156
2 169
2 179
2 198
2 212
2 218
2 238
2 245
2 263
2 271
2 272
2 288
2 302
2 319
2 348
2 367
2 398
2 427
2 430
2 450
2 458
2 469
2 470
2 490
2 499
2 505
2 510
2 520
2 549
2 554
2 565
2 574
2 597
2 605
2 609
2 621
2 634
2 650
2 652
2 653
2 655
2 656
2 675
2 691
2 697
7 10
7 18
7 31
7 56
7 88
7 121
7 130
7 133
7 150
7 169
7 214
7 398
7 411
7 427
7 505
7 564
7 580
7 583
7 590
7 643
7 655
7 683
18 8
18 33
18 41
18 49
18 61
18 66
18 68
18 74
18 93
18 102
18 121
18 122
18 131
18 133
18 149
18 150
18 156
18 169
18 198
18 204
18 210
18 212
18 214
18 218
18 221
18 225
18 245
18 250
18 257
18 259
18 271
18 272
18 278
18 311
18 367
18 398
18 403
18 427
18 428
18 434
18 441
18 448
18 450
18 494
18 505
18 515
18 541
18 544
18 550
18 564
18 578
18 586
18 597
18 601
18 605
18 609
18 634
18 652
18 653
18 683
18 691
18 694
31 10
31 24
31 56
31 68
31 102
31 121
31 130
31 131
31 150
31 152
31 169
31 179
31 221
31 238
31 258
31 261
31 263
31 272
31 288
31 319
31 338
31 348
31 354
31 367
31 376
31 398
31 411
31 427
31 434
31 450
31 469
31 492
31 510
31 514
31 520
31 564
31 565
31 574
31 590
31 597
31 609
31 626
31 650
31 652
31 653
31 655
31 683
49 55
49 68
49 73
49 75
49 94
49 102
49 131
49 150
49 152
49 169
49 212
49 214
49 218
49 221
49 238
49 245
49 258
49 272
49 348
49 354
49 367
49 398
49 411
49 430
49 458
49 520
49 549
49 565
49 597
49 605
49 621
49 643
49 650
49 653
49 655
49 675
49 691
49 697
61 6
61 43
61 66
61 68
61 73
61 75
61 94
61 98
61 102
61 133
61 150
61 156
61 169
61 179
61 212
61 214
61 221
61 238
61 240
61 245
61 250
61 257
61 259
61 271
61 272
61 288
61 334
61 338
61 354
61 375
61 388
61 398
61 420
61 427
61 428
61 430
61 441
61 458
61 503
61 505
61 520
61 539
61 579
61 583
61 586
61 590
61 601
61 605
61 608
61 609
61 650
61 663
61 665
61 691
61 697
68 6
68 24
68 66
68 73
68 75
68 94
68 102
68 130
68 133
68 149
68 150
68 156
68 169
68 198
68 214
68 218
68 221
68 238
68 250
68 257
68 259
68 263
68 288
68 334
68 348
68 354
68 367
68 398
68 411
68 427
68 428
68 430
68 434
68 441
68 465
68 510
68 520
68 539
68 549
68 564
68 565
68 574
68 579
68 583
68 597
68 602
68 605
68 634
68 643
68 650
68 653
68 655
68 691
68 697
73 33
73 75
73 93
73 101
73 102
73 121
73 122
73 129
73 130
73 131
73 140
73 149
73 150
73 156
73 187
73 189
73 198
73 204
73 212
73 214
73 221
73 245
73 257
73 259
73 263
73 272
73 278
73 302
73 311
73 348
73 354
73 375
73 376
73 398
73 411
73 427
73 428
73 430
73 434
73 441
73 448
73 450
73 458
73 469
73 494
73 505
73 520
73 550
73 564
73 582
73 583
73 592
73 601
73 609
73 623
73 643
73 645
73 650
73 664
73 691
73 697
75 56
75 66
75 88
75 102
75 129
75 131
75 137
75 149
75 156
75 169
75 198
75 212
75 221
75 240
75 250
75 257
75 258
75 261
75 272
75 288
75 311
75 319
75 354
75 367
75 376
75 398
75 411
75 427
75 430
75 434
75 450
75 458
75 469
75 510
75 520
75 564
75 574
75 582
75 583
75 590
75 601
75 605
75 609
75 643
75 650
75 652
75 653
75 655
75 663
75 675
75 697
94 35
94 102
94 130
94 131
94 150
94 156
94 169
94 198
94 212
94 218
94 221
94 245
94 272
94 319
94 348
94 367
94 398
94 411
94 427
94 434
94 505
94 510
94 520
94 524
94 564
94 597
94 650
94 653
94 655
94 691
94 697
102 35
102 117
102 121
102 130
102 131
102 149
102 150
102 152
102 156
102 187
102 189
102 204
102 212
102 214
102 216
102 218
102 221
102 245
102 257
102 258
102 259
102 263
102 272
102 288
102 310
102 348
102 354
102 358
102 375
102 411
102 427
102 428
102 430
102 470
102 490
102 499
102 505
102 510
102 529
102 564
102 565
102 574
102 582
102 583
102 597
102 601
102 605
102 621
102 643
102 650
102 653
102 655
102 656
102 675
102 687
102 697
117 130
117 131
117 149
117 152
117 156
117 187
117 198
117 212
117 218
117 221
117 238
117 245
117 256
117 258
117 288
117 348
117 354
117 367
117 398
117 427
117 430
117 450
117 470
117 490
117 505
117 520
117 529
117 549
117 554
117 583
117 650
117 653
117 675
117 691
121 101
121 131
121 174
121 214
121 225
121 259
121 288
121 398
121 411
121 428
121 450
121 582
121 583
130 35
130 96
130 131
130 149
130 150
130 152
130 156
130 164
130 169
130 189
130 212
130 218
130 221
130 238
130 256
130 272
130 288
130 302
130 319
130 348
130 354
130 398
130 427
130 434
130 450
130 469
130 470
130 505
130 510
130 520
130 549
130 554
130 564
130 565
130 582
130 597
130 605
130 609
130 611
130 621
130 643
130 650
130 653
130 655
130 656
130 675
130 691
130 697
131 56
131 66
131 98
131 149
131 150
131 179
131 187
131 189
131 198
131 214
131 218
131 221
131 245
131 257
131 258
131 263
131 288
131 310
131 319
131 334
131 348
131 367
131 369
131 375
131 376
131 398
131 411
131 427
131 430
131 434
131 441
131 450
131 453
131 458
131 469
131 470
131 505
131 510
131 520
131 549
131 554
131 564
131 565
131 574
131 582
131 583
131 590
131 597
131 601
131 605
131 608
131 609
131 621
131 643
131 650
131 655
131 675
131 678
131 691
131 697
149 24
149 55
149 56
149 66
149 133
149 150
149 152
149 156
149 169
149 187
149 189
149 198
149 218
149 221
149 238
149 245
149 257
149 259
149 263
149 288
149 302
149 334
149 354
149 367
149 375
149 376
149 398
149 411
149 427
149 434
149 441
149 450
149 453
149 458
149 465
149 469
149 470
149 505
149 510
149 520
149 529
149 539
149 549
149 564
149 574
149 579
149 582
149 583
149 586
149 597
149 601
149 602
149 605
149 610
149 634
149 652
149 653
149 655
149 691
149 696
149 697
152 150
152 169
152 179
152 187
152 198
152 214
152 218
152 221
152 238
152 245
152 258
152 263
152 288
152 302
152 348
152 367
152 398
152 411
152 430
152 434
152 450
152 458
152 470
152 499
152 505
152 510
152 549
152 554
152 564
152 565
152 650
152 653
152 655
152 675
152 691
152 697
156 133
156 164
156 169
156 179
156 189
156 198
156 212
156 214
156 221
156 238
156 245
156 257
156 259
156 272
156 288
156 302
156 311
156 348
156 354
156 367
156 375
156 398
156 411
156 427
156 428
156 430
156 434
156 441
156 450
156 458
156 469
156 470
156 490
156 505
156 510
156 565
156 582
156 583
156 601
156 605
156 608
156 609
156 634
156 643
156 650
156 652
156 653
156 675
156 683
156 691
156 697
169 35
169 150
169 24
169 56
169 133
169 187
169 198
169 212
169 214
169 218
169 221
169 240
169 245
169 258
169 272
169 288
169 302
169 310
169 348
169 352
169 367
169 375
169 398
169 411
169 427
169 430
169 434
169 450
169 458
169 469
169 490
169 505
169 510
169 520
169 524
169 539
169 549
169 564
169 574
169 583
169 597
169 601
169 605
169 609
169 621
169 634
169 643
169 650
169 653
169 655
169 675
169 683
169 691
169 696
169 697
179 214
179 221
179 263
179 354
179 367
179 398
179 411
179 428
179 441
179 520
179 564
179 643
179 653
179 678
179 691
179 697
198 150
198 187
198 189
198 212
198 214
198 238
198 245
198 258
198 302
198 310
198 348
198 367
198 398
198 411
198 428
198 434
198 441
198 450
198 458
198 469
198 490
198 505
198 510
198 520
198 529
198 549
198 564
198 574
198 582
198 583
198 597
198 601
198 609
198 621
198 653
198 655
198 675
198 687
198 691
198 697
212 35
212 150
212 187
212 189
212 218
212 238
212 245
212 257
212 259
212 263
212 271
212 272
212 302
212 348
212 367
212 376
212 398
212 427
212 430
212 434
212 441
212 450
212 458
212 469
212 510
212 520
212 549
212 550
212 564
212 582
212 583
212 601
212 609
212 621
212 643
212 650
212 653
212 655
212 685
212 691
212 697
218 35
218 150
218 187
218 214
218 8
218 238
218 257
218 258
218 259
218 263
218 272
218 288
218 354
218 376
218 398
218 403
218 411
218 427
218 428
218 430
218 434
218 441
218 450
218 469
218 470
218 505
218 510
218 520
218 544
218 549
218 554
218 564
218 565
218 577
218 580
218 582
218 583
218 597
218 605
218 608
218 609
218 611
218 621
218 643
218 652
218 653
218 656
218 674
218 675
218 685
218 691
238 150
238 187
238 221
238 96
238 133
238 256
238 258
238 263
238 288
238 338
238 348
238 354
238 367
238 376
238 398
238 427
238 428
238 434
238 450
238 469
238 470
238 505
238 520
238 564
238 582
238 609
238 643
238 650
238 675
238 691
245 214
245 221
245 258
245 259
245 263
245 272
245 288
245 348
245 354
245 398
245 428
245 430
245 441
245 450
245 469
245 505
245 510
245 520
245 549
245 601
245 609
245 650
245 652
245 653
245 655
245 697
263 35
263 150
263 214
263 258
263 189
263 256
263 272
263 288
263 302
263 310
263 319
263 348
263 354
263 375
263 427
263 434
263 450
263 505
263 510
263 549
263 554
263 564
263 565
263 574
263 582
263 583
263 597
263 601
263 609
263 643
263 650
263 653
263 655
263 656
263 675
263 691
263 697
271 150
271 221
271 38
271 165
271 191
271 224
271 375
271 427
271 428
271 537
271 593
271 609
271 641
271 643
272 35
272 150
272 221
272 258
272 133
272 257
272 259
272 311
272 334
272 354
272 367
272 375
272 389
272 398
272 403
272 411
272 428
272 430
272 434
272 441
272 458
272 494
272 505
272 510
272 520
272 524
272 539
272 549
272 564
272 609
272 650
272 653
272 655
272 697
288 187
288 214
288 221
288 258
288 24
288 158
288 261
288 302
288 310
288 311
288 348
288 352
288 354
288 367
288 376
288 411
288 434
288 450
288 469
288 470
288 490
288 505
288 510
288 514
288 520
288 529
288 549
288 564
288 583
288 590
288 597
288 609
288 621
288 643
288 653
288 655
288 675
288 691
288 697
302 221
302 258
302 104
302 348
302 354
302 411
302 430
302 450
302 470
302 490
302 505
302 520
302 529
302 549
302 564
302 574
302 597
302 609
302 611
302 650
302 655
302 656
302 675
302 687
302 697
319 258
319 427
319 434
319 505
319 564
319 634
319 653
348 150
348 187
348 214
348 258
348 189
348 259
348 310
348 354
348 358
348 398
348 411
348 434
348 450
348 458
348 469
348 470
348 499
348 505
348 510
348 520
348 529
348 564
348 565
348 574
348 583
348 597
348 605
348 609
348 621
348 653
348 655
348 656
348 675
348 691
348 697
367 150
367 187
367 214
367 221
367 258
367 354
367 56
367 96
367 133
367 352
367 411
367 427
367 430
367 434
367 441
367 450
367 453
367 458
367 470
367 490
367 499
367 505
367 510
367 520
367 529
367 549
367 574
367 582
367 583
367 590
367 597
367 601
367 605
367 609
367 621
367 643
367 653
367 655
367 663
367 675
367 691
367 697
398 35
398 150
398 187
398 214
398 258
398 8
398 41
398 74
398 93
398 101
398 122
398 133
398 164
398 204
398 225
398 259
398 278
398 300
398 311
398 376
398 403
398 430
398 434
398 448
398 458
398 468
398 470
398 505
398 520
398 549
398 550
398 582
398 593
398 597
398 599
398 605
398 609
398 612
398 643
398 645
398 650
398 653
398 655
398 691
398 697
427 150
427 214
427 221
427 354
427 411
427 24
427 98
427 133
427 189
427 257
427 259
427 261
427 375
427 428
427 430
427 450
427 458
427 469
427 505
427 510
427 520
427 549
427 564
427 574
427 583
427 597
427 605
427 609
427 643
427 650
427 652
427 653
427 655
427 691
427 697
430 150
430 214
430 221
430 258
430 354
430 411
430 428
430 434
430 441
430 450
430 458
430 469
430 470
430 505
430 510
430 520
430 549
430 554
430 565
430 574
430 582
430 601
430 643
430 650
430 653
430 655
430 675
430 687
430 697
450 35
450 150
450 214
450 221
450 258
450 354
450 411
450 434
450 441
450 33
450 41
450 74
450 101
450 122
450 204
450 225
450 257
450 259
450 278
450 300
450 311
450 334
450 375
450 376
450 403
450 428
450 468
450 470
450 474
450 481
450 490
450 505
450 510
450 520
450 544
450 550
450 563
450 564
450 574
450 578
450 580
450 583
450 597
450 599
450 601
450 643
450 653
450 675
450 691
458 150
458 258
458 354
458 441
458 98
458 133
458 428
458 469
458 505
458 510
458 539
458 564
458 574
458 583
458 586
458 605
458 643
458 653
458 655
458 691
469 434
469 257
469 520
469 564
469 574
469 582
469 583
469 597
469 601
469 605
469 643
469 650
469 653
469 655
469 697
470 187
470 221
470 354
470 411
470 104
470 490
470 505
470 529
470 549
470 564
470 565
470 574
470 583
470 609
470 621
470 650
470 653
470 675
470 687
490 258
490 104
490 510
490 520
490 529
490 549
490 564
490 583
490 621
490 650
490 653
490 655
490 656
490 675
490 691
499 258
499 549
499 583
505 187
505 221
505 258
505 411
505 434
505 441
505 189
505 259
505 510
505 520
505 549
505 564
505 565
505 574
505 582
505 583
505 597
505 605
505 609
505 621
505 634
505 643
505 650
505 652
505 653
505 655
505 675
505 697
510 150
510 187
510 214
510 354
510 434
510 376
510 465
510 520
510 549
510 564
510 582
510 583
510 597
510 602
510 634
510 652
510 655
510 675
510 691
520 150
520 187
520 214
520 221
520 258
520 411
520 434
520 257
520 376
520 403
520 529
520 549
520 574
520 583
520 597
520 601
520 605
520 643
520 650
520 653
520 655
520 675
520 697
549 187
549 214
549 221
549 258
549 354
549 411
549 441
549 158
549 554
549 564
549 565
549 583
549 597
549 601
549 605
549 621
549 650
549 653
549 655
549 675
549 687
549 691
554 354
554 643
554 655
554 691
565 221
565 354
565 411
565 564
565 120
565 216
565 529
565 582
565 583
565 597
565 609
565 653
565 655
565 675
565 687
565 691
565 697
574 187
574 214
574 221
574 258
574 411
574 434
574 564
574 259
574 310
574 376
574 486
574 582
574 583
574 605
574 609
574 643
574 650
574 655
574 675
574 691
574 697
597 150
597 187
597 221
597 258
597 354
597 411
597 434
597 564
597 583
597 375
597 376
597 601
597 609
597 611
597 621
597 643
597 650
597 652
597 653
597 655
597 675
597 685
597 687
597 691
605 150
605 214
605 221
605 354
605 411
605 564
605 583
605 98
605 133
605 253
605 586
605 609
605 643
605 650
605 653
605 655
609 150
609 221
609 258
609 411
609 434
609 441
609 601
609 133
609 240
609 257
609 259
609 311
609 428
609 453
609 586
609 634
609 643
609 653
609 675
609 678
609 691
609 697
621 187
621 221
621 411
621 564
621 583
621 529
621 643
621 650
621 653
621 675
621 691
634 150
634 221
634 564
634 133
634 465
634 653
650 214
650 221
650 258
650 354
650 411
650 434
650 564
650 583
650 601
650 643
650 259
650 653
650 675
650 691
650 697
652 354
652 411
652 434
652 441
652 38
652 40
652 164
652 165
652 172
652 189
652 203
652 224
652 259
652 278
652 349
652 437
652 456
652 462
652 494
652 582
652 641
652 653
652 691
653 150
653 187
653 214
653 221
653 354
653 411
653 564
653 583
653 601
653 643
653 66
653 98
653 259
653 261
653 310
653 428
653 539
653 582
653 586
653 655
653 675
653 678
653 697
655 150
655 187
655 214
655 354
655 411
655 434
655 583
655 601
655 643
655 88
655 96
655 120
655 256
655 259
655 428
655 453
655 514
655 529
655 582
655 626
655 642
655 656
655 675
655 687
655 691
655 696
656 258
656 354
656 583
656 691
675 187
675 221
675 258
675 354
675 411
675 434
675 564
675 583
675 643
675 96
675 104
675 691
675 697
691 150
691 187
691 214
691 221
691 258
691 411
691 434
691 564
691 601
691 56
691 88
691 189
691 240
691 256
691 259
691 261
691 310
691 376
691 465
691 529
691 539
691 582
691 586
691 608
691 665
691 697
697 150
697 214
697 258
697 354
697 411
697 434
697 441
697 564
697 583
697 189
697 257
697 310
697 375
697 582
697 678
697 681
10 221
10 564
10 24
10 89
10 261
10 338
10 376
10 492
10 111
10 195
10 243
10 418
10 453
10 477
10 504
10 514
10 626
56 221
56 411
56 564
56 6
56 24
56 30
56 89
56 98
56 100
56 108
56 111
56 125
56 133
56 240
56 243
56 253
56 261
56 352
56 376
56 388
56 418
56 453
56 465
56 473
56 477
56 492
56 514
56 579
56 581
56 586
56 590
56 600
56 602
56 626
56 632
56 663
56 665
56 696
88 221
88 411
88 564
88 6
88 24
88 30
88 66
88 89
88 98
88 100
88 111
88 125
88 129
88 133
88 137
88 240
88 243
88 261
88 338
88 352
88 369
88 388
88 420
88 492
88 503
88 514
88 579
88 586
88 590
88 600
88 602
88 632
88 665
88 696
133 150
133 214
133 221
133 434
133 441
133 564
133 6
133 24
133 43
133 89
133 125
133 33
133 55
133 93
133 100
133 108
133 137
133 257
133 261
133 279
133 322
133 334
133 352
133 369
133 375
133 376
133 388
133 403
133 418
133 420
133 428
133 453
133 465
133 473
133 492
133 503
133 515
133 532
133 539
133 579
133 586
133 590
133 600
133 602
133 623
133 632
133 663
150 6
150 24
150 43
150 66
150 98
150 214
150 240
150 257
150 258
150 259
150 261
150 293
150 311
150 334
150 354
150 376
150 388
150 411
150 420
150 428
150 434
150 441
150 453
150 465
150 492
150 494
150 539
150 579
150 582
150 601
150 602
150 643
150 663
150 678
150 696
214 187
214 93
214 221
214 257
214 258
214 259
214 428
214 434
214 441
214 564
214 582
214 583
214 601
214 643
411 258
411 240
411 257
411 259
411 261
411 375
411 428
411 434
411 441
411 492
411 514
411 564
411 582
411 583
411 586
411 590
411 611
411 626
411 643
564 258
564 354
564 434
564 6
564 30
564 89
564 96
564 98
564 125
564 137
564 189
564 195
564 240
564 259
564 261
564 352
564 376
564 420
564 428
564 453
564 465
564 492
564 503
564 529
564 539
564 579
564 582
564 583
564 590
564 601
564 611
564 626
564 632
564 643
564 663
564 665
564 678
564 687
564 696
580 221
580 118
580 225
580 345
580 618
583 187
583 221
583 258
583 354
583 434
583 51
583 189
583 257
583 300
583 529
583 582
590 221
590 6
590 24
590 30
590 89
590 98
590 125
590 240
590 261
590 338
590 352
590 369
590 376
590 420
590 465
590 492
590 579
590 586
590 96
590 100
590 111
590 137
590 243
590 418
590 453
590 473
590 477
590 504
590 514
590 600
590 602
590 626
590 632
590 663
590 665
590 696
643 434
643 601
643 376
643 582
683 221
683 253
8 601
8 74
8 84
8 101
8 114
8 210
8 248
8 257
8 259
8 277
8 292
8 311
8 375
8 389
8 403
8 408
8 409
8 448
8 468
8 544
8 550
8 563
8 578
8 582
8 612
8 645
8 674
8 679
8 694
33 441
33 122
33 311
33 375
33 623
33 610
41 601
41 74
41 84
41 93
41 101
41 114
41 122
41 210
41 232
41 248
41 257
41 292
41 300
41 311
41 375
41 403
41 408
41 468
41 541
41 550
41 563
41 599
41 612
41 623
41 627
41 645
41 674
41 679
41 694
66 221
66 98
66 376
66 388
66 420
66 503
66 586
66 602
66 632
66 663
66 375
66 129
74 101
74 114
74 160
74 210
74 232
74 242
74 248
74 277
74 292
74 300
74 403
74 408
74 448
74 468
74 544
74 550
74 563
74 599
74 612
74 623
74 627
74 645
74 679
74 694
93 221
93 601
93 114
93 122
93 129
93 210
93 232
93 248
93 257
93 375
93 399
93 428
93 448
93 468
93 541
93 544
93 563
93 582
93 627
93 679
93 694
122 601
122 101
122 114
122 210
122 232
122 257
122 259
122 311
122 375
122 389
122 403
122 408
122 448
122 468
122 541
122 544
122 563
122 578
122 582
122 599
122 612
122 627
122 645
122 694
204 601
204 259
204 428
204 550
204 582
204 674
204 283
204 474
204 518
204 689
210 601
210 84
210 101
210 114
210 129
210 232
210 257
210 277
210 311
210 375
210 389
210 428
210 448
210 468
210 541
210 544
210 550
210 599
210 623
210 627
210 679
210 694
221 35
221 187
221 6
221 24
221 43
221 51
221 89
221 96
221 98
221 100
221 111
221 137
221 240
221 257
221 258
221 261
221 311
221 322
221 338
221 354
221 375
221 376
221 418
221 420
221 428
221 441
221 465
221 492
221 503
221 504
221 514
221 515
221 539
221 579
221 600
221 601
221 626
221 632
221 663
221 665
225 601
225 201
250 428
250 582
250 223
250 524
250 608
257 434
257 441
257 601
257 84
257 101
257 114
257 232
257 248
257 129
257 311
257 375
257 403
257 408
257 428
257 468
257 541
257 544
257 550
257 582
257 599
257 612
257 623
257 627
257 645
257 694
259 354
259 434
259 441
259 601
259 164
259 189
259 582
278 582
278 224
278 494
278 593
311 601
311 240
311 376
311 586
311 602
311 114
311 129
311 137
311 375
311 409
311 428
311 448
311 515
311 539
311 541
311 550
311 563
311 582
311 627
311 674
311 689
403 434
403 601
403 586
403 84
403 114
403 232
403 248
403 292
403 129
403 468
403 541
403 544
403 563
403 578
403 599
403 612
403 623
403 627
403 679
403 694
428 434
428 441
428 601
428 101
428 375
428 38
428 129
428 164
428 224
428 349
428 494
428 537
428 582
428 593
428 610
434 187
434 258
434 354
434 189
434 240
434 375
434 376
434 465
434 539
434 582
434 602
441 165
441 253
441 300
441 322
441 349
441 375
441 582
441 593
448 84
448 101
448 114
448 232
448 292
448 375
448 389
448 408
448 300
448 320
448 468
448 541
448 550
448 563
448 578
448 599
448 627
448 645
448 679
494 375
494 582
494 36
494 78
494 85
494 87
494 334
494 508
494 619
515 586
515 375
515 129
515 127
515 610
541 601
541 84
541 101
541 114
541 232
541 248
541 375
541 408
541 409
541 468
541 160
541 300
541 550
541 563
541 582
541 599
541 612
541 627
541 679
541 694
544 601
544 84
544 101
544 114
544 232
544 248
544 277
544 375
544 408
544 409
544 468
544 242
544 332
544 550
544 563
544 578
544 599
544 612
544 627
544 674
544 679
544 694
550 101
550 375
550 283
550 474
550 578
550 582
550 674
578 601
578 84
578 101
578 114
578 232
578 248
578 277
578 292
578 375
578 408
578 409
578 563
578 242
578 300
578 582
578 599
578 612
578 627
578 674
578 679
586 6
586 30
586 43
586 98
586 261
586 338
586 369
586 376
586 420
586 465
586 492
586 503
586 579
586 129
586 137
586 279
586 375
586 453
586 600
586 632
586 663
601 187
601 354
601 165
601 232
601 256
601 376
601 408
601 563
601 582
601 623
694 84
694 101
694 114
694 232
694 248
694 408
694 409
694 468
694 563
694 599
694 612
694 627
694 242
36 622
187 158
187 258
187 354
187 366
187 529
256 423
256 685
375 98
375 240
375 376
375 465
375 503
375 602
375 84
375 232
375 248
375 129
375 349
375 468
375 532
375 563
375 582
375 599
375 612
375 623
375 645
375 679
376 6
376 24
376 30
376 43
376 98
376 125
376 240
376 261
376 338
376 32
376 55
376 253
376 334
376 388
376 453
376 465
376 492
376 503
376 539
376 579
376 582
376 602
376 665
376 696
582 101
582 409
582 189
582 216
582 474
582 481
582 674
582 689
24 6
24 30
24 43
24 89
24 98
24 111
24 125
24 240
24 243
24 261
24 338
24 352
24 388
24 420
24 453
24 492
24 503
24 514
24 579
24 602
258 96
258 354
258 529
258 687
261 6
261 30
261 89
261 98
261 125
261 240
261 111
261 338
261 352
261 388
261 420
261 453
261 465
261 473
261 492
261 503
261 514
261 539
261 579
261 600
261 602
261 632
261 663
261 696
338 6
338 43
338 98
338 125
338 96
338 111
338 352
338 369
338 418
338 453
338 465
338 477
338 503
338 504
338 514
338 579
338 581
354 189
354 310
354 529
354 611
492 6
492 30
492 43
492 89
492 98
492 125
492 352
492 369
492 465
492 111
492 418
492 477
492 503
492 504
492 579
492 632
492 663
514 89
514 352
514 663
514 243
514 453
514 477
514 504
514 51
514 686
626 195
626 418
55 98
55 579
55 453
6 30
6 43
6 89
6 98
6 125
6 240
6 352
6 369
6 388
6 420
6 465
6 503
6 579
6 600
6 602
6 632
6 663
6 665
6 696
43 30
43 89
43 98
43 100
43 125
43 137
43 240
43 352
43 369
43 388
43 418
43 420
43 453
43 465
43 473
43 503
43 600
43 602
43 632
43 663
43 696
98 30
98 89
98 125
98 129
98 137
98 240
98 279
98 352
98 369
98 388
98 420
98 453
98 473
98 539
98 579
98 600
98 602
98 663
98 665
98 696
240 30
240 89
240 125
240 137
240 352
240 369
240 388
240 420
240 453
240 539
240 600
240 602
240 632
240 665
240 696
334 524
388 30
388 89
388 125
388 352
388 369
388 129
388 465
388 579
388 600
388 602
388 632
388 663
388 696
420 125
420 101
420 137
420 279
420 465
420 503
420 539
420 600
420 602
420 632
420 663
503 30
503 89
503 125
503 352
503 369
503 465
503 100
503 129
503 243
503 453
503 579
503 600
503 602
503 632
503 663
503 696
539 465
539 602
539 129
579 30
579 125
579 352
579 465
579 100
579 453
579 600
579 602
579 632
579 663
579 665
579 696
608 524
663 89
663 125
663 465
663 600
663 602
663 137
663 473
663 665
663 696
665 30
665 465
665 600
665 632
665 99
665 350
665 366
465 30
465 125
465 352
465 369
465 129
465 137
465 453
465 600
465 602
465 632
602 30
602 125
602 369
602 600
602 129
602 137
602 453
602 696
101 84
101 114
101 129
101 232
101 248
101 292
101 300
101 408
101 409
101 468
101 563
101 599
101 623
101 627
101 674
101 679
129 632
140 300
140 532
592 224
592 349
592 593
592 641
592 415
592 517
592 587
592 637
592 670
592 684
623 408
623 300
623 645
645 599
645 46
664 300
137 125
137 632
137 453
358 134
529 95
529 536
529 687
174 474
369 30
369 125
369 453
369 600
369 632
453 89
453 352
453 696
453 418
678 527
696 30
696 125
696 473
352 30
352 89
352 125
352 111
352 473
352 504
352 632
577 491
577 407
577 628
577 109
577 560
577 287
674 232
674 409
674 468
674 563
674 283
674 474
674 518
51 209
51 686
89 30
89 111
89 125
89 243
89 418
89 477
89 504
89 581
89 600
89 632
100 30
111 243
111 504
111 581
322 474
418 632
418 195
418 477
418 504
504 243
504 421
600 125
600 632
632 30
632 125
38 165
38 224
38 349
38 370
38 537
38 593
38 641
165 224
165 370
165 537
165 593
165 641
191 349
191 537
191 593
191 641
224 349
224 537
224 641
537 349
537 370
537 593
593 517
593 684
641 349
641 370
300 248
300 408
300 468
300 563
300 599
300 612
300 46
300 160
300 532
468 84
468 248
468 292
468 408
468 563
468 599
468 612
468 627
468 679
599 114
599 232
599 248
599 277
599 292
599 563
599 332
599 339
599 612
599 679
612 232
612 248
612 408
612 563
349 370
349 517
474 409
474 283
563 114
563 248
563 408
563 160
563 320
563 627
30 125
125 108
125 473
195 477
120 28
120 177
120 182
120 575
232 84
232 114
232 242
232 248
232 292
232 332
232 408
232 409
232 627
232 679
408 84
408 114
408 248
408 292
408 627
408 679
40 21
40 172
40 203
40 213
40 227
40 247
40 269
40 328
40 343
40 363
40 368
40 437
40 462
40 512
40 571
40 591
40 604
40 638
40 654
40 690
172 21
172 203
172 213
172 227
172 247
172 269
172 275
172 328
172 343
172 363
172 368
172 380
172 387
172 404
172 437
172 462
172 512
172 571
172 591
172 604
172 638
172 654
172 690
203 213
203 226
203 247
203 269
203 275
203 328
203 343
203 363
203 380
203 387
203 404
203 437
203 462
203 512
203 571
203 591
203 638
203 654
437 21
437 213
437 227
437 247
437 275
437 328
437 343
437 380
437 387
437 404
437 269
437 368
437 462
437 512
437 571
437 591
437 604
437 654
456 11
456 60
456 63
456 69
456 115
456 175
456 192
456 231
456 321
456 325
456 335
456 397
456 193
456 239
456 460
456 479
456 548
456 562
456 646
456 692
456 693
462 21
462 213
462 227
462 247
462 275
462 328
462 363
462 380
462 387
462 269
462 368
462 512
462 571
462 591
462 604
462 638
462 690
681 243
681 365
681 207
681 141
681 491
681 312
681 567
3 303
3 616
3 651
303 157
303 324
303 616
303 651
616 157
616 324
616 622
616 651
651 157
157 622
622 324
622 270
270 496
270 625
270 661
347 153
347 557
5 14
5 76
5 128
5 205
5 206
5 443
5 466
5 534
5 556
14 128
14 205
14 206
14 443
14 534
76 128
76 173
76 205
76 412
76 443
76 534
76 556
128 173
128 205
128 206
128 443
128 534
128 556
205 173
205 412
205 443
205 466
205 534
205 556
206 57
206 185
206 443
206 466
206 534
206 556
206 629
443 173
443 534
443 556
466 16
466 178
466 493
466 534
534 173
534 185
534 556
534 629
556 163
556 173
556 178
556 190
556 476
556 546
556 629
173 167
173 236
173 266
173 323
173 341
173 355
173 442
173 522
173 585
173 631
173 545
412 124
412 244
412 306
412 337
412 357
412 361
412 400
412 513
412 528
412 535
412 542
412 266
412 323
412 596
57 185
57 629
185 493
185 106
185 135
185 163
185 190
185 373
185 476
185 501
185 546
185 629
629 71
16 59
16 106
16 241
16 255
16 396
16 406
16 501
16 531
16 594
16 669
16 671
16 676
178 493
178 163
178 190
178 373
178 476
178 546
493 9
493 77
493 155
493 22
493 70
493 135
493 163
493 190
493 290
493 373
493 526
493 546
163 135
163 190
163 546
190 135
190 373
190 546
476 135
476 373
476 546
546 135
243 141
243 207
243 477
243 581
108 262
108 495
108 607
279 297
279 658
32 45
32 79
32 112
32 123
32 246
32 395
32 569
32 606
32 620
32 648
32 672
118 672
118 201
345 407
345 97
345 146
345 215
345 251
345 344
345 379
345 484
345 635
345 701
618 407
618 97
618 146
618 215
618 251
618 344
618 379
618 484
618 498
618 603
618 635
618 701
84 248
84 277
84 292
84 627
84 679
114 292
114 332
114 339
114 627
248 242
248 627
248 679
277 679
292 332
292 627
679 627
627 242
627 332
9 77
9 139
9 142
9 151
9 155
9 374
9 438
9 451
9 566
9 589
77 59
77 139
77 142
77 151
77 155
77 255
77 309
77 356
77 359
77 374
77 406
77 432
77 438
77 451
77 531
77 566
77 657
77 676
139 142
139 155
139 374
139 438
139 451
139 566
142 151
142 155
142 374
142 438
142 451
142 589
151 255
151 356
151 393
151 396
151 406
151 432
151 531
151 566
151 594
151 657
155 374
155 438
155 566
374 438
374 451
374 566
374 589
438 451
438 566
451 566
566 309
566 356
566 359
566 393
566 432
566 594
566 676
59 106
59 255
59 396
59 406
59 501
59 669
59 676
255 309
255 356
255 359
255 393
255 396
255 406
255 432
255 501
255 531
255 584
255 594
255 657
255 669
255 671
255 676
309 396
309 406
309 531
309 594
309 676
309 356
309 359
309 432
356 396
356 531
356 594
356 657
356 359
356 432
359 531
359 657
359 393
359 432
406 396
406 393
406 432
406 531
406 558
406 594
406 657
406 671
406 676
432 396
432 531
432 594
432 657
432 676
432 393
531 393
531 584
531 594
531 657
531 676
657 396
657 594
657 393
657 676
676 396
676 594
676 671
396 594
22 70
22 202
22 222
22 281
22 384
22 391
22 463
22 533
70 136
70 161
70 202
70 207
70 281
70 290
70 384
70 526
135 373
290 47
290 161
290 202
290 207
290 222
290 281
290 384
290 391
290 463
290 526
526 47
526 161
526 207
526 281
526 384
526 391
526 463
526 27
526 132
526 286
526 304
526 314
526 461
526 475
526 485
526 500
526 509
526 516
526 558
526 570
526 595
526 636
141 54
141 249
207 161
207 202
207 136
207 222
207 281
207 391
207 463
207 485
207 533
207 648
421 252
421 276
421 351
421 381
686 209
11 53
11 60
11 63
11 69
11 72
11 115
11 175
11 192
11 231
11 274
11 321
11 325
11 397
11 460
11 548
11 646
11 692
53 60
53 72
53 115
53 175
53 192
53 231
53 274
53 325
53 335
53 397
53 460
53 548
53 646
53 693
60 63
60 65
60 72
60 113
60 115
60 175
60 192
60 193
60 231
60 274
60 325
60 335
60 397
60 460
60 548
60 562
60 646
60 692
60 693
63 65
63 69
63 72
63 115
63 175
63 192
63 239
63 321
63 325
63 397
63 548
63 646
63 692
63 693
69 72
69 113
69 115
69 175
69 192
69 231
69 239
69 274
69 321
69 335
69 397
69 460
69 548
69 646
69 692
69 693
72 113
72 192
72 193
72 231
72 239
72 274
72 321
72 325
72 397
72 460
72 479
72 548
72 562
72 646
72 692
72 693
115 113
115 175
115 192
115 193
115 231
115 239
115 274
115 321
115 325
115 335
115 460
115 479
115 548
115 646
175 113
175 231
175 274
175 321
175 325
175 335
175 397
175 460
175 548
175 646
175 692
175 693
192 113
192 65
192 231
192 239
192 274
192 321
192 335
192 460
192 548
192 692
192 693
231 113
231 193
231 239
231 321
231 325
231 335
231 397
231 460
231 479
231 548
231 562
231 646
231 692
231 693
274 193
274 325
274 335
274 397
274 460
274 548
274 561
274 646
274 693
321 113
321 325
321 335
321 397
321 460
321 479
321 548
321 646
321 692
321 693
325 239
325 397
325 548
325 693
397 335
397 548
397 646
397 692
397 693
460 335
460 548
460 646
460 692
460 693
548 113
548 335
548 479
548 646
548 692
548 693
646 113
646 335
646 193
646 479
646 561
646 692
646 693
692 113
692 335
692 562
335 113
335 562
693 113
693 239
693 562
239 523
13 124
13 199
13 244
13 260
13 306
13 313
13 337
13 340
13 346
13 357
13 361
13 394
13 400
13 439
13 513
13 525
13 528
13 535
13 540
13 673
124 67
124 244
124 260
124 306
124 313
124 337
124 340
124 346
124 357
124 361
124 394
124 400
124 439
124 513
124 528
124 542
199 67
199 244
199 260
199 306
199 313
199 337
199 340
199 346
199 357
199 361
199 394
199 400
199 513
199 525
199 535
199 673
244 67
244 260
244 306
244 340
244 394
244 439
244 528
244 535
244 540
244 542
260 67
260 306
260 313
260 323
260 337
260 340
260 346
260 357
260 361
260 394
260 400
260 439
260 535
260 540
260 542
260 673
306 67
306 313
306 323
306 337
306 340
306 346
306 355
306 361
306 394
306 513
306 525
306 528
306 535
306 540
306 542
306 596
306 673
313 67
313 337
313 340
313 357
313 361
313 394
313 400
313 439
313 513
313 525
313 540
313 542
313 673
337 67
337 340
337 346
337 357
337 361
337 394
337 400
337 528
337 540
337 542
337 673
340 67
340 357
340 361
340 394
340 400
340 525
340 528
340 535
340 540
340 542
340 673
346 357
346 394
346 400
346 439
346 513
346 525
346 535
346 540
346 673
357 361
357 394
357 400
357 422
357 439
357 513
357 525
357 528
357 535
357 542
357 673
361 323
361 400
361 439
361 513
361 525
361 528
361 535
361 540
361 542
361 596
361 673
394 67
394 439
394 542
394 673
400 67
400 422
400 439
400 513
400 528
400 535
400 542
400 673
439 67
439 513
439 525
439 528
439 535
439 540
439 542
439 673
513 67
513 323
513 525
513 528
513 535
513 540
513 673
525 67
525 535
525 540
525 542
525 673
528 67
528 355
528 422
528 540
528 542
528 596
528 673
535 540
535 673
540 673
673 67
673 542
323 25
323 147
323 167
323 181
323 236
323 266
323 86
323 383
323 425
323 442
323 522
323 588
323 631
355 25
355 147
355 167
355 236
355 266
355 44
355 383
355 385
355 442
355 545
355 585
355 596
355 631
596 25
596 167
596 181
596 236
596 266
596 341
596 383
596 385
596 442
596 522
596 585
596 44
596 86
596 336
596 425
596 538
596 545
596 631
106 105
106 252
106 671
241 47
241 161
241 314
241 384
241 461
241 500
241 516
241 558
241 570
241 573
241 595
241 700
501 496
501 516
501 584
501 669
501 671
669 496
669 671
671 336
671 516
105 50
252 276
47 27
47 132
47 161
47 222
47 281
47 286
47 304
47 384
47 391
47 461
47 475
47 485
47 516
47 533
47 558
47 570
47 573
47 624
47 700
161 202
161 222
161 281
161 304
161 314
161 384
161 391
161 461
161 463
161 475
161 485
161 500
161 509
161 516
161 533
161 558
161 570
161 573
161 595
161 624
161 700
314 384
314 132
314 570
314 461
314 500
314 516
314 573
314 700
384 202
384 222
384 27
384 132
384 286
384 304
384 391
384 461
384 475
384 485
384 500
384 509
384 516
384 533
384 558
384 570
384 636
461 570
461 500
461 516
461 573
461 624
461 700
500 570
500 516
500 558
500 573
500 595
500 624
500 700
516 132
516 558
516 573
516 584
516 595
516 624
516 700
558 132
558 570
558 700
570 132
570 286
570 304
570 475
570 595
570 624
573 132
573 595
573 624
573 700
595 132
595 624
595 700
700 132
700 624
584 294
496 625
496 661
336 545
78 87
78 377
78 508
78 619
85 395
85 87
85 377
85 426
85 508
85 619
87 395
87 377
87 426
87 508
87 619
508 395
508 426
619 426
127 483
127 660
19 26
19 103
19 171
19 186
19 194
19 200
19 265
19 268
19 307
19 353
19 365
19 372
19 433
19 445
19 454
19 455
19 459
19 471
19 521
19 543
19 551
19 598
19 630
26 186
26 194
26 220
26 265
26 268
26 372
26 433
26 455
26 543
26 551
26 598
26 630
103 138
103 148
103 171
103 233
103 307
103 315
103 353
103 360
103 365
103 371
103 419
103 424
103 445
103 455
103 457
103 471
103 521
103 551
103 649
103 699
171 82
171 80
171 315
171 353
171 360
171 365
171 371
171 424
171 445
171 457
171 471
171 521
171 551
171 649
186 194
186 268
186 372
186 433
186 454
186 459
186 543
186 598
186 630
194 200
194 220
194 265
194 268
194 372
194 433
194 454
194 543
194 598
194 630
200 220
200 265
200 268
200 372
200 433
200 454
200 459
200 598
200 630
265 220
265 268
265 372
265 433
265 454
265 459
265 598
268 220
268 372
268 459
268 543
268 598
307 82
307 80
307 315
307 353
307 360
307 365
307 371
307 419
307 445
307 455
307 457
307 471
307 521
307 551
307 649
307 699
353 148
353 315
353 360
353 365
353 419
353 445
353 457
353 471
353 521
353 551
353 649
353 699
365 82
365 315
365 360
365 371
365 419
365 445
365 455
365 457
365 471
365 521
365 551
365 649
372 220
372 454
372 459
372 543
372 598
372 630
433 220
433 459
433 543
433 598
433 630
445 82
445 80
445 138
445 148
445 315
445 360
445 371
445 419
445 455
445 457
445 471
445 521
445 649
454 220
454 630
455 148
455 315
455 360
455 371
455 424
455 521
455 551
455 630
455 649
459 220
459 598
459 630
471 82
471 138
471 148
471 315
471 371
471 424
471 457
471 521
471 551
471 649
521 80
521 138
521 148
521 315
521 360
521 371
521 419
521 424
521 457
521 551
521 567
521 649
543 220
543 143
543 598
543 630
551 82
551 80
551 148
551 315
551 360
551 371
551 419
551 457
551 649
551 699
598 220
598 630
630 82
82 148
82 315
82 371
82 419
82 457
82 649
82 699
148 699
148 315
148 371
148 419
148 424
148 457
315 649
315 699
315 80
315 360
315 371
315 419
315 457
371 649
371 699
371 457
419 649
419 699
419 80
419 457
457 649
457 80
457 424
649 360
649 424
649 699
699 80
699 424
138 233
233 180
233 219
233 282
233 301
233 568
233 695
360 80
424 80
567 109
567 312
567 511
20 92
92 628
92 680
628 407
628 184
628 287
628 502
680 162
680 284
162 284
21 213
21 226
21 227
21 275
21 328
21 343
21 363
21 380
21 387
21 404
21 512
21 591
21 604
21 638
21 654
213 227
213 247
213 269
213 275
213 343
213 368
213 387
213 404
213 591
213 604
213 638
213 654
213 690
226 227
226 247
226 269
226 275
226 343
226 363
226 368
226 380
226 387
226 404
226 571
226 604
226 638
226 654
227 363
227 380
227 404
227 512
227 571
227 591
227 638
227 654
275 247
275 269
275 328
275 343
275 363
275 368
275 380
275 404
275 467
275 512
275 591
275 604
275 638
275 654
328 247
328 363
328 387
328 404
328 512
328 571
328 591
328 604
328 638
328 654
343 247
343 269
343 368
343 380
343 387
343 404
343 512
343 591
343 604
343 654
363 247
363 269
363 368
363 380
363 387
363 404
363 467
363 512
363 591
363 604
363 638
380 247
380 269
380 368
380 387
380 467
380 512
380 571
380 604
380 638
380 654
387 404
387 512
387 591
387 604
404 368
404 467
404 512
404 571
404 591
404 604
404 638
404 654
512 269
512 591
512 604
512 638
512 654
591 247
591 269
591 368
591 604
604 247
604 269
604 368
604 571
604 638
638 247
638 269
638 571
638 654
638 690
654 247
654 269
654 368
654 571
247 269
247 368
247 571
269 571
269 690
202 136
202 222
202 281
202 391
202 463
202 533
222 136
222 281
222 463
281 391
281 463
281 533
391 463
391 533
463 533
533 136
27 132
27 286
27 475
27 485
27 509
132 286
132 304
132 485
132 509
132 636
286 304
286 475
286 485
286 509
286 636
304 475
304 485
304 509
304 636
475 485
475 509
475 636
485 415
485 509
485 636
648 569
648 606
648 197
648 364
648 647
25 147
25 167
25 236
25 266
25 341
25 385
25 442
25 585
147 167
147 181
147 236
147 266
147 341
147 383
147 442
147 522
167 44
167 181
167 236
167 266
167 341
167 383
167 425
167 442
167 522
167 545
167 585
167 631
236 181
236 86
236 266
236 341
236 385
236 425
236 442
236 522
236 538
236 545
236 585
236 588
236 631
266 181
266 44
266 86
266 341
266 383
266 425
266 522
266 545
266 585
266 588
266 631
341 181
341 44
341 86
341 230
341 383
341 425
341 442
341 522
341 538
341 545
341 585
341 588
341 631
385 181
385 442
385 585
442 181
442 545
585 181
585 383
585 522
585 425
585 545
585 588
181 383
181 425
181 522
181 545
181 588
181 631
383 44
383 86
383 230
383 425
383 522
383 538
383 545
383 588
522 545
44 631
44 86
44 425
44 545
44 588
425 86
425 538
425 545
425 588
545 538
545 230
545 588
588 86
588 230
86 230
86 538
415 517
415 587
415 613
415 637
415 670
415 684
28 177
28 182
28 342
28 519
28 572
177 182
177 447
177 519
177 572
182 342
182 447
182 572
342 519
342 572
519 447
519 572
45 620
79 229
79 672
112 176
112 547
112 672
123 83
123 246
123 364
123 446
123 569
395 426
569 83
569 364
569 497
569 606
606 197
606 364
606 647
620 547
620 672
672 330
83 364
83 446
364 446
364 497
197 81
647 81
517 587
517 613
517 637
517 670
517 684
684 587
684 613
684 670
684 530
42 119
48 289
289 659
659 159
159 429
54 491
262 607
587 613
587 637
587 670
637 613
637 670
670 613
407 146
407 184
407 251
407 287
407 379
407 413
407 484
407 502
407 635
146 97
146 344
146 379
146 484
146 498
146 603
146 635
146 701
251 215
251 344
251 379
251 498
251 603
251 635
251 701
287 502
379 97
379 215
379 344
379 484
379 635
379 701
484 97
484 215
484 344
484 498
484 603
484 635
635 97
635 215
635 344
635 498
635 603
635 688
635 701
97 215
97 344
97 498
97 603
97 688
97 701
215 344
215 498
215 603
498 603
498 701
297 658
658 170
180 317
180 401
180 644
180 695
219 282
219 301
219 317
219 401
219 568
219 644
219 695
282 301
282 317
282 401
282 568
282 644
301 317
301 568
301 644
301 695
568 317
568 401
568 695
695 317
695 401
276 294
109 312
109 511
109 560
312 511
312 576
511 560
527 489
153 557
557 452
429 235
317 401
401 644
351 381
625 661
639 296
410 640
530 435
