406
202
91
385
87
614
999
732
23
920
546
189
923
799
1083
941
198
27
248
734
309
40
438
184
108
636
758
971
569
529
710
627
740
185
361
823
862
399
204
608
326
861
798
578
646
544
797
314
674
890
467
842
998
866
190
381
804
775
95
843
895
656
631
1123
49
274
1047
158
77
355
83
89
178
194
34
669
281
449
802
367
596
906
938
771
490
870
937
188
116
762
950
606
1100
139
407
780
414
57
540
376
653
209
335
675
420
625
869
137
419
273
1072
665
483
807
484
755
313
955
144
988
172
649
441
957
286
703
269
946
192
789
1011
1087
776
814
592
658
408
841
140
603
685
380
778
251
898
254
932
400
601
963
748
1026
55
904
1093
630
897
979
222
306
756
970
1040
682
936
486
1019
107
423
150
1008
338
1108
195
276
339
830
442
39
422
1107
64
1126
61
372
1051
1063
582
359
136
405
73
1086
311
584
421
960
1101
33
891
1032
623
986
637
284
464
345
1015
493
666
394
468
622
233
118
994
147
119
331
593
289
425
600
403
364
526
825
731
8
32
1082
713
677
219
729
208
1042
997
453
641
373
772
1010
926
980
573
624
875
687
829
824
1024
7
103
599
850
261
940
679
371
1009
739
42
781
327
513
1033
252
377
462
152
155
458
706
909
1095
716
305
215
650
667
767
374
1034
854
1053
72
595
581
245
916
1115
29
94
683
746
0
639
124
587
510
628
945
1039
325
382
738
785
993
482
1041
378
455
1111
148
111
379
151
566
901
375
507
522
290
673
698
1132
446
885
256
37
392
1064
163
791
575
626
557
611
721
562
953
876
913
35
609
555
175
520
437
25
917
416
450
579
1048
983
560
806
967
397
433
763
644
527
448
130
127
13
259
553
104
244
168
98
702
715
131
588
574
52
531
947
456
212
903
881
106
36
334
769
1088
784
591
1070
15
1029
563
436
860
203
138
961
165
341
312
864
883
250
1004
532
435
60
1017
46
1116
753
863
228
16
440
1058
418
84
865
1128
1
839
1078
460
759
241
922
1044
44
670
122
939
1000
826
530
214
796
958
88
900
300
712
737
401
141
1067
262
978
779
322
384
800
793
761
99
67
1028
231
545
199
275
927
602
838
161
143
783
689
358
533
492
583
396
907
472
318
415
882
635
117
765
548
167
26
836
12
801
751
722
1124
576
186
506
952
48
343
66
1130
336
463
810
270
968
982
1066
754
928
1097
81
391
445
610
1036
210
808
387
207
454
995
100
220
990
1013
893
964
880
832
831
247
707
974
879
257
509
743
987
536
868
174
766
840
495
847
404
720
160
1114
162
849
56
935
943
914
690
417
299
166
910
1085
473
447
515
1057
934
496
902
388
164
97
5
120
1020
179
589
481
230
564
678
280
915
346
1061
6
432
951
925
856
744
1129
263
395
684
613
294
973
69
430
845
293
45
1006
47
511
918
232
288
633
1046
469
645
297
1025
1105
1001
709
177
76
730
718
239
1027
1056
31
736
340
568
1065
14
125
323
949
350
501
1103
235
817
452
79
386
337
497
409
859
717
714
74
82
816
1038
424
552
745
924
594
686
282
977
676
664
749
747
213
962
28
489
1090
477
671
857
321
491
558
370
523
21
51
474
657
223
572
651
786
90
75
307
328
809
750
427
1071
834
1096
301
1043
1098
561
981
828
295
240
227
1073
1035
517
705
133
443
126
1119
225
1002
272
221
129
475
206
782
872
661
697
10
792
1037
760
855
488
412
672
237
992
586
18
402
871
459
383
121
694
905
65
642
500
302
680
201
770
516
169
246
1110
878
217
242
621
597
142
696
429
1075
196
620
725
908
182
17
1069
827
700
787
991
692
332
58
390
308
115
266
1068
234
80
912
768
524
1102
577
1117
285
612
216
590
632
959
101
607
1031
457
551
105
50
567
547
278
365
942
1120
795
352
353
693
727
985
537
181
389
1121
892
1099
200
304
774
638
342
444
102
92
1055
320
110
238
363
504
287
348
461
205
948
22
153
260
726
989
788
919
559
113
803
643
258
135
723
1080
410
699
38
96
852
1054
929
485
154
1045
157
128
534
634
253
874
668
1131
1005
226
149
887
480
71
617
171
4
899
681
366
570
688
310
159
267
30
541
965
134
1112
471
93
264
811
156
62
193
655
271
956
431
598
43
349
303
535
512
411
451
1092
508
1050
1021
805
538
972
283
848
211
996
933
123
691
518
969
470
571
930
1012
1074
1104
68
853
954
317
315
528
20
888
931
357
170
794
525
11
663
565
413
844
502
543
629
1122
514
1059
54
640
1109
439
487
183
1125
344
333
1062
466
539
479
851
360
494
704
41
296
659
503
229
112
243
1106
53
585
790
822
505
858
1084
818
741
821
9
719
554
695
984
368
867
85
889
1016
1023
812
773
728
757
752
146
218
549
173
1094
114
476
1007
648
1060
478
362
711
3
660
86
835
498
580
556
1079
78
652
519
733
298
654
1022
329
426
615
347
846
1081
145
1003
884
820
265
1091
819
176
279
815
1077
1049
180
19
877
255
708
911
1052
249
324
966
605
70
330
1076
777
291
813
764
837
886
735
351
63
701
109
236
1030
428
647
619
197
1014
356
268
742
369
944
187
894
465
662
542
618
550
1089
724
896
316
604
921
833
1127
976
191
398
354
1113
499
59
319
277
2
292
975
393
434
616
132
873
1118
24
1018
224
521
