611
137
247
527
159
426
167
524
32
174
526
495
534
88
59
528
556
307
151
173
614
109
680
42
5
600
58
43
683
124
29
442
519
138
608
67
148
24
408
312
676
89
126
440
141
576
61
146
164
453
507
529
104
441
403
25
99
79
102
333
538
208
153
477
156
69
7
585
563
150
2
33
30
623
482
20
0
144
15
4
679
662
651
97
283
478
200
669
134
463
607
475
401
513
582
536
613
105
111
117
577
462
16
18
143
584
49
518
6
344
596
51
500
502
75
509
52
521
388
645
46
166
566
149
72
530
103
331
666
147
66
470
574
28
65
128
152
649
186
371
522
656
516
9
40
154
499
360
514
571
73
132
480
11
135
545
646
483
23
35
26
70
581
568
155
157
496
594
616
78
101
21
474
248
48
80
501
53
12
130
162
523
540
82
22
650
372
602
648
64
112
108
1
565
555
92
658
599
199
639
122
10
580
537
60
557
273
8
535
163
3
313
168
399
436
114
119
445
551
583
125
612
95
520
83
197
562
136
593
140
604
98
77
50
677
118
387
34
664
564
624
187
113
133
461
27
121
36
57
90
76
410
487
647
161
640
31
400
517
139
17
579
661
142
123
543
96
145
19
63
38
533
209
464
672
606
39
402
626
107
37
110
622
129
