199
285
68
313
182
139
48
36
112
305
288
44
164
274
80
292
52
236
299
265
35
249
241
94
183
311
218
116
165
271
190
73
38
63
325
104
119
6
138
118
163
232
195
304
55
215
120
8
323
121
128
254
273
221
123
222
251
19
43
74
220
230
0
113
82
263
39
131
25
136
90
308
40
319
294
306
79
133
83
105
106
65
26
187
172
262
3
12
4
115
224
141
260
228
316
326
61
148
176
102
309
324
109
66
223
18
110
122
252
130
177
258
77
298
41
229
290
278
111
22
184
209
129
279
13
213
95
245
211
157
70
86
239
193
98
247
282
204
21
259
62
103
192
146
33
295
300
71
186
219
135
318
47
291
140
114
266
168
42
46
169
210
202
