0 12
0 59
0 69
0 191
0 193
0 349
0 423
0 443
0 485
0 501
0 508
0 510
0 558
0 708
0 752
0 802
12 59
12 69
12 92
12 150
12 182
12 191
12 193
12 235
12 289
12 306
12 334
12 345
12 349
12 353
12 371
12 386
12 388
12 392
12 412
12 423
12 443
12 477
12 501
12 508
12 510
12 558
12 584
12 589
12 616
12 752
12 754
12 764
59 67
59 182
59 191
59 193
59 211
59 334
59 339
59 349
59 353
59 371
59 386
59 388
59 392
59 423
59 443
59 485
59 508
59 510
59 538
59 558
59 584
59 586
59 589
59 616
59 651
59 656
59 662
59 666
59 752
59 754
59 788
69 1
69 193
69 349
69 423
69 485
69 501
69 508
69 510
69 524
69 558
69 802
191 8
191 18
191 19
191 28
191 35
191 38
191 44
191 46
191 54
191 67
191 73
191 74
191 76
191 92
191 93
191 100
191 118
191 121
191 136
191 164
191 190
191 193
191 208
191 225
191 231
191 232
191 235
191 236
191 238
191 253
191 254
191 255
191 271
191 277
191 282
191 286
191 289
191 307
191 313
191 322
191 327
191 328
191 332
191 334
191 339
191 345
191 347
191 349
191 353
191 361
191 371
191 379
191 380
191 384
191 386
191 391
191 392
191 412
191 423
191 425
191 428
191 443
191 452
191 462
191 473
191 477
191 485
191 500
191 501
191 502
191 508
191 510
191 524
191 532
191 538
191 546
191 554
191 558
191 561
191 562
191 565
191 567
191 581
191 584
191 586
191 589
191 593
191 597
191 605
191 609
191 611
191 616
191 651
191 656
191 661
191 662
191 664
191 666
191 682
191 688
191 689
191 703
191 712
191 719
191 722
191 737
191 742
191 746
191 752
191 754
191 763
191 764
191 769
191 780
191 786
191 788
191 796
191 797
193 182
193 306
193 334
193 345
193 349
193 353
193 371
193 386
193 388
193 392
193 412
193 423
193 443
193 485
193 501
193 508
193 510
193 538
193 558
193 589
193 616
193 651
193 662
193 752
193 754
193 786
193 788
193 802
349 182
349 256
349 289
349 339
349 423
349 443
349 477
349 485
349 501
349 508
349 510
349 558
349 616
349 656
349 742
349 752
349 754
349 802
423 1
423 67
423 92
423 100
423 182
423 208
423 211
423 235
423 236
423 255
423 271
423 289
423 306
423 313
423 334
423 345
423 353
423 361
423 371
423 384
423 386
423 388
423 392
423 412
423 443
423 462
423 477
423 485
423 501
423 508
423 510
423 524
423 538
423 546
423 554
423 558
423 584
423 586
423 589
423 651
423 656
423 662
423 666
423 752
423 763
423 775
423 778
423 780
423 786
423 788
423 802
443 182
443 235
443 255
443 289
443 334
443 339
443 345
443 353
443 361
443 371
443 379
443 386
443 392
443 412
443 477
443 485
443 501
443 510
443 538
443 586
443 589
443 616
443 651
443 662
443 666
443 752
443 754
443 763
443 788
443 802
485 306
485 501
485 508
485 510
485 752
485 802
501 1
501 235
501 306
501 510
501 524
501 558
501 616
501 752
501 780
501 788
501 802
508 150
508 182
508 235
508 289
508 334
508 345
508 353
508 371
508 379
508 386
508 388
508 392
508 412
508 477
508 510
508 558
508 584
508 616
508 651
508 666
508 752
508 754
508 764
508 788
510 67
510 92
510 100
510 150
510 182
510 208
510 211
510 235
510 289
510 313
510 339
510 345
510 353
510 371
510 384
510 386
510 388
510 392
510 412
510 462
510 477
510 524
510 538
510 546
510 558
510 584
510 589
510 616
510 651
510 662
510 666
510 752
510 754
510 763
510 780
510 786
510 788
510 802
558 1
558 182
558 345
558 616
558 662
558 752
708 187
708 260
708 336
708 513
708 633
708 687
752 150
752 182
752 208
752 235
752 236
752 255
752 271
752 289
752 313
752 322
752 334
752 339
752 345
752 353
752 371
752 379
752 386
752 388
752 412
752 462
752 477
752 538
752 546
752 554
752 584
752 589
752 609
752 616
752 651
752 662
752 666
752 754
752 763
752 786
752 788
752 802
802 233
802 306
802 353
802 388
802 390
802 437
802 453
92 788
92 18
92 121
92 235
92 282
92 354
92 500
92 688
92 19
92 28
92 44
92 46
92 54
92 67
92 73
92 76
92 93
92 100
92 118
92 136
92 182
92 236
92 238
92 255
92 277
92 286
92 289
92 307
92 313
92 322
92 332
92 339
92 347
92 361
92 371
92 379
92 384
92 392
92 428
92 473
92 502
92 532
92 538
92 554
92 567
92 581
92 586
92 589
92 609
92 616
92 651
92 661
92 662
92 689
92 690
92 709
92 722
92 737
92 754
92 763
92 764
92 780
92 796
92 797
150 100
150 182
150 271
150 334
150 345
150 353
150 371
150 386
150 388
150 392
150 412
150 538
150 584
150 589
150 616
150 662
150 754
150 786
182 788
182 235
182 208
182 211
182 255
182 271
182 289
182 334
182 345
182 353
182 371
182 384
182 386
182 388
182 392
182 412
182 462
182 538
182 546
182 584
182 589
182 616
182 651
182 662
182 754
182 763
182 786
235 788
235 8
235 121
235 46
235 100
235 136
235 232
235 236
235 251
235 253
235 255
235 271
235 277
235 282
235 286
235 289
235 322
235 334
235 339
235 353
235 354
235 371
235 380
235 384
235 386
235 388
235 392
235 452
235 468
235 477
235 532
235 538
235 546
235 565
235 578
235 584
235 589
235 609
235 616
235 621
235 651
235 662
235 688
235 690
235 719
235 722
235 750
235 754
235 764
235 769
235 775
289 788
289 121
289 282
289 354
289 452
289 500
289 565
289 624
289 688
289 28
289 35
289 44
289 46
289 54
289 67
289 73
289 93
289 100
289 118
289 136
289 208
289 225
289 232
289 236
289 238
289 253
289 255
289 271
289 277
289 307
289 313
289 322
289 328
289 332
289 334
289 339
289 347
289 353
289 361
289 371
289 379
289 380
289 388
289 392
289 428
289 468
289 473
289 477
289 502
289 532
289 538
289 546
289 554
289 567
289 578
289 581
289 584
289 586
289 589
289 609
289 611
289 616
289 651
289 656
289 661
289 662
289 664
289 666
289 689
289 690
289 703
289 712
289 719
289 722
289 737
289 742
289 754
289 763
289 764
289 769
289 780
289 796
334 18
334 73
334 236
334 255
334 271
334 277
334 322
334 345
334 353
334 361
334 371
334 384
334 386
334 388
334 392
334 412
334 462
334 543
334 546
334 589
334 616
334 651
334 662
334 763
334 786
345 788
345 271
345 353
345 371
345 384
345 386
345 388
345 392
345 412
345 538
345 543
345 546
345 589
345 609
345 651
345 662
345 754
345 763
345 786
353 788
353 18
353 211
353 271
353 371
353 386
353 388
353 392
353 412
353 462
353 538
353 543
353 546
353 584
353 589
353 609
353 616
353 651
353 662
353 754
353 763
353 786
371 788
371 18
371 67
371 100
371 208
371 211
371 251
371 271
371 322
371 347
371 379
371 384
371 386
371 388
371 392
371 412
371 462
371 538
371 543
371 554
371 581
371 584
371 589
371 609
371 616
371 651
371 754
371 763
371 786
386 788
386 211
386 271
386 361
386 392
386 412
386 462
386 538
386 546
386 584
386 589
386 651
386 662
386 754
386 763
386 778
386 786
388 788
388 208
388 236
388 271
388 313
388 322
388 380
388 384
388 412
388 462
388 538
388 543
388 546
388 584
388 589
388 609
388 616
388 656
388 662
388 666
388 754
388 763
388 780
388 786
392 788
392 271
392 361
392 384
392 412
392 538
392 546
392 584
392 589
392 651
392 662
392 754
392 763
392 786
412 788
412 208
412 271
412 384
412 538
412 546
412 584
412 589
412 651
412 662
412 754
412 786
477 524
477 788
477 452
477 565
477 688
477 28
477 35
477 44
477 67
477 93
477 100
477 118
477 225
477 232
477 236
477 238
477 253
477 277
477 332
477 339
477 361
477 379
477 391
477 428
477 502
477 532
477 554
477 562
477 586
477 593
477 609
477 635
477 656
477 664
477 666
477 694
477 703
477 712
477 737
477 764
477 769
477 780
477 796
584 788
584 18
584 123
584 354
584 538
584 19
584 28
584 67
584 74
584 236
584 255
584 271
584 277
584 347
584 361
584 379
584 380
584 384
584 410
584 462
584 543
584 554
584 581
584 589
584 609
584 616
584 651
584 662
584 666
584 754
584 763
584 786
589 788
589 18
589 538
589 67
589 236
589 255
589 271
589 277
589 313
589 322
589 380
589 462
589 473
589 543
589 546
589 586
589 616
589 651
589 662
589 666
589 754
589 763
589 786
616 788
616 688
616 28
616 67
616 100
616 251
616 255
616 271
616 361
616 462
616 546
616 581
616 651
616 656
616 662
754 788
754 538
754 651
754 662
754 67
754 211
754 271
754 313
754 384
754 462
754 546
754 609
754 763
754 786
764 788
764 121
764 282
764 565
764 688
764 662
764 28
764 35
764 38
764 44
764 67
764 100
764 118
764 136
764 164
764 190
764 236
764 255
764 277
764 307
764 313
764 339
764 379
764 396
764 425
764 532
764 554
764 561
764 581
764 586
764 597
764 611
764 642
764 656
764 664
764 666
764 689
764 694
764 703
764 712
764 719
764 722
764 769
764 796
67 788
67 282
67 354
67 452
67 565
67 688
67 662
67 205
67 46
67 100
67 118
67 255
67 277
67 286
67 332
67 379
67 428
67 586
67 611
67 666
67 703
67 737
67 796
67 28
67 44
67 136
67 361
67 719
67 769
67 35
67 38
67 54
67 93
67 164
67 190
67 225
67 232
67 236
67 238
67 253
67 307
67 313
67 327
67 328
67 339
67 347
67 365
67 425
67 473
67 502
67 532
67 554
67 561
67 562
67 567
67 568
67 581
67 593
67 597
67 642
67 656
67 661
67 664
67 682
67 689
67 712
67 797
211 662
211 546
339 788
339 121
339 452
339 565
339 688
339 205
339 100
339 118
339 255
339 277
339 332
339 379
339 380
339 428
339 586
339 666
339 703
339 796
339 28
339 44
339 361
339 719
339 769
339 35
339 38
339 93
339 164
339 225
339 232
339 236
339 238
339 253
339 307
339 313
339 190
339 347
339 365
339 425
339 473
339 532
339 554
339 561
339 581
339 597
339 635
339 656
339 661
339 664
339 682
339 689
339 694
339 712
339 760
538 271
538 322
538 543
538 546
538 586
538 609
538 651
538 763
538 786
586 788
586 401
586 18
586 121
586 282
586 354
586 452
586 565
586 688
586 662
586 205
586 46
586 100
586 118
586 255
586 277
586 332
586 379
586 428
586 28
586 35
586 38
586 44
586 73
586 93
586 136
586 164
586 225
586 232
586 236
586 238
586 253
586 307
586 313
586 322
586 347
586 361
586 365
586 391
586 425
586 473
586 532
586 546
586 561
586 567
586 581
586 593
586 597
586 605
586 656
586 661
586 664
586 666
586 682
586 689
586 694
586 703
586 712
586 719
586 737
586 760
586 769
586 780
586 797
651 788
651 208
651 251
651 255
651 271
651 322
651 361
651 384
651 546
651 662
651 786
656 524
656 788
656 121
656 282
656 354
656 452
656 688
656 205
656 100
656 118
656 255
656 277
656 332
656 379
656 380
656 428
656 611
656 666
656 703
656 722
656 737
656 796
656 28
656 44
656 136
656 361
656 719
656 769
656 35
656 38
656 54
656 93
656 164
656 225
656 232
656 236
656 238
656 253
656 307
656 313
656 347
656 425
656 473
656 532
656 554
656 561
656 567
656 581
656 593
656 597
656 172
656 190
656 365
656 502
656 546
656 638
656 642
656 644
656 661
656 664
656 682
656 689
656 694
656 712
656 780
656 797
662 788
662 18
662 123
662 269
662 282
662 354
662 688
662 750
662 28
662 46
662 73
662 74
662 100
662 118
662 162
662 208
662 231
662 236
662 251
662 254
662 255
662 271
662 277
662 286
662 313
662 322
662 323
662 347
662 361
662 379
662 380
662 384
662 410
662 462
662 473
662 532
662 543
662 546
662 554
662 581
662 606
662 609
662 690
662 722
662 737
662 763
662 778
662 780
662 786
662 796
666 524
666 788
666 18
666 121
666 452
666 500
666 565
666 688
666 46
666 100
666 118
666 255
666 277
666 286
666 332
666 379
666 428
666 611
666 28
666 35
666 38
666 44
666 54
666 93
666 164
666 225
666 232
666 236
666 238
666 307
666 313
666 347
666 361
666 391
666 425
666 502
666 532
666 554
666 561
666 562
666 567
666 593
666 635
666 664
666 682
666 689
666 703
666 712
666 719
666 722
666 737
666 769
666 797
788 1
788 524
788 28
788 31
788 35
788 38
788 44
788 54
788 73
788 93
788 100
788 118
788 121
788 136
788 164
788 172
788 190
788 205
788 225
788 232
788 236
788 238
788 253
788 255
788 277
788 282
788 286
788 307
788 313
788 322
788 328
788 347
788 354
788 361
788 365
788 379
788 384
788 396
788 425
788 428
788 462
788 473
788 502
788 532
788 546
788 554
788 561
788 562
788 565
788 567
788 581
788 593
788 597
788 611
788 661
788 664
788 679
788 682
788 688
788 689
788 694
788 712
788 719
788 722
788 737
788 746
788 763
788 769
788 780
788 796
788 797
8 18
8 121
8 123
8 135
8 137
8 159
8 174
8 227
8 269
8 275
8 282
8 298
8 354
8 381
8 452
8 460
8 465
8 565
8 624
8 647
8 688
8 736
8 745
8 750
8 790
18 19
18 46
18 74
18 86
18 87
18 100
18 118
18 121
18 123
18 162
18 185
18 202
18 217
18 231
18 255
18 271
18 277
18 282
18 286
18 295
18 298
18 302
18 319
18 323
18 332
18 354
18 364
18 379
18 380
18 381
18 408
18 428
18 452
18 459
18 464
18 495
18 496
18 500
18 535
18 543
18 556
18 565
18 577
18 606
18 609
18 611
18 624
18 688
18 703
18 716
18 722
18 737
18 750
18 796
18 800
19 121
19 28
19 44
19 136
19 198
19 246
19 276
19 343
19 361
19 379
19 518
19 536
19 631
19 719
19 722
19 769
28 121
28 282
28 354
28 500
28 565
28 688
28 100
28 118
28 255
28 277
28 286
28 332
28 379
28 380
28 428
28 609
28 611
28 703
28 722
28 737
28 796
28 35
28 38
28 44
28 54
28 73
28 93
28 136
28 164
28 225
28 232
28 236
28 238
28 253
28 307
28 313
28 328
28 347
28 425
28 473
28 532
28 554
28 561
28 567
28 581
28 593
28 597
28 661
28 664
28 682
28 689
28 712
28 719
28 769
28 797
35 121
35 452
35 565
35 688
35 205
35 100
35 118
35 255
35 277
35 286
35 332
35 379
35 428
35 703
35 737
35 796
35 44
35 136
35 361
35 719
35 38
35 54
35 93
35 164
35 190
35 225
35 232
35 236
35 238
35 253
35 307
35 313
35 347
35 365
35 396
35 425
35 473
35 502
35 532
35 554
35 568
35 581
35 593
35 597
35 644
35 661
35 664
35 682
35 689
35 691
35 694
35 712
35 760
35 797
38 452
38 565
38 688
38 205
38 100
38 118
38 255
38 332
38 796
38 44
38 719
38 93
38 190
38 225
38 232
38 238
38 253
38 307
38 365
38 425
38 532
38 554
38 561
38 567
38 597
38 664
38 682
38 689
38 695
38 712
44 121
44 282
44 452
44 688
44 46
44 100
44 118
44 255
44 277
44 286
44 332
44 428
44 703
44 737
44 796
44 73
44 93
44 136
44 164
44 190
44 225
44 238
44 253
44 307
44 313
44 327
44 361
44 365
44 376
44 473
44 502
44 532
44 554
44 561
44 562
44 567
44 568
44 581
44 593
44 597
44 605
44 635
44 638
44 644
44 661
44 664
44 682
44 694
44 712
44 719
44 746
44 769
44 780
46 282
46 354
46 452
46 500
46 624
46 688
46 54
46 76
46 100
46 118
46 136
46 198
46 202
46 238
46 254
46 255
46 276
46 286
46 316
46 361
46 376
46 379
46 428
46 473
46 561
46 562
46 567
46 581
46 606
46 661
46 703
46 719
46 722
46 737
46 757
46 775
46 796
54 121
54 282
54 354
54 452
54 500
54 565
54 688
54 100
54 118
54 217
54 255
54 286
54 332
54 379
54 496
54 722
54 737
54 796
54 136
54 361
54 719
54 376
54 93
54 154
54 225
54 232
54 236
54 238
54 300
54 307
54 396
54 397
54 473
54 554
54 561
54 605
54 635
54 661
54 757
73 118
73 255
73 277
73 379
73 796
73 361
73 253
73 581
73 746
74 123
74 269
74 354
74 750
74 237
74 323
74 380
74 419
74 444
74 543
74 606
74 737
74 791
74 793
76 269
76 354
76 750
76 611
76 722
76 361
76 313
76 266
76 350
76 690
76 709
93 121
93 282
93 452
93 688
93 205
93 100
93 118
93 255
93 277
93 286
93 332
93 379
93 428
93 703
93 737
93 796
93 136
93 361
93 719
93 769
93 376
93 31
93 164
93 172
93 190
93 225
93 232
93 236
93 238
93 253
93 307
93 313
93 347
93 365
93 396
93 425
93 473
93 502
93 532
93 554
93 561
93 562
93 567
93 581
93 593
93 597
93 638
93 644
93 661
93 664
93 682
93 689
93 694
93 712
93 760
93 797
100 121
100 282
100 354
100 452
100 500
100 565
100 688
100 205
100 136
100 164
100 190
100 225
100 232
100 236
100 238
100 253
100 255
100 277
100 286
100 307
100 313
100 328
100 329
100 347
100 361
100 376
100 379
100 396
100 425
100 428
100 473
100 502
100 532
100 554
100 561
100 562
100 567
100 581
100 593
100 597
100 609
100 611
100 635
100 638
100 642
100 661
100 664
100 689
100 690
100 694
100 703
100 709
100 712
100 719
100 722
100 737
100 746
100 760
100 769
100 796
100 797
118 121
118 282
118 354
118 452
118 500
118 565
118 688
118 136
118 225
118 232
118 236
118 238
118 253
118 255
118 277
118 286
118 307
118 313
118 332
118 347
118 361
118 365
118 376
118 379
118 380
118 396
118 397
118 425
118 428
118 473
118 502
118 561
118 562
118 567
118 581
118 593
118 597
118 611
118 661
118 664
118 682
118 689
118 694
118 703
118 709
118 712
118 719
118 722
118 737
118 769
118 796
118 797
121 98
121 123
121 136
121 217
121 225
121 232
121 236
121 238
121 255
121 266
121 277
121 282
121 286
121 313
121 332
121 354
121 361
121 376
121 379
121 397
121 425
121 428
121 452
121 494
121 509
121 517
121 532
121 554
121 562
121 565
121 567
121 578
121 597
121 605
121 611
121 642
121 689
121 694
121 703
121 719
121 722
121 750
121 757
121 769
121 791
136 282
136 354
136 452
136 500
136 565
136 688
136 255
136 277
136 286
136 332
136 379
136 428
136 611
136 680
136 703
136 722
136 737
136 796
136 164
136 190
136 225
136 236
136 238
136 280
136 307
136 313
136 396
136 473
136 502
136 532
136 554
136 561
136 567
136 581
136 597
136 605
136 638
136 642
136 661
136 664
136 682
136 689
136 690
136 719
136 740
136 769
136 797
164 565
164 205
164 332
164 703
164 796
164 719
164 769
164 225
164 236
164 238
164 307
164 365
164 425
164 532
164 554
164 561
164 567
164 597
164 638
164 664
164 682
164 689
164 712
164 797
190 452
190 565
190 688
190 205
190 255
190 332
190 379
190 611
190 796
190 719
190 225
190 236
190 238
190 307
190 425
190 532
190 561
190 567
190 597
190 661
190 664
190 682
190 689
190 712
190 172
190 365
190 638
190 642
225 282
225 452
225 565
225 688
225 277
225 286
225 332
225 379
225 703
225 737
225 796
225 361
225 719
225 769
225 232
225 236
225 238
225 307
225 313
225 347
225 365
225 425
225 473
225 502
225 532
225 554
225 561
225 567
225 638
225 661
225 664
225 682
225 689
225 694
225 712
225 797
231 123
231 354
231 381
231 452
231 500
231 688
231 86
231 87
231 185
231 217
231 117
231 286
231 295
231 319
231 380
231 408
231 422
231 433
231 459
231 464
231 473
231 495
231 496
231 535
231 543
231 556
231 582
231 611
231 623
231 722
231 729
231 800
232 452
232 565
232 688
232 205
232 277
232 332
232 379
232 428
232 611
232 703
232 796
232 361
232 719
232 769
232 236
232 238
232 253
232 307
232 313
232 347
232 425
232 473
232 532
232 554
232 567
232 581
232 597
232 664
232 682
232 689
232 694
232 712
232 760
236 282
236 354
236 452
236 565
236 205
236 255
236 277
236 286
236 332
236 379
236 428
236 611
236 703
236 737
236 796
236 361
236 719
236 769
236 376
236 238
236 253
236 307
236 313
236 322
236 347
236 365
236 384
236 396
236 425
236 473
236 502
236 532
236 554
236 561
236 562
236 567
236 593
236 597
236 638
236 642
236 644
236 661
236 674
236 682
236 689
236 694
236 709
236 712
236 760
236 786
236 797
238 282
238 354
238 452
238 688
238 205
238 255
238 277
238 286
238 332
238 379
238 428
238 611
238 703
238 722
238 737
238 796
238 361
238 154
238 172
238 253
238 307
238 313
238 365
238 396
238 425
238 473
238 502
238 532
238 554
238 561
238 562
238 567
238 581
238 597
238 661
238 664
238 682
238 689
238 694
238 712
238 760
238 797
253 452
253 565
253 688
253 255
253 271
253 277
253 332
253 379
253 428
253 611
253 703
253 737
253 796
253 361
253 719
253 376
253 307
253 365
253 425
253 473
253 502
253 532
253 554
253 561
253 567
253 581
253 597
253 661
253 664
253 689
253 694
254 269
254 282
254 452
254 154
254 180
255 282
255 354
255 452
255 500
255 565
255 688
255 205
255 251
255 277
255 286
255 307
255 313
255 322
255 332
255 347
255 361
255 376
255 379
255 383
255 396
255 419
255 428
255 468
255 473
255 532
255 546
255 554
255 561
255 581
255 597
255 609
255 611
255 661
255 664
255 682
255 689
255 690
255 694
255 703
255 719
255 722
255 737
255 797
271 322
271 361
271 380
271 462
271 543
271 546
271 609
271 763
271 786
277 123
277 354
277 452
277 500
277 565
277 688
277 286
277 300
277 307
277 313
277 322
277 332
277 361
277 376
277 379
277 396
277 425
277 428
277 473
277 502
277 532
277 554
277 561
277 567
277 581
277 597
277 611
277 664
277 689
277 703
277 712
277 719
277 722
277 737
277 746
277 769
277 796
277 797
282 123
282 98
282 154
282 202
282 217
282 276
282 286
282 295
282 302
282 307
282 313
282 316
282 323
282 332
282 354
282 361
282 380
282 381
282 428
282 452
282 459
282 473
282 496
282 500
282 518
282 532
282 543
282 554
282 561
282 565
282 567
282 578
282 582
282 597
282 611
282 623
282 624
282 642
282 661
282 682
282 688
282 689
282 694
282 703
282 712
282 716
282 719
282 722
282 729
282 737
282 750
282 769
282 797
286 354
286 452
286 500
286 565
286 624
286 688
286 84
286 154
286 307
286 313
286 323
286 332
286 361
286 375
286 376
286 379
286 396
286 428
286 473
286 496
286 532
286 543
286 567
286 581
286 597
286 606
286 611
286 635
286 661
286 664
286 680
286 682
286 689
286 694
286 703
286 716
286 719
286 722
286 730
286 737
286 757
286 776
286 796
286 797
307 452
307 500
307 565
307 688
307 332
307 379
307 428
307 611
307 703
307 737
307 796
307 361
307 719
307 769
307 31
307 313
307 396
307 397
307 425
307 473
307 502
307 554
307 561
307 567
307 581
307 593
307 597
307 605
307 638
307 642
307 644
307 664
307 682
307 689
307 694
307 712
307 746
307 780
307 797
313 452
313 500
313 565
313 688
313 379
313 428
313 609
313 611
313 703
313 737
313 796
313 361
313 719
313 769
313 376
313 425
313 462
313 473
313 532
313 554
313 581
313 682
313 689
313 694
313 712
313 746
313 797
322 380
322 543
322 609
322 737
322 361
322 473
322 532
322 554
322 581
322 468
327 428
327 694
327 780
328 428
328 346
328 554
328 562
332 354
332 452
332 500
332 565
332 688
332 205
332 146
332 154
332 172
332 347
332 361
332 365
332 379
332 396
332 428
332 473
332 502
332 532
332 561
332 562
332 567
332 568
332 581
332 593
332 597
332 605
332 635
332 644
332 661
332 664
332 682
332 689
332 691
332 703
332 712
332 719
332 722
332 737
332 760
332 769
332 796
332 797
347 354
347 688
347 379
347 428
347 796
347 361
347 719
347 473
347 532
347 554
347 561
347 567
347 689
347 694
347 712
347 797
361 354
361 500
361 565
361 688
361 379
361 428
361 609
361 703
361 722
361 796
361 473
361 502
361 532
361 554
361 561
361 567
361 593
361 689
361 690
361 712
361 719
361 769
379 354
379 452
379 565
379 688
379 376
379 396
379 428
379 473
379 502
379 532
379 554
379 561
379 567
379 581
379 661
379 689
379 694
379 703
379 712
379 719
379 722
379 737
379 746
379 769
379 796
379 797
380 123
380 354
380 381
380 452
380 500
380 688
380 217
380 295
380 154
380 408
380 459
380 462
380 464
380 495
380 496
380 543
380 556
380 571
380 582
380 606
380 611
380 627
380 680
380 716
380 722
380 737
380 763
380 784
380 800
384 494
384 759
384 786
391 354
391 722
391 780
391 775
425 452
425 428
425 703
425 796
425 719
425 769
425 365
425 532
425 554
425 561
425 593
425 597
425 644
425 664
425 682
425 689
425 695
425 712
425 797
428 452
428 500
428 565
428 688
428 233
428 396
428 473
428 502
428 532
428 554
428 561
428 562
428 567
428 593
428 597
428 611
428 661
428 664
428 682
428 689
428 694
428 703
428 712
428 719
428 737
428 760
428 796
452 123
452 298
452 354
452 381
452 86
452 87
452 98
452 154
452 180
452 217
452 300
452 302
452 365
452 440
452 459
452 464
452 473
452 495
452 496
452 500
452 502
452 532
452 535
452 554
452 565
452 567
452 571
452 578
452 582
452 597
452 605
452 606
452 623
452 624
452 635
452 642
452 661
452 664
452 680
452 682
452 688
452 689
452 690
452 703
452 712
452 716
452 719
452 722
452 737
452 740
452 769
452 784
452 796
452 800
462 763
462 546
473 354
473 500
473 688
473 611
473 703
473 722
473 737
473 796
473 719
473 769
473 532
473 554
473 561
473 562
473 567
473 578
473 597
473 635
473 661
473 664
473 689
473 780
473 797
500 298
500 354
500 381
500 86
500 87
500 185
500 202
500 217
500 295
500 302
500 319
500 364
500 408
500 459
500 464
500 496
500 532
500 535
500 543
500 556
500 582
500 611
500 623
500 661
500 680
500 688
500 689
500 694
500 716
500 719
500 722
500 729
500 730
500 737
500 757
500 800
502 401
502 565
502 688
502 703
502 737
502 796
502 719
502 376
502 532
502 554
502 661
502 689
502 712
502 797
502 396
502 605
502 746
532 523
532 123
532 688
532 205
532 703
532 722
532 737
532 796
532 719
532 769
532 189
532 365
532 554
532 561
532 562
532 567
532 581
532 597
532 661
532 664
532 674
532 682
532 689
532 694
532 712
546 468
554 354
554 565
554 688
554 609
554 611
554 703
554 722
554 796
554 719
554 769
554 376
554 172
554 365
554 561
554 562
554 567
554 581
554 593
554 597
554 638
554 642
554 661
554 664
554 682
554 689
554 690
554 694
554 712
554 746
554 760
554 797
561 688
561 703
561 737
561 796
561 719
561 769
561 172
561 293
561 365
561 567
561 568
561 581
561 593
561 597
561 638
561 661
561 664
561 679
561 682
561 689
561 712
561 797
562 354
562 688
562 703
562 722
562 796
562 769
562 664
562 691
565 354
565 31
565 172
565 205
565 376
565 567
565 578
565 593
565 597
565 611
565 638
565 642
565 664
565 688
565 691
565 694
565 703
565 712
565 719
565 737
565 740
565 750
565 757
565 769
565 796
565 797
567 354
567 688
567 611
567 703
567 722
567 737
567 796
567 719
567 769
567 172
567 581
567 593
567 597
567 638
567 661
567 664
567 682
567 689
567 694
567 712
567 741
567 797
581 688
581 722
581 737
581 796
581 719
581 769
581 661
581 664
581 689
581 694
581 712
581 797
593 205
593 611
593 703
593 719
593 146
593 172
593 664
593 689
593 712
593 797
597 688
597 205
597 611
597 703
597 796
597 719
597 494
597 661
597 664
597 679
597 682
597 689
597 712
605 703
605 737
605 719
605 775
609 354
609 543
609 763
611 123
611 354
611 624
611 688
611 217
611 98
611 146
611 154
611 180
611 376
611 396
611 571
611 623
611 627
611 635
611 642
611 661
611 680
611 689
611 694
611 703
611 716
611 719
611 722
611 737
611 757
611 769
611 784
611 796
611 800
661 354
661 688
661 703
661 722
661 737
661 796
661 719
661 376
661 664
661 694
661 712
661 797
664 688
664 205
664 703
664 796
664 719
664 365
664 568
664 682
664 689
664 712
664 797
682 205
682 703
682 796
682 719
682 31
682 172
682 365
682 644
682 689
682 695
682 712
688 123
688 298
688 354
688 381
688 87
688 98
688 154
688 202
688 217
688 295
688 300
688 316
688 397
688 459
688 464
688 495
688 496
688 577
688 578
688 623
688 631
688 635
688 642
688 680
688 689
688 703
688 709
688 712
688 716
688 719
688 722
688 730
688 737
688 750
688 757
688 769
688 780
688 796
688 797
688 800
689 205
689 202
689 703
689 737
689 796
689 719
689 769
689 172
689 365
689 396
689 497
689 568
689 635
689 644
689 694
689 712
689 742
689 780
689 797
703 496
703 376
703 396
703 638
703 642
703 644
703 712
703 719
703 737
703 746
703 760
703 769
703 796
703 797
712 205
712 737
712 796
712 719
712 172
712 568
712 644
712 746
712 797
719 123
719 354
719 217
719 459
719 722
719 737
719 796
719 31
719 98
719 376
719 396
719 440
719 483
719 571
719 578
719 638
719 642
719 644
719 694
719 709
719 740
719 741
719 769
719 797
722 269
722 354
722 381
722 624
722 198
722 217
722 543
722 716
722 154
722 246
722 266
722 343
722 376
722 397
722 419
722 518
722 578
722 635
722 737
722 757
737 401
737 123
737 354
737 624
737 162
737 323
737 293
737 476
737 690
737 769
737 796
737 797
742 256
742 315
746 796
746 396
763 716
763 410
763 786
769 796
769 638
769 694
769 780
769 797
780 354
780 796
780 440
780 635
796 354
796 376
796 383
796 396
796 694
796 775
797 354
797 194
797 251
797 650
256 315
778 103
778 723
778 574
187 336
187 687
260 513
336 768
336 88
336 633
336 125
336 687
633 156
633 446
633 645
633 768
633 88
633 85
633 563
633 687
687 446
233 303
233 390
233 62
233 149
233 330
233 437
233 482
233 727
233 798
390 418
390 29
390 129
390 148
390 203
390 209
390 243
390 320
390 370
390 385
390 119
390 171
390 309
390 330
390 400
390 403
390 437
390 632
390 718
390 731
390 744
390 781
437 453
437 618
453 330
453 639
453 798
453 727
453 471
453 774
172 205
205 16
205 77
205 365
354 123
354 269
354 86
354 98
354 154
354 217
354 295
354 323
354 376
354 459
354 495
354 496
354 535
354 543
354 578
354 606
354 623
354 624
354 635
354 680
354 730
354 750
354 757
354 800
365 644
365 695
396 376
694 642
2 91
2 132
2 145
2 234
2 264
2 486
2 544
2 598
2 620
2 629
2 667
91 72
91 132
91 145
91 234
91 264
91 341
91 544
91 598
91 629
132 234
132 341
132 544
132 598
145 72
145 108
145 234
145 264
145 308
145 325
145 341
145 417
145 486
145 487
145 520
145 544
145 598
145 620
145 629
145 667
145 701
145 777
234 72
234 15
234 107
234 108
234 264
234 299
234 308
234 325
234 341
234 405
234 417
234 486
234 487
234 503
234 520
234 544
234 595
234 598
234 620
234 629
234 667
234 701
234 777
264 15
264 108
264 308
264 325
264 341
264 417
264 486
264 487
264 503
264 520
264 537
264 544
264 598
264 620
264 629
264 667
264 777
486 72
486 341
486 48
486 107
486 108
486 181
486 299
486 308
486 325
486 417
486 461
486 487
486 503
486 520
486 537
486 544
486 595
486 598
486 620
486 667
486 733
486 777
544 72
544 341
544 598
544 620
544 629
544 667
544 701
544 777
598 72
598 341
598 308
598 325
598 417
598 487
598 503
598 520
598 537
598 620
598 667
598 777
620 72
620 341
620 15
620 308
620 325
620 417
620 487
620 503
620 520
620 537
620 667
620 777
629 72
629 341
629 325
629 503
629 520
629 667
629 777
667 72
667 341
667 108
667 308
667 325
667 405
667 417
667 487
667 503
667 520
667 537
667 777
72 325
72 341
72 777
325 308
325 537
325 777
325 108
325 417
325 487
325 520
341 108
341 308
341 417
341 487
341 503
341 520
341 537
341 777
777 15
777 308
777 503
777 537
777 108
777 417
777 487
777 520
108 133
108 308
108 503
108 156
108 95
108 152
108 324
108 417
108 487
108 520
108 772
308 15
308 417
308 487
308 503
308 520
308 537
417 537
417 487
417 520
487 503
487 537
487 520
520 503
520 537
701 156
15 503
15 537
107 6
107 21
107 48
107 96
107 163
107 167
107 181
107 242
107 258
107 278
107 299
107 311
107 318
107 398
107 429
107 461
107 480
107 590
107 595
107 603
107 702
107 733
107 770
299 6
299 21
299 48
299 96
299 167
299 181
299 242
299 278
299 90
299 163
299 311
299 318
299 398
299 405
299 461
299 480
299 503
299 590
299 595
299 603
299 702
299 733
299 770
405 96
405 167
405 181
405 258
405 278
405 311
405 318
405 429
405 461
405 480
405 590
405 595
405 733
405 163
405 702
405 95
405 152
405 324
503 595
503 537
595 6
595 21
595 48
595 96
595 167
595 181
595 242
595 258
595 278
595 311
595 318
595 398
595 461
595 480
595 590
595 163
595 603
595 702
595 733
595 770
48 6
48 96
48 163
48 167
48 181
48 242
48 258
48 278
48 311
48 318
48 398
48 429
48 461
48 480
48 590
48 603
48 702
48 733
48 770
181 6
181 21
181 96
181 167
181 163
181 242
181 258
181 278
181 318
181 398
181 429
181 461
181 480
181 590
181 603
181 702
181 733
181 770
461 6
461 21
461 96
461 167
461 242
461 258
461 278
461 311
461 318
461 398
461 429
461 163
461 480
461 590
461 603
461 702
461 770
733 6
733 21
733 96
733 167
733 242
733 258
733 278
733 311
733 318
733 398
733 429
733 480
733 590
733 603
733 90
733 163
733 702
733 770
3 175
3 210
3 230
3 250
3 555
3 587
3 592
3 613
3 685
3 692
3 698
3 705
3 766
175 195
175 210
175 230
175 250
175 409
175 517
175 555
175 587
175 592
175 613
175 668
175 675
175 685
175 686
175 705
175 717
175 741
210 230
210 250
210 555
210 587
210 613
210 668
210 685
210 692
210 705
210 766
230 250
230 555
230 587
230 592
230 613
230 668
230 685
230 692
230 698
230 705
230 766
250 555
250 587
250 592
250 613
250 668
250 685
250 698
250 705
250 766
555 587
555 592
555 613
555 685
555 692
555 705
555 766
587 613
587 668
587 685
587 692
587 705
587 766
592 668
592 685
592 692
592 766
613 440
613 668
613 685
613 692
613 705
613 766
685 668
685 440
685 692
685 705
685 766
692 668
692 705
692 766
698 668
705 668
705 440
705 766
766 668
195 409
195 301
195 675
195 686
195 717
195 741
409 626
409 158
409 173
409 549
409 115
409 268
409 411
409 517
409 673
409 756
409 779
517 137
517 174
517 227
517 372
517 460
517 624
517 647
517 736
517 745
517 750
517 790
517 161
517 240
517 431
517 553
517 630
517 659
517 710
517 626
517 791
517 266
517 158
517 173
517 549
517 115
517 245
517 268
517 411
517 509
517 578
517 673
517 756
517 758
517 779
675 686
675 741
717 627
717 301
741 761
741 798
741 557
741 618
440 22
440 296
440 426
440 98
440 248
4 263
4 418
263 418
418 10
418 29
418 42
418 57
418 81
418 101
418 102
418 122
418 138
418 141
418 203
418 209
418 243
418 385
418 400
418 404
418 455
418 516
418 583
418 632
418 718
418 731
418 744
418 781
10 42
10 81
10 122
10 138
10 141
10 404
10 455
10 516
10 583
10 615
29 129
29 148
29 203
29 209
29 243
29 320
29 370
29 385
29 400
29 403
29 632
29 718
29 731
29 744
29 781
42 11
42 20
42 30
42 49
42 81
42 95
42 122
42 133
42 138
42 141
42 152
42 176
42 200
42 228
42 402
42 404
42 441
42 455
42 583
42 615
42 648
42 772
57 33
57 50
57 71
57 88
57 97
57 101
57 102
57 170
57 184
57 196
57 197
57 267
57 389
57 421
57 447
57 448
57 479
57 484
57 540
57 572
57 653
57 669
57 699
57 721
81 20
81 122
81 141
81 404
81 455
81 516
81 615
101 170
101 421
101 97
101 102
101 184
101 196
101 267
101 484
101 566
102 170
102 97
102 184
102 196
102 267
102 484
122 138
122 404
122 455
122 583
138 20
138 141
138 404
138 455
138 516
138 583
138 615
141 49
141 88
141 99
141 160
141 176
141 200
141 324
141 404
141 455
141 470
141 505
141 506
141 516
141 583
141 615
141 645
141 648
141 652
141 772
141 783
203 129
203 148
203 209
203 243
203 320
203 370
203 385
203 400
203 403
203 632
203 718
203 731
203 744
203 781
209 55
209 56
209 80
209 83
209 204
209 243
209 281
209 294
209 305
209 309
209 355
209 362
209 370
209 385
209 400
209 403
209 436
209 439
209 456
209 632
209 663
209 718
209 720
209 731
209 744
209 781
243 129
243 320
243 370
243 385
243 400
243 403
243 632
243 718
243 731
243 744
243 781
385 129
385 148
385 320
385 370
385 171
385 400
385 403
385 632
385 718
385 731
385 744
385 781
400 129
400 320
400 370
400 55
400 56
400 80
400 83
400 134
400 204
400 259
400 281
400 305
400 309
400 355
400 362
400 403
400 436
400 439
400 456
400 632
400 663
400 718
400 720
400 731
400 744
400 781
404 20
404 455
404 516
404 583
404 615
455 11
455 20
455 30
455 49
455 64
455 176
455 200
455 228
455 387
455 441
455 505
455 515
455 516
455 583
455 615
455 645
455 768
516 20
516 583
516 615
583 20
583 615
632 129
632 148
632 320
632 370
632 403
632 718
632 731
632 744
632 781
718 129
718 148
718 320
718 370
718 403
718 744
718 781
731 129
731 320
731 370
731 403
731 744
731 781
744 129
744 320
744 403
744 55
744 56
744 83
744 134
744 204
744 259
744 281
744 294
744 305
744 309
744 355
744 362
744 394
744 436
744 456
744 529
744 663
744 720
744 781
781 129
781 148
781 320
781 370
781 403
5 401
5 523
5 560
5 564
401 560
401 709
523 126
523 189
523 194
523 435
523 560
523 564
523 608
523 614
523 641
523 650
523 715
560 564
709 690
126 177
126 189
126 194
126 435
126 569
126 608
126 614
126 641
126 650
126 674
126 714
126 715
126 738
189 177
189 194
189 377
189 435
189 533
189 550
189 569
189 608
189 614
189 641
189 707
189 711
189 714
189 715
189 738
189 787
189 795
194 177
194 435
194 569
194 608
194 641
194 650
194 674
194 714
194 715
194 795
435 177
435 569
435 608
435 614
435 641
435 650
435 674
435 714
435 715
435 738
608 614
608 641
608 650
608 674
608 714
608 715
608 738
614 177
614 569
614 650
614 674
614 714
614 715
614 738
641 177
641 569
641 650
641 674
641 714
641 715
641 738
641 795
650 177
650 569
650 674
650 714
650 715
715 177
715 674
715 738
6 21
6 96
6 167
6 242
6 258
6 278
6 311
6 318
6 398
6 429
6 480
6 590
6 603
6 770
21 96
21 163
21 167
21 242
21 258
21 311
21 318
21 398
21 429
21 480
21 590
21 702
21 770
96 163
96 167
96 258
96 278
96 311
96 318
96 398
96 429
96 480
96 590
96 603
96 702
96 770
167 163
167 242
167 258
167 278
167 311
167 318
167 398
167 480
167 590
167 603
167 702
167 770
242 258
242 278
242 311
242 398
242 429
242 480
242 590
242 603
242 702
242 770
258 163
258 278
258 311
258 318
258 429
258 480
258 590
258 603
258 702
278 163
278 311
278 318
278 398
278 429
278 480
278 590
278 603
278 702
278 770
311 163
311 318
311 398
311 429
311 480
311 590
311 603
311 702
311 770
318 163
318 398
318 429
318 480
318 590
318 603
318 702
318 770
398 163
398 429
398 480
398 590
398 603
398 702
398 770
429 163
429 480
429 590
429 603
429 702
429 770
480 163
480 590
480 603
480 702
590 163
590 603
590 702
590 770
603 163
603 702
603 770
770 163
770 702
163 90
163 702
7 32
7 36
7 47
7 109
7 213
7 272
7 292
7 321
7 352
7 395
7 406
7 407
7 415
7 463
7 489
7 490
7 511
7 534
7 548
7 580
7 607
7 677
7 683
32 25
32 36
32 47
32 109
32 155
32 213
32 272
32 292
32 321
32 352
32 395
32 406
32 407
32 415
32 463
32 489
32 490
32 511
32 534
32 548
32 580
32 607
32 677
36 25
36 47
36 213
36 272
36 292
36 321
36 352
36 395
36 406
36 407
36 415
36 463
36 511
36 534
36 548
36 580
36 607
36 677
36 683
47 25
47 109
47 213
47 272
47 321
47 376
47 395
47 406
47 407
47 415
47 463
47 489
47 490
47 511
47 534
47 548
47 580
47 607
47 649
47 677
47 683
109 155
109 213
109 272
109 292
109 321
109 352
109 395
109 406
109 407
109 415
109 463
109 490
109 511
109 534
109 548
109 580
109 607
109 677
213 25
213 78
213 272
213 292
213 321
213 352
213 376
213 395
213 406
213 407
213 415
213 463
213 489
213 490
213 511
213 522
213 534
213 548
213 580
213 607
213 677
213 683
272 25
272 78
272 215
272 292
272 321
272 352
272 376
272 406
272 407
272 415
272 463
272 489
272 490
272 511
272 522
272 534
272 548
272 580
272 607
272 677
292 25
292 78
292 321
292 352
292 376
292 395
292 406
292 407
292 415
292 463
292 489
292 490
292 511
292 534
292 548
292 580
292 607
292 677
292 683
321 25
321 78
321 352
321 395
321 406
321 407
321 415
321 463
321 489
321 490
321 511
321 522
321 534
321 548
321 580
321 607
321 677
321 683
352 25
352 395
352 406
352 407
352 415
352 463
352 489
352 511
352 522
352 548
352 580
352 607
352 677
352 683
395 25
395 406
395 407
395 415
395 463
395 489
395 490
395 511
395 534
395 548
395 580
395 607
395 649
395 677
395 683
406 25
406 407
406 415
406 463
406 489
406 490
406 511
406 534
406 548
406 607
406 677
406 683
407 25
407 215
407 415
407 463
407 489
407 490
407 511
407 534
407 548
407 580
407 607
407 649
407 677
407 683
415 463
415 490
415 511
415 522
415 534
415 548
415 580
415 607
415 677
415 683
463 25
463 490
463 511
463 534
463 548
463 580
463 607
463 677
489 25
489 511
489 534
489 548
489 580
489 677
490 25
490 511
490 522
490 534
490 548
490 607
490 677
511 25
511 215
511 534
511 548
511 580
511 607
511 649
511 677
511 683
534 25
534 215
534 376
534 548
534 580
534 607
534 677
534 683
548 25
548 376
548 580
548 607
548 677
548 683
580 25
580 683
607 25
607 78
607 677
607 683
677 25
677 215
677 649
677 683
683 25
25 376
376 624
376 198
376 246
376 276
376 518
376 536
376 397
376 509
376 757
123 79
123 86
123 87
123 185
123 217
123 295
123 298
123 302
123 319
123 323
123 364
123 381
123 408
123 459
123 464
123 495
123 543
123 556
123 577
123 582
123 623
123 655
123 716
123 729
123 800
135 39
135 106
135 161
135 174
135 227
135 333
135 372
135 460
135 465
135 478
135 492
135 553
135 647
135 659
135 670
135 745
135 753
135 790
137 17
137 58
137 70
137 82
137 142
137 158
137 161
137 173
137 174
137 192
137 227
137 240
137 245
137 261
137 268
137 291
137 326
137 348
137 366
137 372
137 411
137 416
137 420
137 431
137 460
137 465
137 466
137 478
137 521
137 526
137 530
137 549
137 553
137 625
137 626
137 630
137 647
137 654
137 659
137 673
137 710
137 745
137 753
137 756
137 758
137 789
174 161
174 227
174 275
174 372
174 416
174 460
174 465
174 553
174 625
174 647
174 659
174 745
174 753
174 789
174 790
227 17
227 39
227 58
227 70
227 82
227 106
227 142
227 158
227 161
227 186
227 192
227 240
227 275
227 291
227 326
227 333
227 372
227 411
227 416
227 420
227 431
227 465
227 466
227 478
227 526
227 530
227 553
227 625
227 626
227 628
227 630
227 647
227 654
227 659
227 670
227 710
227 745
227 753
227 782
227 789
227 790
269 58
269 186
269 201
269 266
269 296
269 326
269 348
269 420
269 458
269 509
269 527
269 530
269 578
269 624
269 628
269 704
269 750
269 782
269 791
275 39
275 66
275 105
275 106
275 161
275 333
275 372
275 431
275 460
275 465
275 478
275 492
275 553
275 630
275 647
275 659
275 670
275 745
275 753
275 790
298 217
298 364
298 464
298 496
298 800
381 86
381 87
381 185
381 217
381 295
381 323
381 364
381 408
381 464
381 476
381 495
381 496
381 535
381 543
381 556
381 577
381 582
381 655
381 680
381 716
381 729
381 800
460 372
460 17
460 39
460 58
460 82
460 105
460 106
460 142
460 158
460 186
460 192
460 240
460 291
460 326
460 333
460 348
460 366
460 416
460 420
460 431
460 465
460 466
460 478
460 526
460 530
460 553
460 625
460 626
460 647
460 654
460 659
460 670
460 745
460 753
460 782
460 789
460 790
465 372
465 39
465 66
465 105
465 161
465 478
465 553
465 647
465 659
465 670
465 745
465 753
465 789
465 790
624 166
624 226
624 266
624 382
624 414
624 509
624 547
624 578
624 658
624 690
624 750
624 757
624 779
624 791
647 372
647 17
647 39
647 58
647 66
647 82
647 105
647 142
647 158
647 161
647 186
647 192
647 240
647 268
647 291
647 326
647 333
647 348
647 366
647 411
647 416
647 420
647 431
647 466
647 478
647 526
647 549
647 625
647 626
647 628
647 630
647 654
647 659
647 670
647 710
647 745
647 753
647 782
647 789
647 790
736 115
736 266
736 509
736 578
736 791
745 17
745 39
745 66
745 105
745 106
745 161
745 333
745 431
745 478
745 492
745 553
745 630
745 659
745 670
745 753
745 790
750 266
750 509
750 578
750 740
750 791
790 39
790 66
790 105
790 106
790 161
790 333
790 478
790 553
790 659
790 670
86 87
86 185
86 217
86 302
86 319
86 364
86 408
86 457
86 459
86 464
86 495
86 496
86 535
86 556
86 571
86 577
86 582
86 623
86 655
86 716
86 729
86 784
86 800
87 185
87 202
87 217
87 295
87 302
87 319
87 323
87 364
87 408
87 457
87 459
87 464
87 495
87 496
87 535
87 556
87 571
87 577
87 582
87 623
87 716
87 729
87 800
162 84
162 202
162 730
185 217
185 295
185 302
185 364
185 408
185 459
185 464
185 495
185 535
185 556
185 582
185 623
185 655
185 672
185 716
185 729
185 800
202 84
202 157
202 295
202 302
202 319
202 323
202 459
202 464
202 495
202 496
202 535
202 577
202 582
202 623
202 680
202 716
202 730
202 776
202 800
217 79
217 295
217 302
217 319
217 323
217 364
217 408
217 457
217 459
217 464
217 476
217 495
217 496
217 535
217 556
217 571
217 577
217 582
217 623
217 655
217 680
217 716
217 729
217 730
217 784
217 800
295 302
295 319
295 323
295 364
295 408
295 457
295 459
295 464
295 495
295 496
295 535
295 556
295 571
295 577
295 582
295 623
295 655
295 680
295 716
295 729
295 730
295 800
302 319
302 323
302 364
302 408
302 457
302 459
302 495
302 496
302 535
302 556
302 577
302 582
302 623
302 716
302 729
302 800
319 364
319 408
319 459
319 464
319 495
319 535
319 577
319 582
319 623
319 672
319 716
319 729
319 800
323 495
323 496
323 535
323 543
323 606
323 716
323 730
323 800
364 79
364 408
364 457
364 459
364 464
364 495
364 535
364 582
364 623
364 655
364 716
364 729
364 800
408 207
408 457
408 459
408 495
408 496
408 535
408 556
408 582
408 623
408 672
408 716
408 729
408 800
459 147
459 207
459 457
459 464
459 495
459 496
459 535
459 556
459 571
459 577
459 582
459 623
459 655
459 672
459 680
459 716
459 729
459 784
459 800
464 147
464 457
464 495
464 496
464 535
464 543
464 556
464 571
464 577
464 582
464 655
464 716
464 729
464 730
464 784
464 800
495 457
495 469
495 476
495 496
495 556
495 582
495 623
495 680
495 716
495 729
495 730
495 800
496 476
496 535
496 543
496 556
496 577
496 582
496 606
496 623
496 680
496 716
496 729
496 730
496 800
535 157
535 457
535 556
535 577
535 582
535 623
535 655
535 672
535 680
535 716
535 729
535 730
535 784
535 800
543 716
556 147
556 457
556 582
556 623
556 716
556 729
556 800
577 582
577 716
577 729
577 730
577 800
606 419
606 730
716 582
716 623
716 680
716 457
716 476
716 571
716 635
716 729
716 730
716 784
716 800
800 582
800 623
800 680
800 729
800 730
800 157
800 457
800 784
98 635
98 483
266 635
266 374
266 509
266 578
266 585
509 791
509 317
509 578
509 585
578 791
642 329
642 740
757 316
757 518
791 115
791 206
791 779
582 157
582 457
582 469
582 571
582 623
582 672
582 729
582 784
623 157
623 457
623 571
623 655
623 672
623 680
623 729
623 784
655 729
729 147
729 207
729 457
729 571
729 672
729 784
39 372
39 753
39 161
39 478
39 106
39 492
39 670
106 372
106 333
161 372
161 753
161 17
161 66
161 158
161 192
161 240
161 245
161 291
161 333
161 366
161 411
161 416
161 420
161 431
161 475
161 478
161 521
161 526
161 549
161 553
161 625
161 626
161 630
161 654
161 670
161 673
161 710
161 789
333 372
333 478
333 670
372 17
372 66
372 105
372 431
372 478
372 492
372 553
372 630
372 659
372 670
372 753
478 753
478 17
478 366
478 416
478 420
478 431
478 475
478 192
478 219
478 291
478 553
478 625
478 626
478 630
478 654
478 659
478 670
478 710
478 789
492 670
553 753
553 17
553 240
553 366
553 416
553 420
553 431
553 475
553 526
553 66
553 291
553 521
553 626
553 630
553 654
553 659
553 710
553 789
659 17
659 240
659 366
659 416
659 420
659 431
659 526
659 625
659 630
659 192
659 291
659 521
659 626
659 710
659 789
670 753
670 431
670 66
17 240
17 366
17 416
17 420
17 431
17 475
17 526
17 625
17 630
17 654
17 710
17 789
58 240
58 366
58 416
58 420
58 431
58 526
58 625
58 654
58 789
58 70
58 186
58 314
58 326
58 348
58 434
58 466
58 530
58 626
58 628
58 704
70 240
70 420
70 526
70 326
70 348
70 626
70 628
82 416
82 526
82 626
142 240
142 416
142 420
142 431
142 626
142 158
142 173
142 549
142 245
142 268
142 291
142 411
142 673
158 240
158 416
158 420
158 431
158 626
158 94
158 173
158 245
158 268
158 411
158 549
158 673
158 756
158 758
173 240
173 431
173 626
173 94
173 192
173 245
173 268
173 291
173 411
173 673
173 756
173 758
192 240
192 416
192 431
192 654
192 626
192 245
240 94
240 110
240 245
240 268
240 291
240 366
240 411
240 416
240 420
240 431
240 526
240 549
240 625
240 626
240 630
240 654
240 673
240 756
240 758
240 789
245 431
245 626
245 549
245 268
245 291
245 411
245 673
245 756
245 758
261 366
261 416
261 420
261 526
261 625
261 654
261 466
268 431
268 626
268 549
268 291
268 411
268 673
268 756
268 758
291 416
291 420
291 431
291 625
291 630
291 789
291 626
291 549
291 411
291 673
291 756
291 758
326 366
326 416
326 420
326 431
326 526
326 625
326 654
326 789
326 186
326 314
326 348
326 530
326 626
326 628
326 704
326 782
348 366
348 416
348 420
348 431
348 526
348 625
348 654
348 789
348 186
348 314
348 530
348 626
348 628
348 704
348 782
366 314
366 416
366 420
366 431
366 466
366 526
366 625
366 626
366 630
366 654
366 789
411 431
411 626
411 549
411 673
411 756
411 758
416 186
416 314
416 420
416 431
416 466
416 526
416 530
416 625
416 626
416 628
416 630
416 654
416 704
416 710
416 782
420 186
420 314
420 431
420 466
420 526
420 625
420 626
420 630
420 654
420 704
420 710
420 789
431 110
431 186
431 526
431 530
431 549
431 625
431 626
431 630
431 654
431 673
431 710
431 756
431 758
431 782
431 789
466 526
466 625
466 654
521 630
526 186
526 530
526 625
526 626
526 630
526 654
526 704
526 782
526 789
530 625
530 654
530 789
530 186
530 434
530 626
530 628
530 704
530 782
549 626
549 94
549 673
549 756
549 758
625 186
625 626
625 630
625 654
625 704
625 782
625 789
626 630
626 654
626 710
626 789
626 186
626 94
626 673
626 756
626 758
626 782
630 475
630 710
630 789
654 186
654 628
654 789
673 756
673 758
710 475
756 758
789 178
789 186
789 314
789 704
186 314
186 434
186 628
186 704
628 782
782 434
782 704
621 363
621 119
621 491
621 183
621 124
621 165
621 221
621 414
621 604
621 749
621 765
201 652
201 458
201 725
296 22
458 783
458 239
458 725
154 680
154 180
154 280
154 367
154 571
154 627
276 198
276 246
276 89
276 316
276 343
276 518
276 536
316 198
316 246
316 89
316 111
316 169
316 375
316 518
316 536
316 631
518 198
518 246
518 343
518 89
518 169
518 375
518 536
518 631
635 180
635 300
635 552
680 180
680 280
680 571
730 37
730 776
180 571
180 784
180 280
180 367
180 552
571 280
571 367
571 784
691 637
166 199
166 226
166 382
166 528
166 547
166 658
226 199
226 382
226 528
226 547
226 658
382 199
382 414
382 528
382 547
382 658
414 528
414 547
547 528
547 658
658 199
658 528
631 198
631 536
115 579
9 13
9 40
9 112
9 241
9 373
9 449
9 600
9 665
13 40
13 112
13 133
13 241
13 351
13 373
13 449
13 665
13 671
40 112
40 241
40 351
40 373
40 449
40 600
40 665
40 671
112 241
112 351
112 373
112 449
112 600
112 665
241 133
241 351
241 373
241 449
241 600
241 665
241 671
373 351
373 449
373 600
373 665
449 351
449 133
449 600
449 665
600 351
600 133
600 665
600 671
665 351
665 133
665 481
665 671
133 351
133 49
133 95
133 152
133 324
133 402
133 648
133 697
133 772
351 671
481 290
481 117
481 125
481 214
481 247
481 265
481 422
481 541
481 612
481 755
481 762
481 794
615 11
615 20
615 30
615 49
615 64
615 176
615 200
615 228
615 279
615 441
615 505
11 30
11 49
11 64
11 176
11 200
11 228
11 441
11 515
30 49
30 64
30 176
30 200
30 228
30 505
49 95
49 152
49 176
49 200
49 324
49 402
49 441
49 515
49 648
49 697
49 772
95 176
95 152
95 324
95 402
95 648
95 697
95 772
152 176
152 324
152 402
152 648
152 697
152 772
176 64
176 200
176 228
176 324
176 402
176 441
176 515
176 648
176 697
176 772
200 64
200 228
200 441
200 515
228 64
402 324
402 648
402 772
441 262
441 515
648 324
648 697
648 772
772 324
772 697
88 156
88 645
88 653
88 699
88 768
88 293
99 75
99 139
99 140
99 470
99 634
99 696
160 75
160 470
160 559
324 697
470 75
470 140
470 139
470 634
470 696
470 783
506 488
506 660
645 33
645 50
645 156
645 387
645 389
645 448
645 450
645 479
645 540
645 355
645 563
645 669
645 681
645 699
645 768
652 783
783 75
783 559
387 33
387 156
387 283
387 446
387 450
387 653
387 699
768 50
768 156
768 653
768 669
768 85
768 125
768 143
768 287
768 545
768 563
768 657
410 335
14 23
14 68
14 120
14 127
14 130
14 151
14 188
14 223
14 229
14 303
14 342
14 369
14 432
14 504
14 531
14 551
14 602
14 693
14 706
14 728
14 732
14 734
14 747
14 773
23 61
23 68
23 120
23 127
23 130
23 303
23 369
23 432
23 504
23 531
23 551
23 602
23 693
23 706
23 728
23 732
23 734
23 747
23 773
68 61
68 120
68 127
68 130
68 188
68 223
68 229
68 303
68 369
68 432
68 531
68 551
68 602
68 693
68 706
68 728
68 732
68 747
68 773
120 61
120 130
120 151
120 188
120 229
120 303
120 369
120 432
120 504
120 531
120 551
120 602
120 693
120 706
120 728
120 732
120 734
120 747
120 773
127 61
127 130
127 188
127 223
127 229
127 303
127 369
127 432
127 504
127 531
127 551
127 602
127 693
127 706
127 728
127 732
127 734
127 747
127 773
130 61
130 151
130 188
130 229
130 303
130 342
130 369
130 432
130 531
130 551
130 602
130 693
130 706
130 728
130 732
130 734
130 747
130 773
151 61
151 432
151 504
151 551
151 693
151 734
151 773
188 61
188 229
188 303
188 432
188 504
188 531
188 551
188 602
188 693
188 706
188 728
188 732
188 734
188 747
188 773
223 303
223 369
223 432
223 504
223 551
223 693
223 706
223 732
223 734
223 747
223 773
229 61
229 303
229 432
229 504
229 551
229 693
229 706
229 728
229 732
229 734
229 747
229 773
303 61
303 369
303 432
303 504
303 531
303 551
303 602
303 693
303 706
303 732
303 734
303 747
303 773
342 734
342 773
369 61
369 432
369 504
369 531
369 602
369 693
369 706
369 728
369 732
369 734
369 747
369 773
432 61
432 504
432 531
432 551
432 602
432 693
432 706
432 732
432 734
432 747
432 773
504 61
504 531
504 551
504 602
504 693
504 706
504 728
504 732
504 734
504 747
504 773
531 61
531 551
531 602
531 693
531 706
531 728
531 732
531 734
531 747
531 773
551 61
551 602
551 693
551 706
551 728
551 732
551 734
551 747
551 773
602 61
602 693
602 706
602 728
602 732
602 734
602 747
602 773
693 61
693 216
693 706
693 728
693 732
693 734
693 747
693 773
706 61
706 728
706 732
706 734
706 747
706 773
728 61
728 732
728 734
728 747
728 773
732 61
732 734
732 747
732 773
734 61
734 445
734 747
734 773
747 61
747 773
61 220
61 331
61 393
61 442
61 801
220 331
220 393
220 442
220 801
331 393
331 442
331 801
393 442
393 801
442 801
216 619
445 474
445 482
445 596
445 618
198 89
198 169
198 246
198 343
198 375
198 536
246 89
246 343
246 536
343 89
343 536
536 89
237 498
237 793
419 793
457 147
457 207
84 776
169 111
169 179
169 284
169 359
169 360
169 375
169 493
375 111
375 179
375 359
375 360
375 493
117 290
117 125
117 214
117 247
117 265
117 422
117 433
117 612
117 755
117 762
117 794
422 290
422 125
422 214
422 247
422 265
422 433
422 541
422 612
422 755
422 762
422 794
433 125
433 214
433 247
433 265
433 541
433 612
433 755
433 762
433 794
146 751
207 147
111 45
111 179
111 284
111 359
111 360
111 493
483 248
22 426
248 221
248 604
24 310
24 726
310 153
310 519
310 594
310 646
310 678
310 726
310 785
726 26
726 27
153 646
153 519
153 594
153 451
153 678
153 785
519 646
519 128
519 257
519 451
519 678
594 646
594 128
594 451
594 785
646 53
646 144
646 128
646 451
646 678
646 727
646 785
678 785
674 177
674 569
674 714
674 738
674 795
346 249
129 403
320 55
320 56
320 83
320 134
320 204
320 259
320 281
320 294
320 309
320 355
320 362
320 370
320 394
320 436
320 439
320 456
320 720
403 224
403 472
403 676
55 134
55 259
55 281
55 309
55 394
55 436
55 439
55 720
56 439
56 720
56 83
56 204
56 294
56 305
56 355
56 456
56 529
56 663
80 309
80 394
83 699
83 439
83 720
83 204
83 294
83 305
83 355
83 362
83 456
83 529
83 663
204 446
204 439
204 720
204 294
204 305
204 355
204 362
204 456
204 529
204 663
281 134
281 259
281 309
281 394
281 436
281 439
281 720
294 439
294 720
294 305
294 355
294 362
294 456
294 529
294 663
305 439
305 720
305 355
305 362
305 456
305 529
309 134
309 259
309 330
309 359
309 394
309 436
309 438
309 439
309 720
355 439
355 720
355 362
355 456
355 529
355 663
362 439
362 720
362 456
362 529
362 663
436 134
436 259
436 394
436 439
436 720
439 134
439 259
439 456
439 529
439 663
439 720
456 720
456 529
456 663
663 720
720 134
720 259
720 394
134 259
134 394
119 65
119 183
119 288
119 491
119 570
119 639
119 799
330 62
330 471
330 727
330 798
224 472
224 676
472 676
676 576
33 50
33 71
33 156
33 170
33 197
33 389
33 421
33 446
33 447
33 448
33 479
33 540
33 572
33 653
33 669
33 721
50 71
50 156
50 170
50 197
50 421
50 446
50 447
50 448
50 479
50 540
50 572
50 653
50 669
50 699
50 721
71 170
71 197
71 389
71 421
71 447
71 448
71 479
71 540
71 572
71 669
71 699
71 721
156 389
156 446
156 448
156 450
156 653
156 669
156 681
156 699
170 97
170 184
170 196
170 197
170 267
170 270
170 389
170 421
170 447
170 448
170 479
170 540
170 572
170 669
170 699
170 721
197 389
197 421
197 447
197 448
197 479
197 540
197 572
197 669
197 721
389 421
389 447
389 448
389 479
389 540
389 572
389 653
389 669
389 699
389 721
421 267
421 447
421 448
421 479
421 669
421 699
421 721
446 450
446 669
447 448
447 479
447 540
447 572
447 669
447 699
447 721
448 479
448 540
448 572
448 653
448 669
448 699
448 721
479 540
479 572
479 669
479 699
479 721
540 669
540 699
540 721
572 669
572 699
572 721
653 450
653 669
653 699
669 699
669 721
721 699
699 450
699 563
97 184
97 196
97 267
97 484
97 566
184 196
184 267
184 484
196 267
196 484
196 566
267 484
267 566
450 283
450 681
450 724
283 43
283 588
283 724
563 287
563 545
563 125
563 143
563 657
34 244
244 63
244 542
63 542
63 684
542 684
41 748
43 356
43 588
356 588
588 317
317 113
317 297
317 337
317 599
317 767
317 771
45 424
179 284
179 359
179 360
179 493
284 359
284 360
284 493
359 360
359 493
360 493
85 287
85 545
125 143
125 214
125 265
125 612
125 755
143 287
143 265
143 617
143 657
287 545
287 617
287 657
545 617
545 657
657 617
51 761
761 474
761 618
474 482
474 618
618 482
52 274
52 290
274 177
177 116
177 338
177 340
177 454
177 569
177 591
177 610
177 714
177 738
53 144
53 212
144 165
144 798
165 221
165 304
165 739
165 749
798 344
798 727
798 774
128 575
727 471
438 639
438 358
438 792
60 467
60 488
60 525
60 643
488 643
62 149
62 363
149 114
363 183
363 378
363 512
363 585
471 252
471 774
183 491
183 124
183 399
183 570
183 700
378 512
585 491
585 799
684 368
684 591
368 168
368 591
591 168
591 340
65 288
65 491
65 622
288 491
288 622
491 507
491 570
491 700
570 124
570 399
570 430
570 507
570 640
507 640
507 601
206 427
75 140
75 312
75 634
75 743
140 139
140 636
634 696
743 131
139 222
617 735
103 723
723 574
104 335
113 297
113 337
113 599
113 767
113 771
297 337
297 599
297 767
297 771
337 599
337 767
337 771
599 767
599 771
767 771
340 218
340 610
569 714
569 738
569 795
714 738
214 265
214 541
214 612
214 755
214 762
265 541
265 612
265 755
265 762
612 541
612 755
612 762
755 541
755 762
762 541
124 399
124 430
399 430
399 640
221 573
221 604
221 749
604 413
749 304
749 765
377 533
377 550
377 707
377 711
377 787
533 550
533 707
533 711
533 787
550 707
550 711
550 787
707 711
707 787
711 787
575 713
257 285
713 273
713 514
735 499
774 252
252 357
273 514
273 539
358 792
