0 9
0 35
0 46
0 53
0 59
0 61
0 70
0 74
0 78
0 79
0 81
0 90
0 94
0 95
0 97
9 26
9 35
9 44
9 46
9 53
9 67
9 74
9 78
9 80
9 90
9 95
35 26
35 59
35 70
35 78
35 79
35 80
35 82
35 90
35 92
35 94
46 26
46 8
46 20
46 45
46 50
46 52
46 53
46 59
46 65
46 69
46 70
46 73
46 78
46 79
46 82
46 92
46 94
46 95
53 26
53 3
53 39
53 43
53 47
53 59
53 70
53 74
53 78
53 79
53 80
53 82
53 90
53 92
53 94
53 97
59 67
59 74
59 79
59 82
59 90
59 92
59 94
59 95
59 97
61 4
61 10
61 11
61 16
61 17
61 30
61 31
61 41
61 43
61 45
61 49
61 51
61 57
61 58
61 63
61 68
61 77
61 84
61 85
61 93
61 96
70 26
70 60
70 73
70 74
70 80
70 83
70 86
70 90
70 92
70 97
74 26
74 73
74 44
74 50
74 80
74 82
74 90
74 92
74 94
74 95
74 97
78 44
78 79
78 80
78 82
78 92
78 94
78 97
79 80
79 82
79 85
79 88
79 90
79 95
79 97
81 11
81 18
81 45
81 54
81 65
81 76
81 92
90 26
90 73
90 82
90 30
90 39
90 80
90 92
90 94
90 95
90 97
94 5
94 39
94 50
94 55
94 67
94 83
95 26
95 73
95 82
95 44
95 97
97 26
97 82
97 27
97 80
97 92
26 5
26 44
26 49
26 52
26 62
26 67
26 73
26 80
26 92
44 73
44 82
44 8
67 27
67 45
67 6
67 13
67 47
67 58
67 8
67 63
80 73
80 82
80 11
80 92
80 60
5 82
5 39
5 45
5 49
5 52
5 86
49 93
49 85
49 7
49 12
49 33
49 72
52 21
52 76
52 91
52 23
52 48
52 51
52 7
52 15
52 28
52 36
52 38
52 56
52 60
52 62
52 64
52 65
52 68
52 69
52 85
52 86
62 51
62 75
62 7
62 22
62 38
62 19
73 39
73 50
73 72
73 82
73 92
92 82
92 65
82 38
8 21
8 93
8 60
8 13
8 42
20 19
20 25
20 40
20 45
20 56
20 66
20 68
20 85
20 87
45 1
45 11
45 21
45 12
45 15
45 25
45 41
45 43
45 47
45 54
45 57
45 69
45 76
45 77
45 93
50 18
50 21
50 76
50 66
50 29
50 6
50 14
65 2
65 48
65 64
65 7
65 29
65 34
65 36
65 38
65 40
65 69
65 75
65 86
65 89
69 86
69 56
69 75
69 89
69 88
69 34
3 66
3 85
3 28
3 29
3 32
3 40
3 56
3 75
3 89
39 27
39 93
39 14
43 25
43 17
43 88
43 16
43 30
43 31
43 41
43 57
43 71
43 84
43 96
47 89
47 13
47 41
47 58
47 63
4 1
4 11
4 17
4 60
4 93
10 55
10 77
10 17
10 88
10 16
10 30
10 31
10 41
10 57
10 84
11 18
11 21
11 31
11 37
11 48
11 54
11 55
11 60
11 76
11 84
11 91
16 27
16 77
16 93
16 60
16 42
16 57
16 84
17 18
17 55
17 77
17 30
17 31
17 57
17 71
17 72
17 84
17 96
30 18
30 55
30 77
30 88
30 31
30 41
30 57
30 63
30 84
30 96
31 55
31 57
31 72
31 84
31 96
41 54
41 77
41 93
41 28
41 42
41 88
41 33
41 36
41 37
41 72
41 84
41 96
51 48
51 15
51 24
51 60
51 68
57 18
57 55
57 25
57 48
57 86
57 42
57 12
57 37
57 84
57 96
58 6
58 33
58 63
63 27
63 13
68 2
68 23
68 64
68 15
68 24
68 34
68 85
77 1
77 54
77 55
77 37
77 71
77 84
77 93
77 96
84 55
84 29
84 13
84 96
85 54
85 76
85 91
85 2
85 23
85 25
85 64
85 7
85 15
85 24
85 28
85 29
85 32
85 86
93 1
93 21
93 54
93 12
93 33
93 37
93 42
93 72
93 88
96 86
60 2
60 25
60 48
60 22
60 64
83 56
83 6
86 2
86 48
86 64
86 66
86 36
86 38
86 56
86 75
72 88
72 37
72 12
72 33
88 21
88 54
88 75
88 42
88 12
88 33
88 37
18 21
18 54
18 76
54 21
54 12
54 76
76 1
38 29
38 32
38 89
38 7
38 22
38 34
38 36
55 1
27 13
1 21
21 37
37 48
37 42
48 2
48 23
48 25
48 15
48 24
48 36
48 66
48 75
48 89
91 2
91 34
91 56
91 64
91 75
19 32
25 23
25 15
25 24
25 29
25 64
25 75
25 89
40 66
40 87
40 89
56 28
56 32
56 75
66 2
66 22
66 28
66 32
87 28
87 29
87 89
13 6
12 42
15 23
15 28
15 24
71 29
2 64
34 75
34 24
34 36
64 23
64 7
64 24
64 32
75 7
75 36
75 89
23 24
29 7
29 22
29 32
29 36
29 89
89 32
89 7
89 36
7 22
