178
92
106
201
251
53
219
261
377
22
94
140
299
9
301
33
215
184
125
302
170
281
118
66
270
329
31
189
242
199
327
297
87
95
240
62
344
154
221
241
41
179
61
8
76
254
314
3
128
298
171
40
216
263
231
177
159
220
307
138
10
86
16
265
222
20
209
256
234
52
172
57
259
183
78
186
169
217
54
308
210
67
196
107
347
5
35
356
50
23
348
257
238
239
190
300
150
191
59
122
25
84
282
155
63
203
214
378
260
28
272
121
235
202
68
212
11
357
244
325
315
288
236
252
349
174
283
305
74
38
73
120
88
284
4
213
243
336
119
149
321
296
345
39
371
105
139
6
72
93
29
77
316
198
104
156
75
64
7
291
85
96
247
200
361
362
51
173
232
350
309
268
363
30
292
168
245
255
97
230
24
229
218
266
123
233
17
264
289
58
267
124
26
34
32
262
223
82
127
328
108
98
185
103
148
306
358
81
246
80
271
192
224
293
237
27
69
70
83
71
211
49
269
303
79
157
117
