0 23
0 35
0 37
0 45
0 83
0 99
0 117
0 119
0 121
0 122
0 132
0 153
0 158
0 161
0 162
23 13
23 14
23 36
23 60
23 67
23 100
23 116
23 121
23 124
23 125
23 148
23 153
23 158
35 1
35 16
35 36
35 43
35 54
35 81
35 90
35 95
35 103
35 111
35 118
35 120
35 134
35 138
35 141
35 146
35 147
35 148
35 151
35 161
35 162
37 1
37 14
37 16
37 19
37 24
37 43
37 61
37 64
37 68
37 69
37 81
37 90
37 92
37 93
37 101
37 103
37 107
37 111
37 116
37 121
37 134
37 138
37 141
37 142
37 150
37 151
37 162
45 15
45 2
45 16
45 39
45 42
45 69
45 99
45 110
45 122
45 124
45 129
45 132
45 141
45 143
45 148
45 153
45 161
83 33
83 76
83 99
83 112
83 113
83 117
83 121
83 122
83 129
83 132
83 148
83 153
83 161
99 15
99 42
99 62
99 73
99 100
99 112
99 117
99 122
99 129
99 132
99 151
99 153
99 161
117 15
117 42
117 92
117 100
117 105
117 110
117 112
117 122
117 129
117 132
117 153
117 161
119 3
119 5
119 10
119 26
119 27
119 31
119 50
119 51
119 63
119 73
119 74
119 79
119 87
119 107
119 130
119 131
119 156
119 159
121 12
121 13
121 14
121 16
121 21
121 24
121 27
121 39
121 44
121 60
121 64
121 67
121 74
121 76
121 81
121 92
121 93
121 100
121 107
121 110
121 112
121 116
121 120
121 124
121 132
121 148
121 150
121 158
121 161
122 1
122 11
122 13
122 14
122 19
122 42
122 81
122 86
122 107
122 110
122 112
122 116
122 124
122 129
122 134
122 148
122 153
122 156
122 160
132 129
132 110
132 112
132 161
153 15
153 42
153 44
153 46
153 79
153 92
153 100
153 110
153 112
153 123
153 136
153 148
153 154
153 160
153 161
153 162
158 12
158 13
158 14
158 33
158 36
158 44
158 60
158 67
158 107
158 116
158 124
158 148
158 150
158 151
158 161
161 129
161 1
161 5
161 12
161 16
161 17
161 24
161 31
161 39
161 44
161 50
161 51
161 52
161 53
161 67
161 81
161 87
161 90
161 100
161 108
161 110
161 111
161 116
161 118
161 131
161 134
161 141
161 143
161 147
161 150
161 151
161 156
161 162
162 14
162 16
162 43
162 49
162 61
162 64
162 68
162 90
162 93
162 95
162 111
162 118
162 120
162 134
162 138
162 141
162 147
162 151
15 101
15 112
15 124
15 138
15 148
101 1
101 43
101 61
101 64
101 68
101 93
101 95
101 42
101 74
101 107
101 118
101 120
101 134
101 138
101 141
112 129
112 14
112 16
112 60
112 64
112 81
112 93
112 107
112 4
112 12
112 42
112 116
112 120
112 124
112 128
112 136
124 13
124 16
124 43
124 44
124 60
124 64
124 81
124 93
124 107
124 110
124 116
124 148
124 65
124 92
124 12
124 24
124 36
124 100
124 33
124 67
138 1
138 31
138 43
138 61
138 68
138 93
138 95
138 103
138 118
138 120
138 134
138 58
138 141
138 147
138 150
138 151
148 1
148 13
148 16
148 60
148 107
148 116
148 12
148 33
148 34
148 67
148 92
148 100
148 125
148 150
148 155
148 160
13 1
13 12
13 24
13 33
13 39
13 44
13 54
13 60
13 68
13 107
13 116
13 150
14 129
14 1
14 6
14 10
14 16
14 19
14 43
14 62
14 64
14 65
14 77
14 81
14 92
14 93
14 95
14 103
14 107
14 110
14 111
14 116
14 118
14 120
14 134
14 141
14 142
14 143
14 146
14 147
14 151
14 160
36 44
36 61
36 95
36 107
36 116
36 54
36 155
36 57
36 92
36 12
36 24
36 33
36 100
36 135
36 137
60 1
60 44
60 12
60 24
60 33
60 92
60 100
60 107
60 116
67 44
67 107
67 116
67 150
67 92
67 104
67 100
67 42
100 107
100 116
100 147
100 150
100 92
100 104
100 12
100 24
100 33
100 62
116 1
116 44
116 64
116 107
116 108
116 110
116 12
116 22
116 24
116 27
116 29
116 33
116 39
116 42
116 57
116 62
116 92
116 120
116 140
116 150
116 156
125 93
125 46
125 105
125 149
125 63
125 74
125 78
125 143
125 73
125 33
1 16
1 19
1 44
1 61
1 64
1 68
1 90
1 93
1 95
1 103
1 108
1 110
1 111
1 118
1 120
1 128
1 134
1 141
1 142
1 147
1 150
1 151
16 19
16 22
16 43
16 61
16 64
16 68
16 81
16 95
16 107
16 110
16 111
16 118
16 134
16 142
16 151
43 19
43 44
43 64
43 68
43 81
43 118
43 142
43 147
43 151
54 90
54 2
54 8
54 47
54 18
54 21
54 22
54 28
54 33
54 40
54 41
54 52
54 53
54 55
54 66
54 69
54 76
54 77
54 84
54 89
54 105
54 106
54 113
54 115
54 135
54 137
54 140
81 64
81 68
81 65
81 93
81 95
81 107
81 110
81 113
81 120
81 141
81 142
81 150
81 151
90 61
90 93
90 95
90 118
90 120
90 134
90 147
95 61
95 103
95 120
95 134
95 135
95 141
95 142
95 151
103 19
103 61
103 64
103 68
103 93
103 111
103 120
103 134
103 136
103 147
103 151
111 61
111 64
111 93
111 107
111 5
111 118
111 134
111 142
111 151
118 19
118 64
118 68
118 93
118 120
118 134
118 141
118 147
118 151
120 19
120 64
120 68
120 93
120 107
120 62
120 134
120 141
120 142
120 151
120 155
134 19
134 61
134 64
134 68
134 93
134 24
134 53
134 141
141 19
141 44
141 61
141 64
141 68
141 93
141 42
141 71
141 79
141 147
141 151
146 128
146 7
146 8
146 20
146 38
146 46
146 47
146 56
146 65
146 70
146 80
146 84
146 85
146 86
146 88
146 98
146 105
146 123
146 145
146 48
146 59
146 78
146 82
146 97
146 109
146 127
146 149
146 152
146 154
147 19
147 64
147 68
147 93
147 24
147 62
147 151
151 19
151 61
151 68
151 93
151 42
151 49
19 12
19 18
19 64
19 65
19 68
19 93
19 142
19 160
24 44
24 107
24 150
24 65
24 84
24 105
24 149
24 160
24 78
24 136
24 143
24 156
24 79
24 40
24 92
24 104
24 12
24 62
24 137
61 33
61 64
61 93
61 142
64 68
64 93
64 107
64 136
64 150
68 71
68 73
68 74
68 93
68 107
68 108
68 142
69 8
69 88
69 41
69 154
69 22
69 53
69 57
69 52
69 66
69 77
69 89
69 113
69 137
92 44
92 107
92 150
92 149
92 11
92 12
92 33
92 62
92 104
93 87
93 107
93 136
93 142
93 150
107 44
107 62
107 104
107 110
107 150
142 62
150 44
150 11
150 12
150 40
150 57
150 74
150 79
150 106
2 128
2 7
2 8
2 9
2 20
2 38
2 46
2 47
2 56
2 65
2 70
2 75
2 80
2 84
2 85
2 86
2 88
2 98
2 105
2 123
2 149
2 152
2 155
2 160
39 155
39 4
39 10
39 17
39 29
39 58
39 63
39 94
39 96
39 126
39 136
39 143
39 34
39 41
39 42
39 113
42 110
42 74
42 130
42 114
42 131
42 40
42 89
110 129
110 11
110 57
110 86
143 65
143 75
143 85
143 105
143 3
143 4
143 5
143 10
143 11
143 17
143 29
143 32
143 58
143 63
143 74
143 94
143 96
143 126
143 127
143 130
143 136
143 139
143 25
143 34
143 71
143 79
143 102
143 106
143 114
143 131
143 133
143 157
33 155
33 34
33 41
33 52
33 135
33 137
76 8
76 20
76 65
76 70
76 80
76 105
76 160
76 41
76 97
76 22
76 40
76 53
76 57
76 52
76 55
76 62
76 66
76 72
76 77
76 89
76 106
76 113
76 115
76 135
76 137
76 140
113 8
113 65
113 88
113 105
113 149
113 160
113 41
113 21
113 22
113 40
113 53
113 57
113 77
113 106
113 52
113 55
113 59
113 66
113 89
113 115
113 135
113 137
113 140
62 44
73 108
73 11
73 156
73 71
73 26
73 27
73 49
73 50
73 51
73 87
73 114
73 131
73 157
73 159
105 128
105 7
105 8
105 9
105 20
105 38
105 46
105 56
105 65
105 70
105 86
105 98
105 11
105 40
105 57
105 78
105 82
105 91
105 97
105 106
105 114
105 140
105 145
105 149
105 152
105 154
105 160
3 65
3 75
3 4
3 5
3 10
3 11
3 29
3 32
3 58
3 63
3 74
3 78
3 94
3 96
3 126
3 127
3 130
3 136
3 139
5 75
5 4
5 10
5 11
5 17
5 32
5 58
5 63
5 71
5 74
5 79
5 94
5 96
5 102
5 127
5 130
5 133
5 136
10 75
10 155
10 4
10 17
10 26
10 29
10 32
10 34
10 58
10 63
10 74
10 94
10 96
10 102
10 109
10 126
10 127
10 130
10 133
10 136
10 139
26 31
26 108
26 11
26 79
26 6
26 27
26 49
26 50
26 51
26 87
26 131
26 157
26 159
27 11
27 74
27 156
27 71
27 79
27 50
27 51
27 87
27 114
27 131
31 11
31 49
31 50
31 51
31 71
31 74
31 79
31 87
31 108
31 131
31 140
31 156
31 157
31 159
50 44
50 108
50 8
50 11
50 74
50 71
50 6
50 49
50 25
50 51
50 87
50 114
50 131
50 157
50 159
51 108
51 155
51 11
51 74
51 156
51 71
51 79
51 6
51 87
51 131
51 157
51 159
63 7
63 75
63 123
63 17
63 29
63 58
63 34
63 94
63 96
63 127
63 133
63 136
63 139
74 108
74 85
74 11
74 29
74 6
74 30
74 49
74 71
74 79
74 131
74 133
74 136
74 156
74 157
74 159
79 108
79 11
79 130
79 139
79 156
79 6
79 87
79 114
79 131
79 137
79 157
79 159
87 108
87 128
87 85
87 11
87 136
87 156
87 71
87 6
87 49
87 131
87 157
130 75
130 155
130 4
130 11
130 17
130 29
130 32
130 58
130 96
130 127
130 34
130 136
131 108
131 123
131 11
131 29
131 32
131 156
131 71
131 6
131 49
131 89
131 157
156 108
156 65
156 4
156 11
156 58
156 78
156 49
156 71
156 77
156 114
156 157
156 159
159 108
159 11
159 133
159 6
159 49
159 157
159 53
12 44
21 8
21 86
21 28
21 41
21 18
21 22
21 40
21 52
21 66
21 77
21 106
21 115
44 18
44 22
44 29
44 53
11 108
11 8
11 20
11 65
11 70
11 155
11 160
11 17
11 18
11 22
11 25
11 41
11 49
11 71
11 104
11 106
11 114
11 115
11 157
86 128
86 7
86 8
86 9
86 20
86 38
86 46
86 56
86 65
86 70
86 80
86 84
86 85
86 22
86 28
86 40
86 48
86 59
86 66
86 78
86 82
86 91
86 98
86 109
86 123
86 140
86 145
86 149
86 154
160 128
160 7
160 8
160 9
160 38
160 46
160 47
160 65
160 70
160 80
160 84
160 85
160 98
160 123
160 145
160 149
160 152
160 28
160 59
160 77
160 78
160 82
160 109
160 115
46 128
46 7
46 8
46 9
46 20
46 38
46 28
46 47
46 48
46 56
46 59
46 65
46 70
46 78
46 80
46 82
46 84
46 85
46 88
46 97
46 98
46 123
46 145
46 149
46 154
123 128
123 7
123 8
123 9
123 20
123 38
123 56
123 80
123 84
123 85
123 88
123 22
123 28
123 41
123 48
123 72
123 82
123 97
123 109
123 140
123 145
123 149
123 152
123 154
136 108
136 75
136 85
136 155
136 17
136 29
136 32
136 58
136 78
136 94
136 96
136 126
136 127
136 34
136 57
136 102
136 133
136 139
154 7
154 8
154 9
154 38
154 56
154 70
154 80
154 84
154 85
154 88
154 145
154 78
154 28
154 48
154 40
154 57
154 77
154 140
17 4
17 29
17 32
17 34
17 40
17 58
17 94
17 96
17 102
17 127
17 139
52 65
52 155
52 139
52 28
52 41
52 18
52 22
52 53
52 57
52 77
52 106
52 140
52 115
52 66
52 89
52 135
52 137
53 8
53 41
53 18
53 22
53 40
53 57
53 77
53 89
53 106
53 115
53 135
53 137
53 140
108 6
108 85
108 128
108 145
108 157
49 85
49 71
49 6
49 114
49 157
128 7
128 8
128 9
128 20
128 28
128 38
128 40
128 47
128 48
128 56
128 59
128 65
128 70
128 78
128 80
128 82
128 84
128 85
128 88
128 97
128 98
128 109
128 149
128 152
6 71
6 114
6 157
65 7
65 8
65 9
65 20
65 38
65 47
65 56
65 18
65 22
65 28
65 34
65 59
65 70
65 77
65 78
65 80
65 82
65 84
65 85
65 97
65 106
65 115
65 145
65 149
65 152
77 8
77 41
77 97
77 18
77 40
77 57
77 106
77 115
77 137
77 140
22 8
22 88
22 149
22 78
22 28
22 41
22 18
22 40
22 55
22 57
22 66
22 89
22 106
22 115
22 140
18 8
18 28
18 41
18 57
18 66
18 106
18 115
18 137
71 98
71 25
140 8
140 80
140 84
140 41
140 40
140 57
140 106
140 66
140 89
140 135
140 137
157 56
157 102
157 114
29 20
29 75
29 155
29 4
29 32
29 34
29 41
29 58
29 94
29 96
29 126
29 127
29 139
135 28
135 41
135 40
135 57
135 106
135 115
135 89
135 137
104 155
104 126
85 7
85 8
85 9
85 20
85 38
85 47
85 56
85 70
85 75
85 80
85 84
85 25
85 28
85 30
85 78
85 82
85 88
85 97
85 98
85 109
85 115
85 145
85 149
85 152
85 155
145 7
145 8
145 9
145 20
145 38
145 56
145 70
145 80
145 84
145 28
145 59
145 78
145 82
145 97
145 109
145 149
145 152
57 8
57 155
57 41
57 40
57 66
57 89
57 106
57 115
57 137
4 75
4 155
4 32
4 34
4 58
4 102
4 127
4 133
4 139
155 80
155 152
155 34
155 41
155 72
7 9
7 20
7 28
7 38
7 41
7 48
7 56
7 70
7 78
7 80
7 82
7 84
7 88
7 97
7 98
7 109
7 149
7 152
8 9
8 20
8 28
8 38
8 40
8 56
8 70
8 78
8 80
8 82
8 84
8 88
8 98
8 106
8 109
8 149
8 152
9 20
9 25
9 47
9 56
9 70
9 78
9 82
9 84
9 88
9 97
9 98
9 109
9 152
20 28
20 38
20 40
20 47
20 56
20 59
20 70
20 80
20 82
20 84
20 88
20 97
20 98
20 109
20 149
20 152
28 38
28 56
28 70
28 80
28 88
28 98
28 149
28 152
28 78
28 34
28 40
28 59
28 106
28 115
38 48
38 56
38 59
38 70
38 78
38 80
38 84
38 88
38 97
38 109
38 152
40 70
40 88
40 89
40 106
40 115
40 137
47 56
47 59
47 78
47 82
47 84
47 97
47 98
48 56
48 70
48 80
48 98
48 149
48 78
48 97
48 109
56 59
56 70
56 80
56 84
56 88
56 97
56 98
56 109
56 149
59 80
59 84
59 98
59 149
59 78
59 133
59 82
59 109
59 115
70 78
70 80
70 82
70 84
70 97
70 109
70 144
70 149
70 152
78 80
78 84
78 88
78 98
78 149
78 152
78 34
78 82
78 97
78 109
78 144
80 72
80 82
80 84
80 88
80 97
80 106
80 109
80 149
80 152
82 84
82 98
82 149
82 152
82 109
84 88
84 98
84 109
84 149
84 152
88 55
88 98
88 149
88 152
97 152
97 109
98 109
98 152
109 149
109 144
149 144
149 152
152 126
58 75
58 32
58 34
58 94
58 96
58 102
58 126
58 127
58 139
34 32
34 96
34 126
34 127
34 139
34 137
106 55
106 137
75 94
75 96
75 127
75 139
41 55
25 133
25 30
55 115
66 115
89 115
89 137
144 91
94 96
94 102
94 114
94 126
94 127
94 133
94 139
96 32
96 102
96 126
96 127
127 32
127 126
127 102
127 133
127 139
139 32
139 126
139 102
139 114
72 91
30 133
102 133
