456
847
200
492
45
414
365
827
238
348
517
887
914
608
503
558
682
426
294
178
779
548
256
708
600
231
932
49
496
272
675
556
14
859
490
110
622
233
183
386
561
48
618
204
632
856
816
177
764
327
102
606
278
65
449
483
235
1001
595
50
145
853
715
190
419
724
412
623
458
991
305
524
550
476
464
592
630
423
9
5
336
534
497
810
133
831
74
917
115
180
62
146
37
331
76
730
545
711
395
93
509
86
916
214
168
500
184
248
429
125
361
443
525
374
949
777
422
870
113
323
450
316
405
162
624
8
828
287
111
501
499
741
403
396
262
170
121
410
505
407
372
83
634
897
510
699
94
523
89
245
514
716
106
220
356
485
536
82
937
315
928
769
664
152
195
335
469
807
794
56
240
507
793
473
43
788
16
683
866
996
229
477
747
746
765
390
575
488
755
767
114
535
258
975
134
67
830
189
838
415
455
770
583
312
593
665
653
155
842
660
923
971
370
527
533
171
918
236
955
553
61
965
193
298
381
351
311
756
378
643
15
980
760
375
241
277
812
529
886
801
687
347
836
97
572
182
774
227
852
100
259
685
763
811
379
649
435
328
860
785
271
44
406
4
657
118
757
24
398
930
800
293
639
275
486
868
540
817
795
321
409
437
187
635
197
633
399
654
47
439
964
167
330
790
263
296
324
216
472
515
802
88
60
568
201
147
166
59
303
688
188
85
52
169
894
253
205
144
20
357
787
274
32
73
614
846
700
722
648
7
300
202
432
727
566
11
244
368
582
137
739
819
910
745
322
420
885
140
605
203
3
869
598
694
776
808
690
181
670
42
211
2
909
854
194
637
475
71
513
219
656
192
264
489
659
213
530
27
491
36
962
225
610
537
376
309
377
239
640
418
573
417
124
90
482
902
844
663
1002
840
364
873
783
652
421
366
581
438
944
129
359
176
304
153
494
628
978
641
400
479
570
576
17
912
796
434
310
603
821
845
569
104
354
673
638
46
995
53
161
385
862
602
597
541
157
212
295
974
465
616
424
199
301
232
12
382
340
863
778
636
75
337
288
0
117
596
308
81
283
401
832
704
580
782
57
861
698
433
723
611
105
116
369
470
560
68
466
158
562
447
333
478
373
725
835
112
907
123
284
754
160
737
