0 1
0 8
0 11
0 14
0 22
0 29
0 34
0 37
0 41
0 47
0 48
0 53
0 57
0 61
0 69
0 73
0 76
0 77
0 81
0 82
0 86
0 89
0 90
0 92
0 94
0 96
0 97
0 105
0 127
0 134
0 137
0 147
0 148
1 8
1 11
1 14
1 22
1 29
1 34
1 37
1 48
1 53
1 57
1 61
1 63
1 67
1 73
1 76
1 82
1 86
1 89
1 92
1 94
1 96
1 97
1 104
1 105
1 110
1 137
1 154
2 7
2 9
2 10
2 32
2 39
2 88
2 102
2 108
2 118
2 130
2 147
2 158
2 161
3 26
3 36
3 42
3 43
3 44
3 50
3 56
3 62
3 71
3 74
3 78
3 83
3 88
3 107
3 115
3 117
3 128
3 130
3 141
3 142
3 143
3 147
3 149
3 153
3 157
4 16
4 17
4 21
4 27
4 28
4 30
4 65
4 68
4 70
4 72
4 80
4 98
4 100
4 103
4 111
4 123
4 126
4 131
4 140
4 141
4 158
5 34
5 40
5 77
5 91
5 95
5 121
5 139
5 151
5 156
6 17
6 28
6 46
6 49
6 65
6 68
6 72
6 98
6 123
6 131
6 133
6 138
6 140
6 160
7 20
7 30
7 36
7 52
7 70
7 99
7 103
7 110
7 113
7 116
7 125
7 128
7 143
7 144
7 159
7 162
8 11
8 20
8 22
8 29
8 34
8 41
8 48
8 50
8 53
8 57
8 61
8 63
8 67
8 69
8 73
8 81
8 82
8 86
8 92
8 94
8 97
8 104
8 105
8 109
8 120
8 127
8 134
8 147
8 148
9 10
9 32
9 39
9 42
9 52
9 61
9 78
9 88
9 93
9 102
9 118
9 122
9 130
9 132
9 142
9 147
9 158
9 161
10 23
10 32
10 39
10 45
10 62
10 88
10 108
10 118
10 130
10 132
10 136
10 147
10 157
10 158
10 161
11 14
11 21
11 29
11 37
11 41
11 47
11 48
11 53
11 57
11 59
11 61
11 63
11 67
11 69
11 73
11 76
11 82
11 87
11 92
11 97
11 104
11 105
11 134
11 147
11 153
12 13
12 19
12 25
12 38
12 103
12 106
12 115
12 117
12 124
12 128
12 130
12 136
12 142
12 145
12 153
12 155
12 158
13 19
13 23
13 25
13 32
13 38
13 54
13 75
13 78
13 88
13 103
13 106
13 114
13 129
13 130
13 143
13 153
13 158
14 22
14 29
14 34
14 37
14 41
14 48
14 53
14 57
14 61
14 63
14 76
14 81
14 82
14 86
14 89
14 94
14 97
14 104
14 120
14 134
14 137
14 142
15 20
15 24
15 30
15 35
15 36
15 52
15 70
15 72
15 99
15 110
15 113
15 116
15 125
15 143
15 144
15 159
16 17
16 46
16 60
16 65
16 68
16 72
16 98
16 111
16 123
16 131
16 140
17 21
17 27
17 28
17 41
17 46
17 49
17 52
17 54
17 55
17 68
17 72
17 80
17 86
17 99
17 100
17 116
17 123
17 126
17 131
17 133
17 135
17 138
17 140
17 160
17 162
18 31
18 38
18 56
18 60
18 73
18 90
18 96
18 100
18 101
18 103
18 112
18 115
18 141
18 142
18 146
18 147
18 158
19 23
19 25
19 38
19 45
19 78
19 103
19 106
19 129
19 153
19 155
19 158
20 30
20 36
20 43
20 44
20 46
20 52
20 70
20 74
20 99
20 103
20 110
20 112
20 113
20 116
20 133
20 142
20 143
20 144
20 145
20 147
20 159
21 27
21 28
21 31
21 34
21 37
21 46
21 49
21 55
21 61
21 65
21 67
21 68
21 72
21 80
21 98
21 111
21 126
21 131
21 133
21 134
21 135
21 138
21 140
21 151
21 160
21 162
22 29
22 34
22 37
22 41
22 48
22 53
22 57
22 61
22 67
22 69
22 76
22 86
22 89
22 92
22 96
22 97
22 105
22 137
22 148
22 154
22 156
23 25
23 38
23 45
23 54
23 75
23 103
23 106
23 114
23 122
23 124
23 128
23 129
23 136
23 141
23 146
23 147
23 153
23 155
23 157
23 161
24 30
24 35
24 36
24 70
24 72
24 99
24 110
24 143
24 144
25 38
25 45
25 54
25 75
25 84
25 88
25 103
25 106
25 124
25 128
25 129
25 130
25 141
25 153
25 155
25 161
26 42
26 50
26 62
26 71
26 74
26 78
26 83
26 101
26 107
26 115
26 117
26 128
26 141
26 142
26 145
26 149
26 152
26 153
26 155
27 28
27 46
27 49
27 55
27 63
27 65
27 66
27 68
27 72
27 80
27 98
27 123
27 125
27 126
27 131
27 133
27 135
27 138
27 140
27 160
27 162
28 46
28 49
28 50
28 55
28 65
28 68
28 72
28 80
28 98
28 101
28 105
28 121
28 123
28 126
28 131
28 133
28 135
28 138
28 140
28 160
28 162
29 34
29 37
29 41
29 47
29 48
29 53
29 61
29 63
29 67
29 73
29 76
29 79
29 81
29 82
29 86
29 89
29 92
29 94
29 96
29 97
29 105
29 120
29 134
29 148
29 154
30 36
30 51
30 52
30 60
30 70
30 83
30 99
30 100
30 105
30 110
30 113
30 115
30 116
30 125
30 127
30 143
30 144
30 159
31 56
31 60
31 72
31 85
31 90
31 93
31 100
31 101
31 123
31 131
31 143
31 146
32 34
32 39
32 44
32 88
32 102
32 103
32 106
32 114
32 130
32 132
32 147
32 157
32 158
32 161
33 34
33 47
33 53
33 58
33 66
33 77
33 79
33 87
33 89
33 91
33 93
33 95
33 96
33 109
33 119
33 121
33 133
33 139
33 150
33 151
33 152
33 154
33 156
34 37
34 47
34 48
34 53
34 57
34 61
34 63
34 66
34 67
34 69
34 73
34 81
34 82
34 86
34 88
34 89
34 92
34 94
34 96
34 97
34 104
34 105
34 120
34 121
34 134
34 137
34 148
34 154
34 156
35 36
35 99
35 143
36 52
36 62
36 70
36 87
36 99
36 110
36 112
36 113
36 116
36 125
36 140
36 143
36 144
36 159
37 41
37 47
37 48
37 53
37 57
37 61
37 63
37 66
37 67
37 69
37 73
37 76
37 81
37 82
37 86
37 89
37 92
37 96
37 97
37 105
37 137
38 45
38 54
38 60
38 75
38 103
38 114
38 124
38 129
38 141
38 153
38 155
38 158
39 102
39 118
39 128
39 130
39 132
39 147
39 157
39 158
39 161
40 66
40 74
40 77
40 91
40 95
40 121
40 139
40 156
41 44
41 48
41 53
41 57
41 61
41 63
41 66
41 67
41 68
41 69
41 70
41 73
41 76
41 79
41 81
41 82
41 86
41 87
41 89
41 94
41 96
41 97
41 104
41 105
41 107
41 109
41 112
41 119
41 120
41 126
41 127
41 134
41 142
41 148
41 150
41 154
41 156
42 43
42 44
42 62
42 63
42 66
42 71
42 74
42 78
42 80
42 84
42 88
42 101
42 104
42 107
42 112
42 115
42 121
42 130
42 141
42 142
42 153
42 156
42 157
43 44
43 50
43 62
43 71
43 74
43 78
43 83
43 88
43 107
43 115
43 122
43 132
43 141
43 142
43 149
43 153
44 50
44 54
44 62
44 71
44 74
44 78
44 83
44 88
44 91
44 107
44 115
44 117
44 122
44 141
44 142
44 149
44 152
44 153
45 54
45 64
45 82
45 114
45 116
45 128
45 136
45 141
45 145
45 146
45 153
45 155
46 49
46 52
46 65
46 68
46 72
46 80
46 98
46 100
46 108
46 116
46 123
46 126
46 131
46 133
46 138
46 140
46 141
46 160
46 162
47 53
47 58
47 76
47 79
47 81
47 86
47 87
47 92
47 104
47 105
47 109
47 119
47 150
47 151
47 152
48 53
48 57
48 61
48 63
48 69
48 76
48 81
48 82
48 86
48 89
48 92
48 97
48 104
48 105
48 133
48 134
48 137
48 148
48 154
49 52
49 55
49 65
49 68
49 72
49 80
49 98
49 100
49 116
49 123
49 126
49 131
49 133
49 135
49 138
49 140
49 141
49 160
49 162
50 62
50 74
50 83
50 87
50 105
50 107
50 112
50 115
50 117
50 122
50 134
50 135
50 141
50 146
50 147
50 149
50 153
50 161
51 52
51 96
51 110
51 113
51 116
51 125
51 131
51 143
51 144
51 154
51 162
52 54
52 55
52 62
52 65
52 70
52 72
52 87
52 88
52 99
52 109
52 110
52 113
52 116
52 125
52 131
52 132
52 138
52 139
52 141
52 143
52 144
52 147
52 149
52 156
53 57
53 61
53 67
53 69
53 73
53 76
53 81
53 82
53 86
53 89
53 92
53 94
53 97
53 104
53 105
53 120
53 121
53 134
53 137
53 148
53 150
53 151
53 152
54 62
54 74
54 84
54 109
54 116
54 124
54 128
54 136
54 141
54 145
54 147
54 153
54 155
55 65
55 68
55 72
55 75
55 98
55 100
55 123
55 125
55 126
55 131
55 133
55 135
55 138
55 140
55 141
55 147
55 148
55 162
56 59
56 60
56 64
56 85
56 90
56 93
56 101
56 112
56 135
56 146
57 61
57 67
57 69
57 73
57 76
57 81
57 86
57 89
57 92
57 94
57 96
57 97
57 104
57 105
57 109
57 127
57 134
57 137
58 79
58 87
58 94
58 109
58 119
58 152
59 60
59 101
59 112
59 114
59 146
60 64
60 68
60 70
60 94
60 100
60 103
60 108
60 110
60 112
60 142
60 146
60 153
61 63
61 76
61 81
61 82
61 86
61 88
61 92
61 96
61 97
61 120
61 127
61 134
61 137
61 154
62 71
62 74
62 78
62 83
62 87
62 88
62 93
62 96
62 100
62 103
62 107
62 115
62 117
62 122
62 128
62 134
62 141
62 142
62 149
62 152
62 153
63 67
63 69
63 73
63 76
63 81
63 82
63 86
63 89
63 92
63 94
63 97
63 104
63 105
63 116
63 120
63 127
63 134
63 139
63 148
63 150
63 151
63 154
63 158
64 93
64 101
64 146
65 68
65 72
65 80
65 100
65 123
65 131
65 133
65 135
65 138
65 140
65 141
65 151
65 160
65 162
66 73
66 74
66 89
66 91
66 101
66 121
66 139
66 156
67 69
67 81
67 82
67 87
67 89
67 92
67 94
67 96
67 97
67 104
67 105
67 109
67 120
67 127
67 134
67 139
67 148
67 158
68 72
68 80
68 88
68 98
68 100
68 111
68 123
68 126
68 131
68 133
68 135
68 136
68 138
68 140
68 141
68 145
68 162
69 73
69 76
69 81
69 82
69 92
69 94
69 96
69 97
69 98
69 104
69 105
69 120
69 127
69 134
69 137
69 147
69 148
69 153
69 154
69 158
70 99
70 100
70 110
70 113
70 116
70 127
70 143
70 144
70 159
71 74
71 78
71 83
71 88
71 107
71 115
71 122
71 141
71 142
71 149
71 151
71 153
71 157
72 80
72 98
72 100
72 111
72 123
72 126
72 131
72 133
72 135
72 138
72 140
72 152
72 160
72 162
73 81
73 82
73 86
73 89
73 92
73 94
73 96
73 97
73 105
73 120
73 127
73 134
73 142
73 148
74 78
74 83
74 88
74 107
74 115
74 122
74 132
74 141
74 142
74 149
75 84
75 103
75 114
75 129
75 141
75 153
75 155
76 81
76 89
76 91
76 92
76 97
76 104
76 105
76 137
77 79
77 82
77 89
77 91
77 95
77 119
77 121
77 139
77 156
78 83
78 88
78 103
78 107
78 115
78 117
78 122
78 130
78 134
78 136
78 141
78 142
78 149
78 153
78 155
79 87
79 104
79 105
79 109
79 112
79 119
79 141
79 151
79 152
79 156
80 98
80 100
80 123
80 126
80 131
80 133
80 135
80 138
80 140
80 146
80 160
80 162
81 82
81 89
81 92
81 94
81 96
81 97
81 104
81 105
81 120
81 127
81 134
81 137
81 139
81 148
81 154
82 86
82 89
82 92
82 94
82 96
82 97
82 104
82 105
82 120
82 127
82 134
82 139
82 148
82 151
82 154
83 88
83 94
83 107
83 115
83 117
83 122
83 128
83 132
83 139
83 141
83 142
83 149
83 153
84 88
84 106
84 114
84 118
84 124
84 128
84 129
84 136
84 145
84 153
84 161
85 101
86 89
86 92
86 96
86 97
86 104
86 105
86 120
86 127
86 131
86 137
87 96
87 109
87 116
87 119
87 134
87 135
87 147
87 150
87 151
87 152
87 162
88 93
88 102
88 104
88 105
88 106
88 107
88 115
88 118
88 122
88 123
88 130
88 136
88 141
88 142
88 146
88 147
88 149
88 153
88 157
88 161
89 91
89 92
89 94
89 95
89 96
89 104
89 105
89 119
89 120
89 127
89 134
89 137
89 139
89 148
89 152
89 154
89 156
90 93
90 101
90 112
91 95
91 96
91 119
91 121
91 139
91 151
91 152
91 154
91 156
91 160
92 94
92 96
92 97
92 104
92 105
92 120
92 134
92 137
92 148
93 112
93 121
93 123
93 146
94 96
94 104
94 105
94 115
94 120
94 127
94 134
94 148
94 152
94 154
94 158
94 162
95 119
95 121
95 139
96 97
96 104
96 105
96 116
96 119
96 120
96 125
96 137
96 139
96 141
96 148
96 152
96 154
96 156
97 104
97 105
97 137
97 148
98 100
98 111
98 131
98 133
98 135
98 140
98 159
99 110
99 113
99 143
99 144
100 131
100 133
100 135
100 140
100 159
100 160
101 112
101 134
101 142
101 146
102 108
102 130
102 132
102 157
102 158
102 161
103 107
103 112
103 114
103 124
103 128
103 130
103 132
103 141
103 142
103 145
103 153
103 155
103 158
104 105
104 115
104 116
104 120
104 134
104 137
104 148
104 151
104 152
104 154
104 156
105 116
105 120
105 127
105 134
105 137
105 151
105 154
106 128
106 129
107 115
107 117
107 122
107 141
107 142
107 149
108 132
108 145
109 119
109 120
109 151
109 152
110 113
110 116
110 130
110 140
110 143
110 144
110 153
111 123
111 133
111 140
112 128
112 135
112 142
112 146
112 158
113 116
113 133
113 140
113 142
113 143
113 144
113 159
114 128
114 136
114 145
114 153
115 117
115 122
115 132
115 141
115 142
115 147
115 149
116 125
116 128
116 131
116 141
116 143
116 144
116 153
116 154
116 156
116 157
117 122
117 128
117 141
117 147
117 155
118 124
118 130
118 132
118 147
118 148
118 157
118 158
119 125
119 126
119 139
119 150
119 151
119 152
119 154
120 127
120 128
120 134
120 139
120 141
120 147
120 148
120 154
121 136
121 139
121 151
122 141
122 142
122 145
122 146
122 147
122 149
122 153
123 131
123 133
123 135
123 138
123 140
123 160
124 128
124 141
124 145
124 153
125 143
125 144
125 154
125 156
125 162
126 131
126 133
126 135
126 138
126 140
126 160
126 162
127 134
127 148
127 151
127 154
128 140
128 141
128 145
128 153
128 161
129 130
129 155
130 132
130 147
130 149
130 153
130 156
130 157
130 158
130 161
131 133
131 135
131 138
131 139
131 140
131 158
131 159
131 160
131 162
132 147
132 149
132 157
132 158
132 161
133 135
133 138
133 140
133 144
133 162
134 148
134 154
135 140
135 160
135 162
136 141
136 145
136 153
136 155
138 140
138 160
138 162
139 154
139 156
140 160
140 162
141 142
141 147
141 149
141 153
141 154
141 155
142 149
142 151
142 153
142 156
142 158
143 144
143 159
144 159
145 153
145 155
146 147
146 153
147 153
147 156
147 157
147 158
147 161
148 154
148 156
150 151
150 152
150 156
151 152
152 154
152 156
152 158
153 155
153 158
154 156
157 158
157 161
159 162
