0 35
0 48
0 64
0 163
35 28
35 1
35 45
35 48
35 64
35 66
35 85
35 88
35 93
35 101
35 105
35 107
35 115
35 125
35 126
35 135
35 148
35 150
35 151
35 163
35 190
35 191
35 194
48 28
48 1
48 13
48 51
48 60
48 63
48 64
48 66
48 69
48 87
48 92
48 97
48 101
48 105
48 107
48 115
48 116
48 125
48 126
48 128
48 146
48 148
48 163
48 165
48 191
48 194
64 28
64 4
64 38
64 45
64 60
64 66
64 85
64 88
64 97
64 105
64 107
64 115
64 125
64 126
64 148
64 163
64 190
163 28
163 70
163 101
163 1
163 19
163 58
163 60
163 63
163 66
163 69
163 76
163 78
163 80
163 85
163 88
163 92
163 97
163 105
163 115
163 126
163 130
163 141
163 146
163 148
163 164
163 165
163 191
163 194
28 4
28 66
28 75
28 85
28 87
28 89
28 107
28 108
28 115
28 125
28 126
28 131
28 148
28 191
28 194
4 125
4 66
4 92
4 107
4 115
4 150
4 151
4 190
4 191
4 194
4 5
4 18
4 34
4 41
4 51
4 63
4 69
4 78
4 116
4 117
4 121
4 123
4 127
4 128
4 134
4 139
4 141
4 143
4 168
4 177
4 180
4 182
66 125
66 1
66 58
66 3
66 5
66 13
66 76
66 85
66 88
66 97
66 115
66 131
66 139
66 141
66 148
66 165
66 191
75 85
75 27
75 153
75 123
75 98
75 169
75 96
75 130
75 11
75 16
75 55
85 101
85 125
85 1
85 45
85 7
85 13
85 18
85 19
85 21
85 60
85 62
85 80
85 87
85 93
85 97
85 107
85 109
85 115
85 123
85 126
85 135
85 150
85 151
85 160
85 165
85 169
85 191
85 194
87 125
87 1
87 45
87 5
87 47
87 50
87 65
87 100
87 109
87 121
87 126
87 135
87 148
87 168
87 176
87 184
87 187
87 192
89 112
89 180
89 10
89 32
89 68
89 162
89 179
89 67
89 91
89 114
89 132
89 161
89 25
89 44
89 49
89 50
89 52
89 102
89 118
107 101
107 125
107 1
107 88
107 92
107 3
107 19
107 25
107 27
107 38
107 41
107 44
107 47
107 51
107 53
107 55
107 62
107 63
107 69
107 72
107 76
107 78
107 100
107 108
107 116
107 117
107 126
107 127
107 128
107 131
107 135
107 143
107 149
107 150
107 151
107 169
107 175
107 177
107 183
107 184
107 190
107 192
108 58
108 92
108 97
108 126
108 150
108 194
108 122
108 5
108 18
108 34
108 41
108 63
108 78
108 26
108 38
108 47
108 80
108 109
108 116
108 128
108 134
108 139
108 141
108 149
108 157
108 176
108 177
108 180
108 182
108 184
108 192
115 1
115 45
115 58
115 97
115 76
115 126
115 133
115 146
115 148
115 168
115 176
115 179
115 184
115 191
115 194
125 101
125 1
125 5
125 11
125 13
125 60
125 62
125 63
125 67
125 69
125 76
125 88
125 97
125 105
125 126
125 132
125 144
125 146
125 148
125 165
125 180
125 194
126 101
126 1
126 58
126 97
126 105
126 10
126 11
126 13
126 24
126 25
126 60
126 63
126 69
126 109
126 110
126 143
126 171
126 191
126 192
126 194
131 92
131 151
131 194
131 15
131 18
131 34
131 51
131 63
131 69
131 76
131 116
131 117
131 127
131 128
131 134
131 139
131 141
131 143
131 180
131 192
131 173
131 50
131 38
131 171
148 101
148 1
148 58
148 88
148 105
148 6
148 13
148 60
148 121
148 150
148 165
148 191
191 101
191 58
191 88
191 97
191 105
191 3
191 60
191 165
191 184
194 1
194 45
194 97
194 151
194 190
194 19
194 25
194 34
194 38
194 44
194 47
194 51
194 62
194 63
194 65
194 69
194 76
194 78
194 109
194 112
194 116
194 117
194 128
194 132
194 135
194 143
194 149
194 177
194 180
194 181
194 185
194 192
1 101
1 45
1 58
1 92
1 97
1 105
1 120
1 146
1 150
1 188
1 190
45 5
45 76
45 80
45 92
45 93
45 135
45 158
45 182
45 192
88 101
88 58
88 13
88 47
88 51
88 60
88 69
88 97
88 146
88 165
93 120
93 6
93 8
93 62
93 159
93 195
93 5
93 79
93 10
93 12
93 14
93 29
93 44
93 55
93 57
93 67
93 68
93 71
93 80
93 83
93 94
93 95
93 96
93 99
93 110
93 114
93 124
93 142
93 145
93 147
93 154
93 162
93 167
93 169
93 170
93 173
93 179
101 13
101 58
101 60
101 65
101 92
101 146
101 180
105 58
105 3
105 6
135 5
135 76
135 78
135 182
135 53
135 100
135 19
135 25
135 26
135 158
135 176
135 192
150 97
150 3
150 13
150 18
150 19
150 24
150 26
150 34
150 47
150 60
150 63
150 69
150 76
150 78
150 96
150 114
150 116
150 117
150 128
150 132
150 133
150 134
150 141
150 151
150 165
150 177
150 180
150 190
151 92
151 18
151 25
151 34
151 38
151 41
151 51
151 63
151 76
151 128
151 141
151 180
151 184
151 190
151 192
190 92
190 18
190 26
190 38
190 41
190 51
190 63
190 69
190 76
190 116
190 117
190 127
190 128
190 141
13 97
13 146
13 69
13 139
13 176
13 187
51 92
51 41
51 26
51 38
51 47
51 69
51 76
51 116
51 117
51 127
51 128
51 139
51 141
51 143
51 180
60 58
60 146
60 24
60 164
60 81
60 32
60 132
60 165
63 92
63 146
63 122
63 112
63 18
63 34
63 41
63 19
63 38
63 78
63 80
63 116
63 134
63 141
63 143
63 166
63 177
69 92
69 97
69 146
69 41
69 26
69 38
69 47
69 53
69 65
69 109
69 116
69 127
69 128
69 134
69 139
69 141
69 143
69 177
69 180
92 16
92 18
92 25
92 26
92 27
92 34
92 47
92 65
92 76
92 78
92 117
92 127
92 128
92 139
92 143
92 180
97 58
97 146
116 41
116 117
116 128
116 134
116 141
116 149
128 18
128 34
128 76
128 127
128 26
128 134
128 139
128 141
128 143
128 177
128 180
128 184
146 41
146 47
165 78
165 32
165 138
165 91
165 130
165 44
38 18
38 78
38 117
38 134
38 141
38 143
38 98
38 169
70 2
70 9
70 22
70 54
70 86
70 104
70 113
70 130
70 155
70 161
70 166
70 169
70 172
70 174
70 185
2 15
2 27
2 46
2 119
2 122
2 137
9 23
9 174
9 54
9 130
9 185
9 17
9 20
9 22
9 59
9 86
9 90
9 104
9 113
9 155
9 172
22 174
22 82
22 130
22 17
22 59
22 166
22 172
54 65
54 17
54 82
54 86
54 95
54 104
54 155
54 185
86 106
86 82
86 130
86 59
86 155
104 27
104 181
104 82
104 130
104 161
104 17
104 20
104 59
104 90
104 42
104 55
104 74
104 155
104 183
113 144
113 98
113 169
113 130
113 185
113 17
113 155
113 166
113 172
130 15
130 111
130 184
130 7
130 43
130 68
130 169
130 17
130 20
130 42
130 55
130 90
130 133
130 155
155 122
155 144
155 18
155 106
155 82
155 91
155 17
155 20
155 59
155 42
155 172
161 120
161 188
161 78
161 184
161 7
161 14
161 68
161 80
161 98
161 110
161 138
161 179
161 67
161 91
161 114
161 132
161 154
161 17
161 25
161 40
161 44
161 49
161 50
161 52
161 57
161 118
161 133
161 147
161 157
161 171
161 172
166 24
166 160
166 174
166 176
166 71
166 83
166 185
166 20
166 59
166 90
166 172
169 120
169 15
169 27
169 6
169 8
169 112
169 152
169 160
169 34
169 117
169 123
169 7
169 72
169 98
169 106
169 11
169 16
169 33
169 39
169 55
169 124
169 172
169 183
169 189
172 153
172 17
172 20
174 15
174 27
174 37
174 122
174 3
174 6
174 23
174 62
174 73
174 144
174 152
174 153
174 159
174 160
174 11
174 18
174 21
174 56
174 123
174 175
174 178
174 181
174 189
185 8
185 62
185 10
185 17
185 20
185 55
185 57
185 59
185 74
65 122
65 121
65 168
65 182
65 184
65 176
65 179
65 187
65 192
180 112
180 18
180 34
180 41
180 76
180 117
180 139
180 143
180 177
180 90
180 106
180 109
180 176
180 186
180 192
5 53
5 81
5 100
5 109
5 121
5 123
5 139
5 168
5 176
5 182
5 184
5 187
5 192
11 27
11 8
11 112
11 164
11 72
11 98
11 106
11 138
11 189
11 30
11 33
11 39
11 55
11 183
62 15
62 122
62 3
62 6
62 8
62 23
62 18
62 21
62 56
62 57
62 61
62 73
62 76
62 77
62 111
62 112
62 123
62 144
62 152
62 153
62 164
62 175
62 181
67 120
67 188
67 7
67 14
67 32
67 68
67 138
67 162
67 179
67 17
67 25
67 29
67 40
67 44
67 49
67 50
67 52
67 57
67 74
67 84
67 91
67 102
67 114
67 118
67 133
67 145
67 147
67 157
67 171
67 186
76 6
76 34
76 41
76 47
76 78
76 80
76 117
76 127
76 139
76 143
132 120
132 15
132 164
132 123
132 7
132 10
132 14
132 32
132 68
132 110
132 138
132 162
132 114
132 25
132 40
132 44
132 57
132 74
132 102
132 133
132 157
132 186
132 193
144 122
144 137
144 3
144 6
144 8
144 23
144 111
144 112
144 21
144 43
144 56
144 61
144 98
144 153
144 160
144 181
19 182
19 184
19 53
19 81
19 100
19 109
19 192
19 32
19 95
78 34
78 41
78 47
78 117
78 134
78 139
78 149
80 15
80 6
80 159
80 195
80 79
80 7
80 12
80 14
80 21
80 36
80 68
80 39
80 57
80 83
80 94
80 99
80 124
80 140
80 142
80 147
80 154
80 156
80 162
80 170
80 173
141 34
141 117
141 139
141 47
141 143
141 158
141 176
164 15
164 37
164 119
164 137
164 24
164 73
164 159
164 42
164 44
164 90
164 98
164 106
164 123
164 124
164 138
164 156
164 173
164 175
164 182
120 6
120 7
120 14
120 23
120 25
120 29
120 32
120 44
120 50
120 68
120 74
120 91
120 110
120 114
120 118
120 119
120 133
120 156
120 157
120 171
120 179
120 186
120 188
120 193
188 10
188 29
188 32
188 44
188 57
188 138
188 162
188 171
188 179
188 186
158 182
158 81
158 100
158 109
158 187
182 15
182 121
182 168
182 53
182 81
182 100
182 184
182 192
192 152
192 160
192 34
192 121
192 168
192 184
192 81
192 109
192 176
192 103
3 122
3 6
3 8
3 23
3 24
3 73
3 77
3 112
3 152
3 159
3 160
3 175
139 18
139 34
139 41
139 47
139 53
139 143
139 176
7 15
7 79
7 12
7 14
7 32
7 68
7 71
7 82
7 91
7 95
7 96
7 99
7 114
7 124
7 140
7 142
7 145
7 154
7 167
7 170
7 173
7 179
7 186
7 193
18 160
18 175
18 25
18 26
18 34
18 117
18 134
18 177
18 193
21 15
21 122
21 6
21 8
21 23
21 24
21 73
21 111
21 112
21 152
21 153
21 159
21 175
21 181
21 195
21 55
21 61
21 178
109 121
109 81
109 100
109 176
109 187
123 27
123 122
123 16
123 26
123 33
123 39
123 55
123 68
123 72
123 98
123 102
123 106
123 124
123 143
123 183
123 189
160 15
160 6
160 8
160 23
160 77
160 112
160 152
160 153
160 56
160 91
160 106
47 153
47 41
47 117
47 127
47 134
47 143
47 177
50 10
50 14
50 32
50 68
50 138
50 162
50 179
50 91
50 193
50 25
50 40
50 44
50 49
50 57
50 102
50 118
50 157
100 122
100 34
100 121
100 168
100 53
100 81
100 32
121 117
121 53
121 143
121 168
121 176
121 184
121 187
168 195
168 176
168 184
168 187
176 184
176 81
184 34
184 81
187 23
16 27
16 72
16 98
16 106
16 189
16 95
16 30
16 33
16 39
16 55
16 183
25 23
25 10
25 32
25 138
25 162
25 179
25 114
25 186
25 17
25 26
25 44
25 49
25 52
25 57
25 102
25 157
26 27
26 34
26 41
26 117
26 134
26 143
26 177
26 53
26 149
27 33
27 53
27 72
27 98
27 106
27 152
27 153
34 6
34 143
34 177
117 111
117 41
117 127
117 134
117 143
117 149
117 177
127 23
127 41
127 33
127 134
127 177
143 41
143 36
143 149
6 15
6 37
6 46
6 122
6 8
6 12
6 23
6 24
6 32
6 36
6 43
6 56
6 61
6 68
6 73
6 98
6 106
6 110
6 111
6 112
6 175
6 178
6 181
41 159
41 94
41 134
41 177
44 10
44 56
44 68
44 110
44 138
44 179
44 114
44 29
44 40
44 49
44 52
44 57
44 74
44 102
44 133
44 157
44 171
53 177
53 81
55 153
55 175
55 72
55 30
55 33
55 183
72 68
72 33
72 39
72 98
72 106
72 183
72 186
72 189
149 177
175 15
175 46
175 122
175 24
175 73
175 77
175 112
175 43
175 178
175 181
177 24
177 134
183 37
183 153
183 98
183 106
183 39
133 32
133 68
133 138
133 162
133 186
133 49
133 52
133 118
133 157
133 33
133 171
179 10
179 32
179 68
179 110
179 49
179 74
179 91
179 102
179 114
179 170
179 186
14 159
14 79
14 10
14 12
14 29
14 32
14 57
14 68
14 94
14 95
14 99
14 110
14 124
14 140
14 145
14 154
14 157
14 170
14 173
14 186
14 193
23 8
23 33
23 73
23 102
23 111
23 112
23 153
23 181
29 195
29 79
29 10
29 12
29 162
29 71
29 91
29 96
29 99
29 124
29 142
29 145
29 154
29 186
29 193
29 49
29 147
29 157
32 46
32 137
32 159
32 195
32 10
32 40
32 68
32 74
32 90
32 91
32 102
32 110
32 114
32 118
32 138
32 157
32 162
32 170
32 171
32 173
32 186
68 10
68 40
68 52
68 74
68 91
68 102
68 110
68 118
68 162
68 186
74 10
74 110
74 138
74 91
74 114
74 17
74 40
74 49
74 52
74 57
74 102
74 147
74 157
74 171
91 10
91 110
91 138
91 162
91 49
91 52
91 102
91 114
91 171
91 186
110 10
110 49
110 52
110 57
110 102
110 118
110 138
110 162
110 171
110 186
114 10
114 12
114 138
114 95
114 31
114 40
114 52
114 102
114 156
114 157
114 167
114 171
114 186
118 10
118 138
118 162
118 31
118 40
118 49
118 57
118 157
118 171
119 15
119 37
119 43
119 153
156 15
156 24
156 159
156 195
156 79
156 12
156 71
156 94
156 96
156 99
156 124
156 140
156 145
156 154
156 167
156 17
156 84
156 147
157 159
157 10
157 138
157 162
157 186
157 31
157 49
157 52
157 57
157 102
157 42
171 49
171 57
171 30
186 79
186 10
186 12
186 162
186 95
186 154
186 102
193 159
193 12
193 95
193 96
193 57
193 84
10 12
10 17
10 40
10 49
10 52
10 90
10 102
10 138
10 162
24 122
24 8
24 42
24 73
24 77
24 90
24 106
24 111
24 112
24 124
24 152
24 153
24 159
24 181
96 159
96 195
96 79
96 12
96 138
96 71
96 83
96 94
96 84
96 90
96 99
96 140
96 142
96 145
96 167
96 173
57 138
57 162
57 167
57 49
57 102
138 49
138 102
162 31
162 52
162 102
162 124
162 147
112 122
112 73
112 77
112 111
112 61
112 152
112 153
112 181
181 15
181 8
181 73
181 152
181 153
181 39
181 61
15 8
15 36
15 37
15 43
15 73
15 77
15 90
15 94
15 106
15 122
15 137
15 152
15 178
46 43
46 136
46 137
122 8
122 33
122 39
122 73
122 77
122 152
122 178
122 195
137 36
137 43
137 124
8 37
8 61
8 73
8 77
8 106
8 111
8 152
36 37
36 43
37 43
77 56
77 61
77 79
77 152
90 94
90 17
90 59
90 42
94 159
94 195
94 79
94 71
94 83
94 20
94 49
94 84
94 95
94 124
94 140
94 145
94 147
94 170
106 30
106 189
152 111
152 39
152 56
152 61
152 142
152 153
152 178
178 153
178 136
33 98
98 173
98 189
153 111
153 61
136 83
39 56
39 189
39 170
195 159
195 12
195 71
195 83
195 84
195 95
195 99
195 124
195 140
195 145
195 167
195 170
195 173
124 159
124 79
124 12
124 71
124 95
124 99
124 140
124 142
124 145
124 167
124 170
124 173
159 12
159 49
159 71
159 83
159 84
159 95
159 99
159 140
159 145
159 154
159 170
12 71
12 83
12 84
12 95
12 99
12 129
12 142
12 147
12 154
12 167
12 170
12 173
56 61
61 173
102 173
102 49
42 17
79 71
79 84
79 99
79 129
79 140
79 142
79 145
79 170
79 173
142 83
142 95
142 99
142 17
142 129
142 145
142 147
142 154
142 167
142 170
142 173
49 83
49 40
49 52
71 30
71 83
71 95
71 140
71 167
71 170
83 140
83 145
83 154
83 167
83 170
83 173
84 95
84 99
84 145
84 167
84 129
95 99
95 147
95 167
95 170
95 173
99 140
99 154
99 167
99 170
99 173
140 145
140 170
145 129
145 147
145 170
145 173
154 147
170 147
170 173
167 129
147 52
82 17
82 20
17 20
17 59
20 59
