0 1
0 2
0 7
0 10
0 15
0 38
0 57
0 60
0 75
0 77
0 91
0 93
0 97
0 106
0 116
0 155
0 156
0 158
0 163
0 170
0 174
0 177
0 186
0 187
1 7
1 37
1 38
1 58
1 65
1 75
1 89
1 92
1 93
1 97
1 100
1 117
1 142
1 147
1 163
1 174
1 177
2 7
2 13
2 27
2 29
2 35
2 42
2 44
2 45
2 47
2 56
2 57
2 59
2 62
2 65
2 78
2 89
2 100
2 101
2 102
2 107
2 112
2 120
2 123
2 145
2 150
2 156
2 162
2 171
2 173
2 187
3 4
3 9
3 16
3 31
3 34
3 49
3 65
3 72
3 79
3 83
3 85
3 100
3 105
3 106
3 111
3 113
3 127
3 128
3 136
3 147
3 164
3 173
3 180
3 183
3 188
3 193
4 9
4 16
4 34
4 47
4 49
4 66
4 79
4 83
4 85
4 96
4 105
4 111
4 113
4 118
4 128
4 129
4 133
4 164
4 169
4 173
4 174
4 179
4 180
4 193
5 18
5 21
5 23
5 30
5 41
5 50
5 54
5 55
5 67
5 81
5 86
5 95
5 96
5 104
5 109
5 110
5 134
5 139
5 152
5 153
5 154
5 155
5 159
5 176
5 179
5 192
6 8
6 20
6 37
6 39
6 52
6 60
6 66
6 73
6 77
6 83
6 94
6 106
6 108
6 126
6 127
6 129
6 135
6 136
6 140
6 147
6 157
6 159
6 160
6 167
6 175
6 188
7 22
7 37
7 38
7 55
7 57
7 69
7 82
7 89
7 91
7 92
7 93
7 117
7 136
7 137
7 142
7 151
7 156
7 163
7 174
7 176
7 177
7 182
7 183
7 184
7 186
7 190
8 15
8 20
8 39
8 52
8 60
8 73
8 77
8 83
8 94
8 106
8 108
8 111
8 126
8 127
8 129
8 134
8 135
8 136
8 137
8 140
8 147
8 157
8 160
8 167
8 175
8 181
8 188
8 195
9 16
9 27
9 31
9 34
9 52
9 72
9 77
9 79
9 82
9 83
9 85
9 100
9 105
9 111
9 113
9 133
9 135
9 147
9 153
9 164
9 173
9 180
9 189
10 12
10 14
10 17
10 22
10 25
10 26
10 27
10 29
10 33
10 51
10 53
10 57
10 63
10 74
10 76
10 81
10 84
10 87
10 91
10 99
10 102
10 103
10 111
10 112
10 116
10 118
10 119
10 125
10 132
10 133
10 139
10 140
10 144
10 151
10 153
10 157
10 164
10 166
10 168
10 169
10 185
10 191
11 15
11 18
11 19
11 28
11 32
11 40
11 57
11 61
11 64
11 69
11 80
11 81
11 130
11 141
11 147
11 156
11 159
11 162
11 170
11 176
11 182
11 195
12 30
12 33
12 50
12 53
12 54
12 63
12 67
12 76
12 86
12 96
12 102
12 125
12 139
12 151
12 152
12 153
12 154
12 155
12 172
13 15
13 19
13 33
13 35
13 36
13 42
13 45
13 47
13 56
13 57
13 59
13 61
13 65
13 70
13 71
13 75
13 80
13 89
13 90
13 100
13 102
13 107
13 110
13 117
13 120
13 123
13 137
13 138
13 146
13 150
13 158
13 160
13 165
13 172
13 177
13 195
14 15
14 17
14 19
14 22
14 25
14 26
14 27
14 29
14 53
14 62
14 63
14 69
14 76
14 84
14 87
14 88
14 102
14 103
14 112
14 125
14 126
14 132
14 169
14 181
14 191
15 19
15 27
15 32
15 35
15 47
15 51
15 57
15 58
15 61
15 62
15 63
15 64
15 69
15 80
15 81
15 86
15 90
15 98
15 100
15 101
15 124
15 130
15 143
15 144
15 152
15 153
15 157
15 159
15 162
15 174
15 176
15 179
15 182
15 187
15 190
15 195
16 31
16 34
16 37
16 49
16 66
16 72
16 79
16 83
16 85
16 105
16 111
16 113
16 128
16 129
16 131
16 160
16 164
16 171
16 173
16 180
16 183
16 193
17 21
17 22
17 23
17 25
17 26
17 27
17 29
17 30
17 32
17 33
17 40
17 46
17 53
17 55
17 63
17 64
17 69
17 74
17 75
17 76
17 81
17 86
17 87
17 88
17 99
17 102
17 103
17 105
17 109
17 112
17 119
17 121
17 125
17 130
17 132
17 133
17 137
17 145
17 153
17 155
17 166
17 168
17 169
17 171
17 172
17 179
17 181
17 184
17 185
17 191
18 19
18 32
18 40
18 48
18 57
18 58
18 64
18 68
18 69
18 80
18 81
18 98
18 117
18 130
18 144
18 145
18 159
18 162
18 170
18 176
18 182
18 190
18 195
19 32
19 33
19 34
19 35
19 38
19 40
19 42
19 47
19 48
19 57
19 59
19 61
19 64
19 65
19 69
19 70
19 71
19 75
19 80
19 81
19 88
19 89
19 91
19 98
19 100
19 101
19 107
19 110
19 111
19 116
19 120
19 122
19 124
19 130
19 137
19 138
19 141
19 142
19 143
19 146
19 150
19 152
19 157
19 159
19 160
19 162
19 165
19 169
19 170
19 172
19 176
19 177
19 182
19 195
20 39
20 40
20 52
20 65
20 70
20 77
20 94
20 106
20 108
20 111
20 112
20 126
20 127
20 129
20 135
20 136
20 137
20 140
20 147
20 156
20 160
20 167
20 175
20 188
21 23
21 24
21 27
21 29
21 30
21 41
21 50
21 54
21 55
21 63
21 74
21 86
21 95
21 102
21 109
21 112
21 125
21 134
21 137
21 139
21 152
21 153
21 155
21 159
21 179
21 192
22 23
22 25
22 26
22 29
22 33
22 46
22 52
22 54
22 63
22 64
22 87
22 88
22 95
22 99
22 102
22 103
22 112
22 119
22 126
22 147
22 151
22 154
22 155
22 168
22 169
22 178
22 181
22 182
22 191
23 50
23 54
23 55
23 63
23 67
23 86
23 88
23 96
23 99
23 104
23 126
23 139
23 141
23 153
23 154
23 155
23 160
23 166
23 184
23 185
23 192
24 30
25 26
25 27
25 29
25 30
25 33
25 47
25 53
25 74
25 76
25 84
25 87
25 88
25 95
25 100
25 102
25 103
25 112
25 119
25 132
25 151
25 168
25 169
25 181
26 27
26 33
26 53
26 74
26 76
26 87
26 88
26 102
26 103
26 118
26 119
26 132
26 151
26 155
26 168
26 169
26 171
26 173
26 181
26 191
27 29
27 33
27 41
27 43
27 48
27 74
27 76
27 84
27 87
27 88
27 95
27 102
27 103
27 109
27 112
27 119
27 121
27 126
27 132
27 139
27 151
27 154
27 165
27 168
27 169
27 181
27 184
28 40
28 58
28 61
28 64
28 69
28 81
28 89
28 102
28 114
28 137
28 141
28 144
28 145
28 159
28 170
28 176
28 182
28 190
29 40
29 41
29 49
29 53
29 69
29 74
29 76
29 87
29 88
29 103
29 109
29 112
29 119
29 132
29 139
29 151
29 158
29 169
29 176
29 181
29 186
29 190
29 191
30 41
30 50
30 54
30 63
30 67
30 86
30 87
30 95
30 104
30 109
30 134
30 139
30 152
30 154
30 161
30 179
30 192
31 72
31 79
31 83
31 85
31 111
31 113
31 128
31 147
31 171
31 173
31 177
31 185
31 193
32 40
32 47
32 57
32 58
32 61
32 64
32 69
32 80
32 81
32 98
32 102
32 104
32 106
32 124
32 130
32 141
32 143
32 153
32 159
32 176
32 182
32 194
32 195
33 47
33 53
33 74
33 76
33 84
33 88
33 102
33 105
33 119
33 132
33 155
33 168
33 172
33 181
33 184
33 191
34 37
34 66
34 72
34 75
34 79
34 85
34 111
34 113
34 128
34 131
34 133
34 173
34 189
34 193
35 36
35 42
35 45
35 47
35 56
35 59
35 61
35 62
35 63
35 65
35 70
35 71
35 80
35 89
35 90
35 100
35 101
35 107
35 110
35 115
35 120
35 123
35 124
35 137
35 138
35 145
35 146
35 150
35 156
35 158
35 159
35 162
35 165
35 172
35 176
35 187
35 195
36 42
36 45
36 47
36 59
36 65
36 68
36 71
36 89
36 90
36 100
36 101
36 110
36 120
36 123
36 146
36 163
36 165
36 172
37 48
37 75
37 82
37 92
37 93
37 105
37 113
37 117
37 136
37 142
37 147
37 173
37 174
37 177
37 183
37 186
38 75
38 82
38 92
38 93
38 97
38 117
38 126
38 174
38 177
39 52
39 57
39 60
39 66
39 73
39 77
39 83
39 94
39 106
39 108
39 117
39 126
39 127
39 129
39 135
39 136
39 137
39 140
39 147
39 149
39 157
39 160
39 169
39 175
39 187
39 188
39 190
40 56
40 57
40 58
40 61
40 64
40 69
40 80
40 81
40 95
40 98
40 102
40 108
40 130
40 141
40 159
40 162
40 170
40 176
40 182
40 190
40 195
41 50
41 51
41 54
41 55
41 63
41 86
41 95
41 104
41 109
41 134
41 137
41 141
41 151
41 153
41 155
41 157
41 176
41 179
41 192
42 45
42 47
42 56
42 59
42 65
42 70
42 71
42 89
42 90
42 100
42 101
42 102
42 107
42 110
42 120
42 123
42 137
42 138
42 146
42 158
42 172
42 182
42 187
43 53
43 91
43 116
43 118
43 154
43 171
43 178
43 185
44 61
44 68
44 78
44 100
44 114
44 115
44 122
44 145
44 156
44 162
44 165
45 47
45 56
45 64
45 65
45 70
45 71
45 87
45 89
45 90
45 100
45 101
45 107
45 110
45 120
45 123
45 137
45 138
45 146
45 156
45 158
45 165
45 172
45 187
46 51
46 54
46 91
46 99
46 102
46 110
46 112
46 116
46 118
46 121
46 155
46 156
46 161
46 163
46 166
46 169
46 178
46 184
46 185
47 56
47 59
47 60
47 64
47 65
47 70
47 71
47 81
47 87
47 89
47 90
47 96
47 99
47 100
47 101
47 106
47 107
47 110
47 120
47 123
47 133
47 137
47 138
47 146
47 150
47 153
47 156
47 158
47 165
47 169
47 172
47 176
47 187
48 61
48 62
48 68
48 78
48 114
48 130
48 156
48 162
48 165
48 194
49 69
49 79
49 105
49 111
49 113
49 121
49 128
49 133
49 164
49 173
49 180
50 54
50 55
50 63
50 67
50 86
50 91
50 95
50 96
50 99
50 104
50 109
50 121
50 134
50 139
50 152
50 153
50 154
50 155
50 171
50 179
50 180
50 184
50 185
50 192
51 53
51 74
51 91
51 99
51 104
51 118
51 139
51 151
51 161
51 166
51 169
51 171
51 178
51 184
52 60
52 63
52 66
52 77
52 83
52 85
52 108
52 126
52 127
52 129
52 135
52 136
52 140
52 147
52 149
52 157
52 160
52 167
52 175
52 176
53 76
53 84
53 87
53 88
53 91
53 102
53 103
53 109
53 112
53 119
53 132
53 151
53 168
53 169
53 171
53 179
53 181
53 191
54 55
54 63
54 67
54 81
54 86
54 87
54 95
54 96
54 102
54 103
54 104
54 109
54 125
54 134
54 139
54 141
54 152
54 153
54 154
54 155
54 161
54 179
54 184
54 192
55 86
55 96
55 104
55 109
55 120
55 125
55 139
55 141
55 152
55 153
55 154
55 155
55 157
55 179
55 184
55 192
56 59
56 62
56 65
56 69
56 70
56 71
56 81
56 89
56 90
56 100
56 101
56 107
56 110
56 120
56 123
56 137
56 138
56 144
56 145
56 146
56 150
56 156
56 158
56 172
56 176
56 187
57 58
57 61
57 63
57 64
57 69
57 76
57 77
57 80
57 81
57 82
57 91
57 98
57 106
57 116
57 130
57 136
57 141
57 144
57 145
57 151
57 156
57 158
57 159
57 162
57 174
57 176
57 182
57 186
57 188
57 195
58 61
58 64
58 65
58 69
58 80
58 114
58 130
58 137
58 159
58 162
58 170
58 171
58 174
58 176
58 182
58 190
58 195
59 65
59 70
59 71
59 89
59 100
59 101
59 110
59 120
59 123
59 138
59 150
59 158
59 163
59 172
59 187
60 64
60 66
60 73
60 77
60 83
60 94
60 99
60 106
60 108
60 113
60 117
60 126
60 127
60 129
60 135
60 136
60 138
60 140
60 147
60 149
60 157
60 159
60 160
60 167
60 175
60 187
60 188
61 64
61 69
61 81
61 98
61 102
61 114
61 124
61 130
61 141
61 143
61 144
61 156
61 159
61 162
61 165
61 170
61 176
61 182
61 195
62 65
62 89
62 100
62 101
62 107
62 110
62 120
62 138
62 146
62 150
62 163
62 169
62 187
63 67
63 72
63 86
63 87
63 88
63 89
63 91
63 94
63 95
63 96
63 104
63 109
63 117
63 126
63 139
63 152
63 153
63 154
63 155
63 157
63 160
63 171
63 192
64 69
64 72
64 75
64 80
64 81
64 98
64 99
64 102
64 120
64 130
64 141
64 156
64 159
64 160
64 162
64 170
64 176
64 182
64 183
64 190
64 194
64 195
65 70
65 71
65 75
65 89
65 90
65 100
65 101
65 107
65 110
65 115
65 120
65 132
65 137
65 138
65 146
65 150
65 156
65 165
65 172
65 173
65 182
65 187
66 77
66 79
66 83
66 94
66 126
66 127
66 135
66 136
66 140
66 147
66 157
66 160
66 165
66 173
66 175
67 95
67 104
67 109
67 153
67 154
67 179
67 192
68 78
68 89
68 101
68 114
68 115
68 120
68 122
68 144
68 146
68 156
68 162
68 163
68 165
68 182
68 190
68 194
68 195
69 80
69 81
69 89
69 98
69 102
69 108
69 110
69 130
69 141
69 145
69 159
69 170
69 176
69 182
69 190
69 195
70 71
70 89
70 90
70 100
70 101
70 106
70 107
70 110
70 120
70 123
70 137
70 138
70 146
70 158
70 172
71 88
71 89
71 90
71 94
71 100
71 101
71 107
71 110
71 120
71 123
71 137
71 138
71 146
71 150
71 158
71 165
71 172
71 187
72 73
72 75
72 79
72 85
72 105
72 111
72 113
72 126
72 133
72 149
72 160
72 173
72 180
72 193
73 83
73 94
73 106
73 108
73 124
73 127
73 129
73 135
73 136
73 160
73 167
73 175
73 188
74 87
74 91
74 102
74 108
74 112
74 132
74 151
74 169
74 191
75 92
75 93
75 113
75 163
75 165
75 177
75 179
76 84
76 87
76 88
76 102
76 119
76 168
76 181
76 184
76 191
77 82
77 94
77 106
77 108
77 109
77 111
77 126
77 127
77 129
77 135
77 136
77 137
77 140
77 147
77 149
77 156
77 157
77 160
77 167
77 171
77 175
77 176
77 181
77 188
77 190
77 195
78 89
78 115
78 122
78 145
78 156
78 162
78 165
78 176
78 182
79 83
79 105
79 106
79 111
79 113
79 126
79 131
79 133
79 160
79 164
79 173
79 180
79 182
79 183
79 189
80 81
80 110
80 115
80 124
80 130
80 138
80 141
80 142
80 143
80 144
80 158
80 159
80 170
80 172
80 176
80 182
80 190
80 195
81 98
81 102
81 106
81 107
81 124
81 130
81 141
81 144
81 159
81 162
81 170
81 176
81 182
81 194
81 195
82 108
82 117
82 136
82 156
82 163
82 174
82 177
82 183
82 186
83 85
83 106
83 108
83 111
83 113
83 126
83 127
83 135
83 136
83 147
83 149
83 157
83 160
83 164
83 167
83 175
83 177
83 187
84 89
84 96
84 97
84 99
84 102
84 103
84 105
84 112
84 119
84 132
84 151
84 152
84 162
84 168
84 169
84 181
84 191
85 89
85 105
85 111
85 113
85 128
85 129
85 133
85 136
85 149
85 160
85 164
85 170
85 173
85 180
85 182
85 183
85 184
85 185
85 189
85 193
86 95
86 102
86 109
86 125
86 139
86 152
86 153
86 154
86 155
86 162
86 179
86 192
87 88
87 95
87 102
87 103
87 119
87 121
87 134
87 151
87 153
87 154
87 161
87 168
87 169
87 171
87 178
87 181
87 184
87 191
88 102
88 103
88 105
88 107
88 112
88 119
88 132
88 137
88 139
88 151
88 152
88 153
88 168
88 169
88 171
88 172
88 179
88 181
88 185
88 191
88 192
89 90
89 99
89 100
89 101
89 102
89 106
89 107
89 110
89 112
89 117
89 120
89 123
89 129
89 132
89 137
89 138
89 142
89 144
89 146
89 148
89 150
89 158
89 159
89 160
89 162
89 163
89 165
89 172
89 176
89 182
89 187
89 190
89 194
90 100
90 107
90 110
90 120
90 123
90 137
90 138
90 146
90 158
90 164
90 170
90 172
90 187
91 102
91 116
91 118
91 133
91 153
91 161
91 164
91 171
91 178
91 184
91 185
91 187
92 93
92 97
92 156
92 163
92 169
92 174
92 177
92 186
93 97
93 117
93 142
93 159
93 163
93 170
93 174
93 176
93 177
93 186
94 106
94 108
94 125
94 127
94 129
94 135
94 136
94 140
94 147
94 149
94 160
94 167
94 175
95 102
95 104
95 109
95 117
95 125
95 134
95 139
95 153
95 154
95 160
95 171
95 173
95 178
95 179
95 184
95 192
96 109
96 125
96 137
96 139
96 151
96 152
96 153
96 155
97 117
97 158
97 163
97 174
97 177
97 186
98 106
98 124
98 130
98 139
98 141
98 143
98 152
98 159
98 162
98 170
98 176
98 182
98 190
98 195
99 102
99 103
99 109
99 116
99 118
99 121
99 125
99 126
99 129
99 137
99 140
99 155
99 157
99 160
99 161
99 166
99 171
99 178
99 184
99 185
99 195
100 101
100 102
100 107
100 110
100 120
100 123
100 137
100 144
100 146
100 158
100 165
100 172
100 178
100 182
100 187
101 107
101 110
101 120
101 123
101 126
101 130
101 137
101 138
101 140
101 146
101 159
101 165
101 187
102 103
102 105
102 110
102 112
102 119
102 121
102 125
102 130
102 132
102 137
102 139
102 141
102 152
102 154
102 155
102 166
102 168
102 169
102 171
102 172
102 181
102 184
102 185
102 191
102 194
103 109
103 112
103 132
103 168
103 169
103 184
103 191
104 109
104 134
104 152
104 153
104 170
104 179
104 192
105 111
105 113
105 128
105 133
105 137
105 155
105 164
105 168
105 170
105 173
105 180
106 108
106 126
106 127
106 129
106 132
106 135
106 136
106 140
106 147
106 149
106 156
106 157
106 160
106 167
106 175
106 176
106 188
107 110
107 113
107 120
107 122
107 123
107 137
107 138
107 146
107 150
107 156
107 158
107 165
107 172
107 176
108 113
108 124
108 126
108 127
108 129
108 135
108 136
108 140
108 147
108 149
108 160
108 167
108 169
108 175
108 183
108 186
108 188
109 125
109 139
109 141
109 152
109 153
109 154
109 179
109 192
110 115
110 120
110 137
110 138
110 146
110 158
110 165
110 171
110 172
110 187
111 113
111 116
111 118
111 125
111 128
111 129
111 131
111 133
111 137
111 140
111 152
111 164
111 173
111 180
111 182
111 183
111 186
111 189
111 193
112 121
112 132
112 151
112 154
112 162
112 168
112 169
112 177
112 178
112 180
112 191
112 193
113 128
113 133
113 147
113 154
113 160
113 173
113 175
113 180
113 182
113 183
113 186
113 189
114 115
114 117
114 145
114 156
114 162
114 182
114 194
115 122
115 124
115 138
115 148
115 165
115 172
115 176
116 118
116 125
116 133
116 156
116 164
116 178
117 118
117 129
117 144
117 153
117 162
117 163
117 164
117 174
117 176
117 177
117 186
118 156
118 161
118 164
118 169
118 178
118 187
119 129
119 132
119 151
119 168
119 169
119 181
120 123
120 137
120 138
120 146
120 148
120 150
120 158
120 172
120 187
121 137
121 139
121 161
121 166
121 168
121 171
121 178
121 184
121 185
122 145
122 158
122 165
122 176
123 137
123 138
123 144
123 146
123 150
123 165
123 172
123 190
124 176
124 182
125 139
125 152
125 154
125 155
125 192
126 127
126 129
126 135
126 136
126 140
126 147
126 157
126 160
126 162
126 167
126 169
126 173
126 175
126 182
126 187
126 188
126 194
126 195
127 129
127 135
127 136
127 140
127 147
127 149
127 157
127 160
127 167
127 175
127 188
128 129
128 131
128 140
128 157
128 160
128 173
128 179
128 180
128 182
128 189
128 192
128 193
129 133
129 135
129 140
129 147
129 149
129 157
129 160
129 162
129 167
129 173
129 175
129 177
129 182
129 188
129 190
130 137
130 141
130 144
130 159
130 162
130 170
130 176
130 182
130 190
130 195
131 142
131 173
131 180
131 186
131 189
131 193
132 151
132 166
132 169
132 181
132 184
132 191
133 149
133 156
133 162
133 164
133 173
133 180
133 183
133 184
134 139
134 152
134 154
134 179
134 192
135 136
135 140
135 147
135 149
135 157
135 160
135 175
135 188
136 140
136 147
136 149
136 156
136 160
136 162
136 167
136 175
136 177
136 183
136 186
136 188
137 138
137 140
137 144
137 145
137 146
137 156
137 158
137 162
137 172
137 182
137 185
137 187
137 195
138 146
138 150
138 158
138 160
138 172
138 176
138 182
139 152
139 153
139 154
139 155
139 179
139 192
140 147
140 149
140 157
140 160
140 167
140 175
140 188
141 159
141 162
141 170
141 176
141 182
141 195
142 163
142 173
142 174
142 177
142 186
143 148
143 159
143 162
143 176
143 182
143 195
144 145
144 146
144 159
144 162
144 169
144 175
144 176
144 182
144 190
144 194
145 156
145 162
145 165
145 195
146 150
146 172
146 187
146 190
147 149
147 157
147 160
147 162
147 174
147 175
147 188
148 188
148 194
149 169
149 175
149 180
149 188
150 158
150 167
150 187
150 193
151 153
151 168
151 169
151 178
151 181
151 191
152 153
152 154
152 155
152 169
152 192
153 154
153 155
153 168
153 171
153 174
153 178
153 179
153 184
154 155
154 161
154 171
154 178
154 179
154 192
155 166
156 158
156 162
156 165
156 167
156 182
156 186
156 187
157 160
157 167
157 188
157 194
157 195
158 162
158 172
158 174
158 182
158 187
159 162
159 172
159 176
159 182
159 195
160 166
160 167
160 173
160 175
160 178
160 182
160 187
160 188
160 194
161 166
161 171
161 178
161 184
162 165
162 176
162 182
162 186
162 190
162 194
162 195
163 173
163 174
163 176
163 177
164 173
164 193
165 170
165 172
165 176
165 194
166 171
166 178
166 184
166 185
166 191
166 194
167 175
167 188
168 169
168 178
168 181
168 191
169 177
169 181
169 191
170 176
170 182
170 195
171 176
171 178
171 179
171 184
171 185
172 176
172 182
173 177
173 180
173 183
173 189
173 193
174 177
175 182
175 188
176 177
176 182
176 184
176 195
177 183
177 186
178 184
178 185
178 192
179 192
180 183
180 189
181 191
182 184
182 190
182 194
182 195
183 186
183 189
183 193
184 185
185 191
190 195
