464
481
129
128
598
495
256
264
586
190
361
443
60
477
93
140
705
324
454
34
688
241
288
606
369
539
306
268
283
469
189
267
691
9
592
421
640
580
70
252
657
2
307
574
172
126
445
467
670
602
66
531
463
417
364
441
449
535
435
378
518
579
0
406
290
383
439
420
459
291
704
572
543
534
453
327
608
621
605
263
537
389
7
329
591
573
248
295
637
297
465
235
405
440
159
615
161
669
522
575
61
660
662
533
695
271
540
276
556
370
188
590
358
275
694
201
451
352
249
418
689
100
416
576
485
619
565
532
349
359
597
319
403
612
468
157
410
582
287
444
665
536
611
530
265
37
360
13
261
554
515
374
648
566
589
620
192
254
392
103
483
269
330
178
470
170
243
163
302
664
430
529
521
152
434
587
437
398
371
710
277
476
322
162
499
131
320
502
251
388
703
680
270
426
132
246
472
474
600
645
604
458
147
351
315
58
328
603
232
626
542
174
412
595
242
335
631
169
646
553
286
667
394
557
141
461
400
541
555
524
701
281
175
317
659
632
362
385
682
471
546
399
528
709
513
675
57
142
559
505
558
658
396
487
350
395
167
230
511
183
393
624
244
433
348
367
599
18
501
185
166
561
257
214
452
475
363
633
578
613
156
96
570
198
494
