11
99
204
20
275
261
179
311
109
246
259
45
5
280
121
256
34
100
59
85
320
173
226
250
260
314
102
214
111
22
144
252
54
64
7
254
303
114
192
10
210
166
39
104
240
236
38
110
176
6
57
234
132
229
29
9
124
136
202
82
77
112
206
72
53
142
325
199
169
78
242
63
241
291
323
263
172
1
43
56
49
138
73
125
84
282
87
168
278
287
67
251
123
171
143
315
23
157
120
86
286
70
233
216
222
134
95
89
221
296
213
161
238
129
127
196
288
299
200
158
130
8
294
306
26
198
178
15
25
146
237
310
116
232
274
167
326
292
61
272
164
298
312
249
270
284
231
133
230
108
18
185
24
218
96
145
14
118
264
266
295
317
103
94
83
181
308
156
107
131
304
301
12
208
316
322
217
88
58
220
93
324
165
90
62
293
55
211
195
302
276
148
163
150
65
27
273
319
153
190
137
255
76
66
147
128
194
225
40
277
189
33
160
36
75
187
69
31
41
313
209
205
79
21
52
81
16
35
141
44
42
37
305
113
115
224
228
201
91
191
268
193
262
285
74
97
122
155
245
243
279
281
215
283
126
269
151
239
13
219
139
135
71
227
149
297
223
106
92
30
197
309
32
48
162
17
321
207
203
186
271
318
267
101
140
248
244
80
180
175
60
119
68
174
154
2
188
159
300
47
265
4
253
257
183
177
105
46
258
235
247
289
170
212
28
3
98
307
182
50
152
19
117
290
51
184
0
