94
220
172
26
173
214
181
130
309
9
80
165
54
120
12
33
211
73
234
325
143
186
123
91
225
248
167
192
19
105
37
263
307
62
268
70
147
55
303
97
317
193
256
140
127
312
294
221
138
293
13
78
162
279
119
31
87
142
288
271
292
41
57
35
71
170
28
235
3
99
112
15
227
244
241
63
76
296
134
11
56
254
113
274
169
236
267
261
5
246
16
129
93
223
146
262
27
67
240
136
68
257
48
284
8
265
52
304
298
151
109
103
245
38
321
49
217
176
285
152
269
175
2
124
25
108
249
232
96
200
101
24
231
106
132
6
242
45
205
275
154
195
75
201
191
60
17
197
251
272
313
315
81
82
153
150
102
40
85
47
305
118
297
253
204
311
44
218
187
322
180
115
286
320
34
171
148
174
125
226
203
110
190
238
168
258
182
133
104
185
18
295
107
326
323
189
145
316
215
282
32
121
266
141
301
209
20
69
89
43
233
302
14
30
156
314
206
92
184
196
65
59
135
144
199
255
228
287
131
259
7
139
250
264
4
239
276
178
281
157
308
160
260
98
177
247
100
319
29
216
79
252
137
278
229
116
224
210
291
22
72
90
77
270
10
1
164
219
39
117
212
183
36
46
202
213
51
179
122
21
163
88
86
126
273
64
42
306
111
277
310
324
50
230
