107
13
96
259
30
84
361
187
311
261
60
149
184
169
113
79
44
51
97
7
152
86
17
87
131
9
186
29
312
4
67
81
118
45
46
156
155
258
75
257
122
74
333
372
153
302
83
72
111
163
62
248
3
365
16
69
351
347
154
260
314
25
132
308
106
88
178
1
2
322
170
168
121
32
183
92
130
70
157
348
327
352
366
273
309
323
90
188
330
15
35
82
315
247
262
349
328
80
313
119
98
31
198
103
346
171
129
14
164
114
0
66
371
353
94
12
175
249
34
63
324
282
218
331
332
373
364
316
112
104
120
134
177
354
185
350
89
91
283
133
61
85
105
343
334
367
165
176
355
377
43
