71
295
0
242
122
91
238
194
123
140
157
1
72
76
142
42
233
146
293
292
27
24
15
110
307
129
139
13
68
111
324
301
251
92
17
313
63
294
259
9
131
274
317
173
161
289
171
103
204
77
85
209
316
59
26
170
49
320
41
81
7
121
93
69
5
244
165
314
104
220
16
106
185
105
267
20
84
36
286
268
126
217
303
186
102
312
279
200
237
183
196
262
35
184
101
19
263
239
280
107
245
4
31
243
250
88
201
78
134
97
113
43
180
75
266
218
256
215
190
100
34
197
213
240
203
252
3
116
2
65
192
99
28
90
54
159
275
225
226
211
60
272
79
112
8
223
322
119
48
135
114
45
6
130
33
136
178
52
308
152
304
305
86
