367
357
255
125
46
76
17
49
22
207
16
129
127
365
330
303
372
355
187
235
12
263
173
61
315
91
109
369
50
130
238
358
340
4
57
134
13
230
15
19
356
65
260
278
201
51
43
339
333
326
244
64
59
251
36
172
77
257
329
99
316
344
52
227
123
299
345
304
370
126
45
246
297
198
112
128
124
258
203
25
133
298
0
346
373
78
37
18
44
331
325
312
153
252
239
334
277
232
58
323
188
273
171
314
175
75
322
256
366
352
226
20
264
7
132
169
249
39
254
248
199
14
301
231
176
300
234
313
368
281
202
245
332
3
90
111
114
113
311
131
174
152
324
31
351
23
21
200
354
353
151
