372
213
311
339
189
635
237
7
350
232
4
275
234
391
428
277
485
1
231
476
257
185
667
205
177
459
244
157
565
449
216
230
172
280
307
283
674
249
242
321
219
679
221
178
268
258
190
265
2
326
168
619
220
304
3
200
419
278
474
682
665
349
688
438
235
224
604
374
380
363
416
390
9
32
198
564
217
192
286
328
418
212
590
250
269
240
401
663
566
208
514
367
383
403
620
437
300
297
450
408
509
687
5
472
294
193
495
6
225
203
364
499
202
281
207
341
273
444
368
568
455
308
325
448
227
695
373
170
8
376
229
330
181
270
13
10
354
211
338
284
291
433
369
206
256
563
164
16
447
352
17
309
11
289
146
161
310
24
553
375
405
439
706
12
641
260
677
397
23
406
236
228
407
292
332
316
271
305
14
15
222
18
19
355
267
188
246
197
162
169
653
301
0
20
423
21
347
214
462
460
175
179
556
22
262
424
547
417
343
511
238
241
266
