235
203
321
182
186
30
83
84
252
74
200
53
102
147
111
69
265
204
146
184
315
88
82
195
110
173
4
185
217
41
81
17
316
272
0
122
249
72
60
245
113
145
271
284
105
100
242
49
243
259
133
205
159
269
274
95
149
2
50
61
139
3
132
19
222
36
238
6
141
232
228
224
116
201
323
287
317
151
10
178
229
211
150
212
170
152
24
293
298
52
303
58
9
8
135
280
129
289
138
162
140
119
160
96
120
114
16
312
244
196
94
314
108
268
181
273
236
180
256
118
34
71
263
91
154
188
109
219
206
124
304
112
86
1
270
319
5
104
97
65
33
171
42
279
27
107
264
246
267
216
87
250
290
198
26
47
240
281
220
148
176
297
92
