147
213
966
727
238
124
683
240
779
540
891
404
232
546
548
337
616
300
842
991
819
50
733
447
389
410
494
429
691
958
523
828
374
462
618
886
916
715
35
649
275
755
580
297
778
278
595
621
678
860
767
29
19
783
996
201
285
310
12
679
897
671
659
863
323
160
923
83
177
934
242
358
793
979
948
847
492
100
728
694
700
89
272
602
129
90
413
157
711
930
814
187
411
807
176
301
640
456
180
234
706
340
390
562
229
343
327
161
196
61
764
446
308
99
30
102
482
249
701
568
514
106
970
693
714
477
962
725
85
471
479
115
572
818
742
642
515
785
97
318
79
376
746
365
373
284
894
184
143
8
816
466
952
690
770
186
752
36
505
4
844
964
878
27
635
151
757
673
10
107
503
103
641
777
1
986
108
734
356
756
3
517
420
937
16
426
155
359
835
718
44
436
211
171
74
219
400
603
276
563
888
670
7
589
440
721
498
338
901
506
422
321
684
123
610
875
39
235
72
137
776
518
821
907
385
682
831
304
570
677
333
417
5
470
763
91
222
207
915
121
138
565
105
685
754
856
955
364
181
944
116
617
812
801
322
583
815
403
245
808
873
192
295
311
293
868
239
266
639
708
924
976
956
144
48
230
481
465
405
853
369
324
386
765
162
63
346
912
473
377
483
347
967
866
119
28
490
166
892
87
455
698
502
597
472
86
537
216
256
189
94
168
259
573
1002
227
867
231
774
194
963
179
928
382
931
987
686
224
501
909
438
57
485
65
687
949
489
421
645
220
913
611
146
478
56
169
262
402
289
277
204
13
751
52
20
366
139
965
932
476
663
806
153
788
434
908
75
638
271
558
760
25
530
496
128
81
533
846
248
914
21
516
491
497
802
2
699
395
60
225
195
264
922
46
445
653
112
524
432
545
273
566
984
344
291
241
414
870
747
532
68
536
228
345
636
381
630
980
459
49
283
652
739
787
499
183
989
378
560
178
660
598
464
357
372
190
32
510
193
349
851
444
15
705
974
425
681
122
330
885
17
88
973
173
140
827
67
205
458
37
950
877
0
47
978
624
832
170
902
43
111
576
910
167
73
782
24
423
657
109
749
622
488
766
110
165
845
351
11
569
250
527
665
1003
214
917
406
348
331
14
134
872
535
940
628
393
507
838
859
114
26
508
437
175
133
370
188
258
397
368
581
648
93
290
9
823
724
541
520
433
692
104
795
574
118
419
730
862
688
836
84
550
921
335
182
396
810
125
664
995
435
633
451
575
42
651
62
811
556
559
629
680
592
361
287
800
605
76
212
596
375
145
723
288
643
625
399
854
443
869
298
223
59
1001
233
604
424
449
54
552
794
307
994
237
355
704
975
408
929
656
887
608
380
707
263
600
33
737
31
780
850
861
152
905
199
675
379
208
441
294
606
475
512
655
316
336
469
953
282
513
981
66
790
531
71
274
315
409
142
80
561
529
609
500
634
528
450
623
197
796
418
401
719
244
352
200
303
769
743
654
585
744
328
305
407
918
354
362
716
509
586
593
117
830
637
745
840
591
738
676
799
895
398
309
312
971
632
741
722
296
252
525
945
45
53
158
852
582
203
439
534
553
