159
687
527
481
185
158
379
9
419
614
650
200
283
556
161
351
459
514
295
460
441
99
225
38
88
199
354
360
611
155
618
67
577
374
576
544
457
111
537
188
516
216
518
113
70
171
496
59
195
350
207
271
130
322
588
437
58
30
235
399
426
222
156
409
658
424
121
582
565
137
397
324
206
181
512
479
201
77
476
440
357
407
364
146
336
515
469
194
573
192
414
51
73
473
551
198
23
272
122
613
202
429
52
600
244
453
28
220
190
90
228
366
693
78
580
211
157
306
66
229
296
483
37
564
169
164
359
152
363
267
34
69
287
339
401
472
430
167
178
384
395
356
62
205
636
289
92
538
46
533
691
471
337
173
261
35
340
248
193
80
528
358
285
170
212
32
96
204
362
672
422
511
215
513
307
510
546
154
148
260
79
568
428
688
500
240
405
367
661
392
499
187
136
394
371
477
586
223
501
495
391
519
377
486
147
365
258
410
338
601
603
246
608
433
480
189
219
327
406
182
594
50
635
562
65
372
293
331
541
25
517
376
361
282
288
404
646
76
579
174
48
213
250
470
217
335
237
334
168
423
425
241
587
184
475
276
697
676
474
108
417
273
572
284
160
508
555
143
119
557
231
247
43
509
116
683
463
400
265
89
257
645
95
487
612
