237
45
351
379
182
353
154
132
60
227
245
328
236
126
394
62
229
331
281
88
248
315
172
46
141
292
382
306
346
19
173
239
27
187
11
343
162
326
345
344
338
420
151
356
134
354
144
363
14
270
348
274
249
355
142
125
103
352
235
140
22
244
148
106
73
339
207
204
332
178
294
407
153
391
341
426
123
8
131
287
293
190
72
127
256
146
175
228
447
17
138
18
380
388
284
135
183
136
226
242
149
309
303
425
230
145
434
364
177
59
181
7
297
347
298
342
400
93
369
290
285
54
56
393
377
443
334
15
152
94
325
234
185
61
246
