886
855
603
748
105
343
731
194
907
176
442
329
182
1107
126
979
656
1045
963
667
71
1099
166
420
94
7
832
152
872
238
763
167
160
417
448
130
70
299
337
512
988
342
52
553
1121
795
33
616
1111
339
1124
40
232
256
567
144
244
170
776
183
115
971
665
384
350
716
851
673
836
850
977
385
497
283
545
915
722
140
96
400
280
1113
108
107
451
641
684
1004
976
222
404
985
109
494
187
626
597
999
178
173
278
614
305
1073
445
437
177
63
1071
104
273
994
633
116
376
831
72
0
20
475
191
378
689
864
944
27
243
346
74
520
990
231
880
870
1018
218
158
207
4
61
331
1075
1098
558
753
363
354
456
449
828
584
117
99
1020
86
522
128
386
515
35
1122
968
219
477
959
527
585
260
1079
77
519
804
699
1030
245
998
196
709
200
1012
937
251
580
751
601
849
55
473
41
132
809
181
841
123
955
47
638
712
340
1050
19
652
285
986
36
345
186
45
169
315
227
635
771
230
1016
781
275
254
818
333
172
1032
1129
341
663
924
721
208
912
671
5
15
28
88
38
135
524
967
830
1087
950
611
277
1084
865
532
344
685
775
728
570
246
531
954
595
1046
485
370
210
153
964
492
679
534
952
599
537
1039
1014
79
171
323
303
501
313
953
797
111
192
1051
175
440
666
348
820
1056
749
100
890
418
1035
839
259
241
756
136
507
375
981
409
573
410
932
235
724
899
525
922
184
290
201
757
602
997
452
786
267
307
365
605
798
1021
423
296
394
330
752
615
506
291
563
548
860
101
408
701
591
401
480
980
1125
487
31
707
542
488
206
66
146
578
462
1047
103
956
608
2
991
1095
901
336
668
984
102
106
10
681
18
587
46
482
119
649
21
780
486
761
1027
164
606
302
224
240
429
1015
1026
1043
139
466
644
662
678
594
759
242
854
97
1105
903
925
845
362
424
813
317
149
750
81
327
1092
1064
142
1123
32
906
479
1089
431
941
372
216
653
600
306
141
225
255
848
817
49
623
821
112
22
1036
209
713
856
67
897
589
54
147
76
368
65
214
62
660
566
1072
908
1114
996
162
269
161
885
837
863
618
471
1
180
773
945
783
690
23
78
509
593
80
1132
237
754
1126
815
150
26
439
190
516
1034
995
905
143
732
726
414
857
51
808
465
145
3
1001
539
508
1120
250
733
782
367
229
802
755
1003
215
957
58
293
202
468
536
785
513
25
396
17
873
271
1101
675
607
658
338
627
711
472
12
247
636
1006
687
715
1116
469
642
233
83
491
391
422
75
189
683
717
56
294
37
902
42
835
723
620
118
228
965
131
698
29
154
392
98
127
727
419
816
557
188
827
505
84
938
958
121
1013
787
523
407
48
987
889
205
263
934
300
447
521
89
43
745
583
931
318
198
881
703
948
1112
441
356
824
266
799
1131
894
646
670
85
381
693
590
1042
474
397
609
898
719
1076
1009
364
541
920
133
604
57
946
110
59
871
770
253
834
1041
1118
405
838
430
514
496
859
904
691
1059
617
560
737
1067
800
138
309
586
843
463
353
891
530
361
220
211
239
168
674
1063
538
174
382
380
896
157
807
13
16
148
398
69
895
203
822
213
705
743
1038
1028
314
622
634
87
552
942
1068
415
262
9
846
676
579
884
428
258
351
44
695
399
60
949
217
90
1002
435
762
311
165
1037
14
64
575
686
637
640
226
371
68
489
1024
657
777
592
936
529
328
962
526
53
556
769
185
551
930
978
50
682
30
434
702
628
193
619
316
947
630
73
629
1060
39
621
411
632
840
694
738
454
989
248
114
113
159
93
347
939
867
297
672
659
11
91
163
829
151
264
481
252
499
826
373
467
379
730
940
540
784
576
916
760
561
1022
295
446
199
913
696
549
236
137
204
764
406
1017
933
223
212
714
416
374
326
24
533
421
413
383
1005
794
664
249
812
648
221
598
301
643
869
124
156
1048
155
6
289
425
388
742
324
774
1054
919
234
1052
1000
265
517
554
1130
876
1049
257
389
179
744
390
82
766
95
562
334
983
321
125
735
122
645
568
412
92
270
1057
612
310
852
320
1119
134
918
129
650
688
461
195
677
1097
426
866
1117
304
34
564
559
1069
631
436
1033
197
120
8
710
1128
1103
