1
75
192
445
712
613
227
533
583
460
99
82
674
709
476
320
437
646
171
682
20
170
180
471
351
555
245
828
191
606
28
548
407
21
733
577
112
110
783
219
631
647
678
391
193
502
629
509
694
821
111
115
18
592
102
461
189
394
259
132
63
285
855
501
325
339
469
868
491
584
124
493
618
485
248
14
465
703
77
715
806
205
594
420
453
832
644
197
143
505
353
383
289
680
503
494
345
754
464
807
707
275
436
706
862
128
576
262
636
833
83
615
24
508
51
434
768
119
243
401
443
513
431
150
34
319
127
779
737
343
633
173
80
308
81
178
846
803
404
514
551
417
587
425
47
531
312
553
642
316
256
329
181
93
552
612
873
510
218
693
121
247
278
213
373
444
545
735
372
97
448
517
92
516
151
660
153
490
547
226
374
152
264
231
330
204
731
386
591
808
645
50
250
6
277
596
746
333
580
581
498
106
500
403
526
463
877
556
719
48
607
562
395
481
740
140
430
708
265
400
588
563
246
748
168
342
413
65
15
356
675
393
837
549
89
360
652
244
458
371
251
838
186
214
165
338
650
595
561
601
978
72
334
347
296
141
190
677
315
617
600
215
175
931
504
88
274
835
326
468
303
317
263
478
470
499
94
459
25
815
565
169
734
599
172
321
704
782
582
492
628
927
174
19
462
802
635
332
367
666
507
