0 31
0 105
0 149
0 193
31 6
31 8
31 43
31 46
31 50
31 52
31 53
31 56
31 59
31 63
31 69
31 76
31 91
31 94
31 97
31 105
31 106
31 110
31 111
31 120
31 121
31 124
31 143
31 149
31 159
31 162
31 163
31 169
31 176
31 178
31 193
31 195
31 202
31 205
31 217
31 220
105 2
105 6
105 15
105 16
105 19
105 20
105 24
105 26
105 27
105 35
105 37
105 38
105 42
105 43
105 45
105 47
105 48
105 49
105 51
105 52
105 56
105 57
105 64
105 66
105 70
105 74
105 76
105 77
105 78
105 79
105 81
105 82
105 86
105 88
105 90
105 91
105 92
105 94
105 96
105 103
105 106
105 107
105 108
105 110
105 111
105 113
105 115
105 116
105 119
105 121
105 122
105 125
105 126
105 129
105 133
105 135
105 138
105 141
105 146
105 149
105 151
105 152
105 153
105 164
105 165
105 166
105 167
105 168
105 169
105 171
105 173
105 174
105 175
105 177
105 178
105 179
105 180
105 182
105 183
105 186
105 187
105 188
105 189
105 191
105 195
105 196
105 197
105 202
105 203
105 204
105 208
105 210
105 211
105 213
105 214
105 216
105 217
105 219
105 220
105 221
105 223
105 224
105 225
149 6
149 8
149 21
149 30
149 42
149 46
149 48
149 50
149 52
149 63
149 69
149 76
149 94
149 106
149 110
149 111
149 120
149 121
149 124
149 153
149 162
149 163
149 167
149 169
149 176
149 178
149 186
149 193
149 195
149 202
149 205
149 216
149 217
149 218
149 220
193 5
193 196
6 1
6 7
6 28
6 29
6 33
6 42
6 43
6 52
6 53
6 54
6 90
6 93
6 95
6 100
6 101
6 106
6 112
6 120
6 124
6 127
6 133
6 137
6 146
6 154
6 179
6 191
6 195
6 196
6 199
6 205
6 219
8 4
8 76
8 201
43 52
43 76
43 95
43 96
43 108
43 111
43 133
43 219
46 35
46 60
46 142
46 167
50 60
50 95
50 133
50 59
50 21
50 97
50 161
52 106
52 159
52 223
52 35
52 60
52 202
52 196
52 7
52 29
52 42
52 9
52 23
52 24
52 39
52 44
52 45
52 55
52 59
52 66
52 69
52 70
52 71
52 80
52 87
52 90
52 91
52 92
52 96
52 100
52 103
52 104
52 108
52 109
52 111
52 117
52 122
52 130
52 131
52 133
52 134
52 139
52 140
52 145
52 147
52 150
52 151
52 162
52 164
52 173
52 180
52 183
52 188
52 194
52 197
52 209
52 210
52 213
52 216
52 217
52 224
53 196
53 94
53 101
56 157
56 124
59 133
59 14
59 117
59 162
63 106
63 9
69 35
69 60
69 186
76 106
76 35
76 60
76 28
76 179
76 91
76 96
76 111
76 169
76 58
76 18
76 85
76 134
76 153
76 177
76 188
91 106
91 7
91 133
91 151
91 9
91 92
91 103
91 108
91 110
91 111
91 115
91 136
91 169
91 180
91 209
91 225
94 160
97 95
97 133
97 162
97 143
106 11
106 12
106 13
106 22
106 28
106 41
106 44
106 54
106 60
106 64
106 83
106 95
106 98
106 109
106 111
106 112
106 114
106 119
106 123
106 125
106 128
106 133
106 134
106 135
106 142
106 153
106 154
106 157
106 159
106 169
106 180
106 185
106 200
110 7
110 133
110 151
110 15
110 111
110 116
110 216
111 35
111 60
111 7
111 133
111 146
111 179
111 96
111 9
111 16
111 18
111 21
111 30
111 66
111 85
111 92
111 115
111 129
111 134
111 140
111 148
111 150
111 171
111 180
111 188
111 221
111 225
121 35
121 60
121 217
121 24
121 144
121 197
124 137
143 151
143 158
159 1
159 62
159 95
159 133
159 196
162 202
162 151
162 57
162 75
162 212
162 176
162 14
162 117
162 118
162 158
162 170
163 2
163 151
163 185
163 225
169 35
169 60
169 95
169 133
169 27
169 70
169 96
169 11
169 16
169 20
169 23
169 24
169 32
169 66
169 74
169 77
169 108
169 113
169 135
169 136
169 155
169 173
169 180
169 186
169 208
169 216
176 35
176 64
176 212
176 178
178 60
178 12
178 64
178 95
178 133
178 151
195 7
195 133
195 151
202 4
202 39
202 102
202 118
202 122
205 196
205 33
217 35
217 60
217 196
217 7
217 90
217 133
217 146
217 151
217 16
217 47
217 204
220 79
2 223
16 95
16 133
16 108
16 113
16 135
16 155
19 86
20 155
24 135
24 164
24 197
26 174
26 182
26 206
27 12
27 64
27 7
27 42
27 51
27 65
27 86
27 96
27 131
27 156
35 3
35 21
35 49
35 61
35 66
35 98
35 107
35 115
35 137
35 138
35 150
35 153
35 165
35 192
35 194
35 203
35 207
35 208
35 216
37 216
37 148
38 60
38 72
38 213
42 60
42 12
42 64
42 90
42 100
42 146
42 153
42 191
45 90
45 146
45 96
45 216
47 95
47 133
47 184
47 204
48 166
49 60
49 129
49 189
51 65
51 134
57 7
57 95
57 133
57 61
57 102
57 204
64 168
64 12
64 33
64 54
64 79
64 84
64 101
64 133
64 151
64 157
64 160
66 60
66 95
66 133
66 197
66 156
66 74
66 147
66 148
66 150
66 209
70 78
70 7
70 95
70 133
70 82
70 87
70 130
70 152
70 181
74 197
74 150
77 173
78 3
78 40
78 82
78 88
78 165
78 203
79 33
81 214
88 40
88 133
88 165
88 175
88 203
90 196
90 7
90 95
90 96
90 100
90 146
90 151
90 216
92 133
92 151
92 225
92 197
96 7
96 95
96 133
96 146
96 151
96 65
96 71
96 44
96 131
96 180
96 194
96 216
103 95
103 133
103 109
103 209
107 3
107 60
107 30
107 34
107 40
107 41
107 99
107 126
107 151
107 165
107 171
107 175
107 191
107 197
107 203
108 95
108 112
108 133
108 179
108 191
108 9
108 25
108 18
108 22
108 85
108 114
108 122
108 136
108 142
108 155
108 197
113 135
115 60
115 7
115 95
115 133
115 183
115 216
115 225
119 125
119 68
122 133
122 104
122 190
125 34
129 146
129 189
133 196
133 7
133 54
133 95
133 10
133 23
133 44
133 61
133 62
133 65
133 71
133 72
133 75
133 131
133 132
133 139
133 146
133 147
133 148
133 151
133 158
133 164
133 172
133 173
133 180
133 181
133 184
133 186
133 187
133 190
133 194
133 197
133 200
133 212
133 214
133 225
135 186
138 60
138 98
141 219
146 196
146 7
146 95
146 100
146 216
151 196
151 7
151 25
151 34
151 36
151 65
151 68
151 71
151 128
151 136
151 140
151 152
151 156
151 171
151 172
151 183
151 185
151 222
151 225
152 7
152 87
152 130
152 181
152 225
153 60
153 191
164 95
165 3
165 60
165 203
166 12
167 177
168 101
171 34
171 221
173 208
173 80
174 206
175 60
175 40
175 203
177 18
179 196
179 154
179 22
180 223
180 71
180 134
182 206
183 225
183 55
183 80
183 130
183 181
183 210
186 60
186 95
187 95
187 61
187 214
191 196
191 197
196 5
196 7
196 33
196 93
196 101
196 112
196 127
196 137
196 199
197 95
197 144
197 147
203 60
208 60
208 23
208 87
208 80
208 192
210 130
210 181
211 10
213 39
214 95
214 158
216 60
216 7
224 87
225 7
225 75
225 68
21 60
30 41
218 1
5 12
5 157
7 10
7 61
7 65
7 71
7 75
7 95
7 132
7 172
7 212
28 22
28 199
29 54
29 95
33 12
54 12
93 127
93 160
95 44
95 61
95 62
95 75
95 109
95 131
95 139
95 140
95 147
95 148
95 150
95 158
95 181
95 184
95 190
95 194
95 200
95 209
95 212
100 198
100 199
112 199
137 60
154 73
154 22
154 199
199 73
199 83
199 84
11 17
11 123
12 84
12 157
12 160
13 60
13 98
22 83
22 114
44 131
60 3
60 17
60 40
60 61
60 72
60 98
60 150
60 192
60 194
60 207
83 84
114 18
114 85
128 25
128 36
128 207
134 71
185 200
200 23
62 198
150 140
192 32
207 40
17 145
72 190
201 58
102 75
102 118
10 172
65 71
172 222
212 170
9 104
9 136
23 87
55 80
80 145
80 139
104 190
117 14
139 145
140 222
147 148
147 209
209 148
25 36
18 85
67 215
215 89
