328
194
214
8
70
351
212
249
175
239
120
372
87
163
217
83
88
201
38
209
302
374
62
376
290
94
133
164
236
35
296
57
117
245
172
253
367
189
280
248
230
43
218
141
240
241
34
288
85
233
112
358
356
109
137
124
14
195
341
242
146
121
222
40
362
204
92
176
19
266
46
39
289
174
44
199
5
49
171
246
210
169
329
307
130
282
180
103
244
361
322
42
206
1
365
268
373
165
23
327
352
51
31
221
69
122
4
237
144
363
104
3
223
291
193
167
202
211
257
306
213
350
56
354
106
281
66
378
50
118
188
323
55
366
232
86
262
147
256
274
238
97
357
99
105
314
134
81
71
96
98
12
315
102
90
95
82
145
349
2
303
116
297
74
344
161
61
235
348
275
48
150
353
41
30
279
93
355
77
181
203
347
190
16
243
276
78
261
75
