120
606
50
628
437
492
221
48
468
815
435
392
420
886
577
693
371
740
505
491
76
927
676
327
513
490
510
526
274
25
555
425
250
553
647
675
41
658
345
23
485
820
501
680
783
2
60
493
469
748
471
576
401
562
126
591
140
153
509
567
244
618
552
551
464
243
22
660
516
218
517
670
828
260
768
404
956
583
11
787
721
556
609
20
149
449
548
561
88
458
720
333
47
531
503
372
393
261
356
373
169
507
8
394
19
704
82
175
498
554
504
40
619
444
329
530
424
662
563
863
170
712
269
395
590
476
470
502
303
268
143
234
233
403
431
465
103
821
279
407
247
674
733
276
453
462
59
375
360
779
635
165
315
580
629
85
89
391
75
353
383
101
42
28
474
318
459
248
230
24
600
436
463
36
652
508
729
141
112
582
631
110
644
49
592
46
500
215
264
246
51
587
461
97
948
595
402
646
319
326
