5
147
96
209
119
230
122
199
106
240
133
314
110
286
82
294
24
169
160
34
153
7
177
9
68
264
35
90
111
187
256
273
87
263
297
315
108
124
309
6
139
238
319
181
18
243
210
3
204
279
267
42
107
172
109
52
310
216
10
302
135
21
274
303
276
114
182
250
285
143
200
272
142
164
136
23
95
33
51
27
26
100
217
148
220
287
1
60
225
175
284
229
28
156
150
295
70
173
46
311
277
132
0
116
89
222
246
48
128
197
39
259
45
78
12
92
179
29
213
16
205
69
67
144
239
152
145
304
76
72
163
296
298
196
247
251
74
208
227
155
61
43
291
22
185
88
93
41
258
32
219
316
322
249
201
65
56
47
53
99
323
299
224
