0 17
0 30
0 60
0 119
0 132
0 143
0 151
0 157
0 175
0 189
0 197
0 241
0 263
1 76
1 118
1 143
1 156
1 179
1 196
1 214
1 256
2 56
2 63
2 131
2 143
2 151
2 197
3 27
3 51
3 57
3 63
3 83
3 110
3 120
3 135
3 141
4 28
4 63
4 97
4 167
4 180
4 199
4 249
4 257
5 12
5 29
5 102
5 167
5 257
6 113
6 143
6 151
6 197
6 270
7 137
7 167
7 253
7 257
8 13
8 30
8 43
8 60
8 61
8 109
8 119
8 124
8 143
8 167
8 175
8 202
8 224
8 228
8 230
8 257
9 74
9 177
9 243
9 258
10 46
10 57
10 60
10 63
10 143
10 179
10 214
10 234
10 240
10 267
11 75
11 92
11 98
11 99
11 106
11 143
11 152
11 224
11 265
11 268
12 106
12 167
12 168
12 257
13 27
13 35
13 53
13 59
13 61
13 68
13 77
13 87
13 89
13 101
13 106
13 112
13 122
13 132
13 135
13 139
13 143
13 146
13 163
13 165
13 175
13 182
13 202
13 224
13 231
13 257
13 267
13 269
14 63
14 72
14 106
15 85
15 143
15 179
15 214
15 255
16 143
16 183
16 188
16 234
16 240
17 106
17 119
17 170
17 175
17 257
17 263
18 33
18 63
18 234
18 236
18 240
19 234
19 240
19 259
20 57
20 124
20 195
21 55
21 57
21 63
21 124
21 143
21 150
21 241
22 143
22 181
22 241
23 101
23 143
23 236
24 61
24 63
24 70
24 77
24 179
24 205
24 214
25 115
25 139
25 143
25 151
25 197
26 28
26 42
26 88
26 106
26 111
26 130
26 136
26 143
26 171
26 185
26 234
26 237
26 240
27 61
27 63
27 120
27 165
28 42
28 88
28 97
28 106
28 111
28 130
28 143
28 167
28 171
28 237
28 249
28 257
29 102
30 43
30 119
30 143
30 175
30 202
30 224
31 143
31 184
31 230
32 36
32 143
32 217
33 57
33 63
33 81
33 124
34 76
34 106
34 124
34 143
34 266
35 54
35 61
35 112
35 151
35 197
36 143
36 145
36 168
36 217
37 161
37 186
37 203
38 74
38 177
38 258
39 107
39 112
39 143
39 234
39 240
40 47
40 57
40 124
40 140
40 143
41 82
41 116
41 120
41 143
41 148
41 167
41 204
41 224
41 257
42 237
43 52
43 92
43 119
43 143
43 175
43 179
43 202
43 214
43 224
43 234
43 240
43 241
44 179
44 184
44 191
44 214
45 58
45 142
45 239
46 143
46 231
47 55
47 57
47 120
47 124
47 141
48 114
48 124
48 143
48 167
48 203
48 210
48 224
48 242
48 245
48 257
49 73
49 76
49 143
49 149
49 187
49 215
49 216
49 246
49 267
50 93
50 143
50 151
50 197
50 269
51 61
51 63
51 135
51 165
51 270
52 114
52 143
52 189
52 203
53 61
53 63
53 163
53 167
53 190
53 224
53 233
53 234
53 240
53 257
53 260
54 143
54 151
54 197
54 206
55 57
55 69
55 77
55 120
55 124
55 135
55 141
55 229
55 246
55 267
56 61
56 63
56 151
56 162
56 167
56 197
56 224
56 257
57 62
57 63
57 69
57 79
57 83
57 84
57 119
57 124
57 135
57 143
57 155
57 179
57 182
57 183
57 195
57 210
57 214
57 227
57 234
57 240
57 241
57 247
58 121
58 142
58 239
59 61
59 131
59 143
59 146
59 234
59 240
60 61
60 109
60 143
60 151
60 179
60 197
60 202
60 214
60 224
60 234
60 240
60 267
61 63
61 68
61 70
61 77
61 83
61 87
61 89
61 101
61 106
61 109
61 110
61 112
61 113
61 122
61 132
61 135
61 139
61 143
61 146
61 153
61 158
61 162
61 163
61 165
61 167
61 175
61 182
61 190
61 194
61 198
61 202
61 222
61 224
61 231
61 234
61 240
61 257
61 267
61 269
61 270
62 227
62 234
62 240
62 247
63 65
63 67
63 70
63 72
63 76
63 77
63 81
63 83
63 85
63 95
63 110
63 120
63 121
63 124
63 126
63 135
63 141
63 143
63 150
63 151
63 155
63 160
63 167
63 179
63 190
63 195
63 197
63 200
63 210
63 214
63 221
63 224
63 233
63 234
63 240
63 241
63 244
63 252
63 254
63 257
64 98
64 104
64 105
64 143
64 161
64 167
64 175
64 176
64 224
64 241
64 256
64 257
64 265
65 95
65 167
65 224
65 245
65 257
66 76
66 143
66 156
66 179
66 196
66 214
66 220
66 256
67 90
67 106
67 167
67 200
67 208
67 224
67 257
68 93
68 234
68 240
69 120
69 124
69 135
70 77
70 106
70 151
70 158
70 175
70 197
70 198
70 222
70 248
70 257
71 78
71 136
71 138
71 204
71 251
71 252
72 76
72 118
72 143
72 179
72 214
73 76
73 143
73 167
73 215
73 224
73 233
73 257
74 91
74 103
74 147
74 164
74 177
74 180
74 211
74 243
74 258
75 98
75 143
75 224
75 265
76 106
76 118
76 143
76 149
76 169
76 179
76 187
76 195
76 196
76 214
76 215
76 216
76 220
76 246
76 250
76 266
76 267
77 84
77 120
77 136
77 143
77 161
77 203
77 209
77 212
77 221
77 223
77 224
77 229
77 241
77 246
77 266
78 98
78 136
78 138
78 167
78 175
78 252
78 257
78 268
79 84
79 100
79 124
79 179
79 214
79 234
79 240
80 81
80 87
80 143
80 234
80 240
81 234
81 240
82 100
82 143
83 109
83 165
84 124
84 143
84 224
85 143
85 179
85 214
85 252
86 99
86 144
86 172
86 179
86 214
86 224
87 135
87 143
88 100
88 111
88 136
88 167
88 229
88 234
88 240
88 257
89 206
89 234
89 240
89 269
90 106
90 208
91 103
91 147
91 211
92 106
92 124
92 143
92 167
92 175
92 179
92 202
92 210
92 214
92 228
92 241
92 257
92 268
93 143
93 234
93 240
94 117
94 203
94 223
94 241
95 119
95 157
95 167
95 224
95 257
96 114
96 124
96 127
96 167
96 224
96 257
97 180
97 249
98 104
98 143
98 167
98 176
98 213
98 257
99 128
99 144
99 152
99 181
99 224
100 167
100 179
100 214
100 234
100 240
100 257
101 135
101 143
102 143
102 209
103 211
104 105
104 143
104 213
104 224
104 241
105 128
105 176
105 199
105 213
105 224
106 119
106 124
106 129
106 130
106 136
106 143
106 151
106 156
106 166
106 168
106 170
106 171
106 175
106 176
106 186
106 189
106 198
106 202
106 208
106 210
106 224
106 257
106 266
106 268
107 143
107 151
107 197
108 124
108 129
108 167
108 179
108 203
108 214
108 223
108 224
108 226
108 257
109 165
109 202
109 224
109 261
110 141
110 165
110 194
111 143
111 224
111 235
112 234
112 240
113 143
113 153
114 124
114 167
114 189
114 203
114 224
114 242
114 257
115 143
115 234
115 240
116 148
116 192
116 224
117 203
117 223
117 241
118 143
118 156
118 179
118 214
118 256
119 124
119 126
119 143
119 157
119 167
119 170
119 175
119 182
119 202
119 210
119 224
119 241
119 257
120 124
120 134
120 135
120 141
120 143
120 166
120 167
120 182
120 192
120 209
120 210
120 212
120 224
120 229
120 233
120 241
120 246
120 257
120 267
121 142
121 155
121 239
122 139
122 218
122 234
122 240
123 143
123 167
123 193
123 219
123 255
123 257
124 126
124 127
124 135
124 143
124 155
124 166
124 167
124 171
124 175
124 179
124 182
124 183
124 192
124 195
124 203
124 210
124 212
124 214
124 224
124 230
124 234
124 240
124 241
124 245
124 257
124 268
125 148
125 167
125 179
125 214
125 257
125 264
126 143
126 155
126 167
126 170
126 210
126 224
126 241
126 257
127 167
127 224
127 257
128 143
128 179
128 181
128 199
128 214
128 224
128 232
128 241
129 143
129 167
129 181
129 223
129 226
129 241
129 257
130 171
131 143
131 234
131 240
132 143
132 182
132 234
132 240
132 267
133 167
133 226
133 257
133 262
134 143
134 209
134 212
134 241
135 143
136 138
136 171
136 185
136 204
136 221
136 224
136 234
136 240
136 251
136 266
137 144
137 167
137 257
138 204
138 251
139 151
139 197
140 143
140 179
140 214
140 234
140 240
142 239
143 145
143 146
143 149
143 150
143 151
143 153
143 154
143 155
143 156
143 159
143 160
143 161
143 167
143 168
143 169
143 172
143 173
143 175
143 176
143 179
143 181
143 182
143 183
143 184
143 186
143 187
143 188
143 193
143 196
143 197
143 198
143 199
143 201
143 202
143 203
143 204
143 206
143 209
143 210
143 212
143 213
143 214
143 216
143 217
143 218
143 219
143 220
143 221
143 223
143 224
143 225
143 228
143 230
143 231
143 232
143 233
143 234
143 235
143 236
143 240
143 241
143 244
143 245
143 246
143 248
143 250
143 251
143 256
143 257
143 259
143 263
143 264
143 267
143 268
144 167
144 224
144 226
144 257
145 168
146 178
146 179
146 214
147 164
147 211
148 167
148 224
148 257
149 159
149 224
149 234
149 240
149 267
150 232
150 241
151 154
151 188
151 194
151 197
151 201
151 205
151 222
151 248
151 257
151 269
151 270
152 224
153 190
153 234
153 240
154 194
154 197
154 225
155 170
155 173
155 224
155 263
156 174
156 186
156 196
156 220
156 224
156 256
156 257
157 167
157 189
157 224
157 257
158 222
159 224
160 241
160 244
161 186
161 203
161 256
162 167
162 224
162 257
163 225
163 234
163 240
164 211
164 243
165 194
165 270
166 192
166 210
166 241
166 268
167 171
167 175
167 178
167 181
167 182
167 185
167 193
167 199
167 200
167 202
167 203
167 210
167 212
167 224
167 226
167 233
167 238
167 241
167 242
167 245
167 246
167 251
167 253
167 255
167 257
167 260
167 262
168 257
169 250
170 175
170 224
170 257
171 210
171 224
171 241
171 257
172 179
172 214
172 244
173 263
174 220
174 256
175 176
175 198
175 202
175 210
175 224
175 241
175 251
175 255
175 257
175 268
176 224
176 265
176 268
177 243
177 258
178 179
178 214
178 238
178 257
179 184
179 191
179 196
179 203
179 205
179 207
179 214
179 220
179 224
179 232
179 241
179 252
179 255
179 264
180 249
181 224
181 241
181 257
182 224
182 231
182 233
182 234
182 240
182 257
183 234
183 240
184 214
184 230
185 193
185 257
186 203
186 224
186 257
187 216
187 246
188 197
188 201
189 203
189 268
190 234
190 240
191 214
192 210
192 224
192 241
192 254
193 219
193 257
194 197
195 234
195 240
195 254
196 214
196 256
197 201
197 205
197 222
197 248
197 269
197 270
198 234
198 240
198 257
198 259
199 224
199 241
199 257
200 224
200 238
200 257
202 224
202 257
203 214
203 223
203 224
203 241
203 242
203 246
203 257
204 224
204 234
204 240
204 251
205 214
205 222
206 234
206 240
207 214
207 234
207 240
209 212
209 241
210 224
210 234
210 240
210 241
210 245
210 257
210 268
211 243
212 224
212 241
212 257
213 224
214 220
214 224
214 232
214 241
214 252
214 255
214 264
216 246
218 234
218 240
218 248
220 256
221 266
223 226
223 241
223 246
224 228
224 233
224 234
224 235
224 240
224 241
224 242
224 245
224 246
224 257
224 260
224 265
225 234
225 240
226 257
227 247
229 234
229 240
233 257
233 260
234 236
234 240
234 241
234 254
234 259
234 267
236 240
238 257
240 241
240 254
240 259
240 267
241 244
241 251
241 257
242 246
242 257
245 257
246 257
246 267
251 255
251 257
253 257
255 257
257 260
257 262
257 268
260 261
