748
216
587
225
106
335
82
283
629
385
747
491
244
857
825
256
780
655
251
513
659
805
154
838
597
368
120
494
713
547
871
173
654
79
545
329
672
373
103
754
370
465
107
134
191
897
770
773
394
514
401
237
168
423
469
414
849
199
263
78
599
24
788
420
23
470
492
949
402
627
578
447
111
995
72
331
43
690
190
144
76
259
229
552
264
26
861
819
603
100
171
802
184
568
524
428
15
391
137
426
332
267
132
891
535
234
763
148
286
796
464
231
270
961
865
188
243
707
52
705
503
118
458
451
419
478
612
915
483
826
346
585
176
249
774
6
114
127
598
339
617
650
668
326
687
277
837
772
751
618
662
756
27
768
526
352
814
255
931
378
272
413
47
68
25
765
367
317
502
712
716
816
177
671
907
623
351
870
338
64
679
472
676
421
389
586
835
715
611
481
87
836
169
383
495
276
440
911
889
613
875
38
652
61
16
548
125
658
5
522
241
964
706
8
124
58
403
761
59
441
250
820
275
841
943
512
429
776
141
135
182
361
531
718
664
336
349
236
170
14
105
115
722
583
145
60
140
922
371
32
752
40
686
750
17
96
341
206
508
183
962
19
711
523
158
94
49
83
473
238
529
306
800
575
590
454
75
91
677
232
139
760
607
280
990
872
214
693
404
771
157
510
327
660
489
425
626
601
151
165
631
112
956
444
479
66
608
358
710
696
669
728
570
786
337
417
138
375
749
409
533
487
193
85
986
274
600
80
591
562
498
681
41
947
670
509
51
665
257
18
224
386
29
240
576
757
227
625
580
179
395
847
285
553
407
901
528
435
574
219
532
187
92
35
195
356
307
862
779
377
581
445
475
963
912
291
784
220
228
222
397
30
790
266
245
405
477
639
885
22
622
811
459
688
305
682
54
684
563
582
342
909
166
882
295
432
42
321
839
353
493
400
983
446
462
807
556
167
67
661
476
33
300
867
649
427
518
268
155
593
704
485
739
102
527
284
500
162
133
178
791
616
573
630
644
77
71
569
48
304
733
745
172
433
357
86
538
624
248
828
633
12
437
2
832
197
516
344
698
350
189
297
65
126
81
131
896
471
869
205
588
817
281
387
746
443
299
362
759
486
218
812
614
638
559
430
53
474
90
223
767
537
