15
80
1
92
79
25
10
0
342
234
202
333
230
224
284
64
252
66
253
302
192
95
35
179
196
88
343
220
347
94
132
121
4
211
33
3
14
199
151
239
5
127
194
340
46
124
83
244
296
149
369
39
138
350
365
273
32
329
13
67
233
62
93
229
362
370
215
217
2
38
205
366
191
348
157
97
219
190
325
313
258
68
11
45
283
372
261
120
6
63
249
322
172
312
106
189
21
87
73
245
129
7
70
165
82
85
177
119
222
371
135
60
235
176
236
321
26
178
31
323
218
34
238
75
248
168
9
110
104
297
96
108
12
339
326
43
74
44
292
307
257
163
263
201
84
125
130
98
361
221
272
50
136
262
368
29
61
225
8
91
173
107
298
336
81
105
175
285
164
349
200
216
131
65
282
99
214
373
306
237
17
30
203
281
259
251
123
305
103
