0 255
0 323
0 333
255 108
255 26
255 81
255 106
255 127
255 129
255 138
255 140
255 227
255 231
255 244
255 257
255 289
255 355
323 57
323 67
323 231
323 316
333 108
333 27
333 235
333 336
108 2
108 27
108 81
108 146
108 164
108 235
108 270
108 271
108 289
108 336
108 340
2 12
2 32
2 44
2 123
2 144
2 146
2 147
2 164
2 239
2 285
27 235
27 207
27 129
27 138
27 270
27 313
27 336
27 337
27 355
81 247
81 127
146 32
146 21
146 120
146 164
164 32
164 50
164 112
235 1
235 57
235 289
235 337
270 72
270 313
271 21
271 30
271 36
271 62
271 72
271 122
271 133
271 136
271 242
271 249
271 281
271 327
271 330
289 227
289 124
289 276
289 340
336 109
336 231
340 227
26 138
26 176
106 140
106 257
127 140
127 355
129 17
129 104
129 138
129 148
129 238
129 257
138 230
138 47
138 95
138 176
138 198
138 226
140 11
140 18
140 88
140 191
140 316
140 354
140 355
227 355
227 57
227 124
227 205
227 276
231 76
231 191
231 296
231 355
231 57
231 67
231 316
244 259
244 325
244 39
244 207
244 292
244 303
244 311
244 328
244 79
244 184
244 247
244 74
244 230
244 181
244 53
244 55
244 84
244 111
244 224
244 251
244 257
244 295
244 314
257 315
257 181
257 355
257 63
355 94
355 261
355 79
355 88
355 191
355 296
355 109
355 181
355 84
355 198
355 276
355 316
57 316
316 88
316 191
337 207
337 313
337 91
12 123
12 144
32 49
32 75
32 105
32 185
32 275
44 55
44 96
44 105
44 112
44 123
44 125
44 144
44 147
44 179
44 239
44 245
44 275
44 285
123 125
123 144
123 160
123 179
123 245
123 285
144 20
144 74
144 105
144 125
144 130
144 160
144 170
144 172
144 185
144 236
144 239
144 243
144 245
144 281
144 285
144 328
147 285
239 96
239 105
239 112
239 185
239 245
285 54
285 71
285 114
285 125
285 130
285 160
285 170
285 245
285 275
49 74
49 156
49 215
49 105
49 185
49 197
49 200
49 214
49 236
49 279
75 137
75 139
75 236
75 275
75 279
105 96
105 112
105 185
105 245
185 172
185 245
275 55
55 183
55 93
55 122
55 87
55 133
55 281
55 295
55 45
55 89
55 137
55 167
55 253
55 260
55 273
55 279
55 335
96 112
96 245
112 245
125 160
125 130
125 179
125 245
179 215
179 93
179 245
245 172
160 15
160 20
160 25
160 64
160 114
160 151
160 152
160 153
160 130
160 169
160 170
160 284
160 339
20 328
20 15
20 58
20 64
20 152
20 172
20 241
20 284
20 297
74 168
74 328
74 15
74 36
74 48
74 115
74 135
74 150
74 151
74 169
74 172
74 197
74 199
74 214
74 279
74 296
170 152
170 169
170 139
172 15
172 24
172 152
172 174
236 156
236 183
236 137
236 139
236 279
243 297
281 292
281 303
281 184
281 190
281 296
281 36
281 87
281 53
281 89
281 224
281 253
328 9
328 97
328 58
328 197
328 224
328 351
21 46
21 120
21 254
120 175
50 97
50 58
54 114
54 254
54 155
54 215
71 114
71 222
71 241
71 42
71 161
71 187
71 237
71 286
114 15
114 64
114 59
114 117
114 151
114 153
114 155
114 161
114 174
114 187
114 204
114 222
114 241
114 262
114 284
114 286
114 304
114 329
114 339
3 7
3 116
3 180
7 13
7 116
7 157
7 180
7 250
116 142
116 157
116 180
180 157
180 250
180 310
13 19
13 82
13 283
13 299
13 308
13 347
13 353
157 142
157 250
157 310
250 310
142 65
142 353
142 310
142 38
142 68
310 19
310 347
310 293
310 296
310 300
310 307
310 33
310 80
310 87
310 92
4 31
4 208
4 212
4 259
4 264
4 288
4 325
4 352
31 229
31 264
31 278
31 288
31 325
208 16
208 165
208 168
208 193
208 223
208 259
208 264
208 268
212 5
212 66
212 259
212 278
212 325
212 341
259 22
259 165
259 167
259 223
259 264
259 279
259 288
259 302
259 314
259 325
259 352
264 22
264 183
264 288
264 325
264 352
288 325
288 352
325 5
325 66
325 189
325 229
325 248
325 278
325 303
325 314
325 341
325 349
325 352
229 278
229 230
229 312
229 47
229 165
229 349
278 66
278 198
278 230
278 341
16 168
16 163
16 166
16 223
165 168
165 135
165 190
165 156
165 133
165 56
165 253
165 200
165 150
165 267
168 23
168 100
168 135
168 163
168 166
168 193
168 223
168 230
168 322
193 135
193 163
193 17
193 43
193 70
193 176
223 66
223 22
223 77
223 150
223 268
268 135
268 77
268 150
5 66
66 198
66 230
66 294
66 342
22 156
22 183
167 190
167 215
167 83
167 93
167 103
167 188
167 253
167 302
167 279
167 137
167 233
167 260
167 273
167 305
167 309
279 156
279 215
279 177
279 253
279 302
279 197
279 214
279 137
279 139
279 233
302 190
302 46
302 93
302 103
302 263
302 318
314 113
314 192
314 207
314 213
314 303
314 177
314 290
314 248
183 25
183 169
183 156
183 137
183 215
189 8
189 39
189 113
189 143
189 177
189 192
189 213
189 292
189 303
189 349
248 192
248 303
248 143
303 8
303 113
303 192
303 207
303 213
303 292
303 53
303 79
303 143
303 158
303 176
303 177
303 233
303 247
303 251
303 254
303 277
303 290
303 324
303 349
349 192
349 207
349 312
349 177
349 277
198 213
198 292
198 79
198 230
198 95
198 131
198 206
198 226
198 251
230 311
230 166
230 43
230 47
230 176
230 295
294 342
6 196
196 15
196 154
196 201
196 222
196 348
15 97
15 24
15 25
15 64
15 151
15 153
15 169
15 174
15 195
15 204
15 222
15 339
154 348
201 286
201 348
222 152
222 42
222 128
222 155
222 161
222 187
222 241
222 286
222 329
348 152
19 60
19 119
19 190
19 293
19 296
19 300
19 307
82 192
82 210
82 233
82 234
82 287
82 299
283 65
283 308
299 73
299 80
299 159
299 280
299 343
308 254
347 65
347 53
347 99
347 102
347 221
347 256
347 272
347 277
347 287
347 298
347 346
353 60
353 38
353 53
65 263
263 254
263 313
263 306
263 318
263 68
263 246
8 39
8 113
8 207
8 213
8 292
8 311
39 53
39 56
39 113
39 132
39 177
39 184
39 190
39 192
39 213
39 290
39 292
39 295
39 311
113 56
113 132
113 177
113 190
113 192
113 207
113 213
113 290
113 292
113 295
113 311
207 192
207 56
207 79
207 84
207 115
207 158
207 228
207 277
207 290
207 292
207 311
207 313
207 324
213 192
213 79
213 111
213 131
213 177
213 247
213 251
213 290
213 292
213 311
292 192
292 53
292 56
292 79
292 131
292 158
292 184
292 224
292 251
292 324
311 132
311 177
311 190
311 290
311 295
53 60
53 184
53 280
53 346
53 38
53 99
53 102
53 221
53 269
56 184
56 133
56 41
56 132
56 224
56 253
132 41
132 324
177 192
177 233
177 295
184 14
184 28
184 79
184 41
184 173
184 224
184 324
190 209
190 36
190 69
190 93
190 103
190 133
190 156
190 186
190 188
190 197
190 200
190 202
190 228
190 253
190 267
190 273
190 295
190 296
192 143
192 210
192 234
192 254
192 277
192 290
290 295
143 254
234 162
234 217
254 46
254 194
254 242
254 306
277 256
277 298
277 287
79 261
79 14
79 41
79 88
79 224
79 251
84 313
84 115
84 126
115 313
115 48
115 126
158 324
228 93
228 188
228 260
228 186
228 202
313 109
313 69
313 90
313 110
313 126
313 175
313 203
313 246
313 330
324 41
324 224
111 343
111 251
247 14
247 219
247 232
247 251
247 343
251 206
224 173
224 41
224 52
176 135
176 47
233 215
233 253
233 287
233 305
9 97
23 148
23 291
23 301
23 312
23 315
23 338
100 163
100 166
100 297
100 34
100 35
100 145
100 216
100 225
135 70
135 216
135 297
135 315
163 166
163 197
163 214
166 34
166 70
166 86
322 291
322 211
58 274
58 351
197 169
197 93
197 214
351 199
351 317
351 345
10 209
10 332
209 69
209 332
332 91
69 300
69 109
69 110
91 296
91 300
91 109
91 72
91 33
91 36
91 40
91 80
91 87
91 182
91 330
11 94
11 261
11 331
94 331
261 296
261 331
18 76
18 88
18 191
88 76
88 191
191 76
191 109
296 33
296 36
296 40
296 80
296 87
296 92
296 109
296 252
296 300
60 102
60 107
119 293
119 300
119 307
293 14
293 300
293 307
300 33
300 40
300 87
300 109
300 252
300 307
287 256
287 298
73 28
73 159
73 265
73 320
80 343
80 109
80 33
80 40
80 87
80 92
80 159
159 280
159 343
159 38
280 14
280 28
280 256
280 99
280 178
280 218
280 221
280 258
280 269
280 272
280 298
280 346
343 14
343 85
343 258
343 272
99 346
99 221
221 346
256 28
256 141
256 178
256 298
256 346
298 28
298 141
298 178
298 346
346 28
346 141
346 178
346 219
38 85
38 269
14 28
28 141
28 178
28 320
141 30
141 45
141 72
141 118
141 121
141 122
141 178
141 194
141 242
320 265
320 219
41 173
219 265
232 265
218 269
218 258
258 269
24 29
24 152
24 174
25 64
25 151
25 153
25 155
25 204
25 215
25 339
64 151
64 152
64 153
64 284
64 339
151 152
151 153
151 169
151 284
151 339
153 339
169 152
169 137
195 34
195 98
195 216
195 297
204 339
152 29
152 284
152 350
241 149
241 155
241 161
241 187
241 237
241 286
241 329
297 145
297 225
29 350
155 42
155 59
155 117
155 128
155 161
155 187
155 262
155 286
155 304
215 93
215 214
36 33
36 40
36 87
36 92
36 133
36 252
36 266
36 330
150 199
150 267
150 344
199 117
199 304
199 317
199 149
59 117
59 262
59 304
117 286
117 149
117 262
117 304
161 187
161 286
161 237
187 42
262 304
286 42
286 237
286 304
286 329
304 149
70 17
70 43
70 315
216 34
216 98
216 145
216 35
315 291
315 312
315 211
137 93
137 139
77 156
43 17
104 148
104 301
104 334
104 319
148 78
148 238
148 301
148 319
148 321
148 334
148 338
238 334
76 109
109 87
109 134
93 30
93 83
93 89
93 103
93 133
93 188
93 242
93 309
93 335
103 30
103 83
103 188
103 242
103 253
103 309
103 318
133 89
133 253
133 335
156 200
156 267
156 282
186 273
186 335
186 202
188 30
188 202
188 273
188 309
200 267
200 282
202 273
253 46
253 87
253 89
253 305
253 318
267 344
273 260
33 40
33 87
33 92
33 182
40 87
40 92
40 182
87 89
87 92
87 182
92 252
274 345
145 225
46 306
46 318
175 194
175 242
175 330
175 51
175 171
175 90
175 220
175 246
175 326
194 30
194 72
194 122
194 136
194 45
194 118
194 171
194 220
194 240
194 242
242 83
242 121
242 122
242 136
242 45
242 118
242 220
242 240
242 249
242 330
30 72
30 83
30 121
30 136
30 327
62 327
62 266
62 330
62 110
72 121
72 122
72 327
122 121
122 45
122 118
122 136
122 240
122 249
122 326
122 330
136 45
136 118
136 240
136 249
136 326
136 330
249 330
330 266
330 90
291 211
291 321
301 319
301 338
78 37
78 334
321 211
334 37
95 226
90 246
110 266
276 124
276 205
45 118
121 240
83 309
89 335
240 171
240 220
240 326
240 101
326 51
326 171
326 220
326 68
326 101
171 51
171 101
171 220
220 51
345 317
317 61
162 217
