660
803
417
394
104
676
767
441
128
179
615
159
517
114
401
503
556
693
262
191
460
790
345
704
936
424
751
785
208
240
844
956
137
480
158
924
269
156
880
601
391
500
468
185
370
153
204
164
98
449
221
782
745
264
561
403
24
635
492
142
768
607
37
263
645
431
815
737
806
581
618
140
317
113
571
275
783
493
674
247
25
407
92
96
565
647
567
509
443
249
412
82
163
39
392
505
467
691
646
519
233
154
50
139
246
553
67
752
333
308
339
356
372
453
477
430
157
33
800
849
465
748
165
435
136
592
623
600
504
62
61
149
373
763
656
215
382
402
69
148
381
261
562
514
495
735
628
611
81
353
527
613
501
876
122
663
821
778
846
103
121
666
127
444
192
217
528
642
251
662
254
440
70
324
583
606
437
629
840
28
395
22
670
387
130
551
545
386
248
458
420
533
624
250
692
765
494
273
612
682
650
508
754
557
575
51
483
885
603
218
789
471
371
850
329
531
6
393
347
210
726
497
309
181
304
169
733
593
102
343
265
202
459
93
41
516
476
712
555
594
110
295
526
490
434
734
485
576
469
75
205
195
445
498
145
808
489
312
462
463
253
89
173
15
683
530
23
141
858
599
587
152
375
474
436
115
400
232
582
675
48
715
259
694
616
552
175
315
383
499
77
95
91
216
88
47
219
99
415
268
998
19
828
244
725
174
134
813
369
131
591
554
866
588
617
172
289
101
83
886
502
710
927
421
111
705
277
318
341
627
520
488
274
464
34
461
912
577
285
863
404
563
231
360
510
155
786
201
513
38
595
303
507
316
279
838
338
631
105
739
132
80
76
143
193
207
652
584
820
470
340
728
478
609
296
198
732
644
747
20
833
245
832
779
162
209
213
243
884
226
548
255
97
170
7
680
94
120
546
454
491
