450
190
612
334
41
621
513
479
658
408
131
78
260
457
0
283
485
604
108
245
467
391
402
186
609
406
596
651
52
113
451
627
143
558
371
488
364
657
444
569
301
442
461
552
382
54
33
703
511
72
297
520
205
357
191
387
224
669
121
472
59
288
187
237
524
588
269
165
528
286
476
246
50
65
575
521
362
514
222
235
273
128
208
420
90
583
555
394
55
532
372
219
413
325
649
171
469
30
333
477
69
291
40
697
378
560
380
392
500
206
619
182
335
180
18
317
617
441
31
266
147
584
2
407
582
134
478
67
529
553
296
662
130
166
109
580
280
625
12
546
594
695
601
336
577
507
49
229
168
115
570
249
547
526
661
522
624
105
418
62
422
79
593
308
16
22
405
388
60
101
323
419
431
86
466
232
460
508
701
498
568
585
447
112
595
438
306
705
385
537
600
327
564
258
207
456
340
423
574
133
660
42
501
138
400
300
66
267
350
34
261
70
486
198
414
196
241
602
19
363
338
174
202
203
337
272
562
616
644
230
535
231
315
365
140
659
244
319
640
64
550
377
505
209
459
437
353
389
424
181
556
27
74
136
384
409
439
603
199
354
220
332
71
99
510
390
679
415
633
53
210
634
84
292
247
82
355
122
123
240
287
339
152
200
396
146
579
403
597
464
351
642
167
76
530
425
21
144
573
484
632
370
581
111
386
117
348
677
85
51
106
155
502
48
11
299
458
435
184
454
494
398
512
322
107
628
100
611
475
228
534
358
463
462
185
159
374
257
251
326
356
376
239
430
37
587
176
544
183
96
344
330
436
77
471
264
349
704
58
618
73
567
173
57
465
635
162
32
543
561
80
250
482
404
359
620
636
331
675
46
379
539
83
693
395
499
541
368
572
161
515
455
421
56
75
481
329
265
503
81
473
163
324
674
366
631
91
576
613
160
563
523
189
401
615
468
137
483
650
566
516
119
429
589
527
399
295
