0 316
0 328
316 153
316 244
316 16
316 20
316 25
316 37
316 39
316 56
316 136
316 150
316 176
316 178
316 185
316 188
316 200
316 206
316 207
316 229
316 266
316 268
316 297
316 301
316 317
316 328
316 335
316 340
328 153
328 244
153 244
16 178
20 188
20 39
20 206
20 268
25 188
25 206
25 56
25 85
37 39
37 206
37 340
39 188
39 206
39 266
39 268
39 269
39 340
56 188
56 206
136 206
136 301
150 154
150 229
150 295
150 298
150 334
176 188
176 206
178 313
178 30
178 147
178 197
178 206
178 207
188 6
188 31
188 160
188 64
188 85
188 94
188 189
188 206
188 214
188 253
188 268
188 269
188 280
188 297
188 313
188 317
188 326
200 327
206 85
206 207
206 266
206 268
206 269
206 301
206 317
206 340
207 313
229 295
229 327
229 334
266 313
266 268
266 269
268 313
268 269
297 317
1 8
1 13
1 17
1 27
1 68
1 130
8 68
8 130
8 235
8 336
13 27
13 68
13 77
13 130
13 142
13 151
13 246
13 251
13 336
27 2
68 130
130 169
336 251
336 326
77 129
77 58
77 88
77 142
77 177
77 196
77 210
77 299
77 332
142 257
142 46
142 78
142 88
142 163
142 210
142 318
142 332
246 48
246 251
251 76
251 123
251 237
251 272
2 11
2 302
11 302
3 40
3 158
3 241
3 310
40 158
40 241
40 310
158 241
241 125
241 138
241 254
241 310
241 313
125 313
125 138
125 254
138 313
138 254
254 313
313 9
313 304
4 129
4 146
4 166
4 257
129 257
146 257
166 257
257 5
257 82
257 86
257 88
257 132
257 177
5 82
82 18
82 45
82 122
82 132
82 140
82 203
82 221
82 234
82 258
82 265
82 274
82 337
86 88
88 177
88 58
88 196
88 286
88 299
88 315
88 330
132 203
132 234
177 102
18 120
18 164
18 180
18 221
18 261
18 265
18 267
18 274
18 290
18 337
45 122
45 140
45 258
45 265
45 337
122 203
122 234
140 55
140 324
203 234
221 270
221 274
221 290
221 337
6 31
6 87
6 160
6 240
31 87
31 240
87 30
87 134
87 160
87 202
87 211
87 214
87 240
87 253
87 294
87 338
160 202
160 214
160 294
240 116
240 118
240 189
30 211
30 296
30 32
30 179
30 300
30 338
134 152
202 214
211 15
211 32
211 179
211 296
211 338
214 294
214 338
64 94
94 21
94 75
94 81
94 118
94 189
94 192
94 247
94 288
189 57
189 81
189 118
189 116
189 247
189 280
189 312
280 312
326 144
116 118
118 57
118 81
7 156
7 256
7 314
156 52
156 106
156 256
156 262
156 314
256 52
256 262
256 314
314 52
314 262
52 262
106 21
106 91
106 95
106 60
106 141
106 216
106 236
106 333
9 304
10 42
10 126
42 126
42 209
126 57
126 65
126 93
126 247
126 283
57 65
57 81
57 247
65 247
247 81
12 34
12 199
12 293
12 321
34 155
34 190
34 193
34 293
199 190
199 293
199 321
155 193
190 291
58 196
210 332
210 329
299 100
299 103
299 107
299 119
299 161
299 175
299 194
299 225
299 330
332 84
332 44
332 47
46 97
46 102
46 109
46 124
46 171
46 173
46 271
46 309
46 318
46 339
78 231
163 21
163 66
163 69
163 73
163 80
163 89
163 96
163 133
163 167
163 231
163 322
237 272
14 309
102 109
102 173
102 339
109 33
109 47
109 170
109 171
109 173
109 245
124 271
171 245
173 33
173 339
296 79
296 121
296 278
147 197
147 279
120 164
120 180
120 261
120 270
120 290
120 306
164 131
164 180
164 205
164 213
164 239
164 270
164 290
164 303
180 270
180 306
261 270
261 290
261 306
267 112
267 270
290 270
290 35
290 306
290 323
112 270
270 306
131 29
131 159
131 183
131 205
131 213
131 239
131 263
131 303
205 213
205 303
213 239
213 303
239 303
19 259
259 24
259 252
24 252
24 260
24 307
307 21
307 41
307 157
307 232
21 49
21 51
21 59
21 91
21 95
21 135
21 162
21 165
21 187
21 192
21 195
21 227
21 236
21 238
21 277
21 288
21 308
49 51
49 148
51 148
59 63
59 110
59 308
91 95
91 236
95 236
95 308
95 331
135 162
162 277
227 325
236 308
238 250
288 275
308 275
308 62
67 275
275 220
275 242
75 47
75 115
75 137
75 311
60 141
60 216
141 38
141 113
141 71
141 186
141 216
141 333
216 38
216 113
216 117
216 186
216 54
216 71
216 333
333 74
333 113
333 117
333 186
333 54
333 71
69 133
73 133
73 80
73 89
73 96
73 167
73 233
80 133
80 167
89 133
89 96
89 167
96 133
96 167
133 322
133 167
220 242
41 157
157 90
157 232
232 83
232 226
232 174
232 217
232 218
232 264
232 281
22 145
145 128
248 98
248 101
248 276
98 101
98 276
98 320
101 276
276 300
276 181
276 320
23 79
23 108
23 182
23 212
108 182
108 184
108 212
108 228
108 319
182 92
182 111
182 144
182 168
182 184
182 191
182 212
182 223
182 228
182 230
182 292
182 319
184 168
184 92
184 191
184 223
184 228
184 230
228 144
228 111
228 292
144 50
144 105
144 292
168 36
168 191
168 223
168 230
191 36
191 223
191 230
223 36
223 230
230 36
26 84
44 47
44 115
47 99
47 115
47 137
47 170
47 249
47 282
47 311
28 104
104 201
104 243
201 243
29 159
29 183
29 263
159 183
300 181
38 74
38 113
74 113
74 186
113 117
113 186
186 117
117 54
117 71
54 71
43 255
255 204
255 127
255 284
204 284
115 53
115 137
115 215
115 219
115 305
137 311
249 282
53 70
53 198
53 215
53 222
305 114
305 287
55 324
324 143
50 105
286 208
61 172
72 139
139 273
100 107
100 175
100 194
103 119
103 161
103 225
103 285
107 175
107 194
119 285
161 285
225 285
83 226
174 217
174 224
174 264
217 218
217 224
217 264
218 264
264 224
264 281
114 287
149 289
154 298
295 327
334 327
