254
188
689
515
454
477
25
491
159
307
327
470
465
82
91
177
656
606
140
627
605
35
181
384
619
43
126
113
659
240
274
337
505
597
303
426
499
375
585
6
54
151
370
485
168
510
711
550
344
446
496
299
59
295
256
48
357
359
264
683
626
582
481
204
396
22
23
415
547
690
687
387
75
76
624
165
584
12
139
635
92
576
377
560
136
207
46
38
614
27
610
175
171
308
633
311
131
93
445
291
367
574
428
419
390
213
364
26
283
449
458
21
128
663
478
53
541
543
409
325
588
4
157
616
662
129
289
333
32
296
504
667
28
81
462
476
448
65
381
105
464
133
429
685
408
680
97
376
262
87
257
210
702
50
391
34
533
202
49
172
495
180
682
395
24
670
161
78
2
102
601
572
456
212
57
404
559
425
450
440
401
268
206
590
701
397
472
389
275
29
62
483
625
552
497
538
500
335
369
360
634
287
383
421
58
1
272
164
361
486
124
577
568
589
473
592
630
209
564
356
417
286
328
221
11
684
580
581
155
125
493
403
173
214
618
366
518
591
707
410
220
475
354
373
340
315
229
246
185
695
358
235
348
69
388
386
399
189
211
523
338
433
467
107
10
674
693
609
319
269
658
424
430
534
686
704
479
706
632
611
422
528
228
51
112
414
411
260
540
378
80
313
331
33
558
660
461
30
380
119
372
266
190
471
613
111
322
453
339
712
628
267
39
279
648
620
661
86
122
573
509
169
459
530
621
196
60
130
385
444
447
607
231
152
469
653
285
241
103
317
56
96
106
435
508
0
182
121
123
363
455
183
583
561
318
215
278
326
37
110
544
487
222
413
64
115
519
219
143
350
226
134
176
186
305
594
522
535
263
480
402
162
474
631
405
192
324
120
314
492
517
595
482
255
400
320
244
700
460
276
158
9
673
198
705
529
434
443
99
160
36
516
223
243
644
273
602
672
232
457
40
352
520
651
329
79
174
