829
289
729
85
95
238
43
356
521
599
682
581
72
659
386
236
606
66
740
90
524
889
84
813
118
26
464
915
407
181
121
592
28
137
912
694
243
888
20
295
231
323
539
680
215
683
274
199
583
394
305
351
327
732
900
438
156
272
133
770
750
21
550
220
445
588
789
814
24
430
229
71
563
210
700
667
322
593
403
715
609
481
340
929
38
374
342
876
292
330
93
765
622
982
264
629
838
886
600
155
961
720
50
783
309
520
675
312
291
731
141
5
219
67
660
162
747
833
916
547
9
420
39
339
179
94
169
435
719
790
97
546
530
51
866
596
652
835
104
611
11
456
18
47
25
486
654
251
782
113
163
846
668
827
960
840
647
739
491
685
151
154
947
7
32
278
776
646
283
837
250
643
414
681
602
642
253
822
844
763
187
436
208
49
320
576
534
286
484
325
721
517
257
87
753
422
128
304
760
638
713
369
936
437
36
59
74
102
958
751
477
926
756
68
17
354
475
319
89
158
146
748
940
556
618
513
860
234
331
716
8
81
538
83
226
591
239
657
344
140
35
446
603
367
195
204
995
627
867
923
597
412
956
850
779
183
299
332
525
157
45
135
321
60
258
601
861
302
656
64
296
6
892
395
134
207
849
413
4
645
170
54
52
218
816
980
509
114
78
554
582
575
31
216
977
30
424
863
265
73
13
950
82
115
12
42
969
130
79
427
370
381
277
489
205
201
363
279
615
799
148
27
37
557
62
192
759
598
806
899
767
468
434
821
704
907
377
329
877
153
56
246
63
733
1
815
612
29
303
209
421
967
366
368
631
343
61
164
255
614
290
110
77
628
285
240
228
16
415
273
57
131
623
616
927
244
46
443
669
825
917
832
326
561
809
341
214
150
426
55
232
479
693
10
99
480
662
553
997
88
666
658
180
75
963
315
595
754
736
902
345
186
143
880
382
48
999
152
746
19
485
467
857
655
33
425
92
490
858
65
347
868
165
249
334
429
248
34
372
387
992
136
284
127
800
531
712
80
247
444
823
98
562
185
0
111
122
552
483
674
495
855
378
147
610
271
91
194
2
233
105
175
820
125
182
267
710
752
508
768
896
937
53
202
3
774
632
873
266
661
954
587
96
384
737
132
549
100
86
139
871
