0 85
0 138
85 57
85 138
138 21
138 57
138 110
21 111
21 132
21 60
21 136
21 119
21 18
21 25
21 27
21 94
21 110
21 145
1 2
1 28
1 34
1 58
1 112
1 130
1 140
1 150
2 34
2 112
2 114
2 115
2 130
2 140
28 34
28 115
28 150
34 58
34 112
34 114
34 115
34 118
34 130
34 140
34 150
58 16
58 41
58 76
58 115
58 118
112 114
112 115
112 130
112 150
130 114
130 115
130 140
140 114
140 115
150 115
114 115
115 118
16 10
16 41
16 76
41 62
41 76
41 108
76 87
76 10
76 64
76 20
76 70
76 148
3 116
3 121
116 24
116 33
116 61
116 68
116 73
116 121
116 142
116 149
121 24
121 33
121 61
121 68
121 73
121 149
24 13
24 48
24 61
24 72
24 77
24 89
24 91
24 127
24 131
24 144
33 22
61 131
68 31
68 40
149 86
149 120
4 117
4 129
4 132
117 111
117 129
117 132
129 111
129 8
129 47
129 52
129 96
129 98
129 123
129 132
129 133
132 111
132 27
132 47
132 133
111 27
111 39
111 47
111 109
111 123
111 133
111 145
27 60
27 94
39 103
47 133
109 103
8 14
8 52
8 98
8 119
52 14
52 12
52 19
52 32
52 43
52 96
52 119
52 141
52 147
5 81
5 106
81 83
81 106
106 55
106 84
106 95
55 84
55 95
84 95
6 44
6 60
6 136
44 17
44 36
44 38
44 53
44 60
44 90
44 92
44 105
44 113
44 136
44 143
60 63
60 94
60 122
60 136
136 75
136 94
136 119
17 38
17 53
17 143
36 90
36 92
36 105
38 53
38 143
53 143
90 92
90 105
90 113
92 105
92 113
105 143
105 113
63 94
63 46
63 122
94 122
75 49
75 100
75 107
75 126
119 14
119 141
7 9
7 13
7 30
7 59
7 69
7 79
7 87
9 11
9 13
9 30
9 59
9 69
9 79
9 87
9 99
13 30
13 89
13 127
59 20
59 69
59 87
69 20
69 56
69 79
69 87
79 87
87 11
87 12
87 15
87 48
87 99
87 147
11 48
11 99
99 48
89 48
89 127
127 48
127 131
20 56
20 71
20 78
20 88
20 97
20 139
12 14
12 43
12 147
15 48
48 82
48 91
48 131
147 14
147 43
14 42
14 43
14 141
42 67
42 102
19 32
82 72
82 77
82 131
131 72
10 64
62 108
70 18
70 26
70 66
70 93
70 125
70 128
70 135
70 137
70 146
144 50
67 102
18 25
26 66
26 135
26 137
26 146
66 93
66 137
66 146
93 137
93 146
135 137
135 146
137 146
71 78
71 88
71 97
49 45
49 126
100 23
100 107
100 126
107 29
107 54
107 134
22 37
22 51
22 74
22 80
37 51
37 74
51 74
74 35
35 124
29 54
29 134
54 134
31 40
40 101
124 65
86 104
