406
129
868
112
727
733
184
52
526
662
496
192
490
760
89
197
658
561
178
565
261
274
751
532
609
431
861
16
562
146
268
699
927
453
409
120
576
405
554
23
147
705
791
765
581
552
495
149
936
333
260
175
416
796
26
401
347
383
141
163
360
629
180
171
623
681
502
743
628
519
379
528
513
774
222
335
940
33
40
159
44
71
712
530
328
271
365
592
588
20
888
506
873
556
977
378
787
286
407
108
145
839
270
745
158
181
509
992
647
429
880
305
410
189
372
223
767
945
916
710
595
806
660
88
427
611
348
356
555
164
728
675
492
66
739
889
358
437
243
193
615
837
99
950
890
795
711
720
241
402
153
697
362
674
28
245
106
187
485
282
531
997
505
821
855
58
620
918
776
296
524
215
580
403
370
315
553
53
288
214
219
194
41
870
422
789
14
619
704
666
538
148
140
618
114
393
831
463
566
816
752
548
779
190
645
417
109
51
784
542
951
9
499
450
842
551
353
858
599
4
469
166
408
217
823
740
19
373
902
24
646
904
731
324
426
804
289
600
236
277
887
61
520
366
459
95
510
613
45
64
589
103
480
503
474
545
583
491
230
248
234
110
423
119
244
596
221
63
76
606
458
476
696
518
782
759
265
444
923
375
428
644
694
905
256
844
462
380
838
126
246
790
498
563
517
272
515
22
27
352
849
471
533
516
15
21
43
612
218
154
878
637
607
652
892
160
168
269
850
155
493
737
143
695
461
810
590
233
587
676
25
631
965
688
577
293
350
633
264
783
101
227
392
703
391
17
183
404
817
944
54
238
161
947
763
152
247
668
881
303
475
398
276
501
500
827
508
682
716
125
50
394
572
635
343
213
636
867
884
748
913
420
828
117
470
722
451
312
371
943
267
436
242
507
395
468
30
138
67
841
196
