0 77
0 137
0 184
0 274
0 282
0 309
0 353
0 454
0 582
0 791
0 980
0 1021
1 98
1 528
1 611
1 634
1 1049
2 238
2 332
2 659
2 730
3 115
3 182
3 184
3 297
3 324
3 489
3 556
3 661
3 749
3 768
3 920
3 933
4 178
4 325
4 514
4 622
4 856
5 292
5 318
5 787
5 803
5 841
6 33
6 277
6 912
6 1122
7 23
7 95
7 100
7 116
7 138
7 145
7 226
7 258
7 284
7 345
7 426
7 598
7 599
7 682
7 790
7 969
7 991
7 1062
7 1088
7 1131
8 17
8 29
8 46
8 63
8 90
8 149
8 206
8 267
8 294
8 356
8 392
8 444
8 473
8 485
8 549
8 592
8 613
8 700
8 706
8 774
8 784
8 807
8 833
8 859
8 1024
8 1056
8 1076
9 214
9 225
9 323
9 325
9 484
9 516
9 553
9 604
9 702
9 713
9 848
9 855
9 965
9 975
9 1026
9 1040
9 1096
10 1010
10 1060
11 41
11 75
11 111
11 182
11 184
11 197
11 209
11 246
11 363
11 422
11 462
11 556
11 618
11 626
11 645
11 697
11 754
11 891
11 933
11 957
11 988
11 1003
11 1077
11 1117
12 109
12 123
12 176
12 788
12 881
12 1000
13 47
13 103
13 243
13 560
13 903
13 916
13 1083
14 59
14 389
14 424
14 1020
15 25
15 104
15 177
15 249
15 270
15 311
15 357
15 393
15 395
15 990
15 1036
15 1102
16 420
16 749
16 777
16 828
17 473
17 771
17 833
17 1009
17 1056
17 1076
18 19
18 119
18 157
18 177
18 180
18 234
18 254
18 304
18 321
18 327
18 403
18 520
18 532
18 627
18 733
18 773
18 811
18 814
18 876
18 970
18 990
18 1054
19 866
20 118
20 185
20 260
20 684
20 713
20 722
20 899
20 933
20 1027
21 49
21 116
21 245
21 340
21 345
21 394
21 417
21 425
21 426
21 554
21 566
21 600
21 682
21 693
21 991
21 1088
22 85
22 89
22 112
22 217
22 221
22 235
22 300
22 382
22 394
22 442
22 502
22 560
22 576
22 599
22 701
22 712
22 751
22 936
22 1037
23 33
23 95
23 138
23 153
23 184
23 273
23 417
23 492
23 554
23 583
23 598
23 629
23 676
23 682
23 693
23 745
23 779
23 991
23 999
23 1121
24 217
25 130
25 137
25 201
25 348
25 483
25 497
25 560
25 604
25 665
25 743
25 820
25 836
25 869
25 948
25 981
25 1122
26 715
26 721
27 253
28 168
28 199
28 279
28 302
28 342
28 869
28 901
28 962
29 267
30 212
30 353
30 573
30 854
30 1018
31 877
31 906
32 668
33 105
33 136
33 150
33 193
33 242
33 378
33 458
33 492
33 502
33 533
33 598
33 624
33 645
33 722
33 751
33 849
33 865
33 912
33 966
33 969
33 1031
33 1063
33 1083
33 1096
34 361
35 144
35 208
35 546
35 589
35 696
35 816
35 828
35 892
35 948
36 679
37 102
38 142
39 41
39 182
39 197
39 316
39 604
39 850
39 891
39 1051
40 531
40 659
40 803
41 121
41 140
41 197
41 240
41 245
41 262
41 269
41 276
41 332
41 363
41 422
41 501
41 505
41 615
41 645
41 697
41 730
41 748
41 754
41 850
41 865
41 891
41 935
41 957
41 1003
41 1051
41 1069
41 1104
41 1117
41 1123
41 1128
42 218
42 271
42 341
42 548
42 998
42 1044
43 102
43 745
43 1010
44 238
44 554
44 681
45 433
45 836
45 1101
45 1105
45 1110
46 251
46 305
46 323
46 325
46 485
46 605
46 640
46 648
46 690
46 805
46 833
46 836
46 985
46 1008
46 1064
46 1076
47 103
47 486
47 595
47 676
48 969
49 134
49 136
49 184
49 226
49 258
49 274
49 278
49 345
49 416
49 425
49 426
49 556
49 583
49 598
49 682
49 722
49 727
49 969
49 991
49 1045
49 1063
49 1083
49 1088
49 1131
50 443
51 194
51 335
52 64
52 361
52 460
52 601
52 645
52 881
52 883
52 915
52 1000
53 155
53 363
53 398
53 686
53 732
53 876
53 1095
53 1132
54 103
55 208
55 516
55 955
56 110
56 239
56 325
56 384
56 615
56 700
56 706
56 713
56 737
56 832
56 907
56 998
56 1025
57 325
57 560
57 724
58 632
58 711
58 957
59 71
59 361
59 389
59 424
59 460
59 892
60 502
60 598
60 800
61 135
61 716
61 836
61 848
61 1047
62 1058
62 1059
63 90
63 899
64 172
64 335
64 363
64 404
64 510
64 526
64 542
64 545
64 546
64 679
64 688
64 883
65 771
66 217
66 310
66 379
66 457
66 474
66 864
67 502
67 529
67 533
67 599
67 663
68 168
68 173
68 256
68 315
68 377
68 822
69 361
69 370
69 430
69 466
69 510
69 591
69 758
69 832
69 1023
69 1081
69 1084
70 724
70 855
70 1029
71 144
71 212
71 389
71 424
71 892
71 1020
71 1125
72 88
72 111
72 135
72 140
72 214
72 240
72 275
72 474
72 530
72 565
72 692
72 693
72 700
72 716
72 779
72 848
72 855
72 890
72 940
72 1061
72 1077
72 1094
73 94
73 448
73 902
73 944
73 1128
74 196
74 305
74 473
74 833
74 868
74 1096
75 566
75 849
76 523
76 630
76 877
76 1010
77 178
77 363
77 494
77 593
77 675
77 743
77 791
77 909
77 987
77 1086
77 1110
78 361
78 645
78 811
79 411
79 436
80 381
80 526
80 611
80 677
80 701
80 877
81 138
81 295
81 458
81 689
81 1088
81 1094
82 270
82 311
82 356
82 393
82 395
82 665
82 724
82 981
82 990
83 99
84 168
85 120
85 155
85 230
85 256
85 270
85 363
85 382
85 502
85 589
85 646
85 683
85 686
85 717
85 818
85 865
85 912
85 1096
86 471
86 598
86 745
86 877
86 1068
86 1121
87 278
87 356
87 406
87 426
87 453
87 455
87 566
87 578
87 713
87 735
87 771
87 941
87 953
87 1087
88 98
88 228
88 246
88 261
88 556
88 578
88 618
88 690
88 698
88 771
88 802
88 1014
88 1063
88 1074
88 1077
89 328
90 149
90 187
90 289
90 305
90 341
90 429
90 526
90 582
90 802
90 833
90 916
90 985
90 1056
90 1064
91 102
91 112
91 184
91 187
91 215
91 261
91 356
91 399
91 427
91 556
91 604
91 611
91 703
91 717
91 771
91 784
91 836
91 855
91 869
91 892
91 943
91 965
91 1012
91 1096
91 1106
92 386
92 573
92 1018
93 110
93 112
93 221
93 380
93 427
93 451
93 501
93 589
93 605
93 660
93 683
93 751
93 897
93 909
93 1087
94 125
94 448
94 831
94 902
95 100
95 138
95 217
95 244
95 258
95 394
95 417
95 425
95 554
95 645
95 691
95 991
96 139
96 183
96 227
96 312
96 316
96 388
96 544
96 599
96 668
96 731
96 877
97 328
97 442
97 560
97 599
97 637
97 936
98 115
98 228
98 282
98 425
98 426
98 461
98 528
98 556
98 611
98 771
98 1063
98 1077
99 168
99 176
99 246
99 279
99 302
99 306
99 332
99 342
99 438
99 509
99 517
99 546
99 547
99 552
99 556
99 615
99 713
99 724
99 730
99 777
99 816
99 828
99 831
99 869
99 892
99 901
99 918
99 962
99 971
99 1086
99 1089
99 1115
99 1127
100 126
100 138
100 151
100 173
100 203
100 207
100 226
100 284
100 346
100 394
100 417
100 492
100 554
100 587
100 693
100 779
100 790
100 969
100 991
100 995
100 1052
100 1062
100 1088
101 173
102 160
102 183
102 187
102 202
102 227
102 297
102 299
102 316
102 331
102 356
102 363
102 543
102 630
102 637
102 642
102 672
102 760
102 811
102 822
102 877
102 884
102 906
102 915
102 1010
102 1027
102 1109
103 115
103 185
103 201
103 356
103 373
103 486
103 514
103 588
103 811
103 869
103 916
103 1012
103 1081
104 270
104 317
104 395
104 744
104 990
104 1017
104 1036
105 120
105 256
105 363
105 453
105 502
105 533
105 598
105 1015
106 384
107 630
107 857
108 194
109 420
109 459
109 788
110 112
110 221
110 239
110 251
110 280
110 298
110 361
110 423
110 443
110 557
110 572
110 589
110 615
110 712
110 724
110 802
110 832
110 998
110 1025
110 1087
111 448
111 632
111 749
111 777
111 824
111 851
111 882
111 940
111 954
111 1004
111 1104
112 134
112 166
112 184
112 221
112 225
112 323
112 356
112 373
112 380
112 394
112 426
112 427
112 451
112 543
112 576
112 589
112 604
112 605
112 611
112 637
112 683
112 751
112 771
112 832
112 836
112 897
112 901
112 909
112 920
112 929
112 1037
112 1087
112 1096
112 1104
113 923
114 467
114 502
114 533
114 766
114 885
114 1129
115 166
115 187
115 204
115 228
115 246
115 261
115 367
115 528
115 556
115 589
115 703
115 762
115 771
115 777
115 866
115 916
115 926
115 1077
115 1091
116 134
116 136
116 146
116 210
116 275
116 307
116 345
116 346
116 356
116 406
116 422
116 426
116 432
116 457
116 468
116 474
116 492
116 503
116 525
116 553
116 690
116 691
116 700
116 709
116 722
116 867
116 936
116 943
116 969
116 1037
116 1049
116 1063
116 1091
117 308
117 405
117 749
117 804
118 149
118 305
118 375
118 613
118 739
118 833
118 886
119 774
119 842
119 946
120 219
120 256
120 332
120 363
120 757
120 865
121 197
121 209
121 1051
121 1117
122 549
123 420
123 788
124 161
124 599
124 890
125 162
125 505
125 623
125 644
125 711
125 844
125 957
125 960
125 1011
125 1079
126 138
126 151
126 162
126 173
126 492
126 565
126 682
126 779
126 947
126 1045
126 1052
126 1094
126 1098
127 805
128 803
129 595
130 393
130 399
130 588
130 1114
131 384
131 470
132 252
132 423
132 485
132 667
132 713
132 774
132 802
132 807
132 833
132 868
132 921
132 978
132 996
132 1016
132 1064
133 158
133 196
133 366
133 473
133 667
133 829
133 868
133 996
133 1064
134 136
134 166
134 187
134 191
134 207
134 217
134 242
134 256
134 307
134 346
134 406
134 416
134 422
134 426
134 432
134 457
134 461
134 525
134 528
134 543
134 566
134 597
134 602
134 616
134 682
134 709
134 761
134 849
134 862
134 865
134 969
134 975
134 999
134 1037
134 1049
134 1063
134 1121
135 214
135 240
135 276
135 716
135 738
135 848
135 855
135 1061
136 151
136 233
136 278
136 307
136 345
136 425
136 458
136 461
136 631
136 669
136 682
136 689
136 915
136 969
136 986
136 991
136 995
136 1038
136 1049
136 1063
136 1096
136 1117
137 167
137 201
137 260
137 265
137 288
137 309
137 393
137 395
137 427
137 486
137 494
137 662
137 690
137 713
137 795
137 820
137 836
137 897
137 904
137 909
137 916
137 928
137 980
137 981
137 990
137 1016
137 1036
137 1047
137 1102
138 173
138 244
138 295
138 360
138 361
138 394
138 401
138 417
138 458
138 492
138 554
138 559
138 657
138 669
138 693
138 767
138 779
138 797
138 888
138 991
138 1045
138 1088
138 1094
139 388
139 731
140 143
140 182
140 202
140 276
140 438
140 450
140 700
140 797
140 824
140 1066
140 1123
141 739
141 877
141 906
141 913
141 1010
142 602
142 618
142 767
142 1103
144 186
144 208
144 828
145 251
145 284
145 298
145 566
145 599
146 148
146 168
146 170
146 176
146 187
146 224
146 275
146 325
146 395
146 422
146 427
146 509
146 517
146 553
146 631
146 690
146 705
146 777
146 784
146 856
146 944
146 950
146 960
146 981
146 1026
146 1039
147 312
148 684
148 812
149 158
149 341
149 366
149 582
149 613
149 785
149 833
149 886
149 1024
149 1056
150 267
150 468
151 163
151 173
151 278
151 377
151 425
151 458
151 492
151 657
151 689
151 693
151 779
151 857
151 973
151 991
151 1052
152 220
152 300
152 453
152 599
152 710
152 765
152 865
152 934
152 1129
153 1045
153 1088
154 489
154 1063
154 1085
155 211
155 272
155 321
155 327
155 368
155 398
155 508
155 600
155 683
155 686
155 715
155 717
155 732
155 733
155 876
155 1116
155 1132
156 602
157 229
157 260
157 520
157 799
157 861
157 990
157 1096
157 1101
157 1105
158 231
158 783
158 840
158 871
159 284
160 284
160 324
160 395
160 417
160 446
160 516
160 544
160 565
160 618
160 653
160 684
160 692
160 718
160 797
160 979
160 985
160 1027
160 1066
160 1109
161 210
161 278
161 307
161 345
161 346
161 425
161 489
161 599
161 631
161 699
161 722
161 1096
162 176
162 209
162 422
162 490
162 644
162 711
162 777
162 957
162 1079
163 244
163 274
163 458
163 669
163 689
163 969
163 991
163 1063
164 430
164 466
164 591
164 636
164 645
164 718
164 752
164 764
164 814
164 930
164 983
165 576
165 921
165 1123
166 201
166 246
166 256
166 274
166 327
166 335
166 363
166 373
166 476
166 504
166 543
166 556
166 569
166 584
166 611
166 686
166 717
166 771
166 818
166 836
166 865
166 869
166 934
166 948
166 1036
166 1077
166 1096
166 1113
166 1132
167 538
168 199
168 234
168 238
168 256
168 262
168 279
168 281
168 306
168 332
168 333
168 342
168 421
168 487
168 509
168 552
168 730
168 753
168 816
168 901
168 962
168 971
168 1127
169 530
169 909
169 1066
170 185
170 276
170 325
170 493
170 532
170 632
170 831
170 923
171 699
173 346
173 394
173 492
173 554
173 693
173 779
173 949
173 991
174 724
174 1029
175 276
175 358
175 438
175 530
175 540
175 621
175 638
175 694
175 725
175 824
175 1066
175 1069
176 182
176 279
176 391
176 438
176 462
176 490
176 517
176 526
176 540
176 615
176 626
176 632
176 641
176 644
176 716
176 777
176 811
176 824
176 831
176 855
176 856
176 867
176 957
176 1003
176 1066
177 212
177 253
177 311
177 317
177 395
177 1102
178 494
178 987
179 197
179 686
179 1050
179 1113
180 532
180 803
180 1096
181 214
181 386
181 1001
182 184
182 422
182 462
182 626
182 777
182 988
182 1104
182 1117
183 316
183 760
183 811
183 1085
184 193
184 212
184 215
184 228
184 274
184 276
184 316
184 318
184 420
184 422
184 462
184 505
184 517
184 543
184 556
184 604
184 623
184 626
184 697
184 703
184 713
184 749
184 762
184 771
184 777
184 799
184 806
184 845
184 869
184 892
184 910
184 926
184 957
184 962
184 988
184 1063
184 1073
184 1096
184 1104
184 1106
184 1110
184 1117
185 230
185 232
185 242
185 272
185 316
185 317
185 323
185 345
185 489
185 497
185 503
185 510
185 531
185 532
185 535
185 558
185 592
185 660
185 734
185 936
185 939
185 948
185 965
185 1019
185 1027
185 1113
185 1127
186 389
186 460
186 545
187 212
187 232
187 242
187 260
187 334
187 335
187 356
187 395
187 427
187 509
187 532
187 561
187 660
187 784
187 832
187 903
187 936
187 948
187 953
187 981
187 1012
187 1127
188 274
188 811
189 224
189 376
189 408
189 641
189 647
189 749
189 804
189 838
189 924
189 977
190 316
191 217
191 345
191 396
191 416
191 457
191 722
191 973
191 1037
191 1062
192 325
192 826
193 233
193 235
193 346
193 406
193 416
193 698
193 722
193 849
193 966
193 1063
194 762
194 784
195 406
195 916
195 938
196 366
196 567
196 774
196 785
196 829
196 833
196 843
196 921
196 953
196 1064
196 1071
197 240
197 422
197 697
197 793
197 891
197 1051
198 213
198 257
198 271
198 280
198 301
198 355
198 361
198 384
198 423
198 433
198 455
198 517
198 548
198 563
198 572
198 633
198 652
198 683
198 733
198 758
198 1013
198 1033
199 279
199 487
199 831
200 545
200 546
200 696
200 811
200 881
201 260
201 309
201 399
201 520
201 543
201 588
201 642
201 724
201 809
201 820
201 869
201 880
201 948
201 981
201 1016
201 1047
201 1081
201 1096
201 1110
201 1122
202 306
202 544
202 631
202 981
203 233
203 286
203 693
203 767
203 874
203 969
203 1063
203 1088
204 406
204 416
204 543
204 556
204 720
204 846
204 947
204 991
204 1049
204 1077
204 1128
205 578
205 1081
206 341
207 226
207 284
207 457
207 525
207 543
207 779
207 790
207 862
207 995
207 1121
208 246
208 516
208 811
208 828
208 892
209 284
209 505
209 626
209 694
209 697
209 891
209 935
209 1117
210 275
210 298
210 345
210 346
210 365
210 502
210 604
210 611
210 728
210 731
210 767
210 897
210 936
210 942
211 627
211 1119
212 215
212 306
212 316
212 399
212 426
212 514
212 515
212 662
212 749
212 848
212 885
213 582
213 1033
214 225
214 323
214 325
214 450
214 605
214 690
214 855
214 856
214 1040
214 1096
215 316
215 370
215 468
215 493
215 556
215 623
215 743
215 749
215 766
215 767
215 799
215 853
215 892
215 898
215 1012
215 1066
215 1096
215 1106
216 1117
217 300
217 310
217 345
217 354
217 379
217 385
217 394
217 416
217 457
217 525
217 589
217 599
217 682
217 722
217 767
217 862
217 897
217 943
217 995
217 1049
218 271
218 341
218 1044
219 363
219 504
219 757
219 818
219 865
220 256
220 453
220 467
220 671
220 765
220 865
220 934
220 1129
221 291
221 300
221 319
221 323
221 380
221 382
221 394
221 427
221 451
221 501
221 589
221 599
221 651
221 660
221 683
221 751
221 909
221 1087
222 408
222 986
223 434
223 516
223 855
223 926
224 279
224 376
224 540
224 626
224 641
224 749
224 777
224 804
224 831
224 838
224 856
224 910
224 933
224 962
224 977
224 982
224 988
224 1045
224 1057
224 1074
225 242
225 427
225 455
225 604
225 702
225 832
225 1096
226 284
226 315
226 639
226 647
226 689
226 790
226 973
226 1062
226 1088
227 316
227 331
227 388
228 246
228 356
228 425
228 426
228 528
228 556
228 618
228 656
228 703
228 926
228 995
228 1027
228 1049
228 1063
228 1094
229 260
229 274
229 515
229 571
229 592
229 605
229 660
229 861
229 980
229 1096
230 416
230 480
230 502
230 529
230 533
230 599
230 663
230 766
230 853
230 956
230 978
230 1027
230 1078
231 267
231 473
231 485
231 1024
232 274
232 325
232 367
232 383
232 607
232 634
232 667
232 690
232 713
232 734
232 784
232 789
232 807
232 812
232 963
232 967
232 978
232 1016
232 1079
233 278
233 299
233 307
233 325
233 345
233 346
233 394
233 416
233 417
233 425
233 426
233 611
233 631
233 722
233 741
233 820
233 836
233 849
233 969
233 991
233 1063
233 1106
234 733
234 753
234 918
234 926
235 278
235 417
235 669
236 323
236 605
237 749
237 806
237 854
237 1099
238 297
238 359
238 389
238 421
238 730
238 753
238 869
238 1020
239 384
239 509
239 615
239 620
239 633
239 781
239 881
239 907
240 336
240 417
240 423
240 448
240 693
240 716
240 848
240 992
240 1051
240 1061
240 1128
241 1015
242 345
242 356
242 357
242 373
242 395
242 592
242 607
242 690
242 783
242 858
242 865
242 880
242 912
242 939
242 969
242 976
242 1000
242 1001
242 1096
243 518
243 869
243 916
244 554
244 669
244 991
245 256
245 295
245 345
245 426
245 543
245 552
245 556
245 566
245 659
246 256
246 260
246 316
246 324
246 358
246 544
246 556
246 618
246 760
246 777
246 798
246 828
246 966
246 1074
246 1077
246 1090
247 611
248 516
248 611
249 270
249 311
249 393
249 395
249 520
249 633
249 865
249 948
249 967
249 990
249 1029
250 311
250 317
250 395
250 823
250 1036
251 293
251 298
251 349
251 455
251 548
251 615
251 864
251 1033
251 1044
251 1052
251 1126
252 289
252 667
252 829
252 941
252 1064
253 270
253 665
254 683
254 778
255 502
255 598
255 936
256 262
256 269
256 276
256 306
256 332
256 342
256 363
256 453
256 615
256 642
256 645
256 730
256 753
256 850
256 865
256 869
256 912
256 971
256 1077
256 1127
257 298
257 361
257 455
257 724
257 802
257 832
257 998
257 1025
258 345
259 812
260 334
260 399
260 520
260 526
260 596
260 633
260 643
260 662
260 734
260 761
260 771
260 795
260 869
260 928
260 948
260 981
260 993
261 295
261 299
261 503
261 556
261 602
261 607
261 611
261 657
261 709
261 728
261 767
261 771
261 1037
261 1063
261 1103
262 269
262 306
262 342
262 489
262 615
262 699
262 836
262 850
262 869
262 971
262 1127
263 459
264 1027
265 809
266 544
266 630
266 668
266 695
266 877
267 294
267 392
267 473
267 485
267 650
267 706
267 726
267 781
267 1009
267 1024
267 1056
267 1076
267 1108
268 851
268 1066
269 748
269 918
269 1127
270 393
270 395
270 536
270 645
270 990
270 1016
270 1036
271 325
271 341
271 633
271 713
271 837
271 907
271 1029
271 1044
272 327
272 531
272 1113
273 345
273 502
273 598
273 682
273 693
273 745
273 956
273 1015
273 1060
273 1083
273 1131
274 276
274 325
274 327
274 367
274 371
274 395
274 425
274 494
274 527
274 546
274 552
274 560
274 578
274 734
274 743
274 744
274 799
274 803
274 812
274 836
274 928
274 948
274 987
274 1036
274 1054
274 1058
274 1063
274 1123
275 394
275 425
275 500
275 709
275 738
275 790
275 800
275 991
275 1063
276 358
276 438
276 517
276 521
276 530
276 540
276 621
276 638
276 641
276 694
276 725
276 749
276 777
276 824
276 851
276 896
276 944
276 1066
276 1069
276 1123
277 407
277 560
277 684
278 286
278 297
278 345
278 346
278 373
278 416
278 458
278 574
278 669
278 689
278 779
278 890
278 947
278 969
278 991
278 1063
279 316
279 342
279 509
279 546
279 552
279 641
279 645
279 777
279 816
279 831
279 855
279 869
279 901
279 1086
279 1106
280 298
280 341
280 361
280 423
280 443
280 455
280 563
280 572
280 615
280 620
280 724
280 832
280 998
280 1033
281 1127
283 327
283 732
283 1113
284 394
284 458
284 790
284 995
284 1045
284 1062
284 1086
284 1088
285 538
285 584
285 800
285 993
286 396
286 500
286 556
286 594
286 687
286 767
286 874
286 1063
287 311
287 395
288 393
288 1080
289 429
289 556
289 684
289 781
289 805
289 829
289 840
289 875
289 1034
290 1018
292 494
292 787
292 841
293 298
293 736
293 1044
295 345
295 387
295 425
295 426
295 554
295 566
295 1063
296 433
296 771
296 803
296 845
297 316
297 318
297 332
297 389
297 422
297 424
297 468
297 629
297 630
297 666
297 669
297 696
297 749
297 814
297 822
297 824
297 845
297 898
297 969
297 1036
297 1037
297 1063
297 1066
297 1067
297 1084
297 1086
298 307
298 331
298 337
298 346
298 361
298 362
298 455
298 507
298 543
298 599
298 615
298 630
298 684
298 724
298 766
298 802
298 832
298 877
298 890
298 934
298 950
298 957
298 998
298 1025
298 1044
298 1082
299 629
299 956
300 394
300 396
300 442
300 453
300 458
300 467
300 533
300 544
300 589
300 629
300 663
300 672
300 683
300 712
300 715
300 721
300 755
300 760
300 765
300 766
300 817
300 897
300 934
300 956
300 969
300 972
301 532
301 803
301 811
301 1105
302 552
302 730
302 1128
303 392
303 473
303 618
303 1009
303 1076
304 327
304 713
305 373
305 375
305 578
305 613
305 785
305 805
305 833
305 953
305 1071
306 332
306 434
306 500
306 730
306 1008
307 325
307 345
307 416
307 422
307 456
307 461
307 722
307 957
307 969
307 995
307 1063
307 1088
307 1094
308 376
308 405
308 408
308 441
308 512
308 562
308 660
308 749
308 804
308 977
308 982
308 1124
309 420
309 494
309 514
309 791
309 826
309 981
310 379
310 550
310 600
310 827
311 393
311 395
311 660
311 823
311 865
311 990
311 1036
311 1102
312 316
312 645
312 766
312 768
312 772
312 885
312 898
313 914
314 432
314 503
314 566
314 597
314 605
314 708
314 969
314 1055
314 1063
315 492
315 587
315 669
315 767
315 1063
316 331
316 511
316 543
316 544
316 604
316 630
316 668
316 695
316 712
316 728
316 731
316 749
316 766
316 771
316 800
316 836
316 850
316 873
316 877
316 886
316 964
316 978
316 1027
316 1042
316 1068
317 395
317 536
317 937
317 1036
318 474
318 500
318 645
318 803
320 328
320 712
321 327
321 487
321 733
321 1013
322 355
322 517
322 678
322 793
322 841
323 325
323 380
323 427
323 533
323 553
323 589
323 592
323 605
323 612
323 646
323 660
323 683
323 690
323 712
323 735
323 836
323 856
323 993
323 1035
323 1054
323 1087
324 365
324 583
324 618
324 661
324 920
324 1077
325 331
325 393
325 397
325 425
325 427
325 449
325 455
325 503
325 516
325 532
325 533
325 541
325 576
325 592
325 607
325 660
325 690
325 712
325 797
325 804
325 856
325 865
325 867
325 965
325 993
325 1000
325 1001
325 1049
325 1054
325 1071
326 468
327 356
327 398
327 479
327 508
327 531
327 612
327 645
327 655
327 672
327 686
327 690
327 692
327 700
327 717
327 732
327 733
327 784
327 803
327 876
327 1013
327 1032
327 1054
327 1113
328 367
328 560
329 602
330 650
331 388
331 556
331 611
331 630
331 668
331 672
331 760
331 772
331 898
331 908
331 1010
331 1043
331 1096
332 342
332 412
332 421
332 489
332 509
332 534
332 552
332 699
332 730
332 816
332 850
332 865
332 869
332 918
332 962
332 971
332 1106
332 1127
333 816
334 948
334 1077
335 361
335 517
335 526
335 542
335 556
335 761
335 818
335 865
335 867
335 892
335 900
335 1000
335 1081
335 1093
336 992
338 639
338 767
339 341
340 345
340 426
341 366
341 423
341 485
341 613
341 739
341 802
341 829
341 833
341 837
341 871
341 905
341 953
341 959
341 1044
341 1056
341 1064
341 1072
342 356
342 374
342 487
342 509
342 552
342 612
342 640
342 777
342 816
342 831
342 856
342 869
342 901
342 918
342 948
342 962
342 971
342 1081
342 1127
343 348
343 1016
344 761
345 394
345 425
345 426
345 468
345 554
345 556
345 631
345 677
345 682
345 689
345 722
345 727
345 779
345 811
345 830
345 849
345 867
345 973
345 978
345 995
345 1014
345 1030
345 1049
345 1062
345 1063
345 1083
345 1096
345 1131
346 394
346 416
346 552
346 566
346 611
346 631
346 682
346 689
346 693
346 699
346 849
346 867
346 890
346 912
346 969
346 1049
346 1063
347 1017
348 556
350 627
351 841
352 357
352 515
353 357
353 789
353 806
353 820
353 974
353 980
353 1018
354 502
354 527
354 533
354 663
354 1078
355 678
355 793
355 803
355 866
356 420
356 556
356 588
356 604
356 607
356 617
356 684
356 784
356 811
356 832
356 848
356 903
356 926
356 936
356 948
356 980
356 981
356 985
356 1010
356 1012
356 1018
356 1067
356 1081
356 1104
356 1123
357 551
357 611
357 841
357 854
357 858
357 917
357 998
357 1001
357 1047
357 1072
358 438
358 517
358 521
358 530
358 540
358 638
358 716
358 724
358 824
358 851
358 1045
358 1066
358 1074
359 406
359 578
359 589
359 751
359 867
359 909
359 1014
359 1015
361 460
361 542
361 572
361 620
361 688
361 724
361 740
361 802
361 832
361 837
361 881
361 909
361 965
361 998
361 1025
361 1029
361 1081
361 1089
363 404
363 436
363 504
363 508
363 509
363 540
363 626
363 641
363 686
363 717
363 757
363 773
363 789
363 816
363 818
363 865
363 934
363 957
363 1013
363 1015
363 1050
363 1063
364 678
364 803
365 457
365 516
365 544
365 611
365 1000
365 1109
366 667
366 829
366 868
366 996
367 454
367 503
367 660
367 712
367 769
367 807
367 856
367 1000
369 643
370 466
370 565
370 591
370 828
370 1020
370 1023
371 902
372 819
373 399
373 407
373 426
373 428
373 481
373 491
373 506
373 515
373 660
373 762
373 836
373 861
373 869
373 951
373 1034
373 1063
374 816
374 901
375 578
375 771
375 774
375 805
375 833
375 886
376 408
376 641
376 838
376 924
376 977
376 982
377 657
377 779
377 822
377 1045
377 1052
379 457
379 474
379 699
379 792
379 890
379 1014
379 1043
380 439
380 589
380 604
380 605
380 611
380 751
380 909
380 1008
380 1012
380 1028
380 1058
380 1087
380 1096
382 394
382 502
382 533
382 599
382 710
383 491
383 700
383 713
383 734
383 763
383 815
383 836
383 895
383 968
384 455
384 571
384 633
384 781
384 832
384 840
384 864
384 878
384 881
384 907
384 1029
384 1128
385 574
386 573
386 1018
387 426
387 543
387 849
389 424
389 460
389 556
389 618
389 892
390 533
391 422
391 777
391 957
392 426
392 473
392 500
392 1009
392 1076
393 395
393 399
393 407
393 513
393 520
393 526
393 536
393 750
393 761
393 800
393 833
393 967
393 990
393 1036
393 1086
394 396
394 425
394 426
394 442
394 458
394 502
394 554
394 566
394 587
394 589
394 599
394 631
394 669
394 683
394 693
394 699
394 722
394 727
394 751
394 767
394 772
394 779
394 790
394 817
394 890
394 897
394 909
394 991
394 995
394 1014
394 1049
394 1063
394 1088
394 1131
395 491
395 536
395 592
395 690
395 784
395 904
395 981
395 990
395 1017
395 1036
395 1102
395 1114
396 767
396 874
396 1063
397 645
397 739
397 843
397 852
397 886
398 578
398 683
398 733
398 1013
398 1113
399 476
399 571
399 575
399 684
399 713
399 763
399 799
399 836
399 866
399 869
399 916
399 948
399 1025
399 1058
399 1122
400 986
401 417
401 425
401 474
402 898
404 476
404 526
404 560
405 408
405 641
405 804
405 924
405 1124
406 416
406 624
406 938
406 1049
406 1063
407 520
407 611
407 750
407 759
407 869
407 948
407 980
407 993
407 1122
408 517
408 804
408 838
408 924
408 982
408 1066
409 936
410 841
411 436
411 789
411 998
411 1021
411 1072
412 534
412 730
412 850
413 534
413 659
414 662
415 416
416 422
416 457
416 520
416 525
416 574
416 597
416 616
416 853
416 923
416 947
417 519
417 554
417 559
417 629
417 693
417 890
417 991
417 1094
417 1121
418 650
419 776
420 1066
421 547
421 730
421 1115
422 462
422 505
422 626
422 697
422 711
422 891
422 935
422 957
422 988
422 1003
422 1008
422 1051
422 1117
423 455
423 548
423 563
423 572
423 613
423 737
423 781
423 802
423 953
423 1033
423 1048
423 1076
424 522
424 892
424 1020
424 1125
425 489
425 566
425 587
425 597
425 619
425 631
425 657
425 693
425 704
425 709
425 722
425 779
425 784
425 849
425 862
425 947
425 969
425 991
425 995
425 1063
425 1088
425 1131
426 461
426 475
426 528
426 543
426 554
426 566
426 631
426 682
426 709
426 722
426 777
426 915
426 1014
426 1037
426 1049
426 1063
427 527
427 585
427 589
427 784
427 836
427 1012
427 1087
428 543
428 566
428 835
429 783
429 1034
430 466
430 591
430 718
430 764
431 592
431 818
431 928
432 457
432 969
432 978
433 1105
434 646
434 709
434 749
434 832
434 1057
434 1063
434 1066
434 1104
435 833
435 936
437 613
437 916
438 462
438 517
438 521
438 530
438 540
438 556
438 621
438 623
438 632
438 638
438 694
438 700
438 725
438 777
438 804
438 824
438 831
438 851
438 933
438 944
438 948
438 957
438 1008
438 1045
438 1057
438 1066
438 1069
439 688
440 828
441 517
441 1092
442 533
442 599
442 712
443 527
443 572
443 800
443 915
443 1029
443 1033
443 1103
445 1061
446 774
446 953
447 546
448 902
448 1128
449 812
450 700
450 775
450 804
450 855
450 1008
451 468
451 576
451 589
451 751
451 839
452 1010
453 467
453 533
453 535
453 673
453 712
453 765
453 811
453 865
453 934
453 1027
454 476
454 836
455 548
455 563
455 572
455 724
455 802
455 832
455 965
455 998
455 1025
455 1033
455 1096
457 474
457 499
457 525
457 616
457 690
457 700
457 797
457 943
457 1063
458 639
458 669
458 689
458 969
458 1086
459 811
461 566
461 629
461 1063
462 626
462 632
462 697
462 777
462 988
462 1104
462 1117
463 646
463 801
464 660
464 835
465 496
465 538
465 565
465 584
465 746
465 903
465 981
466 591
466 636
466 718
466 752
466 764
466 930
466 1084
467 766
467 1129
468 774
468 867
468 1055
468 1093
468 1103
468 1106
469 909
469 995
469 1091
471 672
471 701
472 544
472 966
472 1074
473 833
473 1009
473 1034
473 1056
473 1076
475 528
475 566
475 1049
476 553
476 582
476 607
476 660
476 734
476 806
476 1010
477 724
477 807
478 758
478 803
479 605
479 683
479 1022
479 1054
480 529
480 533
480 663
480 865
480 936
480 945
481 903
482 517
482 641
482 749
482 804
482 838
483 578
483 980
484 890
485 713
485 802
485 833
485 863
485 1024
486 524
486 556
486 560
486 595
486 670
486 676
487 971
487 1119
488 1043
489 615
489 631
489 699
489 730
489 890
489 918
489 1063
490 644
490 711
490 777
490 957
490 1079
491 506
491 520
491 617
491 634
491 713
491 734
491 861
491 1002
492 554
492 623
492 629
492 682
492 693
492 751
492 779
492 862
492 888
492 947
492 986
492 991
492 1052
493 521
493 869
493 898
493 910
493 933
493 961
493 1057
494 692
494 762
494 791
494 894
494 1110
495 898
497 713
497 809
497 826
497 860
497 948
497 980
497 1114
498 613
498 805
498 1056
500 544
500 556
500 578
500 767
500 811
500 916
500 966
500 1063
500 1064
500 1115
500 1132
502 529
502 535
502 577
502 589
502 599
502 685
502 710
502 736
502 765
502 766
502 817
502 853
502 909
502 923
502 934
502 936
502 938
502 945
502 958
502 1007
502 1078
502 1083
503 521
503 560
503 597
503 605
503 741
503 821
503 957
503 969
503 993
504 713
504 751
504 836
505 626
505 697
505 988
505 1117
506 713
507 712
507 1078
508 967
508 1113
509 615
509 645
509 816
509 865
509 869
509 887
509 901
509 962
509 971
509 1106
509 1127
510 542
510 679
510 688
510 758
511 630
511 877
511 984
511 1010
512 517
512 982
513 756
514 776
514 1110
515 520
515 645
515 660
515 662
515 724
515 800
515 836
515 1114
516 592
516 605
516 819
516 856
516 955
517 530
517 641
517 696
517 724
517 777
517 816
517 818
517 824
517 831
517 838
517 851
517 865
517 924
517 931
517 935
517 964
517 982
517 1003
517 1066
517 1069
517 1092
519 566
520 526
520 532
520 628
520 756
520 761
520 811
520 865
520 993
520 1102
520 1114
521 540
521 597
521 824
521 831
521 933
521 1045
521 1066
521 1074
522 1020
523 745
524 670
525 722
525 862
525 943
525 1049
526 646
526 685
526 688
526 746
526 761
526 800
526 833
526 867
526 889
526 960
526 1036
526 1071
527 794
527 800
527 915
527 1103
528 631
528 634
528 806
528 1002
528 1049
528 1063
529 533
529 535
529 663
529 766
529 853
529 856
529 945
529 1060
529 1078
530 540
530 621
530 623
530 632
530 638
530 694
530 725
530 804
530 824
530 944
530 1057
530 1066
530 1069
531 800
531 1113
532 553
532 592
532 683
532 684
532 690
532 784
532 803
532 807
532 813
532 836
532 970
532 1019
532 1022
532 1054
532 1067
532 1095
533 599
533 685
533 710
533 736
533 766
533 777
533 923
533 936
533 945
533 956
533 1015
533 1027
533 1060
533 1078
533 1083
533 1129
534 564
534 730
534 811
534 1115
535 599
535 766
535 853
535 1027
536 861
536 990
537 1010
538 584
538 1106
539 1048
540 621
540 638
540 694
540 697
540 725
540 824
540 831
540 851
540 896
540 933
540 1045
540 1066
540 1069
540 1092
541 856
542 582
542 654
542 671
542 679
542 688
542 892
542 1081
542 1089
543 588
543 611
543 699
543 709
543 832
543 849
543 869
543 883
543 920
543 926
543 1037
543 1063
543 1081
544 618
544 700
544 1010
544 1077
545 546
545 554
545 696
545 1125
546 604
546 622
546 696
546 780
546 835
546 845
546 930
546 938
546 1000
546 1067
546 1103
546 1106
547 816
547 869
548 563
548 572
548 820
548 832
548 998
548 1029
548 1033
548 1072
549 997
549 1009
549 1056
551 1018
552 811
552 901
553 607
553 609
553 660
553 802
553 866
553 936
554 566
554 636
554 669
554 682
554 693
554 738
554 779
554 862
554 991
554 1088
554 1121
554 1131
555 1001
556 618
556 626
556 630
556 698
556 766
556 767
556 771
556 784
556 788
556 799
556 833
556 851
556 859
556 915
556 926
556 982
556 1015
556 1027
556 1057
556 1063
556 1066
556 1067
556 1076
556 1077
556 1091
557 1008
557 1033
558 809
560 576
560 635
560 746
560 784
560 820
560 903
560 916
560 980
560 981
561 901
562 623
562 633
562 1124
563 572
563 724
563 1033
564 659
565 716
565 790
565 828
565 848
565 867
565 934
565 1041
565 1061
566 636
566 938
566 967
566 969
566 1063
566 1074
567 592
567 785
567 868
567 1008
567 1077
568 584
570 998
570 1021
572 737
572 821
572 832
572 915
572 950
572 1029
572 1033
573 645
575 809
575 820
575 916
576 589
576 683
576 751
576 885
576 909
576 936
577 853
578 618
578 671
578 688
578 771
578 776
578 796
578 803
578 812
578 1036
578 1087
578 1123
579 1089
580 611
580 658
580 836
580 858
580 897
580 963
581 691
582 585
582 593
582 614
582 713
582 734
582 771
582 776
583 727
583 932
584 865
585 645
585 842
586 683
586 1096
587 995
587 1106
588 642
588 1114
588 1122
589 599
589 605
589 611
589 683
589 701
589 751
589 897
589 901
589 909
589 1008
589 1028
589 1087
589 1096
590 934
591 718
591 780
591 828
591 891
592 626
592 702
592 712
592 735
592 751
592 821
592 936
592 956
592 958
592 1043
592 1049
592 1083
593 667
593 776
593 907
594 767
594 874
594 1063
595 676
596 948
596 981
597 631
597 800
597 824
597 892
597 1045
597 1049
598 682
598 693
598 745
598 1060
598 1062
598 1121
599 652
599 663
599 672
599 701
599 709
599 712
599 742
599 765
599 766
599 897
599 909
599 913
599 934
599 936
599 947
599 969
599 972
599 1006
599 1010
599 1060
599 1083
600 682
600 693
600 715
600 782
600 792
600 995
601 980
602 657
602 683
602 698
602 720
602 926
602 1046
602 1049
602 1074
603 645
603 1057
604 611
604 703
604 749
604 771
604 777
604 832
604 836
604 869
604 892
604 963
604 1008
604 1055
604 1058
604 1063
604 1096
604 1109
605 646
605 660
605 712
605 751
605 798
605 993
605 1054
605 1087
606 672
606 1068
607 609
607 611
607 660
607 713
607 762
607 866
607 867
607 967
608 835
609 866
609 915
610 611
610 836
611 625
611 631
611 703
611 776
611 832
611 836
611 848
611 856
611 897
611 920
611 926
611 963
611 998
611 1001
611 1008
611 1037
611 1063
611 1091
611 1096
611 1109
613 802
613 1056
613 1108
614 667
615 699
615 724
615 730
615 781
615 802
615 832
615 836
615 918
615 950
615 998
615 1008
615 1025
615 1127
617 1022
618 700
618 749
618 777
618 851
618 966
618 1064
618 1074
618 1077
618 1115
620 652
620 740
620 881
620 1029
621 638
621 694
621 725
621 767
621 824
621 851
621 1066
621 1069
622 776
622 907
622 938
623 964
626 632
626 697
626 777
626 824
626 831
626 935
626 957
626 988
626 1003
626 1117
626 1123
627 683
627 1119
628 756
629 682
629 722
629 745
629 991
630 668
630 761
630 772
630 877
630 906
630 923
630 1010
631 690
631 700
631 709
631 797
631 849
631 969
631 1063
631 1094
632 644
632 777
632 799
632 804
632 824
632 831
632 957
632 977
632 1029
632 1045
632 1079
633 724
633 816
633 861
633 864
633 878
633 881
633 887
633 935
633 1029
634 660
634 696
634 1065
635 700
635 735
635 820
635 903
636 718
636 764
636 922
636 983
637 777
637 832
637 836
637 1066
638 694
638 725
638 824
638 1066
638 1069
639 647
639 693
639 767
639 1063
640 832
641 664
641 749
641 777
641 804
641 931
641 964
641 977
641 1066
641 1092
641 1123
641 1124
642 869
642 1110
643 724
644 680
644 711
644 957
644 1079
645 682
645 718
645 733
645 752
645 773
645 833
645 870
645 891
645 995
645 1013
645 1047
645 1058
645 1063
645 1065
645 1102
645 1117
646 658
646 700
646 733
646 865
646 867
646 1000
646 1031
646 1093
647 653
647 693
647 709
647 991
647 1086
648 1071
649 758
649 983
650 909
652 724
652 887
652 907
652 1029
652 1033
653 807
654 865
656 810
657 683
657 693
657 779
657 857
657 973
657 1052
659 753
659 901
659 988
660 684
660 761
660 812
660 835
660 1089
660 1096
662 724
662 799
662 823
662 861
663 710
663 923
663 945
663 1015
663 1078
664 964
665 948
665 981
665 1025
667 713
667 868
667 978
667 996
667 1016
668 731
668 760
668 772
668 877
668 885
668 906
668 1043
669 991
671 679
671 700
671 937
672 701
672 731
672 906
672 1010
672 1068
672 1090
673 938
674 1063
676 745
677 969
678 778
678 793
678 803
678 866
678 983
678 1105
682 693
682 888
682 1062
682 1083
682 1091
682 1131
683 751
683 778
683 865
683 897
683 909
683 1001
683 1095
684 713
684 774
684 812
684 832
684 923
684 1022
684 1112
685 761
685 766
685 892
685 956
685 1015
685 1083
685 1131
686 717
686 732
686 865
686 876
686 912
686 1011
686 1095
686 1113
687 767
687 940
687 1063
689 693
689 986
690 760
690 774
690 777
690 803
690 807
690 821
690 855
690 856
690 928
690 936
690 981
690 1018
690 1040
690 1081
690 1087
690 1123
691 969
691 1027
692 807
692 950
693 969
693 991
693 1062
693 1063
693 1083
693 1121
694 725
694 824
694 1066
694 1069
695 800
695 1053
695 1096
696 1065
696 1067
697 935
697 957
697 988
697 1117
698 1014
699 777
699 850
699 947
699 1063
699 1096
700 702
700 760
700 762
700 769
700 774
700 803
700 819
700 821
700 832
700 911
700 950
700 979
700 1022
700 1054
700 1074
700 1109
701 1068
702 784
703 836
703 848
703 869
703 963
703 1109
704 1055
704 1096
706 841
706 938
707 730
709 722
709 1049
710 712
711 925
711 957
711 1079
712 736
712 856
712 877
712 885
712 936
712 965
712 1005
712 1027
713 734
713 762
713 784
713 799
713 807
713 811
713 836
713 867
713 892
713 956
713 978
713 1002
713 1016
713 1058
713 1064
713 1087
713 1096
714 916
714 1096
715 782
715 846
715 864
715 991
715 1121
716 848
716 910
716 1061
716 1128
717 732
717 771
717 836
717 912
717 948
717 1113
718 752
718 764
718 930
718 983
719 979
720 812
721 1008
722 836
722 849
722 867
722 969
722 1030
722 1086
723 869
724 737
724 746
724 749
724 750
724 802
724 832
724 887
724 916
724 929
724 950
724 998
724 1025
724 1029
724 1122
725 824
725 1066
725 1069
727 1083
727 1131
728 943
729 879
729 1021
730 865
730 971
730 1096
730 1127
731 877
732 876
733 762
733 783
733 813
733 980
733 1113
734 761
734 784
734 807
734 811
734 909
734 967
734 1002
734 1081
735 803
735 807
735 936
736 766
737 907
739 781
739 802
739 811
739 843
739 886
739 906
739 921
741 969
743 749
743 1101
743 1105
744 978
745 1060
745 1121
746 761
746 993
747 841
748 851
749 804
749 806
749 824
749 838
749 851
749 869
749 915
749 924
749 977
749 1002
749 1045
749 1097
750 771
750 879
750 1077
751 784
751 909
751 962
751 1039
751 1054
752 764
754 988
756 809
756 865
756 867
756 1016
757 865
757 895
758 778
758 803
758 841
758 983
760 797
760 936
760 1010
761 833
761 916
761 967
761 969
762 869
762 1093
763 836
763 1096
764 930
764 1125
765 934
765 936
765 1027
765 1129
766 872
766 885
766 923
767 797
767 874
767 991
767 1063
767 1074
768 772
769 1130
770 1113
771 820
771 850
771 1058
771 1081
771 1087
771 1089
771 1096
771 1101
772 906
773 811
773 823
773 928
774 784
774 805
774 833
774 840
774 867
774 871
774 916
774 921
774 941
774 946
774 953
774 1034
774 1064
775 1002
776 784
776 836
776 980
777 811
777 831
777 836
777 926
777 944
777 957
777 962
777 1066
777 1092
777 1104
778 803
778 841
778 1067
779 849
779 857
779 862
779 973
779 1052
781 802
781 907
781 1033
783 840
783 871
783 997
784 832
784 981
784 1002
784 1012
785 802
785 840
786 836
787 841
787 893
788 1000
789 807
789 858
789 1018
790 973
790 1062
790 1088
791 1110
792 975
792 995
792 1091
793 866
795 981
796 947
796 1103
797 971
798 1120
799 836
799 885
799 943
799 1036
799 1127
800 874
800 915
800 1091
800 1093
800 1103
802 832
802 847
802 921
802 950
802 953
802 998
802 1025
802 1033
802 1056
803 813
803 836
803 841
803 845
803 866
803 1067
803 1101
803 1105
803 1118
804 824
804 831
804 838
804 856
804 977
804 982
804 1039
804 1092
804 1097
804 1123
805 833
805 840
805 941
805 1034
806 812
806 832
806 854
806 869
806 963
806 974
806 1012
807 811
807 858
807 939
807 967
807 974
807 1060
807 1065
807 1087
808 948
809 978
809 1047
810 995
811 836
811 845
811 912
811 944
811 988
811 1000
811 1002
811 1036
811 1058
811 1067
811 1073
811 1087
811 1091
811 1095
811 1096
811 1104
812 836
812 1022
812 1071
812 1075
812 1096
812 1107
813 1105
814 983
816 856
816 865
816 869
816 892
816 901
816 922
816 1014
818 865
818 1050
820 1047
823 1005
824 867
824 882
824 1045
824 1066
824 1069
824 1092
824 1123
825 898
826 856
827 969
828 992
828 1128
829 868
829 953
829 996
829 1064
831 851
831 856
831 882
831 901
831 902
831 962
831 1039
831 1045
831 1057
831 1096
831 1112
831 1123
832 836
832 869
832 944
832 950
832 963
832 998
832 1025
832 1096
833 840
833 847
833 865
833 871
833 886
833 921
833 985
833 1009
833 1024
833 1034
833 1064
833 1076
833 1077
834 938
835 989
835 1000
836 866
836 869
836 897
836 920
836 950
836 963
836 993
836 1109
836 1122
837 1044
838 901
838 909
838 924
838 962
838 982
838 1092
839 916
840 871
840 1034
841 854
841 866
841 938
841 997
841 1001
841 1101
843 886
843 921
844 961
844 1057
845 1067
846 1037
848 855
848 890
848 1061
848 1077
849 999
849 1049
849 1063
849 1078
850 1127
851 882
851 933
851 944
851 1003
851 1058
851 1066
851 1104
851 1123
852 938
852 1008
854 865
854 912
854 1047
855 957
855 965
855 1061
856 1039
856 1066
857 973
857 1052
858 976
858 1001
858 1065
859 911
859 1056
860 898
860 981
860 1036
861 898
861 928
861 959
861 1029
864 1044
864 1121
865 909
865 934
865 941
865 948
865 962
865 1036
865 1063
865 1069
866 869
866 997
866 1067
867 918
867 927
867 1010
868 996
868 1034
868 1071
869 916
869 918
869 948
869 962
869 1127
871 976
871 1034
873 877
873 1096
874 1063
877 913
877 948
877 1068
880 909
880 928
880 939
881 907
882 887
882 933
882 1011
882 1104
883 1000
885 1027
885 1096
886 921
887 1066
888 1045
888 1069
891 1051
892 980
892 1012
894 1110
895 1060
895 1121
896 935
897 909
897 1063
897 1091
898 915
898 1052
899 1009
901 962
901 971
901 1127
902 940
902 951
902 954
903 981
903 993
906 1068
907 1029
907 1033
908 1010
909 926
910 935
910 964
910 1039
910 1057
910 1106
913 1010
914 916
914 925
915 969
915 1029
915 1036
915 1103
916 941
916 946
916 948
916 1077
916 1084
917 938
918 971
919 1131
920 1091
923 956
924 977
924 986
924 1092
925 981
926 963
928 948
928 981
928 993
930 983
931 964
933 940
933 944
933 948
933 1003
933 1066
933 1104
934 956
934 978
934 1083
935 952
935 1117
936 1006
936 1010
936 1027
936 1043
936 1078
936 1083
936 1096
937 955
938 941
938 1087
939 1109
940 954
940 992
940 1045
940 1104
940 1128
941 1010
941 1056
941 1071
943 1037
943 1058
944 992
944 1003
945 1060
947 991
947 1045
947 1049
947 1063
948 1025
948 1027
948 1089
951 1018
953 1064
953 1108
954 1104
955 1000
956 1015
956 1027
956 1083
957 1003
957 1057
957 1074
957 1079
960 1027
963 1081
963 1096
963 1109
964 1041
965 975
965 1001
967 969
967 1093
967 1106
969 986
969 991
969 1049
970 1054
971 1115
973 995
973 1052
973 1062
973 1088
974 1018
974 1072
974 1100
977 982
978 1016
979 980
979 1065
979 1070
979 1072
980 993
980 994
980 1022
980 1057
981 990
981 993
981 1016
981 1102
981 1122
982 1092
986 1117
987 1110
988 1117
990 1027
990 1036
990 1102
991 1063
991 1088
992 1128
995 1027
995 1049
995 1062
995 1063
995 1088
995 1091
997 1067
998 1025
998 1072
1001 1065
1001 1122
1002 1093
1008 1010
1008 1028
1008 1055
1008 1058
1008 1087
1008 1096
1009 1012
1009 1076
1011 1086
1012 1106
1015 1083
1015 1131
1020 1125
1022 1044
1023 1081
1023 1084
1027 1052
1027 1058
1032 1119
1034 1096
1035 1063
1037 1049
1037 1063
1040 1087
1043 1096
1045 1074
1049 1063
1049 1091
1049 1094
1052 1058
1055 1059
1055 1074
1055 1096
1056 1076
1056 1108
1057 1096
1057 1123
1058 1063
1058 1096
1060 1121
1062 1088
1062 1131
1063 1074
1063 1077
1063 1086
1063 1088
1063 1091
1063 1094
1064 1071
1066 1069
1066 1074
1066 1106
1066 1119
1067 1101
1070 1072
1074 1096
1074 1109
1077 1103
1077 1127
1079 1123
1081 1089
1083 1131
1087 1103
1091 1106
1092 1104
1092 1123
1093 1103
1096 1104
1100 1111
1101 1105
1104 1123
1111 1111
1113 1116
1114 1122
