147
63
89
48
124
4
12
229
106
204
168
125
247
245
60
122
199
123
121
34
283
174
149
119
5
210
186
159
268
175
194
255
46
243
47
107
91
287
2
161
142
152
234
18
237
214
92
254
67
188
216
64
70
32
79
138
29
190
23
246
208
273
170
101
30
127
253
37
44
102
164
25
15
213
306
148
227
203
189
95
21
61
271
96
9
169
177
172
179
86
51
220
261
217
158
281
236
285
156
284
141
191
167
291
41
282
126
66
50
187
31
129
160
201
265
68
274
173
128
98
270
118
7
205
10
309
312
230
28
183
105
35
80
136
143
252
206
154
33
52
248
110
84
195
85
176
269
145
286
280
278
117
277
196
73
288
257
221
87
17
27
39
181
