4
163
46
11
170
236
24
238
62
239
10
224
283
74
280
7
35
70
208
194
113
106
244
98
19
165
173
257
299
148
95
318
319
108
324
231
306
109
253
258
23
326
228
183
91
209
36
300
193
132
309
229
298
245
243
227
303
28
73
162
160
27
248
22
219
259
65
119
40
205
43
180
127
141
297
200
6
114
192
277
57
190
179
8
177
103
290
304
252
232
315
157
130
287
181
199
274
225
20
82
97
120
159
55
198
89
235
286
60
104
9
312
171
191
269
68
307
279
56
237
322
26
255
90
86
210
233
12
260
230
189
102
63
313
79
267
263
110
25
78
214
302
30
247
153
134
125
75
273
32
37
138
87
81
16
175
213
123
3
59
186
212
202
325
241
17
285
223
93
187
116
301
216
217
256
1
41
311
172
254
305
196
83
182
321
21
115
112
272
54
15
246
174
271
296
76
161
222
14
281
100
184
292
316
72
96
150
129
323
84
288
122
188
45
39
317
49
92
143
215
61
284
169
137
226
262
178
270
118
53
71
195
261
282
5
121
144
42
131
140
203
294
314
133
85
117
166
64
185
31
126
105
147
268
250
33
29
47
107
50
0
149
168
289
242
320
124
80
38
234
58
276
265
34
266
293
201
221
51
310
151
295
240
77
152
88
142
204
139
135
18
99
211
156
111
155
275
66
167
164
264
67
69
291
220
13
2
136
52
101
206
278
249
44
218
128
176
145
158
251
308
146
94
48
197
207
154
