0 33
0 61
33 66
61 10
61 29
61 51
66 17
66 29
10 22
29 17
51 22
51 38
51 39
1 25
1 59
25 2
25 16
25 59
59 19
2 43
16 6
16 12
16 18
16 28
16 30
16 45
16 27
16 52
16 69
43 40
43 67
40 7
40 67
3 6
3 12
3 18
3 23
3 28
3 30
3 31
3 32
3 41
3 56
3 58
6 12
6 27
6 52
12 7
12 14
12 27
12 30
12 32
12 45
12 52
18 27
18 28
18 30
18 52
18 69
23 7
23 14
23 15
23 27
23 28
23 30
23 45
23 46
23 60
23 65
23 69
28 14
28 15
28 27
28 30
28 45
28 46
28 56
28 65
28 69
30 7
30 14
30 15
30 41
30 52
30 56
30 69
31 20
31 37
31 44
31 58
31 70
32 54
32 60
58 5
58 20
58 42
58 44
58 49
58 54
58 55
58 70
27 45
27 7
27 14
27 52
27 69
52 45
52 69
7 45
7 46
14 45
14 69
45 46
45 69
15 46
15 65
60 44
60 24
60 54
60 62
20 5
20 57
37 44
44 5
44 36
44 9
44 49
44 55
44 68
70 54
70 34
54 24
5 21
5 55
5 68
42 55
49 9
49 13
49 26
49 63
4 17
4 35
4 47
17 8
35 8
47 50
47 64
50 13
50 63
50 64
64 63
21 53
21 68
68 26
68 53
57 36
53 36
9 48
26 11
26 13
26 63
13 11
63 11
22 38
22 39
38 39
24 62
