0 66
0 92
0 132
0 167
0 207
0 219
1 67
1 163
1 185
1 231
2 30
2 61
2 189
3 37
3 54
3 69
3 84
3 161
3 243
3 244
3 271
3 280
4 21
4 78
4 120
4 183
4 215
4 216
4 221
4 233
4 240
4 281
5 59
5 66
5 99
5 139
5 148
5 150
5 162
6 44
6 60
6 82
6 145
6 150
6 275
6 284
7 105
7 115
7 200
7 271
8 26
8 61
8 64
8 77
8 110
8 114
8 158
8 171
8 176
8 184
8 211
8 262
8 272
9 143
9 169
9 170
9 212
10 182
10 200
10 271
10 284
11 33
11 42
11 57
11 151
11 155
11 190
11 196
11 201
11 221
12 36
12 63
12 79
12 84
12 113
12 121
12 128
12 171
12 195
12 243
12 251
12 268
13 94
13 141
13 153
14 86
14 157
14 186
14 216
14 264
14 268
15 50
15 51
15 71
15 95
15 101
15 106
15 123
15 126
15 151
15 164
15 180
15 193
15 198
15 206
15 232
15 236
15 270
16 35
16 74
16 76
16 102
16 108
16 124
16 143
16 189
17 20
18 73
18 85
18 92
18 126
18 144
18 175
18 182
18 257
18 260
19 156
19 181
19 237
19 272
20 81
20 182
20 284
21 78
21 215
21 216
21 217
21 224
21 233
21 267
21 278
21 281
22 65
22 68
22 103
22 159
22 208
22 232
22 258
23 77
23 125
23 128
23 194
23 223
23 237
23 253
23 272
24 47
24 87
24 96
24 159
24 178
24 238
24 258
24 275
25 33
25 126
25 135
25 256
26 64
26 262
27 129
27 149
28 47
28 48
28 65
28 136
28 241
29 66
29 92
29 139
29 154
30 189
31 183
31 276
32 123
32 126
32 173
32 270
33 36
33 45
33 51
33 101
33 135
33 190
34 37
34 94
34 153
34 182
34 252
35 58
35 61
35 74
35 76
35 98
35 108
35 189
35 239
36 54
36 55
36 63
36 84
36 110
36 113
36 121
36 135
36 142
36 161
36 163
36 165
36 166
36 218
36 243
36 268
36 280
37 62
37 69
37 84
37 94
37 140
37 141
37 161
37 280
38 213
38 254
38 284
39 94
39 146
39 228
39 229
39 266
40 83
40 89
40 105
40 121
40 180
40 202
40 217
40 220
40 247
40 250
41 60
41 96
41 159
41 197
41 238
41 258
42 138
42 151
43 101
43 116
43 173
44 82
44 275
44 284
45 51
45 101
45 190
46 61
46 79
46 97
46 170
47 48
47 65
47 107
47 136
47 158
47 238
47 241
47 272
47 275
48 54
48 59
48 61
48 64
48 87
48 99
48 116
48 132
48 136
48 147
48 167
48 178
48 211
48 241
48 259
49 202
49 240
49 263
50 95
50 164
50 180
50 198
50 236
51 70
51 101
51 190
51 236
52 57
52 88
52 109
52 118
52 214
52 221
52 224
53 80
53 235
53 248
54 77
54 84
54 93
54 94
54 99
54 117
54 120
54 128
54 130
54 131
54 161
54 171
54 179
54 182
54 204
54 205
54 210
54 218
54 225
54 231
54 243
54 244
54 271
54 280
55 142
55 243
55 280
56 75
56 93
56 110
56 114
56 117
56 130
56 142
56 165
56 218
56 227
56 277
57 88
57 109
57 118
57 221
57 224
58 74
59 66
59 87
59 90
59 91
59 92
59 102
59 112
59 122
59 132
59 134
59 167
59 191
59 207
59 211
59 219
59 273
60 96
60 145
60 159
60 197
60 238
60 258
61 94
61 139
61 179
61 189
61 203
61 211
61 212
62 131
62 161
62 179
62 182
62 259
62 283
63 84
63 113
63 117
63 165
63 205
63 218
63 243
63 268
64 147
64 262
65 67
65 91
65 136
65 186
65 194
65 232
65 274
66 90
66 91
66 103
66 112
66 122
66 132
66 148
66 154
66 162
66 167
66 177
66 191
66 219
66 222
66 273
66 274
67 71
67 77
67 106
67 114
67 136
67 152
67 155
67 184
67 185
67 186
67 206
67 226
67 231
67 232
67 269
68 103
68 132
68 159
68 178
68 208
68 258
70 95
70 193
70 198
71 106
71 206
71 232
71 269
71 270
72 105
72 120
72 202
72 217
72 234
73 85
73 99
73 144
73 175
73 257
73 260
74 76
74 98
74 102
74 124
74 192
74 211
75 83
75 89
75 93
75 130
75 142
75 227
75 242
75 277
76 98
76 239
77 128
77 136
77 155
77 171
77 223
77 237
77 253
78 215
78 216
78 233
78 281
79 97
79 171
80 116
80 160
80 184
80 204
80 214
80 231
80 235
80 242
80 248
80 259
81 284
82 100
82 284
83 89
83 130
83 161
83 202
83 210
83 271
83 276
84 113
84 117
84 121
84 161
84 165
84 166
84 218
84 243
84 244
84 251
84 268
84 271
84 280
85 99
85 144
85 175
85 257
85 260
86 168
86 216
86 264
86 268
87 92
87 134
87 159
87 178
87 207
88 109
88 118
88 214
88 224
89 105
89 115
89 130
89 180
89 188
89 200
89 202
89 220
89 227
89 247
90 92
90 177
90 222
90 255
91 112
91 122
91 132
91 167
91 191
91 194
91 219
91 273
92 132
92 134
92 144
92 148
92 167
92 207
92 219
93 99
93 110
93 130
93 142
93 161
93 204
93 227
93 277
93 280
94 140
94 141
94 153
94 171
94 189
94 205
94 218
94 228
94 252
95 101
95 123
95 126
95 164
95 180
95 193
95 198
95 236
95 270
96 159
96 178
96 197
96 238
96 258
97 131
97 146
97 169
97 170
97 211
98 102
98 124
98 192
98 207
98 211
98 239
99 129
99 139
99 149
99 175
99 178
99 207
99 241
99 260
100 123
100 279
101 116
101 123
101 173
101 190
101 198
101 235
102 124
103 132
103 159
103 178
103 208
103 231
103 258
103 274
104 202
104 217
104 263
104 276
105 120
105 180
105 202
105 217
105 220
105 234
105 247
106 114
106 137
106 163
106 185
106 206
106 232
106 269
106 270
106 282
107 136
107 158
107 178
107 194
107 209
107 226
107 230
107 272
108 143
108 189
109 118
109 214
109 224
110 114
110 117
110 130
110 163
110 165
110 176
110 184
110 218
110 277
110 280
111 199
111 213
111 283
112 122
112 132
112 167
112 191
112 219
112 273
113 117
113 136
113 165
113 186
113 205
113 218
113 243
113 251
113 268
114 116
114 117
114 137
114 155
114 158
114 163
114 165
114 176
114 184
114 185
114 204
114 205
114 206
114 218
114 232
114 241
114 259
114 262
114 272
114 282
115 188
115 200
116 123
116 176
116 204
116 235
116 246
116 248
116 259
117 120
117 130
117 165
117 166
117 204
117 205
117 210
117 218
117 243
117 251
117 268
117 280
118 224
119 245
119 264
120 130
120 183
120 202
120 204
120 210
120 217
120 234
120 240
120 243
120 280
121 217
121 243
121 247
121 250
121 268
122 273
123 126
123 173
123 176
123 180
123 184
123 198
123 204
123 270
123 279
123 284
125 128
125 141
125 171
125 223
125 253
126 180
126 193
126 198
126 235
126 236
126 270
127 137
127 160
127 176
127 231
127 232
127 269
128 140
128 141
128 171
128 195
128 223
128 243
128 251
128 253
129 149
130 142
130 161
130 204
130 210
130 227
130 243
130 277
130 280
131 179
131 182
131 283
132 167
132 178
132 191
132 197
132 207
132 208
132 219
132 258
132 273
133 200
133 271
135 179
135 235
135 284
136 155
136 184
136 186
136 194
136 209
136 226
136 230
136 231
136 241
136 272
137 163
137 185
137 269
137 282
138 151
138 155
138 184
138 201
138 206
140 141
141 153
141 171
142 227
142 243
142 277
142 280
144 175
144 257
144 260
146 189
146 203
146 211
146 228
146 229
146 252
146 266
148 162
149 150
149 207
151 195
151 236
151 243
151 268
151 274
151 278
152 184
152 186
153 171
153 252
155 184
155 201
155 206
155 232
156 181
157 186
157 216
158 249
158 262
158 272
159 178
159 197
159 208
159 238
159 258
160 176
160 184
160 204
160 231
160 232
161 243
161 277
161 280
163 185
163 232
163 282
164 180
164 187
164 198
164 231
164 236
165 166
165 205
165 218
165 243
165 251
165 268
165 280
166 218
166 243
166 251
166 268
166 280
167 191
167 207
167 219
167 273
168 172
168 264
169 170
169 212
169 229
170 212
172 264
174 181
175 257
175 260
176 184
176 231
176 232
177 222
177 255
178 179
178 204
178 207
178 208
178 238
178 258
179 235
180 193
180 198
180 202
180 220
180 236
180 247
180 270
182 284
183 214
183 221
183 240
183 265
183 276
184 186
184 201
184 204
184 206
184 231
185 231
185 282
186 194
186 216
186 243
186 250
187 198
187 231
188 200
188 202
188 215
188 265
191 219
191 273
192 211
193 198
193 236
193 270
194 226
194 231
194 237
194 272
195 243
195 251
195 268
196 217
196 221
196 224
196 230
196 267
197 208
197 238
197 258
198 231
198 236
198 270
199 213
199 283
201 206
202 215
202 217
202 220
202 234
202 240
202 247
202 263
202 265
203 211
203 228
203 229
203 252
203 266
204 210
204 231
204 243
204 259
204 280
205 218
205 225
205 231
206 232
206 269
206 270
207 219
208 258
209 226
209 230
210 243
210 280
211 252
213 283
214 217
214 221
214 242
214 248
214 259
215 216
215 233
215 242
215 265
215 276
215 281
216 233
216 250
216 264
216 268
216 281
217 234
217 247
217 250
217 267
219 273
220 247
221 259
222 255
223 253
224 261
224 267
225 231
226 230
226 231
226 232
227 277
228 229
228 266
229 266
230 275
231 232
231 258
232 241
232 269
232 270
233 281
235 242
235 248
235 259
236 270
236 278
237 272
238 258
238 275
240 263
242 248
242 259
242 265
242 276
243 244
243 251
243 252
243 268
243 271
243 280
244 271
244 276
244 280
245 264
246 259
247 250
248 259
249 272
251 268
251 280
254 260
257 260
262 272
263 276
264 268
265 276
267 278
268 280
271 276
271 280
277 280
