0 431
431 49
431 362
431 371
431 518
431 570
431 818
431 841
431 932
49 898
49 847
49 126
49 347
49 932
49 239
49 449
49 461
49 739
49 947
362 91
362 5
362 34
362 69
362 82
362 84
362 86
362 107
362 166
362 202
362 204
362 213
362 246
362 256
362 268
362 285
362 334
362 339
362 436
362 510
362 537
362 553
362 568
362 571
362 602
362 714
362 718
362 786
362 877
362 880
362 976
371 668
371 806
371 30
371 79
371 126
371 841
518 921
518 55
518 126
518 325
518 434
518 570
518 915
518 975
570 200
570 847
570 404
570 932
570 968
570 319
570 65
570 280
570 434
570 543
570 450
570 737
570 797
570 837
570 962
818 668
818 610
818 276
818 548
818 368
818 319
818 658
818 235
841 113
932 676
932 137
932 598
932 622
932 668
932 514
932 528
932 55
932 670
932 898
932 360
932 754
932 368
932 30
932 126
932 328
932 85
932 239
932 267
932 319
932 334
932 342
932 395
932 443
932 461
932 628
932 816
932 824
932 917
932 947
932 975
932 1004
1 35
1 212
1 229
1 389
1 432
1 445
1 467
1 520
1 534
1 634
1 676
1 807
1 870
1 923
35 29
35 33
35 43
35 76
35 124
35 136
35 182
35 212
35 254
35 282
35 319
35 336
35 368
35 381
35 389
35 404
35 432
35 467
35 487
35 491
35 520
35 534
35 541
35 648
35 657
35 715
35 823
35 834
35 870
35 890
35 912
35 922
35 923
212 28
212 76
212 278
212 282
212 336
212 432
212 437
212 445
212 467
212 520
212 534
212 617
212 657
212 715
212 807
212 870
212 923
212 930
212 950
229 17
229 54
229 64
229 67
229 78
229 138
229 152
229 160
229 163
229 182
229 187
229 253
229 291
229 318
229 332
229 403
229 454
229 571
229 605
229 662
229 741
229 753
229 814
229 820
229 859
229 869
229 893
229 956
229 1016
389 90
389 91
389 100
389 128
389 251
389 272
389 278
389 432
389 533
389 627
389 647
389 676
389 807
389 844
389 861
389 921
432 124
432 380
432 437
432 467
432 469
432 520
432 658
432 807
432 870
445 336
445 76
445 467
445 520
445 657
445 715
445 823
445 870
445 923
467 336
467 43
467 76
467 112
467 123
467 282
467 296
467 368
467 380
467 520
467 541
467 567
467 650
467 657
467 715
467 823
467 870
467 950
520 336
520 43
520 76
520 101
520 124
520 187
520 272
520 282
520 296
520 404
520 437
520 534
520 541
520 649
520 650
520 657
520 715
520 758
520 823
520 842
520 866
520 870
520 922
520 923
520 1017
534 85
534 90
534 112
534 123
534 124
534 247
534 256
534 404
534 437
534 497
534 541
534 567
534 825
534 842
534 870
534 912
634 262
634 279
634 282
634 474
634 576
634 589
634 673
634 853
634 879
676 2
676 90
676 119
676 187
676 189
676 239
676 258
676 339
676 357
676 404
676 478
676 537
676 663
676 849
676 861
676 895
676 922
676 966
807 8
807 20
807 85
807 109
807 167
807 230
807 248
807 278
807 296
807 380
807 455
807 484
807 706
870 336
870 541
870 43
870 76
870 85
870 96
870 123
870 254
870 339
870 360
870 617
870 657
870 715
870 823
870 842
870 922
870 923
870 976
923 541
923 29
923 76
923 101
923 296
923 650
923 657
923 842
923 853
923 866
29 470
33 171
33 263
33 555
33 633
33 568
33 319
33 334
33 367
33 499
33 573
33 673
33 815
33 938
33 985
43 9
43 123
43 515
43 614
43 627
43 781
43 853
43 976
76 336
76 657
76 823
76 844
124 113
124 825
124 842
124 537
124 112
124 122
124 230
124 278
124 497
124 649
136 541
136 650
136 151
136 176
136 303
136 426
136 447
136 524
136 661
182 568
182 67
182 152
254 541
254 650
254 282
254 922
254 28
254 85
254 123
254 135
254 267
254 278
254 334
254 412
254 447
254 661
254 667
254 950
282 541
282 648
282 221
282 187
282 15
282 25
282 63
282 296
282 318
282 334
282 335
282 350
282 437
282 497
282 655
282 688
282 774
282 867
282 922
319 263
319 921
319 55
319 360
319 404
319 85
319 325
319 367
319 408
319 499
319 594
319 595
319 658
319 844
319 848
319 866
336 657
336 715
336 823
368 113
368 472
368 405
368 670
368 775
368 34
368 960
368 26
368 30
368 85
368 103
368 250
368 304
368 321
368 375
368 499
368 511
368 530
368 854
368 942
368 986
381 137
381 160
381 243
381 670
381 44
404 90
404 113
404 357
404 91
404 189
404 263
404 555
404 668
404 724
404 935
404 1014
404 121
404 514
404 687
404 610
404 187
404 366
404 813
404 86
404 590
404 360
404 537
404 688
404 109
404 623
404 30
404 94
404 176
404 192
404 325
404 420
404 429
404 460
404 462
404 478
404 696
404 839
404 844
404 861
404 865
404 946
404 975
404 1015
487 687
487 71
487 360
487 104
487 751
487 954
491 2
491 90
491 142
491 223
491 239
491 261
491 262
491 455
491 515
491 603
491 647
491 670
491 716
491 786
491 878
491 975
541 97
541 121
541 187
541 267
541 360
541 413
541 416
541 437
541 497
541 512
541 524
541 584
541 655
541 659
541 667
541 823
541 914
541 922
541 942
541 950
541 1010
648 4
648 70
648 244
648 278
648 287
648 390
648 437
648 606
648 629
648 650
648 655
648 692
648 737
648 816
648 873
648 878
648 914
648 916
648 1005
657 715
715 823
715 856
823 584
823 976
823 706
834 91
834 160
834 825
834 322
834 85
834 101
834 723
834 944
890 490
890 625
890 779
890 1018
922 90
922 598
922 724
922 606
922 873
922 187
922 15
922 825
922 842
922 25
922 63
922 65
922 241
922 272
922 278
922 334
922 343
922 364
922 392
922 437
922 478
922 655
922 688
922 751
922 758
922 867
922 950
28 91
28 189
28 107
28 670
28 537
28 688
28 144
28 183
28 271
28 272
28 339
28 398
28 409
28 416
28 458
28 527
28 545
28 568
28 584
28 587
28 591
28 623
28 636
28 643
28 666
28 914
28 970
28 976
28 994
28 998
278 650
278 217
278 655
278 688
278 334
278 673
278 85
278 135
278 101
278 176
278 303
278 364
278 437
278 661
278 1010
437 921
437 606
437 650
437 688
437 334
437 123
437 600
437 96
437 101
437 112
437 364
437 569
437 629
437 910
617 659
930 659
930 217
930 204
930 360
930 537
930 688
930 758
930 960
930 272
930 976
930 856
930 902
930 999
950 650
950 825
950 123
950 524
950 1010
950 176
950 512
17 966
17 949
54 64
54 795
54 276
54 210
54 130
54 47
54 67
54 152
54 296
54 323
54 604
54 702
54 741
64 160
64 253
64 248
64 6
64 41
64 69
64 78
64 97
64 106
64 190
64 270
64 332
64 403
64 406
64 470
64 547
64 601
64 641
64 678
64 711
64 791
64 820
64 965
67 659
67 276
67 966
67 914
67 130
67 47
67 97
67 131
67 270
67 532
67 604
67 672
67 801
78 160
78 253
78 575
78 23
78 106
78 162
78 193
78 224
78 318
78 332
78 348
78 403
78 440
78 454
78 564
78 611
78 613
78 671
78 820
78 861
78 864
78 881
138 357
138 943
138 536
138 387
152 210
152 847
152 97
152 224
160 137
160 47
160 106
160 186
160 192
160 243
160 253
160 292
160 318
160 332
160 403
160 454
160 473
160 559
160 598
160 609
160 622
160 627
160 641
160 662
160 687
160 711
160 716
160 820
160 842
160 921
160 988
160 1016
163 609
163 641
163 348
187 41
187 606
187 14
187 89
187 143
187 178
187 186
187 318
187 334
187 364
187 417
187 530
187 568
187 573
187 595
187 600
187 631
187 664
187 723
187 852
187 914
187 958
187 1006
187 1011
253 4
253 106
253 318
253 332
253 394
253 403
253 578
253 609
253 635
253 662
253 697
253 702
253 820
253 830
253 1016
291 357
291 615
291 366
291 316
291 599
291 649
291 531
291 193
291 892
291 425
291 186
291 478
291 464
291 174
291 177
291 216
291 304
291 551
291 552
318 137
318 1017
318 339
318 568
318 976
318 332
318 440
318 532
318 609
318 106
318 820
318 1016
318 89
318 241
318 414
318 454
318 496
318 501
318 1006
332 505
332 622
332 668
332 707
332 847
332 884
332 545
332 106
332 132
332 141
332 300
332 347
332 365
332 403
332 454
332 501
332 662
332 716
332 820
332 1016
403 662
403 106
454 627
454 655
454 641
454 237
571 137
571 528
571 55
571 355
571 471
571 808
571 859
571 894
605 189
605 622
605 921
605 71
605 154
605 186
605 213
605 288
605 299
605 363
605 384
605 401
605 425
605 579
605 615
605 649
605 726
605 808
605 869
605 892
605 945
605 966
662 921
662 390
662 47
662 106
662 224
662 348
662 406
662 473
662 641
662 702
662 814
662 934
662 1016
741 221
753 390
753 531
814 97
814 641
814 702
814 1016
814 224
814 348
820 243
820 992
820 669
820 430
820 816
820 532
820 609
820 641
820 106
820 140
820 348
820 501
820 1016
859 55
859 276
859 966
859 325
859 425
859 703
869 137
869 719
869 943
869 7
869 299
869 363
869 892
869 894
869 945
893 687
893 536
893 637
893 656
893 718
893 874
893 363
893 459
956 734
1016 795
1016 97
1016 323
1016 641
1016 224
1016 348
1016 424
90 2
90 85
90 127
90 214
90 239
90 264
90 269
90 357
90 462
90 627
90 631
90 663
90 839
90 861
91 357
91 4
91 18
91 31
91 74
91 99
91 109
91 110
91 115
91 171
91 215
91 241
91 242
91 307
91 308
91 327
91 360
91 366
91 383
91 392
91 414
91 439
91 441
91 442
91 462
91 471
91 472
91 476
91 530
91 549
91 584
91 598
91 602
91 622
91 632
91 683
91 684
91 685
91 704
91 707
91 742
91 778
91 805
91 806
91 843
91 844
91 854
91 861
91 865
91 884
91 888
91 913
91 918
91 919
91 972
91 1014
100 707
100 683
100 728
100 806
100 419
100 26
100 37
100 180
100 215
100 236
100 369
100 392
100 549
100 633
100 850
100 913
100 918
100 934
100 1015
128 935
128 685
128 913
128 27
128 269
128 460
128 883
128 887
251 239
251 663
272 221
272 867
272 360
272 537
272 688
272 960
272 469
272 884
272 63
272 101
272 228
272 296
272 343
272 350
272 497
272 756
272 908
272 976
272 989
533 598
533 921
533 1017
533 499
533 521
533 793
627 647
627 778
627 9
627 46
627 53
627 179
627 206
627 211
627 239
627 240
627 258
627 261
627 311
627 316
627 510
627 538
627 593
627 609
627 736
627 853
627 940
627 961
627 972
647 519
647 4
647 598
647 226
647 980
647 988
844 505
844 935
844 188
844 248
844 308
844 806
844 366
844 515
844 441
844 74
844 327
844 115
844 269
844 439
844 742
844 865
844 1000
861 357
861 1014
861 514
861 873
861 853
861 214
861 462
861 513
921 4
921 189
921 243
921 263
921 320
921 598
921 668
921 12
921 15
921 42
921 66
921 95
921 101
921 256
921 284
921 287
921 355
921 360
921 395
921 451
921 473
921 476
921 514
921 521
921 553
921 554
921 664
921 684
921 787
921 825
921 838
921 868
921 876
921 917
921 964
921 969
921 988
921 992
921 998
921 1011
921 1017
380 778
380 683
380 528
380 469
380 549
380 685
380 913
380 595
469 935
469 45
469 972
469 26
469 342
469 390
469 531
469 544
469 549
469 809
469 961
469 1005
658 673
658 186
658 96
658 101
658 196
112 825
112 567
112 479
123 687
123 873
123 650
123 242
123 825
123 688
123 976
123 214
123 101
123 906
123 908
296 650
296 688
296 758
296 96
296 135
296 228
296 325
296 567
567 853
567 537
567 85
567 159
567 230
567 378
650 9
650 85
650 135
650 151
650 176
650 303
650 309
650 390
650 447
650 629
650 667
650 1010
101 1001
101 673
101 166
649 189
649 943
649 41
649 687
649 242
649 966
649 409
649 347
649 130
649 945
649 106
649 168
649 186
649 232
649 342
649 422
649 459
649 559
649 583
649 836
649 892
649 975
758 217
758 825
758 25
758 360
758 537
758 688
758 960
842 117
842 655
842 752
866 529
866 360
866 672
866 267
866 756
1017 4
1017 320
1017 598
1017 992
1017 9
1017 139
1017 145
1017 256
1017 427
1017 585
1017 640
1017 669
1017 723
1017 960
85 113
85 598
85 610
85 55
85 340
85 266
85 360
85 730
85 135
85 303
85 524
85 667
85 751
85 848
85 1010
247 976
247 209
256 320
256 598
256 242
256 15
256 411
256 548
256 694
256 892
256 975
256 1011
497 537
497 688
497 960
497 976
825 243
825 687
825 15
825 25
825 360
825 976
825 981
97 722
97 643
97 47
97 84
97 224
97 290
97 306
97 348
97 604
97 641
97 702
97 883
97 928
121 189
121 6
121 335
121 416
121 489
121 507
121 559
121 582
121 584
121 595
121 601
121 618
121 636
267 673
267 412
267 525
360 113
360 243
360 263
360 598
360 622
360 724
360 980
360 710
360 514
360 242
360 55
360 726
360 195
360 775
360 1011
360 34
360 25
360 204
360 109
360 186
360 325
360 364
360 462
360 537
360 595
360 654
360 673
360 688
360 843
360 926
360 960
360 999
413 176
416 189
416 444
416 584
416 666
416 970
416 998
512 151
524 466
524 135
524 303
524 447
524 661
524 1010
584 189
584 677
584 808
584 86
584 599
584 913
584 339
584 568
584 57
584 130
584 211
584 364
584 390
584 435
584 470
584 587
584 591
584 639
584 664
584 666
584 701
584 883
584 914
584 938
584 951
584 996
584 998
655 778
655 873
655 18
655 96
655 192
655 363
655 390
655 417
655 629
655 656
655 882
655 960
655 972
659 3
659 204
659 673
659 688
659 856
659 960
659 976
667 1010
914 606
914 568
914 168
914 186
914 334
914 391
914 417
914 513
914 595
914 600
914 852
914 938
942 813
942 846
942 573
942 83
942 168
942 285
942 796
1010 470
1010 303
1010 176
1010 364
1010 600
1010 661
262 60
262 853
262 20
262 335
262 408
262 525
262 526
262 545
262 589
262 849
279 474
279 142
279 853
279 99
279 976
279 941
279 348
279 273
279 902
279 378
279 488
279 589
279 752
474 357
474 55
474 221
474 687
474 853
474 868
474 879
474 980
576 853
576 879
576 589
589 221
589 853
589 646
673 629
853 357
853 221
853 287
853 18
853 99
853 132
853 230
853 407
853 433
853 652
879 137
879 213
2 52
2 113
2 220
2 225
2 357
2 519
119 15
119 114
119 168
119 410
119 595
119 849
119 878
189 357
189 4
189 137
189 58
189 186
189 243
189 339
189 400
189 405
189 409
189 418
189 458
189 471
189 478
189 510
189 514
189 545
189 591
189 622
189 639
189 913
239 357
239 519
239 366
239 200
239 139
239 492
239 614
258 668
258 873
258 670
258 898
258 200
258 126
258 139
258 451
339 357
339 386
339 677
339 913
339 144
339 56
339 89
339 143
339 186
339 209
339 417
339 527
339 664
339 723
339 824
339 938
339 996
339 998
339 1015
357 86
357 89
357 422
357 478
357 558
357 640
357 1003
357 1014
478 113
478 555
478 724
478 935
478 980
478 992
478 1014
478 514
478 615
478 559
478 926
478 462
478 110
478 498
478 1003
478 1005
537 217
537 25
537 204
537 82
537 180
537 688
537 856
537 902
537 960
537 976
537 979
663 553
663 366
663 843
849 941
849 72
849 168
849 170
849 408
849 410
849 751
849 752
895 45
895 155
966 482
966 514
966 66
966 232
966 363
966 422
966 507
966 559
966 618
966 808
966 836
966 851
966 892
8 704
20 248
20 901
20 880
20 62
20 433
20 484
20 529
20 548
20 731
20 867
109 220
109 308
109 683
109 768
109 476
109 419
109 153
109 184
109 314
109 392
109 438
109 493
109 684
109 845
109 854
109 913
109 974
167 433
167 548
167 731
167 638
167 88
167 103
230 941
230 439
230 569
230 752
230 981
248 5
248 142
248 61
248 62
248 88
248 99
248 281
248 308
248 407
248 433
248 446
248 515
248 529
248 620
248 704
248 706
248 710
248 728
248 806
248 831
248 901
248 918
248 995
455 806
455 901
455 704
455 60
455 602
455 620
455 48
455 438
455 530
455 581
455 856
484 308
484 683
484 241
484 529
484 685
484 764
484 845
484 847
484 854
484 1003
706 880
706 529
96 968
96 390
96 329
96 342
976 204
976 754
976 960
976 209
976 273
976 496
976 566
976 664
976 824
976 902
976 938
976 941
976 979
976 999
976 1013
976 1015
52 4
52 113
52 137
52 555
52 622
113 25
113 225
113 414
220 493
220 710
519 4
519 307
519 582
519 878
4 171
4 243
4 263
4 320
4 361
4 376
4 442
4 472
4 505
4 555
4 556
4 577
4 578
4 598
4 622
4 668
4 707
4 709
4 719
4 724
4 935
4 943
4 980
4 987
4 988
4 992
137 15
137 42
137 95
137 171
137 173
137 186
137 206
137 242
137 243
137 263
137 314
137 325
137 326
137 409
137 425
137 442
137 458
137 471
137 496
137 498
137 538
137 544
137 556
137 585
137 598
137 692
137 746
137 803
137 810
137 892
137 980
137 988
137 990
137 1011
555 442
555 15
555 500
555 528
555 602
555 685
555 880
555 953
555 972
622 243
622 472
622 6
622 31
622 40
622 48
622 186
622 236
622 241
622 299
622 322
622 392
622 642
622 670
622 913
622 1003
622 1015
127 366
127 1011
127 316
127 585
127 36
127 193
127 194
127 424
127 613
127 738
127 855
127 982
214 990
214 514
214 903
214 366
214 405
214 669
214 538
214 624
214 991
214 42
214 190
214 283
214 725
214 764
214 931
214 934
214 952
264 420
264 560
264 393
269 558
269 733
462 724
462 1014
462 683
462 687
462 602
462 407
462 685
462 392
462 975
462 110
462 1007
631 366
631 900
631 143
631 463
839 523
839 375
839 678
839 965
839 984
839 321
839 457
839 595
25 217
25 688
25 754
25 960
414 778
414 683
414 938
414 342
414 496
414 664
414 241
414 132
414 554
414 1006
493 806
493 476
493 153
493 184
710 5
710 142
710 308
710 99
710 433
710 480
710 553
710 608
710 690
710 712
710 728
710 740
710 831
710 880
710 974
710 986
86 21
86 23
86 46
86 191
86 193
86 316
86 356
86 358
86 393
86 420
86 424
86 456
86 485
86 507
86 536
86 560
86 588
86 618
86 671
86 738
86 855
86 881
86 905
86 964
86 969
89 606
89 568
89 938
89 559
89 417
89 342
89 325
89 186
89 209
89 496
89 600
89 664
89 824
422 559
558 935
558 10
558 528
558 402
558 499
558 573
558 610
558 669
558 764
558 795
640 959
640 738
640 162
1003 308
1003 685
1003 941
1003 845
1003 805
1003 891
1014 709
1014 110
1014 215
1014 392
1014 503
1014 514
142 171
142 5
142 99
142 132
142 407
142 419
142 446
142 728
142 740
142 784
142 901
142 986
223 613
261 1001
261 285
261 635
261 925
515 778
515 390
515 143
515 307
603 734
603 682
670 668
670 687
670 610
670 15
670 30
670 79
670 103
670 139
670 175
670 288
670 347
670 559
670 614
670 686
670 898
670 947
670 975
716 687
716 749
716 355
716 1011
716 316
716 590
716 968
716 42
716 240
716 122
716 329
716 892
786 37
786 164
786 268
786 653
786 170
786 486
786 829
786 857
786 877
878 361
878 45
878 959
878 390
878 53
878 114
878 689
878 868
878 944
975 744
975 677
975 602
975 548
975 451
975 874
975 342
975 65
975 274
975 280
975 122
975 797
975 872
307 188
307 873
307 972
307 913
307 652
307 48
307 150
307 411
307 675
307 845
307 957
582 15
582 69
582 429
582 573
582 642
582 774
582 787
582 997
582 1005
204 217
204 59
204 466
204 684
204 688
204 960
204 999
204 1013
688 217
688 856
688 960
688 999
856 867
856 82
856 999
856 1013
960 217
960 867
960 63
960 82
960 273
960 845
960 884
960 902
960 913
960 989
960 999
171 26
171 31
171 175
171 308
171 314
171 390
171 392
171 401
171 476
171 683
171 684
171 707
171 778
171 806
171 845
171 854
171 884
243 45
243 140
243 219
243 263
243 320
243 392
243 430
243 442
243 470
243 471
243 472
243 514
243 598
243 669
243 692
243 806
243 821
243 883
243 913
243 915
243 992
263 192
263 221
263 367
263 406
263 409
263 411
263 514
263 559
263 595
263 598
263 687
263 746
263 892
263 935
263 980
320 45
320 140
320 161
320 367
320 430
320 470
320 477
320 597
320 598
320 669
320 692
320 992
376 347
376 377
376 379
376 507
442 326
442 188
442 200
442 425
442 430
442 470
442 505
442 806
442 847
442 883
442 992
472 150
472 219
472 392
472 411
472 685
472 891
472 935
472 972
505 18
505 231
505 450
505 451
505 461
505 476
505 542
505 554
505 598
505 707
505 972
578 39
578 134
578 149
578 213
578 635
578 719
578 787
578 800
578 951
578 983
598 186
598 514
598 573
598 595
598 687
598 754
598 868
598 945
598 980
598 988
668 30
668 126
668 139
668 284
668 390
668 739
668 858
668 947
707 26
707 31
707 62
707 99
707 132
707 241
707 335
707 386
707 554
707 685
707 761
707 778
707 806
707 843
707 854
707 880
707 901
707 913
707 958
707 972
709 685
709 796
719 149
719 390
719 406
719 787
719 800
719 883
724 205
724 470
724 687
724 944
724 988
935 88
935 175
935 231
935 322
935 514
935 987
943 186
943 471
943 506
943 536
943 544
943 749
943 808
943 1001
980 186
980 988
987 335
987 355
987 390
987 418
987 498
987 633
987 687
987 691
987 787
987 804
987 864
987 926
987 1011
988 326
988 6
988 691
988 730
992 45
992 140
992 161
992 168
992 188
992 200
992 428
992 430
992 450
992 470
992 597
992 600
992 692
992 746
992 806
992 821
992 847
992 883
992 952
992 998
18 683
18 806
18 528
18 366
18 60
18 322
18 481
18 972
31 778
31 683
31 553
31 476
31 433
31 685
31 913
31 40
31 93
31 180
31 480
31 843
74 327
74 865
99 308
99 683
99 806
99 901
99 19
99 26
99 62
99 88
99 115
99 153
99 419
99 529
99 581
99 682
99 690
99 731
99 740
99 974
110 778
110 340
110 685
110 913
110 392
110 730
110 369
110 796
115 620
115 438
215 684
215 884
215 913
215 392
215 986
241 806
241 938
241 496
241 824
241 554
241 580
241 957
242 683
242 482
242 10
242 12
242 42
242 232
242 311
242 390
242 405
242 510
242 531
242 538
242 573
242 596
242 632
242 654
242 691
242 695
242 848
242 958
242 1005
308 5
308 281
308 26
308 61
308 62
308 419
308 632
308 682
308 683
308 704
308 728
308 731
308 831
308 854
308 901
308 986
308 993
327 528
327 383
327 742
327 865
366 15
366 34
366 400
366 621
366 723
366 865
383 901
383 26
383 865
392 778
392 728
392 806
392 831
392 610
392 55
392 476
392 322
392 972
392 419
392 314
392 685
392 913
392 40
392 369
392 372
392 471
392 513
392 621
392 918
392 934
392 1015
439 865
441 529
441 815
441 438
441 61
441 638
471 276
471 355
471 624
471 969
471 787
471 854
471 892
471 926
471 186
471 105
471 158
471 236
471 346
471 645
476 778
476 188
476 683
476 728
476 768
476 806
476 831
476 15
476 150
476 184
476 314
476 335
476 342
476 372
476 377
476 433
476 499
476 513
476 554
476 581
476 602
476 684
476 685
476 690
476 732
476 761
476 787
476 794
476 854
476 860
476 880
476 884
476 918
476 972
476 1004
476 1015
530 77
530 314
530 620
530 334
530 536
530 479
530 682
549 45
549 26
549 313
549 674
602 188
602 683
602 806
602 901
602 704
602 19
602 48
602 370
602 500
602 581
602 684
602 685
602 794
602 815
602 884
602 953
632 281
632 731
632 26
632 620
632 61
632 761
683 778
683 5
683 26
683 88
683 184
683 192
683 257
683 314
683 322
683 390
683 419
683 433
683 446
683 521
683 554
683 704
683 755
683 806
683 815
683 918
684 778
684 553
684 610
684 972
684 880
684 731
684 26
684 466
684 620
684 61
684 685
684 735
684 761
684 854
684 884
684 913
685 188
685 806
685 959
685 322
685 972
685 407
685 26
685 369
685 390
685 805
685 933
704 728
704 831
704 901
704 60
704 419
704 438
704 581
704 794
704 884
704 995
742 806
742 200
742 865
742 150
778 26
778 322
778 407
778 554
778 614
778 806
778 873
805 972
805 913
805 845
805 551
805 850
805 934
805 952
806 5
806 188
806 728
806 60
806 61
806 62
806 132
806 140
806 161
806 184
806 200
806 314
806 341
806 419
806 433
806 450
806 470
806 494
806 513
806 620
806 815
806 847
806 883
806 901
843 553
843 314
843 460
843 784
843 845
854 433
854 731
854 26
854 620
854 61
854 132
854 554
854 750
854 761
854 845
854 934
884 972
884 407
884 26
884 314
884 390
884 554
884 651
884 845
884 913
888 788
913 188
913 322
913 972
913 880
913 26
913 313
913 618
913 787
913 48
913 150
913 396
913 465
913 480
913 559
913 740
913 755
913 845
913 933
918 728
918 40
918 1015
919 692
972 744
972 831
972 873
972 26
972 313
972 314
972 335
972 411
972 419
972 499
972 529
972 864
972 933
15 482
15 615
15 687
15 386
15 107
15 208
15 340
15 405
15 575
15 669
15 677
15 722
15 734
15 813
15 846
15 898
15 900
15 907
15 958
15 1009
15 1011
42 355
42 36
42 201
42 240
42 382
42 691
42 730
42 887
95 892
95 206
173 654
173 418
173 1005
186 606
186 615
186 334
186 945
186 730
186 892
186 375
186 926
186 255
186 364
186 496
186 552
186 852
186 1006
206 482
206 1011
206 691
206 102
206 346
206 757
206 939
314 553
314 322
314 26
314 150
314 335
314 554
314 732
314 933
314 986
325 66
325 405
325 1011
325 892
325 411
326 149
326 783
409 514
409 386
409 207
409 58
409 108
409 510
409 591
409 998
425 873
425 746
425 71
425 1001
425 405
425 1011
425 436
425 536
425 656
425 874
425 945
425 579
425 363
425 94
425 401
425 654
425 851
458 1011
458 161
458 666
496 606
496 723
496 209
496 143
496 824
498 813
498 538
498 800
498 892
498 864
498 92
498 306
498 644
498 804
498 1012
538 873
538 775
538 813
538 16
538 34
538 81
538 92
538 146
538 165
538 290
538 305
538 306
538 329
538 338
538 510
538 721
538 743
538 792
538 800
538 876
544 45
544 390
544 232
544 315
544 352
544 363
544 574
585 873
585 45
585 21
585 292
585 390
585 420
585 501
585 624
585 671
585 692
585 717
692 873
692 287
692 746
692 45
692 355
692 959
692 669
692 390
692 211
692 311
692 65
692 289
692 338
692 816
692 864
692 868
692 883
746 10
746 140
746 192
746 202
746 367
746 559
746 669
803 726
803 305
803 516
803 928
892 55
892 227
892 1011
892 106
892 418
892 817
990 11
990 13
990 192
990 586
990 708
990 826
990 1001
1011 482
1011 522
1011 340
1011 669
1011 734
1011 105
1011 122
1011 192
1011 274
1011 335
1011 346
1011 579
1011 583
1011 604
1011 609
1011 691
1011 855
1011 868
1011 926
1011 934
47 227
47 210
47 358
47 131
47 270
47 353
47 440
47 532
47 609
47 801
47 911
47 941
106 609
106 459
192 482
192 687
192 340
192 316
192 367
192 656
192 691
192 531
192 161
192 46
192 179
192 181
192 329
192 363
192 559
292 606
473 287
473 787
473 179
473 868
559 687
559 355
559 787
559 568
559 367
559 451
559 656
559 691
559 193
559 363
559 613
609 210
609 390
609 508
609 532
641 610
641 795
641 224
641 348
641 702
641 961
687 6
687 606
687 615
687 46
687 120
687 139
687 299
687 352
687 363
687 367
687 397
687 451
687 510
687 787
687 813
687 934
687 1001
711 626
711 170
711 290
711 829
711 835
26 744
26 831
26 901
26 553
26 610
26 200
26 313
26 466
26 618
26 620
26 633
26 787
26 847
175 274
175 986
390 873
390 916
390 355
390 36
390 65
390 201
390 244
390 246
390 311
390 329
390 335
390 406
390 536
390 604
390 691
390 816
390 868
390 915
401 514
401 945
401 531
401 702
401 213
401 593
401 983
845 188
845 808
845 968
845 933
845 280
845 75
845 150
845 465
845 750
58 398
58 591
58 84
58 294
58 342
58 475
58 510
58 612
58 885
400 207
400 994
405 610
405 39
405 218
405 235
405 354
405 507
405 536
405 637
405 681
405 718
405 874
418 482
418 355
418 826
418 727
418 139
418 730
418 864
510 873
510 208
510 207
510 398
510 591
510 643
510 680
510 294
510 98
510 108
510 116
510 289
510 324
510 612
510 625
510 858
510 1008
514 6
514 41
514 305
514 669
514 743
514 824
514 826
514 934
514 991
545 677
545 200
545 847
545 153
545 238
545 435
545 450
545 872
545 996
591 386
591 1009
591 207
591 98
591 108
591 475
591 994
591 998
639 985
639 315
639 526
45 287
45 12
45 161
45 211
45 311
45 355
45 430
45 669
45 680
45 816
140 355
140 669
140 200
140 847
140 470
140 161
140 430
140 494
140 197
140 344
140 566
140 821
219 188
219 847
219 998
219 451
219 448
219 531
219 161
219 816
219 784
219 494
219 450
219 275
219 428
430 355
430 669
430 470
430 566
430 821
430 883
470 482
470 77
470 847
470 68
470 161
470 384
470 450
470 500
470 883
470 915
470 952
669 873
669 265
669 850
669 934
821 499
821 161
821 174
821 915
883 1009
883 207
883 200
883 998
883 161
883 680
883 329
883 931
883 81
883 88
883 838
883 886
883 915
915 531
915 161
915 906
394 183
394 271
394 129
394 635
394 896
635 702
635 424
635 899
635 925
702 224
702 348
702 501
702 830
830 604
830 424
830 365
830 293
221 873
221 287
221 334
221 406
221 944
367 615
367 393
367 595
367 730
406 816
406 342
406 396
406 868
411 188
411 933
411 231
595 601
595 1001
595 523
595 965
595 543
595 168
595 321
161 553
161 529
161 364
161 629
161 952
477 190
149 787
149 271
149 345
783 211
347 30
347 126
347 328
347 286
347 395
347 461
347 492
347 562
347 628
347 816
507 528
507 808
507 618
507 636
507 727
507 36
507 190
507 193
507 211
507 335
507 536
507 543
507 574
188 5
188 200
188 540
188 675
188 693
188 755
188 847
188 880
188 933
188 957
200 677
200 65
200 145
200 274
200 341
200 435
200 550
200 620
200 660
200 816
200 837
200 858
200 872
200 986
847 831
847 322
847 38
847 44
847 65
847 139
847 153
847 245
847 280
847 423
847 428
847 435
847 448
847 450
847 451
847 468
847 494
847 550
847 660
847 698
847 816
847 858
847 872
150 581
150 794
891 993
55 11
55 198
55 523
55 723
55 937
868 287
868 864
868 265
868 396
450 553
450 144
450 998
450 968
450 153
450 222
450 280
450 423
450 434
450 494
450 543
450 737
450 765
450 962
450 125
450 341
450 690
450 769
450 797
450 862
450 872
451 959
451 139
451 93
451 38
451 44
451 65
451 153
451 191
451 284
451 338
451 342
451 701
451 811
451 816
451 862
451 864
451 872
461 126
461 449
461 858
554 698
528 10
528 402
528 795
528 917
880 728
880 831
880 19
880 419
880 153
880 184
880 529
880 581
880 690
880 974
880 986
953 19
953 396
953 957
39 130
39 436
39 656
39 681
39 874
39 945
134 850
213 154
213 951
787 873
787 386
787 553
787 345
787 656
787 767
800 16
800 147
800 302
800 81
800 290
800 508
800 644
800 802
800 924
800 951
951 386
951 266
951 937
983 1001
983 271
983 937
983 654
983 397
983 899
573 775
573 813
573 846
573 997
573 636
573 334
573 83
573 168
573 486
573 517
573 700
573 708
573 850
754 82
754 824
754 902
945 363
945 459
945 531
945 583
945 817
945 848
945 946
6 41
6 482
6 601
6 606
6 626
6 873
6 903
48 901
48 60
48 433
48 438
48 740
48 755
48 933
236 997
299 615
299 288
299 817
299 894
322 682
642 69
1015 958
1015 419
1015 759
226 734
226 342
226 384
70 71
70 233
70 583
287 265
287 495
606 143
606 255
606 289
606 334
606 364
606 391
606 417
606 568
606 600
606 938
606 958
606 1006
606 1018
737 93
737 65
737 280
737 423
737 468
737 701
737 550
737 594
737 765
816 959
816 677
816 448
816 141
816 222
816 298
816 962
816 1005
873 232
873 265
873 316
873 363
873 397
873 656
873 691
873 734
873 961
916 11
916 32
916 708
1005 355
1005 734
1005 691
1005 929
1005 940
30 618
30 79
30 126
30 139
30 328
30 492
30 562
30 968
126 79
126 284
126 492
139 599
139 245
139 328
139 335
139 562
139 827
139 858
139 967
284 959
284 148
284 957
739 449
739 947
858 79
858 628
858 133
858 428
858 509
62 728
62 901
62 185
62 433
62 529
62 638
62 731
62 772
132 698
132 957
335 316
335 499
335 211
335 57
335 619
335 1006
386 7
386 553
386 998
761 731
761 466
761 438
761 995
901 5
901 728
901 831
901 60
901 433
901 438
901 529
901 548
901 581
901 731
958 334
958 417
958 600
958 938
796 355
796 691
796 346
796 285
205 208
205 56
205 84
205 417
205 1006
407 995
614 363
614 723
12 66
12 227
12 276
12 355
12 959
12 1001
66 208
66 276
66 305
66 516
66 808
66 874
355 41
355 151
355 342
355 618
355 637
355 864
355 997
553 7
553 65
553 144
553 199
553 529
553 620
553 974
664 900
664 938
664 723
664 375
664 417
664 143
664 178
664 745
664 762
876 208
876 329
917 546
964 624
964 738
964 782
964 560
969 21
969 590
969 157
969 560
998 207
998 527
998 211
998 280
998 494
998 718
88 433
88 548
88 731
88 794
88 452
536 808
536 618
536 633
536 130
536 80
536 561
536 637
536 656
536 718
536 817
536 874
749 7
749 531
808 57
808 130
808 156
808 329
808 346
808 436
808 618
808 894
1001 84
1001 240
1001 359
1001 583
1001 654
633 482
633 734
633 618
633 130
633 398
633 402
633 691
691 482
691 522
691 734
691 271
691 342
691 579
691 908
804 610
804 864
926 695
926 84
926 181
926 402
730 266
11 615
11 71
11 726
13 77
13 210
13 522
13 826
708 210
708 850
826 482
826 601
826 193
826 202
826 297
826 485
826 654
168 410
428 628
428 509
600 568
600 334
600 759
600 143
600 255
600 364
600 391
952 623
952 375
952 513
503 654
9 172
145 388
427 850
427 246
723 938
723 417
5 728
5 744
5 831
728 281
728 37
728 61
728 83
728 419
728 433
728 481
728 529
728 557
728 740
728 755
744 713
831 768
831 60
831 184
831 581
831 974
419 19
446 652
740 993
740 286
740 468
740 712
740 939
740 974
784 61
986 529
986 712
540 750
675 652
675 801
675 957
693 10
693 65
693 93
693 550
755 433
755 529
755 933
957 771
957 652
957 513
61 281
61 620
433 452
433 529
433 548
433 794
529 548
529 731
620 731
620 995
682 438
682 303
731 548
731 452
731 794
993 19
993 207
993 388
993 801
34 16
34 652
69 610
69 636
69 270
69 359
69 678
82 170
82 273
84 208
84 207
84 211
84 116
84 165
84 767
84 931
107 208
107 232
107 703
202 904
246 575
246 443
246 971
268 37
268 164
268 486
268 653
268 877
334 568
334 255
334 374
436 198
436 363
436 637
436 656
436 874
568 143
568 364
568 417
568 938
714 937
714 373
714 679
718 130
718 681
718 80
718 312
718 579
718 874
877 653
877 829
184 623
184 581
184 543
184 729
608 94
608 712
608 936
608 973
690 623
690 153
690 468
690 712
690 974
712 468
712 974
712 286
712 607
974 144
974 581
974 468
974 286
974 862
37 164
37 653
37 829
83 846
83 636
83 277
83 984
557 375
557 776
60 438
60 794
494 65
494 222
513 460
581 438
438 794
548 452
548 501
548 794
41 563
41 601
482 340
482 342
482 346
482 618
482 734
601 190
601 636
601 725
601 773
601 835
626 304
626 408
190 636
190 835
270 210
270 846
270 532
270 774
547 323
678 965
678 984
791 604
791 365
791 424
965 523
965 321
965 457
618 543
618 574
636 727
636 835
340 172
340 346
340 402
342 615
342 959
342 329
342 294
342 122
342 331
342 354
342 583
342 797
342 835
342 871
342 1008
346 276
346 656
346 105
346 120
734 46
734 237
734 271
734 329
734 338
734 468
734 855
734 899
305 813
305 516
305 848
743 775
743 928
824 938
824 745
934 677
934 599
934 613
934 338
991 21
991 316
991 624
991 443
991 456
725 996
725 773
773 835
773 819
835 290
71 654
71 695
71 948
154 57
154 331
154 583
154 1004
288 726
363 656
363 874
363 531
363 579
363 235
363 352
363 459
363 526
363 822
363 836
363 851
384 232
579 51
579 57
579 1004
615 464
615 630
615 973
726 77
726 596
726 785
726 948
143 938
143 1018
143 1006
255 417
255 364
255 178
255 374
364 938
364 417
417 938
417 375
417 463
417 638
417 1018
938 900
938 527
938 463
938 745
938 762
938 1006
1006 209
1018 116
1018 374
464 531
464 153
464 973
464 352
464 552
973 94
973 936
304 829
408 829
408 170
408 616
46 959
46 316
46 420
46 485
46 535
46 560
46 564
46 588
46 621
46 671
46 696
46 766
46 875
46 905
46 927
120 240
352 158
352 526
352 593
397 271
397 937
397 203
397 373
397 645
397 679
397 899
813 775
813 81
813 329
813 644
170 829
170 700
170 857
290 164
290 81
290 337
829 653
829 486
829 857
232 444
316 21
316 216
316 358
316 499
316 599
316 613
316 738
316 748
316 855
316 881
656 959
656 130
656 637
656 80
656 218
656 354
656 681
656 799
656 894
961 959
65 677
65 144
65 623
65 93
65 448
65 111
65 222
65 280
65 423
65 434
65 468
65 543
65 701
65 765
65 962
144 677
144 527
144 623
531 727
531 44
531 94
531 574
531 593
531 929
894 583
894 817
794 452
495 373
53 317
179 959
211 402
240 329
240 680
311 208
311 50
311 329
311 680
593 338
736 696
940 249
135 151
135 176
135 661
151 176
151 309
151 661
151 747
176 661
303 661
447 747
10 610
10 777
10 795
610 795
795 224
795 1002
596 77
596 32
654 77
654 129
695 77
695 302
695 32
695 237
695 785
695 948
848 516
402 499
93 141
93 280
93 550
550 623
550 968
550 222
550 280
550 423
550 701
550 765
224 210
224 440
224 348
224 501
198 208
198 312
198 637
523 277
523 321
523 410
523 616
948 77
77 32
77 385
276 80
276 828
959 153
959 274
959 329
959 338
959 444
959 769
208 50
208 98
208 116
208 250
208 324
208 329
208 705
208 748
208 779
208 874
208 886
516 92
516 165
516 928
874 130
874 637
874 681
874 80
80 354
828 424
637 130
637 218
637 665
637 703
997 22
153 623
153 543
274 623
274 968
274 280
274 543
329 1009
329 50
329 165
329 871
583 235
210 440
210 532
210 604
522 297
522 502
522 782
522 833
522 855
522 1004
440 575
440 590
440 532
532 323
604 293
604 365
604 424
502 782
502 855
502 194
502 982
502 833
782 36
782 194
782 833
782 855
782 982
833 738
833 485
833 194
833 982
855 671
855 348
855 770
855 881
855 1004
1004 313
1004 280
1004 780
193 590
193 624
193 157
193 424
193 485
193 611
193 875
485 162
485 424
485 443
485 456
485 564
485 611
485 905
485 977
178 941
852 463
575 79
575 424
575 443
575 456
575 881
575 971
677 351
677 435
677 797
677 872
677 996
898 788
900 301
900 745
907 592
907 954
1009 994
703 218
703 298
114 689
410 984
98 207
98 994
98 108
116 207
116 643
250 164
748 216
779 483
217 759
217 979
217 999
759 301
759 792
999 756
350 867
350 908
350 989
350 343
350 421
350 756
774 104
774 429
774 954
867 343
867 756
867 908
867 989
621 420
621 535
621 560
621 393
354 681
681 780
681 799
79 628
424 564
424 671
424 927
424 194
424 293
424 356
424 365
424 613
443 881
443 456
443 971
456 624
456 564
881 738
881 906
881 971
971 738
429 104
429 954
850 599
850 508
850 551
103 638
435 111
435 222
435 872
435 996
872 111
872 996
996 111
996 837
468 765
468 939
899 897
57 156
57 561
81 92
644 720
644 767
981 569
117 941
117 565
117 569
752 941
343 908
343 989
994 207
994 931
16 147
16 302
147 260
147 302
92 164
92 306
92 721
92 802
92 1012
306 802
306 1012
792 294
508 535
802 1012
19 207
19 771
207 108
207 398
207 490
207 931
207 1008
771 504
108 612
931 643
1008 294
370 1007
801 501
526 574
526 539
501 300
501 365
501 812
756 889
756 479
756 565
756 908
756 989
989 822
989 228
21 358
21 415
21 590
21 599
21 624
358 162
358 356
358 590
358 767
358 977
415 564
415 611
590 157
590 194
590 770
599 36
599 611
599 770
624 162
624 564
624 613
356 767
356 345
393 420
393 535
393 560
393 588
393 720
393 763
420 348
420 535
420 611
560 535
560 349
560 588
560 611
588 611
671 535
671 349
671 832
671 905
738 36
738 162
738 613
738 982
905 535
905 349
613 348
613 169
613 194
767 157
767 977
977 982
977 349
564 169
564 611
611 535
611 169
611 696
611 720
194 770
194 982
24 266
466 426
466 572
1013 273
1013 902
902 1012
837 434
321 277
321 457
321 616
321 699
375 56
375 463
375 616
375 762
543 623
44 448
44 929
280 594
280 701
183 896
527 587
527 666
587 666
587 939
623 909
970 475
701 765
68 535
68 760
68 920
328 252
562 607
968 118
628 133
628 286
300 962
300 365
365 293
286 509
94 259
946 51
985 315
594 125
486 653
164 337
653 277
653 857
277 616
312 459
312 963
799 310
929 275
689 863
535 169
535 333
535 349
535 978
875 763
181 789
181 330
720 73
353 453
672 747
616 457
616 699
822 177
129 790
552 840
378 565
378 569
87 234
645 569
259 295
936 399
569 565
196 889
790 387
177 955
897 798
798 798
