172
215
170
628
965
581
553
912
587
140
858
333
205
562
507
96
861
485
847
47
218
663
78
42
219
205
806
682
847
139
321
316
651
61
300
846
246
648
465
871
82
187
858
96
350
43
745
61
458
503
205
61
96
548
499
27
495
320
567
902
343
858
565
320
782
255
43
316
192
753
663
61
813
205
617
525
552
626
617
626
547
243
78
821
999
96
753
5
954
5
321
205
47
61
581
485
477
404
201
581
670
835
265
61
460
726
740
24
139
912
583
502
835
617
776
82
501
835
193
499
174
835
847
43
595
782
628
78
477
776
491
626
753
591
753
555
594
170
674
563
753
5
205
954
463
743
283
753
562
96
912
284
500
617
360
530
447
816
663
44
420
165
350
577
762
78
836
137
753
447
312
215
43
563
5
286
233
139
98
96
333
360
469
170
565
48
48
5
682
617
152
284
16
461
963
510
477
455
455
5
362
476
753
112
407
172
287
5
617
499
193
205
835
587
205
508
735
316
565
847
679
333
201
215
139
205
50
283
753
43
464
645
590
555
205
888
353
679
5
316
581
205
626
680
20
787
591
753
510
49
61
836
866
562
105
813
99
422
961
510
555
912
744
278
623
96
395
492
617
284
371
300
347
193
455
170
215
19
626
205
471
50
902
485
28
651
409
587
480
592
44
582
617
403
663
248
652
347
917
44
201
477
581
679
105
360
547
243
847
963
114
5
910
588
675
78
251
48
462
255
205
453
525
945
338
499
244
5
646
170
96
61
44
5
264
5
660
836
139
651
193
902
547
170
78
334
648
682
847
626
110
763
436
748
78
753
47
175
437
576
912
587
139
134
283
517
351
300
201
49
315
134
652
205
205
215
530
296
617
140
218
255
187
437
49
907
836
112
321
734
362
583
459
847
902
88
517
175
963
137
847
172
172
321
205
274
820
912
283
510
959
694
782
562
286
315
779
112
205
205
820
663
300
321
409
283
556
201
737
358
255
112
555
205
525
547
205
820
316
835
501
483
316
651
97
140
719
847
96
248
835
5
858
628
49
587
25
105
651
170
140
682
592
663
983
617
47
143
509
954
912
847
303
125
61
902
581
965
858
582
234
112
753
44
444
300
871
193
555
44
300
832
800
417
245
674
409
321
43
283
581
300
