0 452
452 57
452 73
452 280
452 286
452 396
452 506
141 27
141 311
141 412
141 496
27 213
27 80
27 122
27 212
27 256
27 320
311 427
311 39
311 59
311 260
311 365
311 537
311 52
311 496
311 361
311 451
311 65
311 400
311 543
311 337
311 169
311 412
311 300
311 56
311 142
311 166
311 200
311 215
311 267
311 273
311 294
311 358
311 392
311 428
311 433
311 482
311 559
412 194
412 177
412 465
412 515
412 335
412 127
412 37
412 169
412 428
412 516
496 59
496 227
496 18
496 161
496 537
496 169
496 362
496 380
496 559
57 561
57 191
57 397
57 271
57 303
57 103
57 334
73 419
73 330
73 48
73 457
73 509
73 514
73 42
73 154
73 180
73 501
280 13
280 84
280 191
280 235
280 263
280 82
280 95
280 375
280 456
280 502
280 503
280 550
286 365
286 520
286 45
286 177
286 465
286 488
286 510
286 397
286 507
286 323
286 56
286 107
286 115
286 294
286 351
286 493
396 227
396 177
396 301
396 382
396 156
396 501
396 506
396 243
396 163
396 482
506 367
506 353
506 191
506 263
506 406
506 470
506 564
506 69
506 359
506 337
506 156
506 138
506 341
506 429
506 449
506 163
506 315
506 343
506 364
506 477
1 91
1 446
1 535
91 56
91 184
91 188
91 379
91 441
91 536
91 545
91 553
446 26
446 175
446 242
446 295
446 304
446 319
446 354
446 387
446 461
446 535
535 26
535 234
535 275
535 283
535 295
535 464
535 515
535 544
56 232
56 196
56 235
56 45
56 488
56 397
56 302
56 492
56 560
184 22
184 48
184 246
184 254
184 329
184 336
184 348
184 393
184 536
184 547
184 553
188 241
188 379
379 133
379 208
379 512
441 372
441 237
441 440
441 563
441 24
441 67
441 183
441 339
536 537
536 22
536 48
536 393
536 129
536 176
536 241
536 553
545 365
545 537
545 417
545 177
545 22
545 254
545 393
545 47
545 221
545 262
545 329
545 333
545 348
545 351
545 547
553 227
553 50
553 537
553 22
553 48
553 393
553 106
553 208
553 221
553 348
553 397
194 74
194 126
194 173
194 177
194 192
194 243
194 268
194 281
194 351
194 382
194 421
194 454
194 487
194 515
194 516
194 531
74 265
74 515
74 86
74 351
126 86
126 165
126 338
126 539
173 297
173 232
173 6
173 40
173 100
173 167
173 360
173 454
173 522
177 227
177 232
177 365
177 61
177 21
177 69
177 87
177 102
177 32
177 86
177 169
177 293
177 488
177 515
177 516
192 507
192 183
192 382
192 341
192 531
192 338
192 347
243 265
243 507
243 183
243 382
243 531
243 378
243 405
243 165
243 182
243 338
243 347
268 523
268 266
268 213
268 242
268 23
268 76
268 86
268 105
268 123
268 130
268 135
268 151
268 175
268 211
268 222
268 295
268 332
268 359
268 406
268 411
268 491
281 2
281 168
281 40
281 46
281 58
281 90
281 427
281 448
281 475
351 427
351 454
351 448
351 488
351 510
351 397
351 323
351 271
351 86
351 183
351 341
351 106
382 454
382 502
382 69
382 359
382 515
382 37
382 136
382 210
382 338
382 347
382 484
382 531
382 539
421 242
421 406
421 244
421 23
421 118
421 230
421 105
421 119
421 216
421 304
421 451
454 227
454 6
454 242
454 37
454 45
454 115
454 265
454 360
454 443
454 507
454 510
487 265
487 80
487 209
487 338
515 523
515 21
515 69
515 465
515 34
515 118
515 123
515 175
515 237
515 251
515 261
515 272
515 283
515 304
515 332
515 335
515 354
515 387
515 451
515 455
515 464
515 489
515 491
515 516
516 283
516 319
516 387
516 451
516 86
516 555
516 218
516 405
516 424
516 539
531 427
531 307
531 265
531 502
531 292
531 58
531 86
531 399
26 464
26 216
26 223
26 295
26 544
175 133
175 461
175 372
175 23
175 123
175 130
175 216
175 230
175 251
175 272
175 287
175 295
175 354
175 387
175 440
175 464
175 491
175 555
242 513
242 6
242 37
242 45
242 76
242 95
242 105
242 127
242 220
242 230
242 251
242 319
242 321
242 332
242 335
242 356
242 372
242 406
242 411
242 471
242 538
295 372
295 237
295 283
295 387
295 440
295 464
295 491
295 332
295 354
295 544
304 36
304 50
304 365
304 406
304 244
304 211
304 123
304 178
304 251
304 335
304 451
304 543
304 402
304 272
304 186
304 203
304 220
304 325
319 227
319 513
319 307
319 561
319 23
319 76
319 123
319 237
319 251
319 283
319 37
319 95
319 130
319 135
319 182
319 218
319 229
319 272
319 335
319 411
319 484
319 507
354 461
354 417
354 237
354 387
354 464
354 491
354 563
354 275
354 236
354 291
387 461
387 23
387 272
461 12
461 209
461 272
461 372
461 491
523 50
523 152
523 189
523 203
523 251
523 266
523 332
523 335
523 383
523 406
50 96
50 100
50 115
50 147
50 299
50 312
50 341
50 400
152 381
152 28
152 84
152 172
152 362
189 170
189 5
189 44
189 275
189 335
189 377
189 385
189 409
189 472
189 490
189 546
189 555
203 402
203 105
251 23
251 225
251 272
251 464
251 491
266 5
266 488
332 149
332 406
332 118
332 123
332 491
332 105
332 169
332 405
332 489
335 59
335 36
335 131
335 149
335 406
335 193
335 23
335 76
335 118
335 123
335 178
335 230
335 283
335 287
335 67
335 96
335 105
335 119
335 127
335 130
335 151
335 169
335 220
335 223
335 291
335 321
335 340
335 361
335 383
335 411
335 457
335 463
335 491
335 555
383 406
383 76
383 178
383 411
406 213
406 365
406 368
406 409
406 13
406 96
406 156
406 220
406 321
406 337
406 356
406 405
406 411
406 439
406 512
406 544
234 68
234 171
234 49
234 205
234 240
275 198
275 70
275 339
275 472
275 511
275 546
283 36
283 23
283 76
283 77
283 105
283 127
283 183
283 225
283 411
283 457
283 464
464 23
464 272
464 411
544 244
544 237
544 321
544 512
2 168
2 297
2 427
297 6
297 132
297 151
297 211
297 244
297 260
297 326
297 342
297 360
297 368
297 427
297 448
297 475
297 534
297 559
297 561
427 40
427 41
427 58
427 59
427 70
427 90
427 125
427 151
427 186
427 187
427 244
427 276
427 292
427 312
427 326
427 375
427 404
427 434
427 448
427 507
427 540
40 170
40 132
40 41
40 117
40 86
40 385
40 303
40 284
40 340
40 342
40 377
46 90
58 24
58 363
58 399
58 455
58 457
90 448
90 37
90 187
448 367
448 7
448 167
448 187
448 284
448 298
448 326
475 561
475 360
6 53
6 407
6 419
6 59
6 18
6 36
6 89
6 99
6 150
6 161
6 213
6 214
6 307
6 316
6 330
6 365
6 367
6 381
6 494
6 528
6 537
6 542
6 561
132 407
132 490
132 25
132 183
132 236
132 327
132 385
132 467
132 518
132 525
132 559
151 513
151 326
151 490
151 55
151 70
151 201
151 322
151 343
151 356
151 389
211 307
211 22
211 64
211 70
211 76
211 103
211 254
211 314
211 375
211 480
244 18
244 60
244 161
244 365
244 52
244 120
244 169
244 220
244 273
244 408
244 436
260 227
260 52
260 144
260 169
260 172
260 215
260 257
260 276
260 292
260 312
260 365
260 368
260 482
260 494
260 542
326 307
326 534
326 13
326 284
342 150
342 118
342 317
342 557
360 170
360 45
360 41
360 86
360 187
360 236
368 39
368 150
368 213
368 32
368 82
368 157
368 186
368 299
368 362
368 418
368 429
368 456
368 467
368 494
368 537
368 538
368 542
534 7
534 187
534 455
559 170
559 303
559 401
561 227
561 89
561 214
561 28
561 67
561 80
561 127
561 252
561 263
561 340
561 343
561 503
561 543
41 36
41 307
41 131
41 456
41 206
41 543
41 32
41 68
41 117
41 349
41 525
59 5
59 37
59 52
59 67
59 102
59 169
59 227
59 232
59 312
59 404
59 537
59 543
70 276
70 292
70 239
70 472
70 558
70 201
70 385
70 357
70 380
125 250
125 30
125 17
125 61
125 144
125 172
125 206
125 322
125 334
125 366
125 384
125 457
125 472
125 503
125 543
186 316
186 276
186 292
186 453
186 390
186 142
186 164
186 399
186 557
187 284
187 399
187 455
187 217
187 443
276 227
276 36
276 89
276 99
276 161
276 307
276 149
276 16
276 44
276 68
276 78
276 172
276 201
276 292
276 358
276 361
276 400
276 470
276 473
276 479
276 543
276 564
292 227
292 494
292 16
292 24
292 172
292 257
292 347
292 490
292 555
312 18
312 307
312 365
312 112
312 456
312 32
312 67
312 114
312 121
312 129
312 147
312 178
312 482
375 84
375 230
375 142
375 137
375 210
375 314
375 476
375 480
404 138
404 49
404 473
404 495
404 540
434 14
434 284
507 39
507 214
507 367
507 28
507 520
507 510
507 124
507 362
507 72
507 106
507 116
507 137
507 183
507 401
507 483
540 138
540 449
540 489
3 53
53 62
53 93
53 122
53 279
62 419
62 122
62 462
62 380
62 129
93 305
122 80
122 362
279 197
4 39
4 170
4 407
4 419
39 80
39 263
39 300
39 397
39 407
39 465
39 510
39 514
39 542
170 71
170 118
170 195
170 198
170 262
170 300
170 327
170 369
170 385
170 468
407 72
407 140
407 215
407 400
407 460
407 468
407 520
407 537
419 94
419 104
419 113
419 116
419 257
419 277
419 288
419 294
419 327
419 428
419 433
80 196
80 28
80 45
80 115
80 256
80 271
80 362
80 400
80 401
263 13
263 84
263 142
263 207
263 294
263 405
263 408
263 414
263 435
263 447
263 456
263 459
300 330
300 45
300 361
300 252
300 115
300 147
300 253
300 282
300 331
300 350
300 374
300 500
300 514
397 381
397 265
397 84
397 520
397 45
397 510
397 23
397 123
397 361
397 105
397 107
397 236
397 262
397 294
397 323
397 362
397 493
465 365
465 409
465 21
465 69
465 48
465 86
465 181
465 350
465 563
510 196
510 21
510 94
510 105
510 115
510 162
510 195
510 328
510 378
510 443
510 467
510 484
514 253
542 150
542 196
542 307
542 330
542 494
542 537
542 21
542 23
542 28
542 104
542 195
542 296
542 362
542 400
542 433
542 467
542 538
71 38
71 162
118 45
118 23
118 76
118 123
118 124
118 169
118 236
118 291
118 538
195 493
198 232
198 307
198 367
198 30
198 16
198 44
198 206
198 248
198 317
198 490
198 503
198 511
198 543
198 546
198 564
262 474
262 400
262 176
262 221
262 208
262 246
262 333
327 256
327 143
369 115
369 129
369 104
385 36
385 239
385 543
385 117
385 68
385 147
385 373
385 416
468 513
468 196
468 202
468 235
468 45
468 95
468 100
468 114
468 145
468 388
468 478
468 556
241 176
241 231
72 456
72 451
72 400
72 248
72 183
72 226
140 277
140 104
215 367
215 202
215 456
215 400
215 221
215 67
215 358
215 463
400 227
400 381
400 28
400 65
400 121
400 67
400 95
400 116
400 145
400 182
400 257
400 358
400 378
400 414
400 428
400 444
400 493
400 509
460 307
460 79
460 82
460 336
460 388
460 478
520 381
520 13
520 94
520 142
520 271
520 310
520 315
520 463
520 488
520 522
537 227
537 365
537 22
537 47
537 52
537 119
537 169
537 176
537 208
537 221
537 267
537 348
537 380
537 417
537 533
537 547
537 560
94 456
94 361
94 190
94 142
104 150
104 202
104 361
104 166
104 129
116 367
116 166
116 207
116 238
257 494
257 98
257 206
257 43
257 85
257 373
257 390
277 367
277 112
277 84
277 52
277 169
277 200
277 294
277 463
288 227
288 307
288 30
288 519
288 247
288 44
288 78
294 150
294 456
294 550
294 476
428 150
428 84
428 202
428 456
428 45
428 129
428 159
428 166
428 447
428 467
428 505
428 508
428 554
433 121
433 169
433 147
433 249
5 232
5 513
232 67
232 102
232 169
232 267
232 346
232 356
232 530
232 557
513 172
513 450
37 230
37 555
52 214
52 250
52 367
52 202
52 17
52 156
52 206
52 247
52 337
52 380
52 392
52 408
52 418
52 429
52 442
52 449
52 470
52 509
52 552
52 562
67 227
67 102
67 361
67 457
67 239
67 183
102 365
102 494
102 69
102 169
102 488
169 227
169 161
169 316
169 365
169 123
169 178
169 320
169 462
169 127
169 337
169 176
169 220
169 273
169 298
227 30
227 76
227 107
227 213
227 337
227 359
227 365
227 388
227 399
227 408
227 443
227 489
227 493
543 89
543 161
543 265
543 470
543 45
543 490
543 564
543 206
543 472
543 503
543 511
543 32
543 44
543 171
543 308
543 458
543 538
543 558
44 503
44 511
44 68
44 138
44 144
44 171
44 309
44 356
44 423
44 430
44 469
377 416
409 161
409 9
409 105
409 410
409 563
472 30
472 470
472 264
472 323
472 78
472 248
472 538
490 99
490 307
490 20
490 119
490 172
490 239
490 240
490 248
490 323
490 503
490 546
490 564
546 30
546 247
546 248
555 307
555 236
555 340
30 250
30 15
30 61
30 206
30 239
30 323
30 366
30 395
30 431
30 470
30 503
30 564
76 359
76 23
76 34
76 105
76 123
76 130
76 411
76 440
107 45
107 488
107 323
107 437
107 197
107 204
107 493
213 45
213 212
213 320
213 359
213 381
213 462
213 463
213 467
337 307
337 330
337 367
337 191
337 361
337 117
337 156
337 163
337 180
337 343
337 364
337 463
337 482
359 149
359 265
359 372
359 34
359 209
359 445
359 450
359 451
359 457
359 484
365 89
365 21
365 61
365 69
365 463
388 235
388 463
388 478
388 556
388 111
399 183
408 18
408 60
408 456
408 47
408 129
408 159
408 166
408 200
408 425
408 479
408 505
408 552
489 287
489 267
489 392
489 449
493 316
493 144
493 106
493 439
267 547
267 124
267 206
267 503
267 156
267 138
267 47
267 221
267 333
267 336
267 348
267 418
267 429
267 477
346 8
346 86
356 68
356 138
356 171
356 309
356 49
356 205
356 405
356 411
356 473
356 495
356 538
557 384
557 206
557 340
557 449
557 119
557 477
488 21
172 494
172 123
172 429
172 449
172 334
172 78
450 134
18 28
18 45
18 98
18 128
18 191
18 250
18 533
36 23
36 32
36 105
36 131
36 161
36 178
36 183
36 291
36 307
36 402
89 119
89 138
89 239
89 248
89 431
89 473
89 558
99 308
150 166
150 200
150 355
150 447
150 456
150 467
150 505
150 508
150 528
150 538
161 32
161 42
161 69
161 307
214 60
214 32
214 88
214 202
214 463
214 494
307 9
307 32
307 68
307 120
307 131
307 178
307 183
307 191
307 201
307 206
307 235
307 239
307 264
307 340
307 358
307 373
307 492
307 499
316 117
316 144
316 437
330 45
330 154
330 180
330 269
330 361
330 457
330 483
367 250
367 157
367 166
367 183
367 202
367 221
367 248
367 293
367 355
367 361
367 456
367 554
381 95
381 509
381 522
494 270
494 380
528 47
528 84
528 301
528 315
528 355
528 467
528 508
28 69
28 121
28 361
28 362
28 414
28 456
45 144
45 321
45 362
45 467
45 538
45 554
98 191
98 121
98 417
128 55
128 371
128 533
191 13
191 163
191 417
191 564
250 17
250 61
250 206
250 323
250 324
250 384
250 392
250 429
250 449
250 560
533 417
533 55
533 148
533 199
533 282
533 371
23 123
23 124
23 178
23 179
23 230
23 237
23 261
23 287
23 361
23 440
23 451
23 563
32 202
32 178
32 117
32 120
32 127
32 201
32 271
32 402
32 509
105 402
105 96
105 291
131 9
131 117
131 147
131 178
131 348
131 437
178 117
178 402
183 265
183 341
183 378
291 437
291 411
402 380
96 149
96 87
96 120
96 136
96 405
100 202
100 136
100 259
147 87
147 361
147 340
147 114
147 185
147 302
147 343
299 393
299 348
299 79
299 145
299 274
299 306
299 518
341 265
341 86
341 156
60 200
60 207
60 391
200 320
200 47
200 166
200 207
207 142
391 84
138 457
138 68
138 146
138 205
138 449
138 477
138 495
239 564
239 248
239 318
239 558
248 31
248 247
248 431
248 201
473 201
473 317
558 31
558 285
558 541
558 511
558 437
558 68
308 517
166 129
166 185
355 221
447 453
447 467
447 315
447 508
456 13
456 157
456 426
456 554
467 84
467 361
467 414
467 301
467 453
467 315
467 386
467 508
467 538
467 565
505 289
505 238
505 245
508 315
538 384
538 564
538 503
538 429
69 425
69 548
167 7
522 121
522 380
196 82
196 111
196 134
196 139
196 235
196 313
196 325
196 398
196 492
196 498
82 202
82 235
82 121
82 348
82 145
82 231
82 139
82 160
111 235
111 233
111 139
111 134
111 270
111 325
134 492
134 139
134 270
134 306
134 325
134 336
134 422
139 306
139 313
139 415
139 498
235 84
235 114
235 117
235 231
235 270
235 302
235 457
235 478
235 492
235 498
235 556
313 393
313 348
313 231
313 498
313 101
313 415
325 340
325 492
492 393
492 270
498 121
498 231
498 524
498 110
498 526
212 556
320 256
320 197
320 500
462 75
462 159
462 176
462 500
463 190
463 414
463 130
463 142
463 436
463 527
202 47
202 55
202 81
202 101
202 117
202 340
95 87
95 503
95 562
95 435
127 77
127 273
220 345
230 340
321 303
321 218
321 236
321 471
372 16
372 21
372 222
372 272
372 287
372 440
372 491
411 123
411 451
411 405
471 179
471 437
17 366
17 370
17 384
17 470
61 174
61 206
61 324
61 384
61 418
61 429
206 370
206 384
206 470
206 564
206 47
206 174
206 322
206 324
206 334
206 418
206 429
206 503
206 517
323 162
323 271
323 338
323 503
324 370
324 384
324 361
324 449
384 366
384 156
384 174
384 392
384 418
384 429
384 442
384 477
384 497
392 124
392 156
392 146
392 174
392 418
429 470
429 457
429 418
429 174
429 449
449 124
449 156
449 562
449 418
449 174
449 477
144 503
144 437
144 106
144 204
482 180
68 457
68 49
120 287
120 352
120 117
120 345
120 405
201 273
201 363
201 525
264 458
264 564
340 66
340 145
340 416
358 361
358 511
358 418
373 43
373 390
373 403
499 502
499 87
499 261
499 378
499 484
117 112
117 156
117 157
117 314
117 418
437 31
437 519
437 237
437 491
437 204
437 317
154 269
154 501
154 497
180 54
180 137
180 483
269 457
361 271
361 289
361 343
361 362
361 480
361 554
457 25
457 49
457 103
457 142
457 156
457 159
457 256
457 301
457 305
457 466
457 504
483 501
483 137
21 470
21 87
221 47
221 176
293 349
293 517
293 334
293 389
293 255
554 190
554 328
362 65
362 310
418 156
418 146
418 477
509 296
509 289
265 11
265 86
265 338
265 378
265 484
265 502
265 539
270 226
380 357
47 112
47 417
47 564
47 64
47 474
47 547
47 176
47 348
47 426
84 13
84 315
84 322
84 343
84 565
301 35
301 343
301 565
315 453
315 343
22 417
22 48
22 254
22 393
22 547
176 417
176 547
176 420
208 48
208 352
208 426
208 246
208 333
208 336
208 478
348 417
348 231
417 43
417 48
417 64
417 103
417 106
417 403
417 547
417 549
547 48
547 254
547 393
547 231
296 29
252 253
503 564
503 423
503 511
298 135
298 521
8 133
133 86
133 345
133 501
133 512
86 378
501 66
501 153
501 225
512 491
512 209
149 123
149 405
149 416
149 451
123 129
123 130
123 405
123 451
405 287
405 130
405 218
405 347
405 551
451 218
451 322
563 237
563 440
563 339
10 109
10 112
109 224
11 353
338 165
338 347
378 502
378 484
484 502
484 261
484 491
502 13
502 261
539 165
539 480
12 413
413 290
209 210
272 237
272 261
272 491
272 33
272 376
491 440
491 216
491 225
491 229
13 550
414 190
414 65
414 310
414 527
322 216
322 34
322 548
163 564
163 328
564 519
564 20
564 48
564 205
564 389
564 458
55 344
81 108
114 302
114 526
231 393
231 145
231 79
231 524
231 556
478 110
556 110
435 532
130 237
130 287
130 229
130 34
130 551
222 485
222 229
156 146
156 174
156 477
156 552
439 106
426 48
426 64
426 205
426 333
310 256
310 389
15 31
15 285
15 395
15 541
31 352
31 541
285 395
366 497
352 370
352 517
16 519
519 240
519 511
317 236
317 158
511 64
511 430
511 469
78 247
78 205
479 289
24 190
24 247
440 237
440 34
440 229
440 339
442 87
442 278
442 477
562 124
562 146
562 174
174 236
174 477
174 497
334 228
334 136
334 249
334 314
334 389
497 258
477 124
371 199
371 344
371 517
129 159
425 401
43 85
43 390
43 403
43 486
48 282
48 393
64 190
64 246
64 254
549 333
148 25
148 97
148 199
148 344
148 466
199 25
199 49
199 466
199 517
282 331
282 350
282 500
19 193
20 485
458 438
389 256
389 376
548 289
548 245
34 223
34 229
181 258
350 500
162 303
237 339
254 314
254 480
393 474
246 474
246 249
246 333
246 336
336 333
314 480
216 223
225 77
182 444
289 63
289 245
25 33
25 97
25 344
33 97
33 344
33 466
97 92
97 228
97 344
97 466
97 504
344 228
344 504
466 228
466 504
92 85
92 390
92 278
92 376
49 495
517 255
305 164
500 63
500 394
500 136
65 155
145 79
145 233
444 233
444 259
137 374
318 146
423 171
423 309
423 469
430 309
469 171
469 309
171 309
349 255
364 83
364 219
364 476
376 432
551 424
35 453
35 481
136 249
255 390
85 278
85 390
85 486
390 278
486 278
357 51
259 79
79 233
79 274
79 524
274 233
274 524
233 110
63 394
153 258
226 160
219 476
238 529
