180
407
100
683
470
512
21
394
316
325
560
113
203
141
33
555
64
0
403
519
5
587
106
445
84
419
631
514
406
263
158
399
654
222
269
139
422
371
287
372
697
51
73
669
232
121
61
98
574
644
617
380
143
164
704
286
79
558
486
441
415
651
306
701
424
185
528
513
417
622
347
329
188
438
137
613
152
77
248
614
400
153
481
643
200
362
299
624
473
462
495
379
291
344
107
482
680
184
602
648
201
134
34
224
160
425
639
378
19
576
460
307
211
573
309
459
571
360
577
465
471
365
454
110
65
570
604
592
649
258
595
97
131
567
282
193
647
284
31
335
6
502
527
561
357
144
442
156
554
361
672
557
246
461
293
228
629
358
520
492
524
636
565
522
54
511
163
166
568
118
505
546
479
189
488
331
439
420
255
440
606
260
658
580
564
353
108
619
582
3
478
401
566
589
533
265
367
466
626
12
171
485
472
39
487
197
468
125
398
694
467
22
541
601
493
168
1
354
241
149
196
572
155
597
621
105
521
540
56
66
404
506
229
539
709
297
600
591
11
430
660
456
402
172
650
359
285
20
119
381
370
393
436
27
207
296
351
416
483
117
610
578
665
590
607
593
515
315
640
104
91
677
463
426
581
551
635
559
547
620
50
376
494
388
405
