215
58
243
207
67
148
76
264
166
36
126
23
213
245
168
85
71
287
263
152
282
200
52
100
13
180
57
169
205
59
198
104
131
271
201
149
172
262
183
45
117
65
164
150
189
192
97
60
34
234
222
146
266
3
218
129
114
24
44
39
167
103
109
120
26
32
315
191
163
135
108
145
72
259
81
123
273
124
75
89
238
16
62
128
236
51
220
91
43
42
0
88
255
151
240
211
210
178
281
171
110
140
6
37
286
80
116
147
134
102
137
239
203
280
248
8
22
9
268
47
228
247
153
254
1
181
38
106
267
275
142
25
156
165
132
20
217
221
49
64
206
229
202
122
141
157
113
253
283
133
46
208
90
17
2
277
188
278
285
28
173
214
95
