4
1014
709
698
732
54
707
2
481
839
1083
672
891
505
1020
386
893
31
310
918
34
766
254
728
945
459
927
1085
997
970
1005
1084
578
822
1056
727
602
1077
511
890
368
940
1076
1090
22
922
1063
1033
189
998
990
333
1123
215
170
627
595
883
123
97
1107
820
947
66
1127
814
88
504
924
1048
556
540
221
912
1004
1003
742
640
851
476
1049
939
1021
638
1128
526
898
690
862
1064
911
926
696
1081
800
1052
720
1120
636
838
767
968
424
670
774
1067
75
448
802
994
510
860
1114
1094
248
786
612
991
821
678
1027
45
102
983
338
871
973
1095
789
986
224
841
745
58
948
1102
1118
109
830
1129
600
1042
1012
874
872
757
792
901
1038
954
1080
943
1018
392
681
859
606
1024
917
933
750
1068
1058
1109
561
938
679
849
96
1019
796
1101
1119
756
455
1117
498
1105
1122
618
1121
919
410
769
90
1130
827
762
781
95
740
747
666
737
176
9
528
955
1036
553
867
958
688
529
962
559
886
1108
302
806
977
1046
560
19
697
704
1096
662
456
770
1072
5
791
790
142
502
292
694
966
975
3
1045
980
40
908
949
408
896
801
758
430
887
1010
42
397
1132
738
1110
879
611
843
852
1111
1099
85
41
1088
1061
713
1078
920
62
993
961
899
875
710
964
105
982
799
812
695
992
1025
895
1071
615
1131
607
1055
639
