87
563
468
842
230
223
456
835
788
697
583
711
542
558
689
127
2
786
543
820
291
85
617
201
299
637
73
285
184
425
117
409
29
115
947
803
510
579
577
52
448
855
54
634
302
237
745
167
629
315
24
775
471
547
338
311
707
719
479
740
281
449
354
125
491
174
519
649
384
619
301
88
683
391
662
293
249
112
387
954
21
943
752
727
691
19
382
287
732
557
735
75
23
983
155
218
297
346
771
694
80
69
587
623
705
410
350
794
610
430
213
169
366
312
56
443
135
30
376
647
64
561
999
96
195
675
4
906
948
1003
13
313
372
273
658
854
562
40
537
606
268
546
324
488
369
92
114
121
500
476
668
234
704
725
614
567
202
487
464
873
743
536
400
971
375
78
799
502
581
181
927
136
645
779
505
484
341
493
446
824
122
330
45
963
584
6
86
130
379
398
679
1
91
571
453
811
838
370
119
182
378
364
51
903
994
165
896
450
134
22
917
383
648
715
750
733
224
877
150
819
227
951
248
609
126
266
314
252
672
692
99
825
594
785
441
392
211
492
132
276
34
661
534
360
225
624
427
887
244
193
815
113
459
612
991
233
353
843
329
434
240
146
932
599
897
280
255
253
93
222
766
817
790
399
28
866
402
243
347
651
529
912
305
206
455
714
152
275
632
952
188
192
147
161
251
950
102
309
618
525
282
768
288
41
323
858
422
499
445
38
270
26
469
841
83
997
373
626
14
98
106
556
260
367
16
20
723
693
611
680
322
851
428
435
533
812
921
627
289
916
828
793
475
666
144
408
724
390
76
635
572
316
238
179
461
875
292
480
640
246
686
212
50
159
615
756
462
883
137
437
564
470
458
105
676
171
10
710
197
685
35
633
657
703
308
194
656
97
186
781
81
497
698
588
687
440
157
204
120
261
787
681
919
321
210
688
216
861
431
257
638
271
226
156
352
277
340
172
870
401
504
784
239
377
862
545
466
278
717
420
356
274
823
601
332
509
940
217
439
267
667
957
219
506
800
178
394
300
467
317
407
190
702
860
748
153
149
600
721
242
124
339
89
27
241
259
481
700
521
508
514
872
595
65
48
189
269
988
128
548
589
810
807
531
670
620
918
682
485
326
49
151
200
576
770
279
582
429
530
863
374
154
82
419
655
760
763
33
713
631
486
607
47
578
801
175
524
791
849
108
520
129
7
597
782
513
457
447
673
143
526
982
889
751
729
968
868
827
140
555
628
701
381
100
221
859
138
426
946
319
886
380
780
882
371
523
652
247
498
928
720
857
746
769
899
490
77
416
814
839
256
245
977
972
876
295
696
734
310
170
911
334
31
412
495
411
936
328
503
522
460
596
343
915
777
386
706
709
496
53
978
57
501
25
905
236
250
832
923
142
95
551
517
565
776
395
133
345
320
935
737
953
123
837
262
333
931
826
44
173
884
183
104
145
15
880
107
966
738
203
888
101
644
690
351
646
598
215
94
850
58
840
718
900
327
358
575
368
592
231
18
166
874
660
463
847
209
235
296
677
736
254
778
187
553
294
516
61
507
636
418
892
318
68
566
869
59
424
207
423
298
494
263
148
518
853
438
191
813
72
890
131
413
303
444
591
831
84
528
436
699
608
90
359
671
515
9
141
806
663
265
158
981
361
754
417
160
477
532
904
110
17
168
833
920
180
552
909
956
342
554
992
74
199
335
355
404
196
258
1000
198
821
109
116
232
185
759
650
639
678
325
642
290
924
808
415
590
856
712
403
139
63
264
474
66
393
783
71
846
286
802
111
362
5
205
0
708
465
214
674
43
731
79
881
728
871
722
272
894
478
580
549
103
