90
146
64
334
147
187
100
145
238
280
339
155
281
314
55
61
279
172
199
137
151
264
36
230
359
356
330
136
92
71
333
234
125
105
13
56
341
170
236
366
277
128
315
152
201
65
44
301
104
129
93
114
16
178
157
195
213
99
239
28
97
19
246
340
254
45
171
95
248
132
251
372
72
3
153
237
163
326
361
165
109
282
273
156
133
179
39
200
4
89
87
154
299
81
256
37
193
84
202
126
325
118
260
60
124
310
365
59
331
364
194
94
346
373
377
127
349
350
7
30
329
130
106
302
14
101
233
347
257
312
324
207
43
252
164
244
304
58
261
91
316
297
258
57
25
12
131
98
245
38
1
86
82
96
322
174
303
15
332
18
203
307
300
198
123
69
342
46
323
249
175
348
103
2
176
173
102
110
360
235
177
370
313
107
0
17
255
278
283
