0 91
0 559
0 645
0 714
0 750
0 759
0 773
91 47
91 75
91 142
91 146
91 163
91 188
91 191
91 194
91 201
91 231
91 257
91 263
91 281
91 294
91 313
91 349
91 351
91 391
91 409
91 413
91 446
91 484
91 513
91 524
91 536
91 569
91 593
91 594
91 703
91 751
91 817
91 826
91 878
559 102
559 141
559 188
559 492
559 557
559 616
559 645
559 676
559 750
559 759
645 13
645 16
645 49
645 119
645 157
645 270
645 292
645 384
645 427
645 443
645 484
645 486
645 492
645 594
645 609
645 721
645 740
645 745
645 768
645 795
645 819
645 843
645 853
645 874
645 895
714 92
714 368
714 759
750 22
750 45
750 97
750 194
750 205
750 267
750 380
750 402
750 492
750 524
750 556
750 562
750 634
750 639
750 698
759 14
759 37
759 97
759 102
759 119
759 187
759 224
759 245
759 507
759 554
759 557
759 600
759 676
759 691
759 735
759 754
759 760
759 817
773 13
773 16
773 39
773 54
773 94
773 97
773 115
773 119
773 130
773 141
773 157
773 164
773 165
773 185
773 205
773 206
773 213
773 238
773 271
773 292
773 297
773 351
773 368
773 424
773 515
773 531
773 546
773 560
773 562
773 569
773 584
773 603
773 632
773 685
773 703
773 726
773 751
773 796
773 829
773 840
773 846
773 854
773 878
47 218
47 880
47 404
47 244
47 463
47 662
47 708
47 102
47 127
47 145
47 248
47 285
47 288
47 349
47 432
47 511
47 588
47 592
47 689
75 173
142 820
142 37
142 141
142 292
142 428
142 573
142 182
142 833
142 110
142 119
142 471
142 621
146 200
146 665
146 156
146 123
146 141
146 764
146 710
146 292
146 673
146 205
146 293
146 500
146 642
163 28
163 905
163 680
163 545
163 531
163 164
163 291
163 320
163 515
163 447
163 175
163 270
163 305
163 367
163 422
163 461
163 634
163 662
163 744
163 829
163 878
163 895
163 900
188 39
188 178
188 32
188 617
188 550
188 860
188 429
188 594
188 141
188 710
188 605
188 518
188 757
188 85
188 297
188 580
188 185
188 206
188 269
188 307
188 313
188 457
188 483
188 525
188 533
188 562
188 625
188 633
188 638
188 758
188 803
188 866
191 608
191 849
191 43
191 312
191 383
191 866
191 885
194 267
194 58
194 492
201 536
201 32
201 257
201 376
201 53
201 703
201 102
201 169
201 184
201 245
201 286
201 378
201 574
201 668
201 683
201 687
201 754
201 779
231 210
231 25
231 55
231 370
231 460
231 549
231 812
231 881
231 891
257 178
257 295
257 420
257 523
257 720
257 7
257 37
257 45
257 268
257 350
257 368
257 398
257 434
257 556
257 638
257 703
263 536
263 157
263 703
263 483
263 847
263 432
263 62
263 179
281 49
281 106
281 617
281 824
281 448
281 97
281 383
281 634
281 792
294 523
294 274
294 801
294 368
294 703
294 292
294 97
294 252
294 173
294 751
294 83
294 338
294 453
294 562
313 860
313 123
313 489
313 478
313 182
313 181
313 244
313 560
313 458
313 307
313 337
313 431
313 533
349 71
349 564
349 507
349 102
349 288
349 259
349 343
349 427
349 561
349 587
349 643
349 651
349 674
349 883
351 112
351 9
351 16
351 130
351 164
351 271
351 438
351 515
351 531
351 726
391 594
391 423
391 298
391 807
409 530
409 550
409 395
409 320
409 305
409 517
409 878
409 54
409 252
409 510
413 512
413 192
413 521
413 448
413 156
413 526
413 749
413 141
413 710
413 666
413 822
413 292
413 599
413 33
413 115
413 131
413 225
413 249
413 272
413 369
413 384
413 400
413 458
413 488
413 500
413 624
413 681
413 688
413 704
413 713
413 751
413 775
413 777
413 866
413 870
413 874
413 876
413 900
446 869
446 552
446 102
446 532
484 176
484 218
484 37
484 632
484 97
484 145
484 241
484 317
484 479
484 493
484 587
484 607
484 662
484 694
484 811
484 839
484 867
513 218
513 385
513 20
513 421
513 505
513 195
513 638
513 661
513 705
513 731
513 801
513 861
524 692
524 46
524 202
524 243
524 367
524 465
524 469
524 547
524 723
524 866
536 1
536 26
536 97
536 235
536 404
536 432
536 458
536 483
536 683
536 687
536 703
536 708
536 860
593 6
593 72
593 143
593 402
593 321
593 631
593 886
594 12
594 186
594 213
594 234
594 297
594 356
594 372
594 418
594 423
594 482
594 486
594 686
594 709
594 757
594 799
594 801
594 853
594 854
594 867
594 881
703 176
703 380
703 671
703 501
703 26
703 44
703 114
703 269
703 306
703 318
703 321
703 334
703 338
703 363
703 432
703 449
703 504
703 580
703 610
703 632
703 638
703 683
703 751
703 817
703 900
751 178
751 420
751 523
751 730
751 550
751 398
751 605
751 666
751 368
751 175
751 297
751 673
751 837
751 608
751 212
751 849
751 371
751 412
751 479
751 244
751 679
751 866
751 255
751 73
751 87
751 93
751 109
751 125
751 165
751 206
751 211
751 287
751 319
751 485
751 491
751 534
751 562
751 619
751 755
751 903
817 176
817 178
817 665
817 734
817 550
817 680
817 676
817 764
817 501
817 632
817 878
817 297
817 677
817 43
817 97
817 102
817 189
817 228
817 237
817 238
817 268
817 285
817 323
817 338
817 371
817 392
817 394
817 400
817 412
817 431
817 434
817 479
817 511
817 534
817 560
817 562
817 626
817 686
817 786
817 854
826 730
826 820
826 654
826 393
878 39
878 380
878 617
878 28
878 112
878 905
878 72
878 435
878 545
878 123
878 531
878 164
878 320
878 424
878 175
878 275
878 305
878 54
878 94
878 217
878 245
878 362
878 373
878 562
878 634
878 679
878 709
878 731
878 775
878 829
878 895
102 869
102 692
102 251
102 483
102 646
102 269
102 758
102 259
102 343
102 458
102 595
141 39
141 380
141 752
141 72
141 123
141 46
141 48
141 73
141 96
141 115
141 125
141 152
141 164
141 165
141 181
141 217
141 226
141 252
141 271
141 276
141 292
141 297
141 305
141 368
141 443
141 464
141 471
141 479
141 483
141 486
141 518
141 541
141 547
141 660
141 667
141 801
141 816
141 828
141 867
492 402
492 267
492 829
492 378
492 390
557 368
557 735
557 288
557 394
557 554
557 684
616 676
616 374
616 735
616 289
676 11
676 14
676 187
676 123
676 338
676 560
676 580
676 735
13 157
13 17
13 123
13 395
13 456
13 531
13 764
13 836
16 545
16 474
16 531
16 66
16 130
16 164
16 271
16 291
16 302
16 320
16 322
16 345
16 396
16 398
16 424
16 438
16 515
16 571
16 710
16 880
49 218
49 3
49 94
49 205
49 327
49 380
49 388
49 393
49 426
49 560
49 617
49 696
49 716
49 730
49 774
49 824
49 827
49 836
119 173
119 300
119 691
157 579
157 4
157 86
157 112
157 135
157 165
157 217
157 252
157 270
157 328
157 344
157 435
157 454
157 537
157 560
157 562
157 598
157 629
157 653
157 684
157 722
157 840
157 854
157 867
157 905
270 28
270 537
270 135
270 844
270 164
270 51
270 54
270 113
270 162
270 275
270 305
270 362
270 415
270 517
270 699
270 700
270 727
270 739
270 781
270 829
270 841
270 895
270 900
292 218
292 512
292 665
292 331
292 682
292 538
292 749
292 836
292 396
292 571
292 250
292 553
292 678
292 843
292 666
292 518
292 29
292 97
292 98
292 115
292 173
292 179
292 213
292 219
292 255
292 283
292 356
292 364
292 383
292 400
292 428
292 431
292 455
292 471
292 500
292 508
292 520
292 541
292 558
292 562
292 599
292 602
292 608
292 609
292 660
292 673
292 679
292 681
292 688
292 722
292 742
292 775
292 782
292 850
292 862
292 868
292 874
384 710
384 556
384 34
384 93
384 165
384 205
384 814
384 847
384 889
384 900
427 136
427 743
443 30
443 278
443 197
443 217
443 321
443 795
443 800
486 482
486 757
486 881
486 708
486 854
486 408
486 347
486 125
486 150
486 190
486 583
486 821
609 178
609 710
609 29
609 83
609 151
609 159
609 213
609 500
609 673
609 775
721 512
721 155
721 42
721 283
721 462
721 868
721 874
721 876
740 358
740 324
740 161
745 156
745 636
745 678
745 861
745 234
745 361
745 546
745 323
745 862
745 872
768 274
768 785
768 867
768 336
768 648
768 165
768 694
768 791
795 321
795 800
795 842
795 565
795 813
795 830
819 818
819 730
819 824
819 174
819 327
819 560
819 842
843 863
843 380
843 236
843 19
843 42
843 145
843 208
843 323
843 634
853 332
853 496
874 65
874 526
874 880
874 678
874 265
874 666
874 115
874 638
874 42
874 383
874 400
874 431
874 471
874 776
874 904
895 905
895 844
895 395
895 447
895 305
895 517
895 829
895 205
895 51
895 54
895 113
895 415
895 699
895 700
895 744
895 162
895 165
895 186
895 252
895 255
895 516
895 566
895 709
895 722
895 727
895 787
92 618
92 394
92 554
368 178
368 37
368 860
368 123
368 404
368 26
368 29
368 43
368 95
368 297
368 406
368 541
368 562
368 638
368 660
368 696
368 854
368 871
368 892
22 136
22 358
22 640
22 743
22 778
45 698
45 74
45 99
45 735
45 742
97 37
97 692
97 846
97 632
97 115
97 38
97 54
97 241
97 283
97 286
97 343
97 371
97 375
97 416
97 479
97 485
97 488
97 494
97 507
97 525
97 683
97 684
97 803
97 902
205 611
205 459
205 297
205 165
205 215
205 307
205 400
205 634
205 685
205 687
267 30
267 639
267 813
267 876
380 3
380 106
380 6
380 72
380 94
380 175
380 321
380 344
380 388
380 560
380 611
380 617
380 634
380 680
380 716
380 730
380 738
380 774
380 792
380 820
380 824
380 829
402 420
402 6
402 321
402 525
402 774
556 690
556 29
556 96
556 416
556 582
556 867
562 178
562 523
562 550
562 398
562 297
562 673
562 713
562 392
562 412
562 321
562 560
562 854
562 87
562 93
562 238
562 610
562 686
562 736
634 106
634 611
634 617
634 824
634 112
634 905
634 175
634 560
634 774
634 173
634 854
634 171
634 422
639 509
639 563
639 56
639 356
639 46
639 76
639 202
639 662
639 697
698 23
698 35
698 769
14 11
14 187
14 481
14 618
37 818
37 8
37 35
37 217
37 371
37 406
37 541
37 582
37 638
37 783
37 803
187 11
187 224
187 481
187 554
187 743
224 869
224 735
224 240
224 330
245 176
245 860
245 429
245 749
245 320
245 710
245 605
245 447
245 692
245 541
245 677
245 241
245 375
245 422
245 423
245 434
245 507
245 602
245 619
245 683
245 732
245 803
245 866
507 483
507 656
507 43
507 140
507 479
507 88
507 169
507 173
507 343
507 527
507 542
507 552
507 651
507 663
507 793
507 799
507 810
507 883
507 888
507 894
554 288
554 394
554 684
691 735
691 264
691 503
735 481
735 74
735 149
735 240
735 264
735 312
735 772
754 605
754 646
754 638
754 733
754 434
760 240
39 1
39 123
39 180
39 213
39 412
39 564
39 673
39 675
54 385
54 905
54 844
54 827
54 305
54 517
54 803
54 829
54 51
54 113
54 132
54 147
54 162
54 252
54 415
54 699
54 700
54 727
54 744
54 781
94 218
94 579
94 797
94 611
94 617
94 824
94 112
94 175
94 171
94 560
115 154
115 682
115 135
115 156
115 396
115 880
115 678
115 265
115 666
115 33
115 131
115 225
115 323
115 355
115 369
115 488
115 620
115 624
115 775
130 474
130 66
130 164
130 271
130 309
130 424
130 438
130 515
130 726
130 744
130 827
164 28
164 112
164 531
164 66
164 175
164 291
164 309
164 356
164 424
164 515
164 646
164 726
164 803
165 297
165 428
165 667
165 321
165 854
165 336
165 684
165 840
165 603
165 307
185 435
185 856
185 522
185 647
206 178
206 395
206 515
206 827
206 275
206 803
206 252
206 722
206 362
206 451
206 841
213 178
213 266
213 377
213 550
213 860
213 448
213 764
213 396
213 299
213 673
213 419
213 479
213 533
213 560
213 679
213 681
213 695
213 775
213 816
213 854
238 123
238 518
238 297
238 673
238 412
238 625
238 686
271 474
271 395
271 531
271 96
271 108
271 217
271 275
271 291
271 309
271 322
271 356
271 424
271 827
297 178
297 29
297 83
297 268
297 304
297 307
297 321
297 338
297 422
297 483
297 560
297 673
297 758
424 28
424 377
424 545
424 291
424 345
424 73
424 126
424 255
424 305
424 356
424 373
424 422
424 461
424 571
424 641
424 827
424 887
515 28
515 531
515 305
515 726
531 844
531 726
531 736
546 567
546 155
546 156
546 526
546 636
546 401
546 250
546 678
546 608
546 704
546 63
546 361
546 355
546 620
546 711
546 872
546 876
560 385
560 388
560 611
560 617
560 550
560 404
560 182
560 392
560 479
560 525
560 244
560 588
560 426
560 336
560 338
560 431
560 454
560 738
560 774
560 796
560 859
584 863
584 489
584 244
584 394
584 494
584 902
584 528
584 650
603 636
603 305
603 517
603 641
603 220
632 28
632 129
632 288
632 338
632 426
632 755
685 112
685 66
685 644
685 73
685 220
685 336
685 339
726 66
726 438
726 21
726 173
726 309
726 659
726 666
726 827
796 123
796 656
796 847
796 494
796 431
796 706
829 218
829 579
829 598
829 752
829 344
829 481
829 618
829 66
829 291
829 320
829 175
829 305
829 517
829 46
829 442
829 252
829 362
829 566
829 629
829 635
829 657
829 727
829 781
840 716
840 489
840 758
840 511
840 129
840 854
840 775
840 284
840 561
840 755
840 800
846 176
846 26
846 189
846 633
846 650
846 715
846 851
846 856
854 72
854 832
854 801
854 482
854 262
854 667
854 696
854 458
854 125
854 150
854 158
854 220
854 372
854 466
854 583
854 613
854 642
854 648
854 718
854 736
854 807
1 36
1 122
1 176
1 178
1 200
1 218
1 256
1 295
1 346
1 420
1 512
1 523
1 579
1 665
1 717
1 720
1 797
1 863
1 869
1 897
36 20
36 33
36 67
36 103
36 104
36 121
36 151
36 253
36 341
36 403
36 420
36 437
36 495
36 498
36 505
36 512
36 605
36 608
36 612
36 652
36 667
36 701
36 705
36 713
36 849
36 864
36 897
122 7
122 46
122 58
122 68
122 95
122 172
122 197
122 202
122 210
122 278
122 304
122 310
122 324
122 344
122 377
122 386
122 563
122 614
122 618
122 628
122 896
176 18
176 44
176 129
176 181
176 209
176 241
176 244
176 268
176 326
176 375
176 389
176 392
176 404
176 429
176 450
176 494
176 587
176 592
176 633
176 665
176 856
176 871
178 69
178 106
178 151
178 256
178 268
178 295
178 350
178 396
178 420
178 431
178 434
178 479
178 512
178 523
178 550
178 665
178 673
178 709
178 720
178 764
178 797
178 869
178 889
200 688
218 46
218 99
218 203
218 223
218 312
218 356
218 385
218 396
218 421
218 442
218 463
218 464
218 479
218 493
218 505
218 525
218 544
218 552
218 608
218 611
218 661
218 689
218 692
218 730
218 774
218 781
218 827
218 849
218 866
218 869
256 38
256 151
256 277
256 420
256 605
256 692
256 755
256 797
256 869
256 889
295 7
295 67
295 151
295 160
295 211
295 268
295 411
295 420
295 434
295 512
295 523
295 720
295 797
295 861
295 869
295 889
295 897
346 184
346 244
346 375
420 79
420 123
420 268
420 272
420 350
420 398
420 512
420 523
420 665
420 673
420 720
420 797
420 818
420 849
420 861
420 869
420 889
420 897
512 5
512 42
512 63
512 67
512 131
512 151
512 155
512 215
512 225
512 236
512 250
512 323
512 331
512 347
512 383
512 400
512 428
512 436
512 488
512 520
512 543
512 624
512 665
512 679
512 682
512 749
512 775
512 776
512 782
512 797
512 835
512 861
512 869
512 870
512 876
523 307
523 398
523 637
523 673
523 797
579 86
579 112
579 362
579 537
579 576
579 598
579 629
579 752
665 166
665 272
665 673
665 713
665 720
665 861
665 869
665 897
717 273
720 7
720 211
720 268
720 350
720 797
720 869
720 889
797 151
797 339
797 343
797 350
797 483
797 608
797 636
797 646
797 818
797 889
863 107
863 356
863 494
863 630
863 650
863 684
863 902
869 148
869 180
869 330
869 434
869 542
869 618
869 649
869 861
869 894
897 20
897 67
897 100
897 101
897 121
897 128
897 151
897 265
897 272
897 299
897 357
897 376
897 377
897 491
897 505
897 567
897 604
897 605
897 667
897 731
897 757
897 784
897 798
897 831
897 832
897 835
20 421
20 505
20 605
20 661
20 801
33 156
33 250
33 605
33 646
33 131
33 152
33 225
33 437
33 478
33 504
33 704
33 731
67 731
67 151
67 498
103 880
103 251
103 504
103 731
103 269
103 128
103 667
104 620
104 642
121 880
121 801
121 504
121 731
121 128
121 253
121 458
121 495
121 544
121 667
121 849
151 832
151 605
151 861
151 38
151 272
151 788
151 835
151 849
151 904
253 605
253 731
253 128
253 137
253 341
253 681
341 731
341 272
341 416
403 832
403 280
403 731
403 667
437 152
437 225
437 321
437 504
437 662
437 667
437 708
437 731
495 376
495 447
495 731
495 128
495 544
495 667
495 701
495 864
498 832
498 661
498 731
505 60
505 377
505 421
505 356
505 504
505 661
505 672
505 861
605 832
605 710
605 357
605 423
605 458
605 544
605 646
605 713
605 731
605 757
605 758
605 801
605 903
608 636
608 265
608 42
608 110
608 173
608 323
608 620
608 670
608 681
608 705
608 731
608 814
608 866
608 885
612 823
612 731
612 195
612 667
612 755
652 701
667 377
667 861
667 731
667 134
667 195
667 648
667 755
701 880
705 385
705 152
705 731
705 356
705 620
713 331
713 377
713 710
713 262
713 428
713 673
713 383
713 465
713 718
849 43
849 317
849 356
849 442
849 469
849 542
849 552
864 376
864 128
864 544
123 72
123 29
123 96
123 179
123 182
123 286
123 479
123 518
123 660
123 758
123 816
180 29
180 232
180 233
180 255
180 500
180 649
412 550
412 860
412 673
412 166
412 454
412 683
564 388
564 174
564 651
673 550
673 764
673 447
673 35
673 580
673 116
673 125
673 166
673 222
673 383
673 400
673 417
673 465
673 479
673 588
673 625
673 626
673 660
673 686
675 422
675 631
675 722
7 31
7 210
7 260
7 377
7 550
7 614
7 628
7 669
7 671
7 680
7 832
7 896
46 860
46 509
46 900
46 479
46 433
46 442
46 662
46 708
46 758
46 847
58 260
58 475
58 769
58 202
58 367
58 386
58 591
68 28
68 690
68 896
68 216
68 363
68 386
68 475
68 591
68 604
68 689
68 769
68 785
68 867
95 860
95 509
95 525
95 211
95 596
172 473
172 549
197 278
197 321
197 565
197 800
202 278
202 173
202 857
210 55
210 117
210 167
210 230
210 237
210 239
210 306
210 310
210 318
210 344
210 370
210 377
210 445
210 541
210 549
210 550
210 575
210 614
210 669
210 680
210 802
210 837
278 30
304 832
304 692
304 837
304 458
304 610
304 148
304 422
304 725
310 344
310 550
310 614
310 618
310 837
324 170
324 183
324 550
324 860
324 358
324 697
324 161
324 240
324 480
344 69
344 129
344 182
344 228
344 237
344 244
344 261
344 377
344 511
344 550
344 591
344 628
344 668
344 669
344 680
344 727
344 765
344 787
344 837
344 879
377 31
377 100
377 125
377 137
377 237
377 280
377 383
377 473
377 482
377 571
377 614
377 628
377 669
377 680
386 260
386 628
563 509
563 637
563 662
563 697
614 550
614 59
614 193
614 628
614 669
614 671
614 680
614 741
614 772
614 837
618 575
618 628
618 896
618 216
618 230
618 240
618 363
618 452
618 591
618 604
618 651
618 837
618 879
628 550
628 575
628 230
628 549
628 690
628 837
628 879
628 896
896 550
896 575
896 690
896 216
896 230
896 261
896 837
896 867
896 879
18 429
18 404
44 429
44 318
44 114
44 317
44 470
44 683
129 404
129 511
129 785
129 70
181 38
181 337
181 405
181 622
181 711
209 871
209 244
209 848
209 173
209 786
209 312
241 429
241 320
241 483
241 646
241 317
241 758
241 145
241 248
241 432
241 592
241 689
241 186
241 866
241 493
241 607
241 199
241 561
241 589
241 806
241 811
241 839
244 860
244 429
244 404
244 392
244 871
244 479
244 525
244 228
244 338
244 533
244 848
244 856
244 859
268 320
268 692
268 138
268 483
268 758
268 87
268 307
268 416
268 434
326 746
375 429
375 404
375 525
375 285
375 785
389 459
392 429
392 38
392 48
392 228
392 334
392 387
392 525
392 684
392 771
392 811
404 72
404 429
404 285
404 288
404 338
404 449
404 485
404 502
404 525
404 591
404 662
404 708
404 758
429 12
429 27
429 38
429 85
429 228
429 285
429 320
429 483
429 502
429 587
429 592
429 758
429 771
450 848
494 630
494 169
494 503
494 528
494 650
494 856
587 801
587 317
587 145
587 288
587 592
587 689
587 493
587 589
587 806
587 811
592 173
592 493
592 561
592 811
633 35
633 38
633 73
633 177
633 285
633 321
633 334
633 485
633 588
633 595
633 651
633 851
633 857
856 489
856 650
856 753
871 216
871 38
871 733
871 400
871 548
871 851
106 9
106 171
106 175
106 426
106 611
106 617
106 774
106 824
106 834
350 887
350 677
350 285
350 144
350 619
350 211
350 343
350 485
350 469
350 894
396 385
396 266
396 156
396 401
396 272
396 299
396 383
396 476
396 479
396 500
396 520
396 571
396 581
396 602
396 681
396 708
396 725
396 739
396 742
396 758
396 775
396 862
396 880
431 212
431 783
431 479
431 432
431 511
431 588
431 866
431 785
431 314
431 775
431 419
434 832
434 447
434 692
434 677
434 646
434 731
434 285
434 458
434 610
434 619
434 211
434 343
434 455
434 469
479 385
479 72
479 235
479 203
479 43
479 140
479 356
479 96
479 442
479 525
479 552
479 621
550 87
550 216
550 237
550 269
550 454
550 483
550 656
550 669
550 671
550 680
550 709
550 722
709 357
764 456
688 192
688 236
688 266
688 521
688 543
688 682
688 801
688 666
688 518
688 606
688 173
688 293
688 500
688 215
688 707
99 757
99 34
99 239
99 182
99 638
99 901
203 27
203 407
203 459
203 514
223 509
312 772
312 454
312 284
356 385
356 905
356 827
356 152
356 43
356 88
356 246
356 442
356 477
356 532
356 552
356 744
356 774
356 882
385 3
385 72
385 96
385 120
385 173
385 174
385 421
385 426
385 448
385 496
385 617
385 680
385 696
385 716
385 730
385 734
385 824
385 859
421 195
421 661
421 823
421 884
442 477
442 737
463 900
463 127
463 848
464 32
464 290
464 802
464 677
464 34
464 306
464 354
464 96
464 145
464 173
464 212
464 242
464 318
464 319
464 370
464 406
464 497
464 549
464 613
464 623
464 662
464 708
464 763
464 767
464 783
464 828
464 833
464 891
493 689
493 211
493 561
493 607
493 811
525 617
525 669
525 395
525 482
525 182
525 43
525 315
525 334
525 458
525 502
525 588
525 689
525 758
525 771
544 731
544 128
552 140
552 542
552 208
552 535
552 883
552 888
611 3
611 173
611 260
611 320
611 426
611 617
611 680
611 758
611 774
611 787
611 824
661 823
661 861
689 317
689 145
689 591
689 687
689 811
692 615
692 537
692 671
692 832
692 320
692 571
692 23
692 447
692 125
692 145
692 148
692 211
692 251
692 285
692 343
692 363
692 400
692 460
692 488
692 500
692 580
692 586
692 610
692 619
692 631
692 646
692 677
692 683
692 731
692 837
692 900
730 3
730 327
730 393
730 426
730 680
730 716
730 792
730 824
730 827
730 836
774 617
774 824
774 447
774 321
774 311
774 738
774 834
774 870
781 827
781 305
781 517
781 51
781 113
781 415
781 699
781 700
781 744
781 766
827 734
827 551
827 448
827 474
827 844
827 66
827 291
827 302
827 322
827 438
827 120
827 173
827 659
827 696
827 736
827 803
866 758
866 458
866 57
866 779
866 87
866 148
866 184
866 289
866 772
38 887
38 483
38 478
38 182
38 56
38 111
38 357
38 733
38 815
277 370
277 803
755 832
755 801
755 648
755 583
211 235
211 580
211 269
211 371
211 708
211 758
211 458
211 286
211 390
211 485
211 723
861 832
861 794
861 42
861 128
861 195
861 272
861 423
861 504
861 590
861 731
861 782
861 799
861 831
861 835
79 398
272 156
272 880
272 428
272 63
272 83
272 399
272 410
272 476
272 500
272 581
272 602
272 770
272 777
398 196
398 680
398 716
398 207
398 305
398 360
398 677
398 724
398 757
818 152
818 742
818 870
5 60
5 154
5 192
5 236
5 266
5 331
5 521
5 543
5 567
5 682
42 65
42 553
42 265
42 666
42 822
42 283
42 540
63 543
63 567
63 155
63 678
63 52
63 173
63 361
63 369
63 462
63 488
131 225
131 355
155 615
155 543
155 567
155 682
155 10
155 135
155 214
155 250
155 361
155 436
155 462
155 526
155 538
155 540
155 599
155 649
155 678
155 748
155 766
155 876
215 543
215 488
215 868
225 567
225 156
225 152
225 488
225 704
225 876
236 154
236 192
236 100
236 135
236 186
236 266
236 309
236 543
236 567
236 682
236 804
250 543
250 65
250 156
250 436
250 636
250 401
250 19
250 265
250 361
250 364
250 383
250 488
250 553
250 620
250 624
250 649
250 678
250 704
250 707
250 822
250 876
323 571
323 710
323 265
323 900
323 488
323 581
323 98
323 449
323 491
323 681
323 775
323 777
331 105
331 299
331 320
331 488
331 642
331 678
331 710
331 805
347 84
347 881
347 125
347 648
383 543
383 156
383 749
383 710
383 880
383 265
383 822
383 679
383 400
383 491
383 500
383 681
383 776
400 749
400 571
400 880
400 678
400 265
400 666
400 234
400 361
400 98
400 364
400 681
400 775
428 615
428 553
428 678
428 29
428 113
428 219
428 364
428 471
428 658
428 782
428 850
428 868
436 543
436 10
436 65
436 397
436 496
436 526
436 636
436 678
436 876
488 526
488 784
488 749
488 678
488 265
488 666
488 518
488 599
488 649
488 520
488 109
488 476
488 491
488 624
488 660
488 681
488 739
488 748
520 448
520 599
520 100
520 638
520 255
520 558
520 624
520 687
520 775
520 862
543 154
543 192
543 266
543 10
543 65
543 265
543 274
543 361
543 526
543 567
543 636
543 678
543 682
543 876
624 682
624 448
624 156
624 710
624 361
624 876
624 249
624 707
624 775
679 734
679 680
679 784
679 836
679 399
679 491
679 696
682 154
682 192
682 521
682 567
682 364
682 540
682 571
682 678
682 876
749 615
749 12
749 179
749 265
749 299
749 320
749 491
749 656
749 666
749 681
749 739
749 775
749 836
775 448
775 156
775 710
775 299
775 518
775 599
775 573
775 638
775 876
775 867
775 249
775 500
775 695
775 862
775 870
776 836
776 625
776 805
776 361
776 399
776 382
776 798
782 471
782 777
782 658
835 832
835 731
870 276
870 399
876 156
876 526
876 636
876 401
876 678
876 599
876 361
876 462
876 105
876 476
307 483
307 693
307 321
307 758
26 35
26 107
26 138
26 235
26 290
26 452
26 509
26 802
235 757
235 56
235 189
235 338
235 580
432 501
432 390
432 457
458 836
458 801
458 251
458 887
458 646
458 140
458 426
458 50
458 334
458 449
458 697
458 793
458 810
483 320
483 35
483 34
483 198
483 683
483 706
483 758
683 501
683 126
683 580
683 371
683 114
683 286
683 390
683 687
683 758
683 882
687 265
687 580
687 708
687 847
687 145
687 88
708 265
708 182
708 662
708 145
860 8
860 161
860 509
86 4
86 19
86 537
86 566
86 576
86 598
86 905
112 4
112 73
112 135
112 175
112 255
112 320
112 395
112 447
112 537
112 576
112 744
112 752
112 905
362 537
362 598
362 752
362 905
362 803
362 657
537 4
537 28
537 175
537 207
537 305
537 328
537 339
537 447
537 468
537 517
537 566
537 629
537 653
537 752
537 803
537 905
576 4
576 566
576 598
576 653
576 752
576 905
598 4
598 21
629 905
752 4
752 653
752 566
166 779
273 2
273 32
273 55
273 74
273 239
273 306
273 354
273 555
273 573
273 693
273 814
273 828
339 320
339 447
339 175
343 259
343 894
636 10
636 65
636 156
636 274
636 526
636 476
636 678
636 766
636 784
636 868
646 32
646 832
646 198
646 485
646 500
646 504
646 631
646 903
152 128
152 504
152 731
742 710
742 638
742 98
742 500
742 670
742 816
107 35
107 114
107 769
630 23
630 902
148 779
148 772
148 228
148 378
148 890
542 43
542 82
542 88
542 316
542 532
542 590
542 621
542 651
542 707
542 810
542 883
542 888
649 521
649 526
649 29
649 78
649 332
894 595
100 567
100 31
101 25
101 482
101 757
265 567
265 571
265 710
265 678
265 21
265 41
265 52
265 283
265 500
265 558
265 666
265 719
265 887
299 710
299 19
299 29
299 500
299 722
357 815
376 15
376 620
376 704
376 731
376 855
491 571
491 798
567 154
567 192
567 156
567 369
567 620
567 678
567 710
604 230
604 769
604 787
731 823
731 504
757 794
757 25
757 125
757 418
757 423
757 799
757 821
757 855
757 900
784 10
784 135
784 500
784 678
784 816
784 880
832 137
832 286
832 447
832 482
832 801
832 873
2 32
32 34
32 74
32 124
32 279
32 290
32 306
32 354
32 374
32 555
32 573
32 656
32 677
32 828
32 892
34 71
34 167
34 182
34 242
34 269
34 318
34 370
34 406
34 519
34 656
34 763
34 767
34 833
34 900
74 671
124 802
124 221
290 117
290 239
290 381
290 445
290 549
290 613
290 802
290 808
290 891
306 677
306 549
354 40
354 319
354 573
354 693
354 892
374 239
374 296
573 40
573 693
656 671
656 794
656 844
656 501
656 710
656 305
656 177
656 198
656 207
656 217
656 237
656 255
656 423
656 469
656 572
656 595
656 602
656 686
656 733
656 805
656 858
656 884
677 31
677 763
677 783
677 828
677 833
828 575
828 239
828 40
828 892
892 239
892 693
55 260
55 575
55 680
55 230
55 226
55 475
55 769
239 802
239 445
239 549
239 712
693 40
3 388
3 529
3 615
3 617
3 820
3 824
388 120
388 617
388 680
388 836
388 900
529 379
529 516
529 617
529 824
615 186
615 423
615 602
615 844
617 171
617 175
617 426
617 447
617 734
617 824
820 327
824 171
824 174
824 311
824 320
824 327
824 379
824 426
824 496
824 568
824 664
824 716
327 738
393 696
426 734
426 680
426 758
426 96
426 120
426 568
426 696
696 734
696 736
716 734
716 12
716 722
836 734
836 680
836 508
9 174
9 448
171 379
171 792
175 28
175 135
175 447
175 73
175 162
175 251
175 252
175 305
175 308
175 342
175 379
175 744
175 803
175 841
6 60
6 72
6 143
6 170
6 183
6 435
6 530
6 551
72 96
72 110
72 144
72 217
72 255
72 423
72 456
72 727
72 794
321 509
321 739
321 800
680 734
680 31
680 669
680 671
680 237
792 551
96 541
96 182
96 217
96 625
96 805
96 660
96 816
120 734
173 156
173 322
173 136
173 640
173 138
173 317
173 511
173 81
173 460
173 651
173 761
173 809
448 599
496 332
496 868
859 533
900 60
900 710
900 580
516 643
516 663
260 475
260 591
260 671
260 769
320 139
320 237
320 251
320 447
320 710
320 758
758 802
758 85
758 167
787 841
186 60
186 794
186 456
186 53
186 801
186 640
186 269
186 519
186 217
186 169
186 177
186 361
186 631
186 686
423 125
423 583
602 266
602 710
602 880
602 581
602 300
602 399
602 465
602 770
602 777
844 12
844 207
844 305
844 756
844 803
844 805
447 286
447 631
447 753
4 28
4 653
4 905
28 126
28 135
28 275
28 305
28 461
28 517
653 64
653 133
653 328
653 468
653 566
653 657
905 64
905 220
905 301
905 468
905 635
905 803
126 545
126 345
126 373
126 461
126 641
126 803
135 10
135 162
135 255
135 258
135 305
135 332
135 727
135 739
135 744
135 766
275 258
275 577
275 702
275 805
275 841
305 395
305 51
305 73
305 113
305 162
305 252
305 415
305 517
305 699
305 700
305 727
305 744
461 545
461 345
461 597
461 641
517 51
517 73
517 699
517 700
517 727
517 744
517 805
19 154
19 53
19 553
19 678
566 506
73 803
73 336
73 722
255 541
255 217
255 162
255 727
255 93
255 227
255 686
395 162
395 252
395 258
395 291
395 449
395 744
395 841
744 51
744 113
744 415
744 699
744 700
744 147
744 162
744 252
744 727
217 794
217 456
217 518
217 541
217 833
217 40
217 110
217 252
252 291
252 803
252 113
252 727
252 841
328 468
454 371
454 574
454 179
454 851
722 469
867 690
867 666
867 642
207 62
207 619
468 64
21 506
21 666
21 822
21 875
64 133
133 591
220 301
220 635
60 10
60 27
60 170
60 625
60 644
60 805
154 192
154 266
154 521
154 553
154 868
192 156
192 521
192 777
266 401
266 476
266 526
266 581
521 65
521 274
521 526
521 777
10 65
10 274
10 526
10 538
10 545
10 728
27 85
27 459
170 161
170 183
170 358
170 842
625 132
625 444
625 610
625 644
625 786
625 805
625 865
644 551
644 132
644 727
644 444
644 786
644 805
644 865
805 526
805 538
805 541
805 132
805 169
805 258
805 300
805 422
805 444
805 619
805 865
156 620
156 666
156 707
156 766
777 880
309 545
309 66
309 438
309 51
309 659
401 15
401 204
401 340
401 361
401 590
401 620
401 872
476 526
476 581
526 274
526 78
526 332
526 681
581 710
581 880
581 83
581 500
642 690
642 662
642 847
642 145
642 511
642 416
642 158
642 407
642 658
642 739
642 793
678 65
678 283
678 361
678 462
678 590
678 666
678 816
710 571
710 52
710 83
710 300
710 500
710 666
710 887
65 78
65 274
65 283
65 332
65 666
65 822
274 31
274 78
274 332
274 801
361 538
361 444
361 748
361 904
620 704
620 872
364 471
540 538
540 822
540 599
571 538
571 168
571 666
571 880
143 30
143 800
183 136
183 322
183 358
183 480
183 640
530 258
530 444
530 551
551 258
551 475
551 577
551 816
110 98
110 227
144 439
456 17
456 465
727 415
727 700
727 162
794 12
794 190
794 227
794 465
794 807
800 813
800 842
358 136
358 81
358 480
358 640
358 778
842 565
842 813
136 81
136 480
136 640
136 743
136 778
322 474
322 302
480 640
480 778
640 81
640 778
258 219
258 342
258 451
444 575
444 474
444 302
444 865
444 577
475 671
475 204
475 767
475 247
475 570
475 591
475 769
577 308
577 342
816 880
816 159
816 233
816 500
631 610
631 116
631 243
631 465
631 886
886 243
31 204
31 216
31 230
31 280
31 473
31 837
669 671
669 771
669 837
671 261
671 769
204 473
204 590
204 591
204 770
216 575
216 59
216 837
216 879
230 196
230 575
230 690
230 452
230 769
230 837
230 879
280 473
473 348
473 363
473 549
473 595
473 741
837 575
837 87
837 638
837 879
117 242
117 767
117 783
117 360
167 575
167 242
167 549
167 638
167 712
167 783
167 833
237 169
318 575
318 114
318 353
318 365
318 370
318 472
318 833
370 613
370 812
445 575
445 549
445 712
445 747
445 783
445 891
541 518
541 29
541 276
541 660
549 575
549 802
549 497
549 833
549 59
549 348
549 363
549 441
549 741
549 808
575 261
575 325
802 182
802 226
802 655
802 662
802 783
591 66
591 247
591 363
591 785
769 261
182 478
182 287
182 338
182 548
182 747
228 248
228 588
228 885
228 338
228 533
511 248
511 485
125 372
125 583
125 601
125 799
125 903
482 25
482 150
482 190
482 222
482 340
482 466
482 583
482 718
482 821
87 198
87 610
87 619
269 111
269 226
269 338
269 371
269 449
269 595
325 877
59 177
59 193
59 574
59 762
59 772
193 246
193 882
741 363
741 348
772 779
772 80
772 811
772 851
690 416
690 790
771 780
416 329
286 887
286 815
286 858
801 52
801 449
801 504
801 518
873 70
35 489
371 586
371 595
371 901
406 613
406 763
406 783
406 891
783 763
783 319
783 891
783 901
509 76
509 697
509 884
438 641
599 29
599 695
538 500
538 518
545 345
545 373
545 641
78 408
283 822
283 462
666 500
666 822
666 862
162 887
162 336
162 739
739 880
739 887
739 558
739 500
748 300
707 293
707 153
707 590
707 410
681 98
500 518
500 179
500 417
518 24
518 179
518 660
345 373
345 641
641 499
641 208
641 308
880 98
11 474
11 481
474 535
474 659
474 736
743 240
743 578
535 140
659 302
736 302
338 145
338 534
338 548
338 570
85 285
85 314
85 478
85 733
285 887
285 407
285 588
234 29
234 504
372 601
372 807
418 872
686 465
799 466
799 627
799 718
881 25
881 466
179 660
179 390
179 417
807 648
807 583
807 601
807 359
807 718
84 648
648 89
29 262
29 887
660 417
660 862
226 212
226 763
226 767
226 118
226 472
226 655
276 98
471 219
471 658
471 850
547 367
547 522
547 647
449 221
449 891
841 208
508 298
240 697
240 578
363 348
651 140
651 289
651 469
15 501
501 425
501 534
501 729
704 504
704 872
340 466
340 872
590 153
590 159
872 711
872 414
66 147
251 336
725 610
360 242
360 353
724 460
422 132
422 865
422 610
422 619
887 558
83 262
300 399
300 770
98 904
288 485
288 785
485 785
485 570
662 56
662 222
662 145
662 469
662 901
145 317
145 387
145 588
145 589
145 811
195 823
884 76
884 487
903 583
903 399
41 222
558 93
719 410
778 81
778 813
23 489
753 334
460 613
610 198
610 382
610 619
619 132
619 890
24 606
812 242
812 613
891 613
150 430
466 627
583 789
718 359
821 414
138 838
114 353
114 472
114 808
114 898
381 497
381 767
381 898
381 289
808 242
808 353
808 365
808 118
808 898
43 140
43 888
76 697
76 845
334 248
334 848
334 694
655 212
655 289
851 574
851 732
851 882
851 284
459 407
478 337
785 441
785 589
367 647
308 342
308 510
342 451
342 510
336 825
51 113
51 415
51 699
51 700
113 415
113 699
113 700
415 699
415 700
699 700
850 658
417 390
588 490
770 399
770 410
595 457
763 212
763 767
763 893
833 242
833 118
833 898
833 901
242 118
242 898
242 901
767 212
767 497
767 289
533 248
533 387
378 779
378 390
574 732
779 882
212 353
212 497
497 57
497 289
706 433
706 440
177 352
177 762
469 847
469 585
572 335
858 852
355 333
337 405
337 711
885 111
901 353
548 848
353 118
353 365
118 472
118 365
898 365
732 282
732 284
732 882
93 109
93 229
786 132
788 815
317 589
317 780
317 806
317 811
621 532
607 70
607 839
811 561
811 806
839 589
839 806
839 561
839 487
487 243
405 711
622 77
387 248
419 723
140 88
140 527
140 810
888 527
888 532
888 883
810 793
246 254
82 643
848 50
780 561
780 539
806 199
264 90
264 503
723 899
399 293
399 410
132 865
865 61
761 282
761 284
158 303
825 499
453 229
890 282
199 467
282 366
