234
112
181
323
243
10
211
268
9
47
233
311
238
270
222
214
93
77
232
254
169
118
305
242
161
134
183
137
53
317
89
247
4
297
229
205
135
111
193
19
71
275
88
86
124
155
269
34
310
282
280
165
60
39
250
215
260
164
17
253
276
140
2
51
23
190
58
261
216
102
245
308
120
171
113
85
237
127
16
178
202
84
69
203
109
18
206
148
37
184
196
95
180
156
172
195
168
319
62
283
81
122
271
150
167
325
287
189
166
235
160
273
318
236
228
123
149
218
185
96
290
91
223
175
114
300
147
7
64
267
151
221
141
285
210
208
63
38
191
303
304
132
198
265
6
277
154
176
186
257
226
230
255
153
284
251
0
98
246
116
97
281
244
