266
7
28
275
246
21
138
1
6
170
75
47
296
76
244
136
90
41
204
67
302
323
99
271
300
91
256
235
55
249
305
73
135
265
218
297
183
278
104
134
158
177
20
30
77
191
159
220
185
263
173
34
119
280
40
230
315
283
8
71
269
239
211
35
314
205
184
3
121
25
130
285
146
318
29
207
4
12
250
117
72
199
317
44
272
15
19
294
219
298
24
5
165
107
226
162
259
74
181
227
2
110
260
301
9
115
42
132
33
293
212
190
150
326
79
131
27
182
85
243
292
54
176
324
0
197
167
217
56
137
108
111
98
112
288
22
143
95
316
262
105
232
209
116
274
279
268
308
126
93
142
236
161
38
50
64
248
277
174
52
63
83
198
