556
328
22
33
961
1020
3
100
68
451
783
425
100
908
839
1014
1129
1020
68
1038
769
328
165
150
1020
525
109
128
22
223
223
587
908
14
620
22
150
874
1020
48
382
1018
272
1047
839
810
860
457
100
954
453
627
270
123
306
755
694
671
990
306
1123
860
159
910
179
1123
896
990
834
1108
22
518
587
908
631
67
379
165
1038
22
270
569
14
990
398
164
896
990
499
752
1014
1014
511
167
1020
751
990
68
177
961
839
150
406
207
319
547
223
156
625
935
863
547
226
382
398
68
686
909
95
979
1061
306
499
950
1129
547
407
964
159
1020
755
306
842
502
701
874
109
160
964
1129
310
306
22
315
587
740
438
671
297
254
306
118
207
908
306
22
1020
404
965
1014
44
499
493
796
659
553
640
499
306
842
306
1063
606
154
1033
779
756
686
255
1038
547
964
144
1070
713
145
866
499
502
100
1050
453
879
964
641
339
641
354
99
553
525
306
306
1075
201
26
16
22
756
1038
493
68
584
659
306
755
1078
837
22
701
699
612
159
860
909
908
596
109
860
516
909
68
553
291
908
354
453
306
807
1129
547
990
764
755
837
160
408
499
306
179
919
857
64
164
511
1038
453
150
100
306
756
740
758
123
1123
144
631
72
1020
319
22
15
896
100
379
618
547
769
596
1018
201
339
908
123
499
179
1015
1014
226
502
379
33
1064
879
377
860
740
159
165
837
17
453
1129
873
399
15
686
358
68
291
569
740
382
319
123
828
118
986
64
596
72
533
226
860
1129
553
1014
149
404
128
493
724
837
499
1063
80
623
547
226
123
72
866
1129
1123
306
941
499
990
769
262
908
509
394
553
339
746
964
1014
68
1050
837
459
1123
855
810
324
499
530
502
1021
773
72
22
1014
141
756
556
990
486
358
896
698
1020
553
453
837
99
740
242
756
1038
1018
226
713
837
791
1063
502
755
146
1018
426
584
756
769
1075
740
896
306
22
857
596
387
447
22
837
502
1020
502
310
553
51
201
758
130
879
117
99
530
839
379
270
74
896
873
457
160
857
525
319
150
22
123
1050
144
536
857
736
620
975
758
100
1038
306
908
179
519
1022
857
431
422
935
33
64
935
610
756
22
740
608
756
502
1063
874
150
1021
1050
453
493
315
68
493
975
123
453
803
1021
896
461
758
866
631
1063
502
643
152
631
123
328
306
1123
306
131
1018
324
499
964
863
72
457
159
857
447
990
860
990
1033
457
659
1014
1020
986
1131
623
866
408
860
99
499
502
965
1050
860
100
769
303
569
908
908
866
499
908
226
123
671
266
755
620
1118
68
839
262
72
291
431
826
659
150
839
242
631
502
769
502
879
22
