701
881
146
725
584
97
424
42
1073
757
214
959
619
0
617
190
155
77
814
1077
948
591
277
736
563
765
868
639
953
416
462
114
313
231
420
494
467
791
816
1050
511
197
754
116
451
572
811
838
535
986
121
58
370
96
236
632
820
1032
164
165
721
24
186
409
769
642
41
1116
961
529
465
123
994
184
731
386
896
223
564
772
760
288
797
418
150
704
680
792
606
808
1118
344
912
194
943
95
785
1071
1088
232
689
1082
864
408
727
640
834
495
464
196
580
276
180
516
334
626
459
592
403
1013
367
356
1043
993
273
501
275
395
340
44
326
1058
106
68
992
900
787
372
170
1026
826
603
637
317
452
737
813
774
664
648
793
547
363
698
713
818
469
1045
1033
479
865
482
635
894
602
821
333
112
975
473
296
668
779
138
710
309
476
1029
659
607
82
433
444
608
148
845
873
843
860
353
543
924
1021
1047
14
393
662
923
1010
89
72
1089
802
263
61
254
1023
373
157
478
1068
1052
248
1063
279
240
233
15
350
951
593
740
832
914
524
963
1102
758
803
973
192
892
259
778
957
558
672
985
426
862
398
394
965
1079
987
78
1130
65
850
204
921
460
628
435
752
156
508
906
480
397
819
955
1095
292
691
1060
404
498
988
193
925
800
649
830
81
270
109
298
293
471
149
995
931
822
1012
983
94
996
143
2
371
1114
202
122
506
789
599
361
703
188
878
496
673
328
388
179
1107
549
108
73
782
1132
784
636
681
83
261
59
999
390
728
159
677
491
839
253
318
1111
265
898
438
551
968
99
174
729
970
942
1097
1004
169
134
621
655
229
274
724
36
389
686
118
919
1120
540
515
417
257
1091
759
126
1054
1002
144
589
976
357
1110
666
299
634
431
316
1017
753
56
1051
29
885
675
600
901
17
100
939
783
893
738
228
117
917
79
911
699
857
890
242
368
532
598
105
913
866
525
379
828
972
1128
60
644
945
667
522
50
610
559
348
507
1123
879
237
405
51
407
581
679
1085
734
266
1046
378
75
362
222
119
623
616
938
909
851
645
694
807
643
256
1119
503
991
38
308
1101
837
1014
358
595
670
133
870
110
339
177
1122
1080
978
1121
40
290
747
63
16
5
171
1027
867
764
647
337
733
421
1036
1057
660
929
888
744
87
1056
658
958
895
466
585
278
836
554
1001
413
141
22
1076
175
151
732
76
287
139
1
342
314
268
349
448
688
492
262
69
872
1016
1125
812
750
1040
809
902
484
631
1015
997
971
1069
200
927
336
86
332
574
940
238
891
944
447
633
1074
926
933
183
1078
489
831
875
39
132
538
1112
849
1019
374
487
302
596
612
10
1098
799
502
962
264
788
285
269
1031
505
908
80
840
844
771
575
243
1099
806
641
1003
446
614
490
1035
910
341
967
1131
526
9
289
886
474
527
488
224
291
756
37
1055
187
630
746
702
33
162
611
210
952
613
470
520
934
375
406
651
882
101
1109
903
419
762
172
1072
392
723
306
329
455
841
305
3
331
84
863
687
935
950
1075
383
1117
899
345
509
1018
481
817
583
1127
922
1049
604
98
343
410
720
533
45
683
4
249
384
461
715
31
536
586
573
250
20
456
904
453
712
798
477
578
1083
835
111
282
140
652
871
198
576
364
859
531
241
697
512
1105
360
323
690
678
402
745
267
544
338
801
829
700
941
842
1065
124
730
216
671
280
32
755
120
483
510
946
46
555
1061
163
514
1038
303
25
579
624
300
161
519
425
669
463
618
26
541
136
500
71
682
62
954
981
48
64
846
380
246
272
330
794
91
1009
766
255
735
1124
1048
127
271
325
260
990
432
19
810
947
304
1042
936
499
743
977
11
852
964
53
12
570
1090
486
1024
215
693
209
135
761
354
790
493
587
615
449
569
557
653
205
324
47
411
457
125
311
472
706
320
8
627
1081
883
663
153
767
199
1129
294
553
571
441
366
707
145
230
714
887
805
213
185
401
142
400
1064
54
443
387
178
23
696
1094
415
622
684
319
49
176
918
430
55
412
905
796
1103
28
218
989
351
251
399
335
297
497
189
562
152
92
1096
428
1100
439
85
382
166
1028
423
70
770
182
1067
650
657
219
1084
102
979
695
876
1007
920
90
1005
561
181
422
1113
504
609
1086
776
158
546
258
742
