246
148
79
240
213
182
362
36
129
293
206
306
374
80
377
178
50
253
368
292
57
378
198
96
35
130
119
68
180
230
71
207
209
76
45
108
169
284
72
321
204
21
24
25
53
49
244
30
95
97
302
177
26
34
268
8
218
31
118
241
73
46
322
42
225
274
22
117
233
242
211
269
70
9
311
286
175
92
275
138
66
208
347
15
201
10
199
59
297
167
221
48
67
44
75
58
271
260
212
98
256
116
16
160
94
348
176
78
219
40
39
265
121
132
74
257
3
33
168
52
349
238
370
247
369
112
149
287
248
222
231
150
307
172
202
363
327
69
140
4
200
328
51
20
350
23
210
17
376
223
159
267
258
224
261
152
270
77
153
336
82
276
166
335
239
41
14
120
375
47
29
229
173
343
181
133
214
325
203
235
232
245
205
243
38
32
228
139
122
