59
215
86
200
137
5
233
111
219
364
125
258
352
355
237
3
82
216
351
201
43
107
323
185
303
206
228
57
87
51
34
235
309
300
31
273
128
278
342
7
170
134
345
308
26
325
301
217
246
277
291
35
374
153
218
103
114
259
24
178
81
177
187
341
371
30
288
20
260
188
62
254
155
75
190
304
152
83
132
173
353
127
104
313
340
91
220
376
332
365
172
326
330
112
232
23
316
358
298
191
356
322
331
251
123
174
203
41
312
135
17
64
253
32
375
124
199
255
192
176
333
184
133
63
252
37
0
283
198
264
33
39
90
139
94
38
105
46
315
84
131
18
339
186
61
136
52
346
282
234
297
21
12
249
314
179
290
106
289
50
29
130
14
334
307
27
230
202
129
189
324
169
19
49
36
16
22
183
257
296
207
344
245
113
244
363
156
263
354
336
15
231
205
157
89
28
25
281
262
4
168
366
85
343
171
329
299
13
154
58
175
311
267
126
65
108
238
367
239
256
88
45
44
261
6
357
236
