0 18
0 22
0 25
0 32
1 11
1 13
1 19
1 22
1 25
1 27
2 14
2 21
2 22
2 25
3 5
3 8
3 11
3 15
3 18
3 21
3 22
3 25
4 11
4 22
4 25
5 8
5 11
5 15
5 18
5 21
5 22
5 25
6 31
6 35
6 36
7 10
7 11
7 34
8 11
8 15
8 18
8 21
8 22
8 25
9 11
9 22
9 25
9 27
10 16
10 29
10 30
10 31
10 33
11 15
11 18
11 21
11 22
11 25
11 27
12 23
13 19
14 21
14 22
14 25
15 18
15 21
15 22
15 25
16 29
16 33
17 31
17 35
18 21
18 22
18 25
18 32
20 23
20 30
21 22
21 25
22 24
22 25
22 27
22 28
22 32
23 30
24 25
24 28
25 27
25 28
25 32
26 31
29 33
31 34
31 35
31 36
35 36
