113
317
8
201
272
119
197
263
199
178
309
116
267
69
206
196
114
108
157
49
298
144
229
170
181
173
203
293
248
11
15
240
256
46
306
251
99
315
85
168
300
134
313
221
305
146
169
97
58
261
208
322
89
30
140
245
152
285
223
154
255
96
9
236
14
127
118
48
25
147
34
269
281
82
220
156
239
299
12
50
100
234
57
266
188
257
226
190
318
198
106
3
40
302
77
270
275
247
159
214
74
230
294
31
67
86
171
185
148
179
321
233
192
2
36
37
174
209
126
18
314
217
242
70
284
21
117
122
246
202
88
52
17
81
177
75
296
42
59
19
102
303
141
213
101
324
139
172
131
124
68
41
158
121
22
54
45
111
167
128
264
189
43
