36
263
19
351
231
187
81
232
373
23
238
295
73
41
217
44
98
152
305
298
202
153
290
267
299
95
104
25
209
93
301
20
50
18
43
239
333
60
286
199
337
302
354
362
85
7
121
86
70
194
249
45
26
370
84
151
112
236
94
234
330
0
271
40
348
8
262
253
24
258
377
310
110
61
69
15
168
109
256
80
273
306
260
107
319
140
247
51
62
56
320
314
327
175
130
78
311
355
188
14
321
67
97
66
240
82
118
22
132
106
87
166
12
270
237
131
39
219
350
230
287
11
372
129
144
75
307
242
312
16
176
88
10
72
71
316
120
21
3
124
323
371
245
244
122
186
366
213
165
246
235
313
297
203
365
233
207
265
79
226
220
74
347
100
83
198
13
284
46
123
63
329
103
55
9
76
378
64
180
243
135
134
241
49
266
77
27
4
133
