158
439
486
605
945
769
105
823
689
875
726
587
315
552
429
474
102
405
181
616
653
576
180
81
826
71
327
443
348
914
973
562
436
224
27
992
200
586
835
230
272
248
247
282
815
283
446
636
355
503
710
795
872
504
806
50
910
885
556
462
754
51
402
273
781
14
44
345
658
304
241
746
322
421
774
969
891
478
302
69
498
913
4
356
274
383
70
521
738
406
634
931
844
376
460
501
483
5
432
989
398
343
26
167
856
216
28
133
888
162
24
621
980
43
387
441
349
756
523
16
979
198
161
370
236
169
214
403
347
662
538
472
229
792
833
148
829
701
108
652
232
682
38
534
8
963
413
559
635
458
235
917
146
308
426
690
716
751
577
536
99
819
25
227
35
884
986
623
563
727
611
188
477
142
950
790
333
818
470
664
764
847
846
909
976
259
628
680
958
91
731
316
520
87
366
47
237
34
706
747
30
106
222
698
484
824
116
974
101
293
331
851
77
644
68
509
648
377
737
19
685
659
48
995
591
745
245
677
892
687
414
853
584
800
309
694
238
638
93
748
625
589
3
226
603
655
244
676
606
656
374
482
195
257
794
966
55
455
592
103
219
550
850
802
178
572
554
918
378
326
177
140
23
487
532
275
522
670
614
527
952
450
171
371
763
132
632
886
287
615
67
445
505
298
324
971
955
285
53
20
242
246
895
707
412
618
629
160
473
369
31
419
711
993
37
796
205
243
344
626
842
323
184
506
137
393
775
962
401
967
894
490
543
561
651
397
139
665
49
602
204
645
231
112
166
978
335
206
466
530
408
220
2
491
518
297
581
6
221
502
640
471
526
292
32
1001
699
18
201
500
86
182
816
704
123
111
862
897
336
459
808
675
145
11
733
722
742
197
944
933
681
90
199
352
382
157
513
211
42
788
529
364
193
423
481
267
189
508
190
328
114
923
724
633
365
866
714
277
305
760
375
575
447
717
934
860
110
196
755
400
617
261
573
730
921
373
928
59
386
76
74
691
639
919
593
147
908
46
514
317
854
357
932
525
92
821
170
109
817
916
435
692
568
300
233
203
949
728
700
278
379
125
693
937
1
743
330
266
223
384
194
437
999
507
126
863
144
239
558
465
779
827
321
62
176
301
440
359
337
339
36
250
600
991
425
533
994
531
770
361
869
52
13
715
657
528
642
143
683
870
1003
153
787
566
303
288
260
861
767
807
85
312
915
424
541
12
296
965
812
1002
164
58
449
410
240
940
663
494
624
263
334
83
21
585
517
155
456
284
444
192
168
115
546
725
637
678
475
580
778
784
654
671
750
840
82
718
590
845
783
149
759
643
438
889
358
512
117
100
649
488
307
121
510
734
60
165
225
610
569
497
340
492
363
553
212
548
368
131
186
489
294
208
80
119
545
793
867
395
832
389
380
873
128
290
907
597
555
596
660
88
570
811
582
535
271
752
476
135
228
338
485
134
54
33
905
766
372
418
75
311
159
183
595
420
202
65
252
797
740
975
385
10
877
813
310
422
56
757
935
765
172
138
879
17
970
708
318
457
831
496
719
39
399
407
453
930
901
542
256
351
174
124
641
785
598
7
15
9
679
608
29
118
801
843
97
622
524
0
739
469
564
723
411
948
776
922
173
996
673
73
650
66
417
686
276
782
887
234
799
84
780
254
709
609
480
346
264
404
409
107
956
262
855
912
72
828
924
984
604
213
270
362
859
258
61
45
479
57
688
499
515
758
981
104
540
852
537
396
814
434
152
163
810
295
151
63
565
838
94
381
187
354
129
729
390
927
217
583
902
882
777
868
712
89
464
516
291
741
830
647
130
964
560
