462
269
370
340
252
120
943
498
437
276
752
184
286
525
15
609
846
623
682
841
717
112
351
392
504
582
401
564
44
224
587
167
748
464
335
28
606
561
271
147
195
152
153
171
993
272
222
679
839
72
5
927
490
474
828
233
20
299
899
145
631
466
591
577
27
458
694
106
495
375
161
728
247
516
196
545
904
588
395
22
636
635
590
578
126
141
652
175
676
427
581
264
18
103
503
446
470
215
165
662
31
426
459
832
660
248
768
64
312
84
89
260
596
436
319
461
399
24
237
267
492
533
404
776
740
91
241
499
98
409
655
78
384
50
183
223
143
407
129
683
261
383
372
244
607
293
751
373
187
583
270
266
246
230
500
346
875
787
277
821
303
453
612
475
978
491
703
618
501
168
548
592
402
95
178
840
305
711
505
531
518
903
119
17
358
553
513
669
149
403
815
465
221
360
429
341
227
371
14
90
552
190
97
822
760
243
722
647
477
510
318
576
19
718
58
567
493
343
508
905
197
394
680
369
140
25
146
628
279
352
734
417
862
509
485
674
361
431
88
526
806
555
101
608
646
468
779
41
362
333
194
300
629
562
4
40
469
63
225
350
563
565
295
189
393
731
76
517
666
10
502
43
391
873
471
507
79
537
218
13
733
23
633
217
125
315
825
236
658
710
870
268
771
712
638
416
420
1
256
866
675
