0 348
0 368
0 479
0 624
0 678
348 5
348 59
348 105
348 121
348 140
348 175
348 185
348 326
348 448
348 453
348 479
348 487
348 546
368 17
368 88
368 126
368 129
368 132
368 146
368 195
368 209
368 261
368 287
368 289
368 324
368 326
368 365
368 380
368 460
368 469
368 478
368 526
368 527
368 553
368 556
368 585
368 654
479 29
479 80
479 85
479 105
479 138
479 174
479 175
479 194
479 197
479 198
479 225
479 336
479 357
479 388
479 440
479 454
479 456
479 540
479 580
479 585
479 650
624 138
624 194
624 242
624 365
624 528
624 585
678 121
678 388
678 465
678 585
678 599
5 87
5 265
5 453
5 477
59 594
59 243
59 564
59 453
59 555
59 29
59 217
59 399
59 465
59 503
59 517
59 613
105 597
105 134
105 167
105 198
105 201
105 243
105 535
105 500
105 175
105 73
105 328
105 650
105 602
105 197
105 599
105 440
105 405
105 613
105 222
105 338
105 463
121 597
121 198
121 243
121 272
121 328
121 581
121 650
121 197
121 465
121 487
121 546
121 353
121 225
140 378
140 446
140 233
140 243
140 269
140 7
140 40
140 63
140 80
140 32
140 88
140 102
140 113
140 159
140 174
140 184
140 239
140 328
140 351
140 441
140 444
140 603
175 597
175 195
175 357
175 29
175 85
175 194
175 197
175 328
175 353
175 365
175 386
175 435
175 438
175 445
175 456
175 573
175 575
175 581
175 626
175 639
175 655
185 87
326 195
326 585
326 150
326 87
326 265
326 453
326 677
326 642
326 29
326 85
326 210
326 95
326 129
326 225
326 282
326 332
326 363
326 423
326 487
326 573
326 641
448 453
448 328
448 517
448 197
448 225
448 580
448 613
453 322
453 597
453 87
453 265
453 51
453 95
453 138
453 194
453 222
453 477
453 487
453 613
453 650
487 87
487 95
487 222
546 87
546 95
546 225
17 601
17 216
88 315
88 556
88 195
88 12
88 555
88 62
88 126
88 132
88 282
88 289
88 433
88 497
88 575
88 651
126 556
126 195
126 255
126 149
126 270
126 460
126 534
129 585
129 191
129 474
129 643
129 653
129 579
129 283
129 352
129 365
129 381
129 406
132 73
132 380
132 651
146 234
146 322
146 533
146 597
146 20
146 127
146 230
146 216
146 86
146 116
146 247
146 261
146 319
146 345
146 436
146 447
146 661
195 563
195 3
195 199
195 297
195 320
195 336
195 367
195 382
195 385
195 490
195 518
195 521
195 525
195 541
195 613
209 287
209 570
209 2
209 53
209 71
209 103
209 150
209 197
209 293
209 315
209 316
209 324
209 419
209 446
209 496
209 501
209 526
209 555
209 585
209 588
209 601
209 623
261 392
261 401
261 437
261 151
261 22
261 149
261 163
261 250
261 276
261 411
261 447
261 557
261 575
261 654
287 1
287 2
287 18
287 53
287 97
287 103
287 145
287 150
287 171
287 191
287 197
287 204
287 214
287 239
287 263
287 293
287 315
287 378
287 381
287 427
287 439
287 450
287 503
287 504
287 533
287 549
287 631
287 644
289 556
289 372
289 380
324 315
324 378
324 510
324 601
324 631
324 4
324 16
324 50
324 149
324 217
324 228
324 239
324 308
324 410
324 469
324 470
324 545
324 588
365 315
365 601
365 585
365 71
365 136
365 149
365 92
365 274
365 180
365 363
365 527
380 230
380 460
380 224
380 372
460 216
460 68
460 309
460 352
460 651
469 564
469 159
469 297
469 526
469 214
469 193
478 2
478 53
478 378
478 446
478 56
478 89
478 150
478 193
478 270
478 312
478 524
478 551
478 563
478 585
478 607
478 648
526 134
526 169
526 186
526 190
526 564
527 637
527 149
527 270
527 532
527 314
527 508
527 352
527 319
527 232
527 605
553 510
553 529
553 587
556 2
556 149
556 309
556 372
556 497
556 601
556 651
585 315
585 446
585 601
585 631
585 3
585 134
585 201
585 205
585 243
585 272
585 300
585 6
585 10
585 52
585 71
585 85
585 149
585 150
585 156
585 170
585 197
585 285
585 332
585 344
585 503
585 504
585 517
585 557
654 533
654 392
654 401
654 425
654 177
654 165
654 200
654 389
654 91
654 400
654 447
654 450
654 128
654 130
654 499
654 605
654 661
654 665
29 588
29 149
29 642
29 85
29 210
29 328
29 386
29 456
29 467
29 517
29 581
29 638
29 650
80 378
80 7
80 454
80 466
80 488
80 493
85 564
85 159
85 357
85 46
85 138
85 157
85 194
85 197
85 386
85 424
85 426
85 435
85 438
85 445
85 456
85 467
85 503
85 626
138 394
138 194
138 328
138 386
138 456
138 467
138 465
138 613
138 157
138 438
138 445
138 626
138 655
174 597
174 150
174 484
174 7
174 13
174 297
174 350
174 440
174 516
174 611
194 570
194 167
194 201
194 357
194 149
194 157
194 197
194 221
194 222
194 286
194 328
194 386
194 435
194 438
194 440
194 445
194 456
194 465
194 581
194 613
197 594
197 134
197 167
197 198
197 201
197 243
197 535
197 677
197 73
197 411
197 642
197 210
197 517
197 650
197 222
197 463
198 594
198 337
198 597
198 41
198 67
198 97
198 98
198 250
198 281
198 354
198 408
198 426
198 467
198 474
198 592
198 611
225 311
225 95
336 13
336 296
336 623
357 157
357 328
357 386
357 438
357 445
357 613
357 626
388 243
388 300
388 46
388 484
388 495
388 564
440 297
440 567
440 71
440 280
440 516
440 545
440 149
440 650
440 48
440 171
440 382
440 406
440 449
440 504
440 611
440 641
454 378
454 474
454 500
454 7
454 16
454 32
454 71
454 153
454 266
454 318
454 658
456 221
456 353
456 435
456 438
456 445
456 599
456 613
456 641
540 484
540 618
540 658
540 148
540 143
540 196
540 375
540 652
540 422
540 659
540 227
540 321
540 374
540 485
540 621
580 87
650 597
650 601
650 243
650 516
650 638
650 100
650 221
650 222
650 426
650 435
650 465
242 484
242 87
528 41
528 235
528 35
528 79
528 131
528 37
528 78
528 442
528 576
465 201
465 149
465 614
599 394
599 168
599 145
599 223
599 355
1 152
1 234
1 322
1 462
1 533
1 544
1 570
1 584
1 594
1 610
1 645
152 55
152 203
152 462
152 504
152 542
152 610
234 25
234 70
234 228
234 229
234 356
234 400
234 458
234 483
234 501
234 533
234 576
234 578
234 631
234 665
234 668
322 7
322 25
322 45
322 70
322 81
322 106
322 128
322 133
322 238
322 266
322 305
322 316
322 318
322 375
322 400
322 411
322 426
322 431
322 450
322 533
322 597
322 659
322 661
322 670
462 45
462 47
462 110
462 137
462 160
462 258
462 292
462 327
462 347
462 396
462 555
462 574
462 577
533 70
533 97
533 220
533 316
533 354
533 356
533 402
533 501
533 522
533 594
533 597
533 604
533 631
533 665
544 106
544 217
544 292
544 505
544 554
544 593
544 610
570 2
570 3
570 51
570 171
570 228
570 369
570 406
570 452
570 496
570 497
570 578
570 588
570 674
584 22
584 179
584 247
584 270
584 301
584 361
584 374
594 16
594 41
594 67
594 70
594 177
594 204
594 228
594 263
594 327
594 387
594 405
594 447
594 450
594 566
594 597
594 630
594 651
610 574
610 47
610 110
610 149
610 203
610 255
610 292
610 330
610 340
610 347
610 443
610 494
610 500
610 514
610 519
610 554
610 591
610 640
610 645
645 106
645 110
645 203
645 252
645 413
645 443
645 504
645 505
645 586
645 642
645 647
55 574
55 47
55 137
55 160
55 307
55 519
203 24
203 143
203 292
203 347
203 397
203 413
203 430
203 485
203 502
203 505
203 659
203 671
504 601
504 191
504 204
504 401
504 425
504 489
504 316
504 260
504 266
504 163
504 308
504 391
504 404
504 128
504 130
504 180
504 189
504 228
504 284
504 327
504 423
504 443
504 506
504 537
542 476
542 658
542 160
542 171
542 196
542 270
542 281
542 375
542 421
542 292
542 330
542 374
542 443
542 485
542 502
542 641
25 597
25 213
25 316
25 420
25 548
25 575
70 597
70 601
70 316
70 394
70 51
70 405
70 419
70 424
70 630
228 501
228 578
228 631
228 73
228 489
228 247
228 217
228 97
228 630
228 327
228 604
229 501
229 549
229 631
229 311
229 522
229 665
229 247
229 97
229 604
356 500
356 153
356 266
356 286
356 318
356 573
400 41
400 201
400 525
400 303
400 345
400 435
400 483
400 568
458 601
458 45
458 142
458 381
458 475
458 665
483 446
483 622
483 525
483 496
483 303
501 2
501 369
501 515
501 576
501 578
501 588
501 601
501 604
576 578
576 631
576 522
576 45
576 98
576 133
576 396
576 436
576 604
578 2
578 13
578 50
578 97
578 133
578 247
578 271
578 311
578 412
578 488
578 508
578 522
578 601
578 604
578 631
631 315
631 549
631 563
631 601
631 38
631 89
631 97
631 133
631 271
631 311
631 419
631 436
631 517
631 555
631 604
665 601
665 628
665 474
665 87
665 545
665 354
665 49
665 345
665 381
665 391
665 604
665 608
665 612
668 522
668 468
668 387
2 53
2 107
2 212
2 256
2 293
2 305
2 315
2 337
2 377
2 378
2 429
2 446
2 476
2 510
2 549
2 563
2 607
2 672
18 628
18 150
18 191
18 263
18 50
18 99
18 491
18 649
53 143
53 148
53 150
53 171
53 179
53 196
53 247
53 264
53 270
53 281
53 286
53 293
53 344
53 375
53 391
53 396
53 404
53 421
53 474
53 476
53 555
53 573
53 601
53 641
53 652
53 658
97 315
97 204
97 474
97 66
97 604
97 606
103 150
103 204
103 373
103 592
103 130
103 335
103 363
103 471
103 568
103 644
150 315
150 378
150 4
150 12
150 159
150 165
150 191
150 214
150 297
150 385
150 392
150 449
150 516
150 634
150 657
171 476
171 564
171 159
171 567
171 200
171 143
171 193
171 247
171 270
171 281
171 404
171 421
171 449
171 641
191 4
191 49
191 180
191 238
191 392
191 421
191 588
191 634
191 644
191 656
204 549
204 4
204 67
204 142
204 151
204 275
204 284
204 311
204 341
204 371
204 373
204 461
204 490
204 596
204 634
204 643
214 564
214 159
214 362
214 329
214 611
239 315
239 378
239 392
239 63
239 488
239 58
263 11
263 122
263 156
263 217
263 220
263 286
263 323
263 387
263 410
263 470
263 503
263 518
263 618
263 649
293 16
293 128
293 344
293 601
315 71
315 149
315 396
315 405
315 474
315 510
315 515
315 555
315 587
315 601
315 661
378 7
378 26
378 49
378 50
378 60
378 63
378 89
378 149
378 159
378 351
378 373
378 392
378 403
378 490
378 503
378 601
381 340
381 641
381 333
381 317
427 6
427 227
427 410
439 212
439 337
439 101
439 215
439 271
439 294
439 367
439 417
439 598
439 673
450 474
450 583
450 522
450 518
450 166
450 327
450 391
450 396
450 426
503 446
503 392
503 425
503 33
503 596
503 623
503 67
503 52
503 64
503 66
503 180
503 217
503 345
503 363
503 387
503 568
503 598
503 612
549 379
549 446
549 529
549 271
549 311
549 432
549 522
644 305
644 377
644 373
644 592
644 312
7 446
7 564
7 392
7 583
7 9
7 40
7 63
7 82
7 115
7 159
7 177
7 235
7 297
7 311
7 393
7 444
7 488
7 490
7 493
7 522
7 550
7 567
7 635
45 243
45 177
45 67
45 670
45 68
45 163
45 173
45 447
45 452
45 509
81 575
81 120
81 362
81 651
106 500
106 586
106 612
106 646
128 628
128 474
128 113
128 345
128 396
128 331
128 327
128 612
128 383
128 506
128 608
133 311
133 522
133 399
133 436
133 568
133 352
238 377
238 255
238 500
238 583
238 393
238 490
238 550
238 15
238 67
238 151
238 155
238 139
238 208
238 333
238 382
238 383
238 395
238 451
266 212
266 628
266 41
266 500
266 91
266 110
266 412
266 415
266 497
266 613
305 177
305 183
305 429
316 147
316 601
316 354
316 173
316 405
316 419
316 630
316 661
318 177
318 623
318 192
318 83
318 338
375 476
375 601
375 489
375 179
375 148
375 196
375 270
375 321
375 374
375 419
375 485
375 641
375 652
411 20
411 235
411 127
411 176
411 230
411 432
411 102
411 57
411 86
411 163
411 232
411 245
411 319
411 447
411 492
411 534
431 340
431 514
597 98
597 298
597 314
597 345
597 516
659 484
659 118
659 616
659 664
659 671
661 658
661 405
670 212
670 256
670 379
670 563
670 89
670 19
670 69
670 135
670 271
670 276
670 294
670 303
670 520
670 524
670 525
670 551
459 292
459 555
459 575
292 500
292 308
292 390
292 347
555 147
555 628
555 41
555 392
555 474
555 592
555 177
555 10
555 16
555 31
555 73
555 149
555 165
555 312
555 387
555 395
555 396
555 447
555 515
555 517
555 518
555 557
555 566
575 67
575 560
575 109
575 123
575 248
575 355
575 359
575 642
575 673
47 574
47 577
47 160
47 188
47 647
110 640
110 634
110 286
110 211
110 330
110 358
110 391
110 396
110 494
110 586
110 591
137 404
160 574
160 307
160 347
160 502
258 482
327 425
327 73
327 113
327 220
327 345
327 183
327 359
327 383
327 443
347 308
347 397
347 502
347 514
347 554
396 425
396 474
396 592
396 67
396 149
396 173
396 387
396 423
396 568
396 598
574 149
574 485
574 519
574 577
577 38
577 94
577 188
220 489
220 447
354 628
354 41
354 49
354 447
354 491
402 516
402 387
522 311
522 58
522 323
604 311
604 230
604 432
604 271
604 436
217 672
217 490
217 489
217 158
217 94
217 412
217 582
217 612
505 474
505 489
505 307
505 586
505 248
505 413
554 401
554 502
554 514
593 452
593 586
3 41
3 89
3 134
3 169
3 186
3 190
3 201
3 215
3 233
3 243
3 300
3 535
3 564
51 286
51 74
406 297
406 567
406 94
406 611
452 646
496 601
496 43
496 104
496 353
497 230
497 109
497 447
497 62
497 651
588 446
588 601
588 73
588 22
588 587
674 247
149 486
149 607
149 233
149 243
149 518
149 26
149 83
149 91
149 92
149 94
149 180
149 184
149 282
149 332
149 341
149 390
149 471
149 557
149 572
485 179
485 168
485 247
485 652
485 443
485 321
485 374
485 502
519 188
519 482
519 515
22 35
22 79
22 398
22 629
179 476
179 24
179 118
179 374
179 430
179 652
247 476
247 658
247 143
247 270
247 421
247 641
247 652
270 212
270 476
270 201
270 230
270 216
270 196
270 281
270 301
270 391
270 421
270 590
270 641
301 319
301 671
361 484
361 148
374 226
374 664
374 321
374 621
16 425
16 257
16 264
16 516
16 589
16 658
41 529
41 563
41 38
41 69
41 120
41 286
41 294
41 409
41 447
41 524
41 525
41 587
41 600
67 474
67 393
67 490
67 550
67 15
67 93
67 139
67 151
67 155
67 172
67 260
67 317
67 461
177 429
177 628
177 89
177 474
177 235
177 419
177 525
177 565
177 662
387 63
387 340
387 166
387 58
387 295
387 325
387 403
387 499
387 559
387 571
405 147
405 201
405 548
405 394
405 223
405 424
405 636
447 529
447 601
447 474
447 230
447 437
447 68
447 291
447 436
447 508
447 651
566 569
566 113
566 72
566 283
566 154
566 161
651 432
255 89
255 28
255 383
255 425
255 500
255 525
255 532
255 583
255 634
330 399
330 586
330 443
330 514
340 446
340 186
340 300
340 564
340 159
340 235
340 461
340 442
340 123
340 231
340 183
340 371
340 376
340 606
340 614
340 625
443 189
443 646
443 252
443 366
494 640
494 211
494 390
494 591
500 107
500 4
500 21
500 158
500 250
500 333
500 532
640 390
390 211
390 391
390 252
390 413
252 537
252 413
413 647
413 397
413 366
586 647
586 397
642 26
642 109
642 188
642 286
642 353
642 557
647 366
647 397
647 537
647 646
212 35
212 89
212 170
212 193
212 215
212 310
212 337
212 367
212 384
212 442
212 446
212 525
212 590
212 622
212 662
212 666
256 486
256 608
256 667
337 38
337 200
337 271
337 286
337 294
337 303
337 310
337 446
337 520
337 524
337 525
337 667
377 142
377 392
377 451
377 583
429 15
429 24
429 72
429 115
429 371
429 476
446 379
446 26
446 38
446 64
446 89
446 91
446 92
446 94
446 101
446 120
446 135
446 170
446 193
446 218
446 235
446 271
446 276
446 285
446 294
446 353
446 367
446 382
446 384
446 408
446 416
446 417
446 507
446 513
446 520
446 551
446 557
446 563
446 572
446 573
446 598
446 622
446 667
476 24
476 34
476 143
476 196
476 404
476 421
476 430
476 641
476 658
510 50
510 513
510 562
510 563
510 628
563 38
563 89
563 436
563 587
607 50
607 311
607 343
607 548
672 304
672 308
672 653
143 658
143 226
143 321
143 641
148 484
148 42
148 118
148 124
148 404
148 664
196 658
196 421
196 641
264 618
264 136
264 164
264 370
264 541
264 589
264 658
264 675
281 641
281 652
286 560
286 109
286 394
286 468
286 120
286 173
286 353
286 506
286 582
344 115
344 667
344 569
344 49
344 72
344 515
391 401
391 534
391 612
404 421
404 664
421 392
421 335
474 89
474 4
474 392
474 50
474 511
474 515
573 524
601 8
601 68
601 73
601 91
601 104
601 193
601 211
601 235
601 310
601 352
601 353
601 373
601 419
601 517
601 567
601 612
601 656
641 373
641 484
641 643
641 658
641 321
641 395
641 422
641 636
652 282
652 118
652 226
652 321
658 311
658 257
658 545
658 37
658 118
658 124
658 158
658 313
147 26
147 168
147 394
147 424
147 590
26 486
26 233
26 159
26 634
26 50
26 109
26 394
26 451
168 169
168 190
168 564
168 394
168 384
168 108
168 223
394 629
394 114
394 210
394 223
394 355
394 384
394 408
394 424
394 520
394 590
424 223
590 200
590 271
590 673
590 434
590 367
71 13
71 142
71 199
71 213
71 257
71 303
71 515
71 532
71 579
419 173
623 13
623 32
623 156
623 246
623 304
623 518
35 37
35 56
35 79
35 101
35 131
35 271
35 276
35 349
35 384
35 409
35 416
35 417
35 525
35 539
35 561
35 617
35 629
35 673
89 38
89 56
89 78
89 120
89 135
89 159
89 215
89 285
89 294
89 303
89 442
89 524
89 525
89 622
89 632
89 667
170 215
170 254
170 277
170 551
193 297
193 271
193 434
193 310
215 120
215 274
215 285
215 303
215 534
215 583
215 605
215 632
310 529
310 230
310 91
310 598
310 367
367 489
367 629
367 101
367 525
367 206
367 521
367 91
367 285
367 294
367 666
367 572
384 131
384 562
384 37
384 101
384 271
384 259
384 417
384 442
384 525
384 531
384 539
384 666
384 673
442 379
442 38
442 79
442 409
442 539
442 91
442 285
442 54
442 294
442 509
442 531
442 600
525 235
525 230
525 432
525 101
525 409
525 417
525 64
525 206
525 285
525 294
525 383
525 598
622 19
622 38
622 90
622 271
622 334
622 353
622 383
622 489
622 513
622 539
622 600
622 620
662 115
662 159
662 488
662 73
666 131
666 181
666 91
666 294
666 64
486 38
486 50
486 557
486 598
486 667
608 667
608 183
667 50
667 19
667 38
667 423
515 165
587 120
587 180
38 19
38 91
38 271
38 282
38 285
38 350
38 409
38 489
38 539
38 620
38 648
200 567
200 332
200 449
200 598
271 311
271 432
271 37
271 101
271 54
271 91
271 92
271 206
271 245
271 276
271 309
271 349
271 350
271 416
271 436
271 508
271 521
271 539
271 561
271 598
271 600
271 617
271 627
294 235
294 131
294 101
294 206
294 521
294 282
294 598
303 221
303 598
303 613
303 333
520 79
520 37
520 673
520 557
524 230
524 111
524 408
524 598
142 560
142 468
142 72
142 130
392 4
392 373
392 130
392 216
392 511
392 516
392 545
392 550
392 581
392 634
451 538
583 373
583 73
583 166
583 260
583 461
583 550
583 635
49 628
49 425
49 308
50 379
50 634
50 165
50 332
50 345
50 557
60 480
63 58
63 473
63 488
159 12
159 20
159 82
159 102
159 253
159 297
159 329
159 362
159 444
159 488
159 567
159 611
351 9
351 82
351 163
351 189
351 230
351 342
351 355
351 432
351 437
351 508
351 509
373 125
373 165
373 275
373 284
373 312
403 325
403 244
403 499
403 571
490 15
490 73
490 93
490 151
490 155
490 172
490 282
379 73
379 333
73 425
73 20
73 213
73 165
73 91
73 94
73 296
73 299
73 423
73 467
73 517
333 282
333 408
333 226
333 153
333 499
15 393
15 172
15 279
15 461
24 560
72 113
72 52
72 283
115 283
371 125
101 131
101 37
101 64
101 92
101 111
101 285
101 349
101 408
101 409
101 416
101 521
101 539
101 598
101 600
417 416
417 92
417 572
598 131
598 629
598 276
598 349
598 416
598 617
598 513
598 91
598 285
598 557
598 600
598 54
598 78
598 104
598 551
673 37
673 349
673 539
673 254
673 600
64 206
91 529
91 268
91 629
91 276
91 539
91 513
91 54
91 96
91 189
91 259
91 350
91 509
91 551
91 600
91 620
91 627
91 632
92 386
92 37
92 94
92 218
92 353
92 507
92 572
94 634
94 109
94 408
94 48
94 76
94 572
120 56
120 69
120 182
120 632
135 412
218 111
235 76
235 102
235 206
235 508
235 509
235 551
276 268
276 339
276 416
276 557
276 617
285 416
285 221
285 96
285 509
285 531
285 627
353 201
353 221
353 435
382 65
382 111
408 529
408 561
416 37
416 181
416 539
416 600
507 521
513 539
513 181
551 629
551 648
551 334
551 492
34 240
34 441
430 616
56 629
56 69
56 561
312 12
312 165
312 317
562 131
562 268
562 398
562 37
562 629
628 491
529 508
508 311
508 488
508 127
508 230
508 437
508 102
508 509
508 532
508 57
508 314
508 245
508 274
508 534
508 605
311 425
311 269
311 230
311 412
311 655
432 9
432 20
432 206
432 418
432 436
432 619
432 637
309 249
436 488
436 230
436 86
436 245
436 254
436 568
13 280
13 302
412 385
412 350
412 184
488 444
488 58
488 155
488 245
488 605
298 653
298 304
314 418
314 492
314 605
516 362
516 449
516 536
516 611
8 634
68 434
211 646
352 180
352 232
517 134
517 167
517 564
517 210
517 114
517 581
517 638
567 564
567 297
567 251
567 299
567 385
567 464
567 543
567 611
612 468
612 178
343 166
343 449
343 253
343 611
491 282
304 664
308 425
308 52
308 606
308 621
653 165
653 275
134 167
134 243
134 272
134 300
134 332
169 186
169 190
169 290
169 564
186 164
186 190
186 233
186 495
190 141
190 244
190 290
190 564
201 222
201 233
201 331
201 463
201 535
201 564
201 602
201 633
233 141
233 167
233 210
233 241
233 243
233 272
233 495
233 581
243 141
243 205
243 222
243 272
243 300
243 495
243 613
300 141
300 167
300 205
300 272
300 290
300 495
300 564
535 79
535 331
535 463
535 495
535 633
564 141
564 205
564 42
564 241
564 290
564 297
564 329
564 620
69 78
409 230
409 349
409 54
409 96
409 531
409 561
600 539
600 620
78 629
78 539
632 268
167 141
167 222
167 272
272 141
272 205
272 241
272 552
332 581
332 249
141 328
141 495
328 46
328 157
328 221
328 386
328 435
328 438
328 445
328 613
328 626
495 157
495 290
222 210
222 602
222 221
222 331
222 613
222 118
222 180
164 280
164 136
164 123
164 231
164 370
164 675
244 466
199 14
199 75
199 579
297 251
297 299
297 362
297 444
297 449
297 611
320 231
320 166
385 14
385 251
385 253
385 611
518 323
518 410
521 539
521 206
521 254
541 634
541 589
613 386
613 638
613 221
613 157
613 435
613 438
613 626
250 633
467 346
467 581
592 4
592 151
592 275
592 284
592 335
592 461
592 480
592 530
611 251
611 362
611 253
611 536
331 547
331 463
331 633
463 547
463 602
602 547
602 30
602 633
633 205
633 100
633 360
274 61
274 605
534 163
534 418
534 236
605 230
605 163
605 418
605 189
210 108
210 114
210 237
210 638
581 401
581 114
581 435
581 638
552 620
552 364
552 464
484 4
484 118
484 124
484 202
484 475
484 550
79 37
79 131
79 221
79 355
79 629
42 280
42 36
42 108
42 114
329 449
6 12
6 269
6 596
10 112
10 275
52 269
52 428
52 275
156 470
4 401
4 425
4 511
4 643
401 482
425 260
425 383
425 423
425 506
643 23
643 180
643 273
643 475
165 634
165 278
165 341
449 362
634 278
634 358
634 455
634 568
657 278
151 393
151 550
151 139
151 166
151 172
151 395
151 461
275 428
275 596
284 635
284 155
284 189
284 117
284 537
341 568
341 414
461 393
461 279
596 269
596 428
383 550
383 153
532 509
532 184
410 363
470 227
545 257
545 609
125 635
125 189
125 130
130 317
216 224
550 118
260 31
260 423
260 506
423 74
475 139
475 118
118 282
118 226
118 422
124 296
124 313
124 664
158 257
158 32
158 389
166 44
166 473
166 603
635 208
335 395
335 187
530 455
273 93
273 603
273 219
87 265
477 95
95 111
269 33
269 428
227 122
9 20
9 127
9 176
9 230
9 437
40 444
40 493
82 20
82 176
82 582
82 637
393 93
393 279
393 395
444 102
444 493
20 102
20 489
20 637
127 418
176 232
176 437
176 637
230 57
230 86
230 245
230 418
230 422
230 619
637 232
58 119
58 295
58 325
58 473
58 559
58 615
582 257
582 457
582 288
283 625
32 257
32 246
32 389
32 457
184 509
184 54
184 418
441 240
362 48
362 536
76 306
206 131
206 37
206 181
509 163
509 54
509 259
509 278
509 627
251 48
299 48
299 364
299 543
163 259
189 537
355 280
355 561
355 223
157 386
157 438
157 445
157 626
386 438
386 445
438 445
445 626
279 187
155 139
155 187
282 66
282 226
323 618
323 649
278 568
358 44
455 162
568 291
418 57
418 472
418 492
86 291
422 313
422 664
112 83
112 338
83 338
435 221
639 615
639 536
31 468
677 280
280 213
280 36
280 136
280 302
11 618
122 649
122 363
649 660
62 595
302 213
302 579
213 420
257 389
257 457
579 14
579 669
36 114
136 370
136 589
296 246
246 669
246 539
14 75
14 669
669 262
370 123
370 231
370 262
370 90
370 675
262 39
262 123
262 90
262 675
471 117
187 676
389 457
675 123
675 231
37 181
37 221
37 349
37 539
539 349
539 54
90 123
116 144
492 472
398 131
398 629
629 131
131 268
561 268
221 114
397 646
397 537
502 307
671 468
671 616
192 288
109 306
123 231
114 77
114 663
223 207
538 481
646 366
646 537
27 84
638 65
108 77
108 100
108 346
346 77
346 100
66 226
66 472
66 558
512 481
54 259
54 627
339 523
259 531
259 595
531 595
77 663
39 231
606 407
625 154
625 161
182 434
291 144
43 267
44 407
499 295
366 537
559 571
154 161
414 498
