0 31
0 34
0 40
0 45
0 62
0 74
0 109
0 115
0 117
0 145
0 194
0 205
0 209
0 248
0 261
0 296
0 297
0 304
0 305
0 317
0 318
0 325
0 339
0 357
0 364
0 370
31 40
31 115
31 248
31 260
31 261
31 297
31 304
31 325
31 370
34 15
34 16
34 40
34 44
34 45
34 62
34 64
34 94
34 109
34 115
34 117
34 194
34 205
34 209
34 211
34 261
34 296
34 297
34 304
34 305
34 317
34 318
34 325
34 332
34 355
34 357
40 7
40 45
40 49
40 74
40 78
40 79
40 115
40 133
40 145
40 194
40 196
40 205
40 209
40 248
40 277
40 284
40 296
40 297
40 302
40 303
40 304
40 305
40 318
40 325
40 370
40 381
40 386
45 4
45 7
45 16
45 21
45 49
45 50
45 57
45 65
45 74
45 78
45 83
45 100
45 109
45 111
45 115
45 116
45 117
45 133
45 138
45 145
45 147
45 156
45 157
45 187
45 188
45 192
45 194
45 196
45 201
45 205
45 209
45 210
45 211
45 212
45 213
45 220
45 226
45 231
45 240
45 257
45 277
45 284
45 287
45 288
45 294
45 296
45 297
45 303
45 304
45 305
45 315
45 318
45 321
45 325
45 330
45 336
45 339
45 357
45 370
45 379
45 381
45 390
45 398
62 49
62 74
62 78
62 94
62 109
62 115
62 145
62 156
62 196
62 212
62 248
62 260
62 261
62 297
62 304
62 305
62 317
62 318
62 325
62 339
62 357
62 364
62 370
62 381
62 398
74 49
74 83
74 100
74 115
74 116
74 138
74 201
74 209
74 213
74 248
74 260
74 266
74 303
74 304
74 305
74 317
74 325
74 357
74 364
74 370
109 83
109 6
109 7
109 16
109 17
109 21
109 36
109 38
109 49
109 52
109 54
109 73
109 86
109 92
109 100
109 111
109 115
109 116
109 117
109 120
109 128
109 130
109 135
109 136
109 138
109 147
109 148
109 149
109 155
109 156
109 157
109 162
109 177
109 180
109 187
109 191
109 192
109 194
109 195
109 196
109 204
109 205
109 209
109 213
109 217
109 220
109 226
109 233
109 242
109 248
109 254
109 257
109 266
109 279
109 281
109 284
109 296
109 297
109 302
109 304
109 308
109 313
109 315
109 316
109 317
109 321
109 324
109 330
109 332
109 333
109 336
109 339
109 341
109 370
109 381
109 386
109 389
109 390
109 398
115 83
115 16
115 49
115 78
115 117
115 138
115 156
115 194
115 196
115 205
115 212
115 248
115 260
115 296
115 297
115 303
115 304
115 305
115 317
115 318
115 325
115 339
115 357
115 364
115 370
115 398
117 49
117 78
117 133
117 145
117 194
117 196
117 205
117 211
117 248
117 296
117 297
117 303
117 304
117 305
117 318
117 325
117 357
117 364
117 370
145 83
145 16
145 65
145 133
145 155
145 156
145 194
145 201
145 212
145 213
145 248
145 257
145 260
145 261
145 277
145 284
145 296
145 297
145 303
145 304
145 305
145 318
145 339
145 357
145 364
145 386
145 390
145 397
145 398
194 83
194 49
194 86
194 100
194 116
194 133
194 196
194 201
194 205
194 209
194 248
194 260
194 261
194 266
194 284
194 296
194 297
194 303
194 304
194 305
194 318
194 339
194 357
194 364
194 370
194 398
205 15
205 16
205 64
205 94
205 157
205 209
205 211
205 257
205 260
205 261
205 296
205 304
205 317
205 325
205 332
205 339
205 355
205 364
205 370
205 398
209 83
209 16
209 64
209 79
209 94
209 100
209 128
209 133
209 248
209 257
209 260
209 261
209 296
209 297
209 304
209 305
209 317
209 318
209 325
209 332
209 339
209 355
209 386
209 398
248 196
248 16
248 49
248 64
248 78
248 79
248 94
248 133
248 211
248 213
248 257
248 261
248 284
248 296
248 297
248 304
248 305
248 318
248 325
248 332
248 339
248 355
248 357
248 364
248 370
248 381
248 398
261 83
261 16
261 100
261 138
261 212
261 213
261 296
261 297
261 304
261 318
261 325
261 339
261 357
261 370
261 398
296 83
296 196
296 49
296 100
296 133
296 297
296 304
296 305
296 317
296 318
296 339
296 357
296 364
296 370
297 196
297 49
297 94
297 133
297 211
297 213
297 304
297 305
297 318
297 339
297 355
297 364
297 398
304 196
304 15
304 16
304 21
304 44
304 49
304 64
304 79
304 94
304 100
304 133
304 156
304 157
304 284
304 302
304 305
304 315
304 317
304 318
304 325
304 355
304 370
304 383
304 390
304 398
305 83
305 196
305 78
305 133
305 138
305 212
305 260
305 303
305 315
305 317
305 318
305 325
305 339
305 364
305 398
317 83
317 196
317 7
317 15
317 16
317 49
317 64
317 79
317 94
317 133
317 156
317 212
317 260
317 318
317 325
317 332
317 339
317 355
317 357
317 364
317 381
317 386
318 83
318 44
318 94
318 157
318 212
318 260
318 325
318 332
318 339
318 364
318 370
318 383
318 389
325 83
325 196
325 6
325 7
325 16
325 17
325 28
325 29
325 36
325 50
325 52
325 54
325 64
325 65
325 73
325 78
325 82
325 86
325 92
325 93
325 94
325 100
325 111
325 116
325 118
325 128
325 130
325 135
325 136
325 147
325 149
325 155
325 156
325 157
325 161
325 176
325 177
325 180
325 187
325 195
325 212
325 217
325 220
325 226
325 231
325 233
325 236
325 240
325 242
325 254
325 257
325 266
325 281
325 284
325 302
325 313
325 314
325 321
325 324
325 330
325 332
325 333
325 336
325 341
325 346
325 357
325 368
325 370
325 381
325 383
325 386
325 389
325 392
325 397
325 398
339 16
339 64
339 94
339 128
339 156
339 211
339 302
339 315
339 355
339 370
339 386
357 83
357 133
357 284
357 370
364 16
364 21
364 370
370 83
370 16
370 49
370 78
370 79
370 212
370 260
370 303
260 83
260 398
260 187
260 240
260 293
260 149
260 6
260 21
260 38
260 118
260 120
260 130
260 155
260 156
260 157
260 161
260 176
260 184
260 192
260 195
260 201
260 204
260 213
260 220
260 226
260 231
260 54
260 100
260 111
260 127
260 128
260 133
260 135
260 138
260 147
260 210
260 212
260 257
260 266
260 277
260 308
260 310
260 313
260 315
260 321
260 324
260 330
260 333
260 336
260 341
260 343
260 346
260 383
260 386
260 390
260 397
15 332
15 64
15 94
15 211
16 83
16 196
16 398
16 156
16 192
16 213
16 302
16 332
16 94
16 211
16 49
16 379
44 332
44 79
44 355
64 79
64 94
64 208
64 211
64 355
94 302
94 386
94 332
94 383
94 79
94 127
94 128
94 211
94 355
211 332
332 398
332 7
332 79
332 355
332 383
7 20
7 38
7 50
7 118
7 155
7 176
7 226
7 321
7 386
7 82
7 162
7 257
7 368
49 196
49 277
49 381
49 133
78 21
78 155
78 192
78 201
78 213
78 336
78 390
78 212
78 383
78 100
78 133
78 138
78 303
79 112
79 301
133 83
133 59
133 212
133 138
196 83
196 213
196 302
196 343
196 398
277 83
277 398
277 187
277 6
277 59
277 84
277 155
277 165
277 177
277 188
277 192
277 220
277 225
277 231
277 242
277 57
277 107
277 128
277 138
277 144
277 164
277 229
277 238
277 285
277 302
277 303
277 321
277 331
277 381
277 399
284 398
284 187
284 293
284 149
284 6
284 17
284 21
284 38
284 50
284 73
284 116
284 120
284 130
284 136
284 148
284 155
284 157
284 161
284 176
284 177
284 195
284 204
284 213
284 220
284 226
284 236
284 239
284 242
284 29
284 36
284 52
284 54
284 93
284 100
284 128
284 135
284 138
284 147
284 162
284 191
284 212
284 214
284 217
284 254
284 257
284 281
284 302
284 308
284 313
284 315
284 321
284 324
284 330
284 333
284 346
284 381
284 383
284 386
302 293
302 149
302 17
302 21
302 50
302 73
302 116
302 120
302 156
302 157
302 161
302 177
302 180
302 192
302 195
302 204
302 213
302 226
302 242
302 266
302 29
302 52
302 54
302 93
302 111
302 135
302 147
302 162
302 191
302 212
302 217
302 254
302 257
302 281
302 308
302 313
302 316
302 321
302 324
302 330
302 336
302 346
302 383
302 388
302 394
303 83
303 59
303 155
303 188
303 213
303 231
303 336
303 381
303 229
303 252
303 288
303 138
381 83
381 398
381 187
381 6
381 21
381 28
381 38
381 50
381 116
381 118
381 120
381 130
381 136
381 176
381 177
381 180
381 220
381 226
381 231
381 236
381 239
381 242
381 266
381 316
381 321
381 333
381 346
381 36
381 52
381 54
381 111
381 147
381 212
381 315
381 324
381 383
381 390
386 83
386 240
386 293
386 149
386 6
386 20
386 21
386 38
386 50
386 116
386 120
386 130
386 136
386 156
386 157
386 176
386 192
386 204
386 220
386 233
386 236
386 242
386 321
386 336
386 346
386 36
386 52
386 92
386 100
386 111
386 135
386 308
386 313
386 315
386 330
386 383
386 390
386 392
4 187
4 240
4 293
4 294
4 342
4 374
21 398
21 187
21 240
21 293
21 6
21 17
21 20
21 29
21 38
21 50
21 52
21 73
21 92
21 93
21 111
21 128
21 130
21 135
21 136
21 147
21 148
21 155
21 156
21 162
21 177
21 191
21 195
21 201
21 204
21 210
21 212
21 213
21 220
21 226
21 231
21 233
21 236
21 239
21 242
21 254
21 258
21 281
21 308
21 315
21 316
21 330
21 333
21 336
21 341
21 346
21 353
21 383
21 394
50 240
50 149
50 6
50 17
50 38
50 29
50 36
50 54
50 73
50 86
50 111
50 116
50 118
50 128
50 130
50 135
50 147
50 148
50 155
50 156
50 157
50 161
50 162
50 176
50 177
50 180
50 181
50 192
50 195
50 201
50 204
50 212
50 220
50 226
50 236
50 239
50 242
50 254
50 257
50 279
50 281
50 308
50 313
50 315
50 321
50 330
50 333
50 353
50 383
50 390
57 187
57 240
57 293
57 35
57 220
57 65
57 288
57 359
57 382
65 294
65 136
65 155
65 188
65 201
65 242
65 287
65 288
65 60
83 116
83 138
83 156
83 192
83 201
83 212
83 213
83 226
83 315
83 343
83 398
100 187
100 240
100 28
100 38
100 116
100 118
100 120
100 156
100 161
100 176
100 177
100 180
100 204
100 213
100 220
100 231
100 233
100 236
100 266
100 321
100 333
100 336
100 346
100 390
100 162
100 212
100 257
100 315
100 383
100 397
100 29
100 52
100 54
100 86
100 111
100 128
100 135
100 138
100 210
100 308
100 313
100 330
111 293
111 149
111 38
111 130
111 156
111 176
111 177
111 180
111 204
111 213
111 226
111 321
111 333
111 390
111 162
111 212
111 257
111 147
111 29
111 54
111 128
111 308
111 313
111 330
111 52
111 181
111 324
116 293
116 149
116 17
116 38
116 29
116 54
116 86
116 118
116 128
116 130
116 135
116 136
116 138
116 147
116 148
116 155
116 156
116 157
116 161
116 162
116 176
116 177
116 180
116 195
116 201
116 212
116 213
116 220
116 226
116 231
116 242
116 257
116 266
116 281
116 308
116 313
116 315
116 321
116 324
116 330
116 333
116 336
116 346
116 353
116 383
116 390
138 398
138 213
138 242
138 390
138 212
138 315
138 147
138 330
138 343
147 240
147 149
147 38
147 155
147 156
147 157
147 176
147 180
147 192
147 195
147 213
147 242
147 266
147 316
147 321
147 333
147 336
147 341
147 390
147 162
147 257
147 315
147 29
147 54
147 86
147 128
147 281
147 308
147 313
147 324
147 330
156 293
156 149
156 6
156 73
156 120
156 136
156 155
156 29
156 36
156 52
156 54
156 82
156 92
156 128
156 135
156 157
156 161
156 162
156 176
156 177
156 192
156 195
156 204
156 212
156 213
156 214
156 217
156 220
156 226
156 233
156 236
156 242
156 254
156 257
156 266
156 308
156 313
156 315
156 321
156 324
156 330
156 333
156 341
156 346
156 383
156 390
156 394
157 398
157 187
157 293
157 149
157 17
157 38
157 130
157 136
157 148
157 52
157 92
157 128
157 162
157 176
157 177
157 192
157 195
157 212
157 213
157 217
157 254
157 257
157 281
157 308
157 313
157 315
157 316
157 321
157 324
157 330
157 336
157 346
157 383
157 389
157 394
187 398
187 314
187 17
187 18
187 29
187 35
187 36
187 38
187 52
187 59
187 69
187 75
187 84
187 107
187 130
187 155
187 161
187 162
187 171
187 176
187 177
187 180
187 184
187 192
187 195
187 201
187 204
187 213
187 220
187 225
187 226
187 231
187 252
187 285
187 287
187 288
187 293
187 306
187 313
187 315
187 316
187 330
187 336
187 341
187 344
187 346
187 374
187 380
187 390
187 394
187 399
188 314
188 149
188 6
188 35
188 84
188 136
188 155
188 11
188 107
188 139
188 164
188 169
188 179
188 190
188 197
188 229
188 238
188 270
188 276
188 306
188 328
188 330
188 377
188 380
188 399
192 240
192 149
192 6
192 17
192 38
192 118
192 120
192 130
192 155
192 161
192 176
192 177
192 180
192 29
192 36
192 52
192 54
192 92
192 128
192 195
192 204
192 212
192 213
192 217
192 220
192 226
192 231
192 236
192 254
192 257
192 281
192 308
192 313
192 315
192 321
192 324
192 333
192 341
192 346
192 383
192 397
201 398
201 293
201 6
201 35
201 59
201 75
201 84
201 130
201 136
201 155
201 177
201 184
201 41
201 107
201 139
201 144
201 164
201 190
201 204
201 220
201 229
201 231
201 236
201 252
201 257
201 270
201 276
201 285
201 287
201 288
201 306
201 336
201 346
201 359
201 377
201 380
201 397
201 399
210 398
210 293
210 28
210 213
210 390
212 398
212 240
212 293
212 28
212 38
212 130
212 136
212 155
212 161
212 176
212 177
212 204
212 213
212 226
212 231
212 242
212 336
212 341
212 390
212 86
212 128
212 257
212 324
212 397
213 240
213 293
213 6
213 17
213 38
213 73
213 120
213 130
213 161
213 176
213 177
213 204
213 29
213 36
213 54
213 86
213 92
213 128
213 191
213 226
213 236
213 242
213 257
213 281
213 308
213 315
213 321
213 330
213 333
213 336
213 341
213 346
213 379
213 382
213 390
220 398
220 240
220 293
220 374
220 149
220 6
220 17
220 20
220 35
220 38
220 59
220 118
220 130
220 136
220 148
220 155
220 161
220 176
220 184
220 195
220 8
220 36
220 54
220 162
220 164
220 225
220 231
220 236
220 239
220 242
220 257
220 281
220 308
220 321
220 324
220 330
220 346
220 356
220 359
220 390
226 240
226 293
226 149
226 6
226 20
226 120
226 130
226 136
226 155
226 176
226 177
226 180
226 195
226 29
226 52
226 162
226 231
226 236
226 242
226 257
226 281
226 308
226 313
226 315
226 321
226 330
226 336
226 341
231 314
231 240
231 293
231 149
231 6
231 35
231 38
231 84
231 155
231 176
231 195
231 204
231 225
231 95
231 107
231 139
231 144
231 171
231 179
231 197
231 238
231 242
231 257
231 270
231 276
231 285
231 306
231 316
231 321
231 330
231 336
231 341
231 356
231 359
231 380
231 399
240 398
240 29
240 69
240 120
240 136
240 149
240 162
240 171
240 180
240 181
240 184
240 195
240 224
240 242
240 257
240 315
240 321
240 341
240 344
240 356
257 293
257 38
257 73
257 118
257 130
257 136
257 148
257 176
257 177
257 195
257 204
257 239
257 266
257 333
257 336
257 341
257 346
257 390
257 162
257 29
257 52
257 54
257 86
257 135
257 308
257 313
257 315
257 324
257 330
257 353
257 383
257 397
287 398
287 247
287 294
287 6
287 28
287 136
287 155
287 184
287 153
287 267
287 280
287 310
287 321
287 346
287 387
288 35
288 155
288 242
288 399
288 139
288 164
288 190
288 306
288 380
288 171
288 252
288 359
294 314
294 6
294 28
294 110
294 123
294 124
294 132
294 155
294 184
294 234
294 251
294 267
294 280
294 310
294 336
294 347
294 367
294 385
294 387
315 293
315 38
315 118
315 130
315 176
315 180
315 195
315 242
315 266
315 316
315 321
315 333
315 390
315 162
315 29
315 52
315 54
315 86
315 92
315 128
315 135
315 191
315 217
315 254
315 258
315 308
315 313
315 383
315 397
321 314
321 374
321 46
321 149
321 6
321 17
321 35
321 38
321 73
321 84
321 120
321 136
321 155
321 195
321 225
321 242
321 266
321 29
321 52
321 54
321 67
321 92
321 128
321 135
321 139
321 162
321 164
321 229
321 252
321 270
321 281
321 285
321 306
321 308
321 310
321 324
321 330
321 336
321 341
321 344
321 346
321 356
321 359
321 377
321 390
321 399
321 400
330 149
330 17
330 73
330 118
330 120
330 130
330 136
330 176
330 177
330 180
330 204
330 236
330 242
330 266
330 316
330 333
330 336
330 390
330 162
330 29
330 54
330 92
330 191
330 214
330 254
330 281
330 308
330 313
330 52
330 135
330 324
336 398
336 6
336 84
336 130
336 136
336 155
336 161
336 177
336 180
336 195
336 242
336 18
336 224
336 252
336 310
336 341
336 344
336 356
336 382
336 390
336 392
336 397
336 400
379 398
390 293
390 149
390 38
390 130
390 155
390 176
390 177
390 195
390 204
390 233
390 236
390 239
390 316
390 333
390 341
390 346
390 29
390 36
390 52
390 54
390 92
390 93
390 135
390 162
390 217
390 254
390 258
390 281
390 308
390 313
390 324
390 353
390 383
390 394
398 6
398 118
398 128
398 136
398 149
398 155
398 181
398 266
398 293
398 310
398 314
398 333
398 343
398 346
266 293
266 149
266 6
266 38
266 120
266 130
266 176
266 177
266 180
266 195
266 204
266 236
266 242
266 54
266 92
266 135
266 162
266 217
266 281
266 308
266 316
266 333
266 341
266 346
266 383
6 293
6 342
6 374
6 46
6 149
6 17
6 20
6 28
6 35
6 38
6 59
6 73
6 80
6 84
6 118
6 120
6 136
6 155
6 161
6 165
6 176
6 177
6 180
6 184
6 195
6 204
6 225
6 233
6 236
6 241
6 242
6 316
6 333
6 341
6 356
6 399
17 293
17 29
17 38
17 54
17 73
17 92
17 120
17 130
17 136
17 162
17 176
17 177
17 180
17 191
17 204
17 214
17 217
17 254
17 281
17 308
17 346
36 293
36 149
36 73
36 120
36 130
36 176
36 177
36 180
36 195
36 236
36 333
36 162
36 52
36 54
36 92
36 128
36 214
36 254
36 279
36 281
36 313
38 29
38 52
38 54
38 73
38 92
38 93
38 118
38 120
38 128
38 130
38 136
38 148
38 162
38 177
38 180
38 195
38 204
38 233
38 236
38 242
38 254
38 281
38 308
38 316
38 324
38 333
38 346
38 353
38 383
38 388
38 389
38 394
38 400
52 73
52 118
52 120
52 130
52 136
52 161
52 176
52 177
52 204
52 316
52 333
52 341
52 346
52 383
52 54
52 92
52 128
52 217
52 254
52 281
52 308
52 135
52 324
54 149
54 73
54 130
54 136
54 161
54 176
54 177
54 180
54 195
54 236
54 239
54 242
54 316
54 333
54 341
54 346
54 162
54 383
54 29
54 92
54 93
54 135
54 214
54 254
54 258
54 281
54 308
54 313
54 324
73 149
73 29
73 92
73 93
73 120
73 130
73 162
73 176
73 177
73 180
73 214
73 217
73 281
73 308
73 313
73 341
73 394
86 155
86 177
86 162
86 353
92 293
92 149
92 120
92 177
92 180
92 233
92 333
92 346
92 162
92 29
92 128
92 191
92 214
92 217
92 254
92 281
92 308
92 313
120 149
120 130
120 136
120 155
120 161
120 162
120 191
120 195
120 204
120 214
120 217
120 254
120 308
120 313
120 316
120 324
120 333
120 346
120 383
128 293
128 20
128 136
128 177
128 204
128 236
128 316
128 333
128 341
128 346
128 162
128 29
128 191
128 214
128 217
128 254
128 281
128 308
128 313
130 374
130 149
130 20
130 80
130 118
130 135
130 136
130 148
130 155
130 161
130 162
130 176
130 177
130 180
130 191
130 195
130 217
130 233
130 236
130 242
130 258
130 281
130 308
130 333
130 341
130 383
130 388
135 149
135 148
135 176
135 177
135 195
135 204
135 239
135 341
135 162
135 383
135 308
135 313
135 324
135 353
136 247
136 314
136 293
136 149
136 84
136 118
136 67
136 153
136 155
136 161
136 162
136 176
136 177
136 180
136 195
136 204
136 217
136 236
136 242
136 267
136 280
136 308
136 324
136 333
136 356
136 394
136 397
148 149
148 176
148 177
148 195
148 204
148 239
148 308
148 353
149 293
149 5
149 46
149 29
149 84
149 93
149 118
149 161
149 162
149 165
149 176
149 177
149 180
149 195
149 204
149 217
149 233
149 236
149 239
149 242
149 254
149 281
149 313
149 324
149 341
149 346
149 388
149 394
155 314
155 293
155 374
155 46
155 20
155 28
155 35
155 75
155 84
155 139
155 161
155 164
155 177
155 180
155 195
155 239
155 242
155 252
155 341
155 399
162 293
162 20
162 118
162 176
162 180
162 195
162 204
162 239
162 242
162 341
162 346
162 29
162 93
162 214
162 254
162 281
162 308
162 313
162 324
162 353
162 397
177 293
177 118
177 176
177 180
177 195
177 204
177 217
177 233
177 236
177 239
177 281
177 308
177 313
177 316
177 333
177 341
177 346
177 383
177 392
180 118
180 176
180 29
180 93
180 195
180 217
180 236
180 242
180 254
180 281
180 313
180 316
180 324
180 341
180 346
180 389
191 233
191 333
191 214
191 254
191 308
191 313
195 293
195 161
195 176
195 67
195 93
195 153
195 204
195 225
195 232
195 236
195 308
195 341
195 346
204 293
204 118
204 29
204 217
204 233
204 236
204 242
204 258
204 281
204 301
204 313
204 316
204 324
204 333
204 341
204 346
204 383
217 176
217 233
217 236
217 333
217 346
217 29
217 214
217 281
217 308
217 313
217 324
217 388
217 389
233 29
233 281
233 313
233 346
233 383
242 118
242 161
242 176
242 184
242 236
242 29
242 33
242 67
242 308
242 313
242 324
242 346
242 383
254 118
254 176
254 29
254 214
254 281
254 308
254 313
254 324
279 316
279 333
281 293
281 176
281 236
281 341
281 29
281 214
281 93
281 308
281 313
281 324
308 293
308 176
308 236
308 333
308 341
308 346
308 383
308 29
308 313
308 388
313 293
313 176
313 236
313 333
313 341
313 346
313 383
313 214
313 324
313 353
313 388
313 389
316 118
316 176
316 236
316 82
316 333
316 341
316 383
316 394
324 118
324 176
324 236
324 341
324 346
333 293
333 161
333 176
333 236
333 346
341 293
341 236
341 239
397 118
397 224
397 344
397 10
397 69
397 77
397 119
383 20
383 118
383 346
383 353
383 392
28 345
28 387
29 118
29 161
29 176
29 236
29 346
29 214
93 118
93 236
93 346
118 293
118 176
118 236
118 346
161 293
161 374
161 20
161 84
161 346
161 356
161 400
176 293
176 20
176 127
176 214
176 236
176 346
236 35
236 239
236 258
236 346
236 353
236 388
236 394
314 56
314 97
314 105
314 189
314 269
314 271
314 289
314 299
314 9
314 184
314 293
314 319
314 346
346 293
346 239
346 153
346 310
346 356
346 394
368 293
368 46
368 230
368 132
368 158
368 245
368 372
181 67
293 35
293 46
293 59
293 67
293 75
293 84
293 107
293 139
293 153
293 171
293 179
293 190
293 214
293 225
293 229
293 241
293 252
293 270
293 285
293 306
293 310
293 342
293 344
293 356
293 374
293 380
293 394
293 399
310 247
310 184
310 267
310 387
1 37
1 56
1 88
1 97
1 104
1 105
1 173
1 189
1 199
1 265
1 271
1 286
1 289
1 291
1 299
1 312
1 319
1 352
37 47
37 56
37 97
37 104
37 131
37 173
37 189
37 271
37 286
37 291
37 299
37 319
56 47
56 97
56 104
56 131
56 173
56 189
56 247
56 265
56 271
56 286
56 289
56 352
88 47
88 39
88 87
88 97
88 105
88 131
88 146
88 159
88 173
88 265
88 269
88 271
88 291
88 299
88 312
88 319
88 327
88 347
88 369
97 105
97 173
97 189
97 269
97 271
97 291
97 299
97 319
97 352
97 363
104 173
104 265
104 269
104 271
104 286
104 289
105 47
105 25
105 53
105 55
105 63
105 72
105 76
105 87
105 90
105 124
105 141
105 146
105 166
105 172
105 185
105 186
105 189
105 203
105 247
105 250
105 253
105 286
105 289
105 291
105 299
105 347
105 363
105 369
105 396
173 47
173 131
173 265
173 269
173 271
173 286
173 289
173 291
173 299
173 319
189 39
189 90
189 247
189 269
189 271
189 286
189 291
189 312
189 319
189 327
199 146
199 186
199 39
199 55
199 76
199 90
199 172
199 291
199 299
199 327
199 347
199 369
265 269
265 271
265 291
265 319
271 47
271 131
271 146
271 186
271 247
271 269
271 53
271 63
271 76
271 90
271 110
271 124
271 141
271 159
271 172
271 251
271 253
271 263
271 289
271 291
271 299
271 319
271 363
271 367
271 369
286 47
286 131
286 146
286 186
286 269
286 30
286 39
286 53
286 55
286 61
286 63
286 90
286 110
286 123
286 124
286 141
286 159
286 172
286 203
286 234
286 250
286 251
286 253
286 263
286 289
286 291
286 312
286 327
286 347
286 367
286 369
289 47
289 131
289 269
289 291
289 299
289 312
289 352
291 247
291 269
291 25
291 53
291 55
291 61
291 87
291 90
291 159
291 166
291 185
291 250
291 299
291 312
291 319
291 347
291 352
291 369
291 396
299 47
299 146
299 186
299 247
299 25
299 30
299 53
299 55
299 63
299 72
299 76
299 110
299 124
299 159
299 172
299 250
299 251
299 253
299 263
299 312
299 319
299 327
299 347
299 352
299 363
299 369
312 47
312 146
312 186
312 247
312 269
312 55
312 76
312 87
312 90
312 250
312 327
312 347
312 352
312 363
312 369
319 47
319 131
319 146
319 186
319 90
352 131
47 55
47 61
47 146
47 172
47 186
47 247
47 269
47 327
47 347
47 363
47 369
131 186
131 269
55 146
55 186
55 90
55 347
61 146
61 42
61 53
61 72
61 185
61 363
61 396
61 39
61 90
61 141
61 150
61 327
146 39
146 76
146 90
146 172
146 186
146 247
146 250
146 269
146 327
146 347
146 369
172 186
172 247
172 53
172 72
172 183
172 396
172 141
172 150
172 166
172 39
172 68
172 90
172 203
172 250
172 253
172 327
172 367
172 369
186 25
186 39
186 53
186 72
186 76
186 90
186 110
186 124
186 141
186 150
186 166
186 183
186 185
186 234
186 247
186 250
186 251
186 263
186 269
186 327
186 347
186 363
186 367
186 369
186 396
247 3
247 9
247 25
247 42
247 53
247 142
247 150
247 166
247 184
247 267
247 269
247 280
247 282
247 363
247 387
247 396
327 363
327 90
327 110
327 124
327 234
327 250
327 251
327 347
327 367
327 39
327 76
327 123
327 63
327 369
347 53
347 141
347 30
347 110
347 124
347 203
347 234
347 250
347 251
347 263
347 39
347 63
347 76
347 123
347 218
347 223
347 253
347 367
347 369
363 42
363 53
363 183
363 185
363 39
363 68
363 76
363 90
363 110
363 124
363 150
363 159
363 166
363 203
363 234
363 250
363 251
363 253
363 263
363 367
369 90
369 124
369 250
369 251
369 76
369 218
369 63
369 223
39 90
39 110
39 124
39 234
39 250
39 263
39 76
39 123
159 183
159 166
159 90
159 250
25 3
25 42
25 53
25 72
25 150
25 183
25 185
53 3
53 42
53 72
53 90
53 141
53 150
53 166
53 185
53 396
63 367
63 76
63 223
72 42
72 141
72 150
72 183
72 185
76 203
76 234
76 263
76 367
76 223
76 253
90 141
90 30
90 110
90 123
90 124
90 218
90 223
90 234
90 251
90 253
90 263
90 367
124 30
124 110
124 123
124 203
124 218
124 250
124 251
141 185
141 396
166 42
166 183
166 185
166 150
185 3
185 42
185 150
185 396
203 30
203 218
203 251
203 367
250 30
250 234
250 223
250 251
250 263
250 367
396 3
396 183
396 68
396 150
110 30
110 123
110 218
110 234
110 251
110 263
110 362
110 367
150 42
150 183
183 3
183 42
183 68
234 123
234 251
234 263
234 367
251 30
251 218
251 367
263 123
263 362
367 30
367 123
367 218
367 362
3 42
3 96
3 142
3 320
9 142
9 267
9 280
9 387
142 152
142 280
142 282
142 322
184 280
184 356
184 387
267 239
267 280
267 387
280 282
280 322
280 387
282 322
2 198
2 262
2 351
198 351
262 23
262 102
262 168
262 283
351 283
23 283
23 175
23 237
102 283
102 237
168 323
283 106
283 112
283 237
112 301
237 175
237 349
96 275
96 320
320 103
320 121
320 122
320 126
320 207
320 221
320 245
320 264
320 274
320 275
320 337
152 219
103 121
103 122
103 126
103 129
103 207
103 221
103 245
103 264
103 278
103 337
121 129
121 207
121 245
121 264
121 278
121 337
122 126
122 129
122 207
122 221
122 245
122 264
122 274
122 278
122 337
126 221
126 245
126 264
126 274
126 278
126 337
207 129
207 221
207 245
207 264
207 274
207 278
207 337
221 129
221 264
221 274
221 278
221 337
245 129
245 264
245 274
245 278
245 337
264 274
264 337
274 129
274 278
274 337
337 129
337 278
342 20
342 27
342 374
342 393
374 27
374 225
374 232
18 239
18 8
18 10
18 69
18 77
18 101
18 119
18 140
18 224
18 298
35 59
35 75
35 84
35 107
35 139
35 144
35 164
35 179
35 190
35 197
35 225
35 229
35 238
35 270
35 285
35 399
59 11
59 75
59 84
59 95
59 107
59 139
59 144
59 164
59 165
59 171
59 179
59 197
59 225
59 229
59 238
59 241
59 252
59 276
59 285
59 306
59 359
59 377
59 399
69 239
69 344
69 10
69 77
75 11
75 26
75 41
75 84
75 95
75 139
75 169
75 171
75 197
75 225
75 229
75 238
75 252
75 276
75 306
75 399
84 11
84 41
84 95
84 139
84 144
84 165
84 190
84 225
84 229
84 238
84 241
84 252
84 276
84 285
84 306
84 328
84 377
84 380
107 399
107 41
107 26
107 95
107 144
107 164
107 171
107 179
107 197
107 229
107 238
107 276
107 377
171 225
171 399
171 164
171 190
171 229
171 285
171 306
171 380
171 276
171 222
171 359
171 377
225 165
225 27
225 232
225 285
225 306
225 399
252 399
252 41
252 139
252 144
252 164
252 179
252 197
252 229
252 285
252 306
252 95
252 169
252 377
285 241
285 399
285 41
285 85
285 139
285 144
285 179
285 190
285 197
285 229
285 95
285 276
285 306
285 380
306 165
306 11
306 41
306 139
306 144
306 164
306 179
306 190
306 197
306 229
306 95
306 169
306 359
306 377
306 380
344 356
344 8
344 140
344 224
344 298
344 340
344 77
344 101
344 119
380 399
380 41
380 139
380 144
380 179
380 190
380 197
380 229
380 238
380 95
380 276
380 377
394 153
394 375
399 241
399 11
399 41
399 139
399 144
399 164
399 179
399 190
399 229
399 238
399 276
399 359
224 239
224 8
224 140
224 77
224 101
224 119
224 298
46 5
46 20
139 241
139 11
139 41
139 26
139 95
139 164
139 169
139 190
139 197
139 222
139 229
139 276
139 359
139 377
179 165
179 241
179 11
179 41
179 144
179 95
179 169
179 190
179 197
179 229
179 238
179 276
179 377
190 165
190 11
190 41
190 144
190 164
190 95
190 197
190 229
190 238
190 276
214 388
229 165
229 241
229 11
229 85
229 144
229 164
229 95
229 238
229 270
229 276
229 334
229 359
229 377
241 165
241 197
270 41
132 158
385 71
385 206
20 393
239 77
239 140
239 400
230 235
230 395
235 329
235 395
144 11
144 85
144 197
144 238
144 334
164 95
164 238
164 259
164 276
164 359
197 11
197 41
197 26
197 95
197 238
197 276
197 334
238 26
238 95
238 334
11 41
11 85
95 26
95 169
95 276
276 41
276 26
41 169
41 328
127 51
127 154
301 66
301 371
301 19
301 143
301 365
8 140
8 174
8 228
8 326
8 361
8 373
77 140
77 101
140 10
140 101
140 119
33 384
158 372
174 298
174 326
174 361
174 373
228 298
228 340
228 361
228 373
326 298
326 340
326 361
326 373
361 340
361 373
373 298
10 101
10 119
85 334
12 24
12 43
12 66
12 70
12 99
12 134
12 167
12 170
12 227
12 246
12 272
12 338
12 348
12 354
12 358
12 360
12 391
24 43
24 66
24 70
24 81
24 91
24 99
24 134
24 137
24 160
24 167
24 170
24 202
24 215
24 246
24 272
24 338
24 348
24 354
24 358
24 360
24 391
43 48
43 66
43 70
43 91
43 99
43 134
43 137
43 167
43 170
43 202
43 215
43 246
43 272
43 338
43 348
43 358
43 360
43 391
66 48
66 70
66 91
66 99
66 137
66 160
66 202
66 215
66 246
66 272
66 338
66 348
66 354
66 391
70 91
70 99
70 134
70 137
70 170
70 246
70 272
70 338
70 348
70 354
70 360
70 391
99 48
99 91
99 134
99 137
99 160
99 167
99 202
99 338
99 354
99 358
99 391
134 48
134 91
134 137
134 160
134 167
134 200
134 202
134 215
134 246
134 272
134 358
134 360
167 48
167 91
167 137
167 202
167 215
167 246
167 338
167 358
167 360
167 391
170 91
170 137
170 202
170 215
170 272
170 338
170 348
170 360
170 391
227 114
227 151
227 193
246 48
246 91
246 137
246 160
246 202
246 215
246 200
246 272
246 348
246 354
246 358
246 360
246 391
272 48
272 91
272 137
272 160
272 202
272 338
272 354
272 358
272 360
272 391
338 48
338 91
338 137
338 160
338 202
338 215
338 81
338 354
338 358
338 360
338 391
348 48
348 91
348 137
348 160
348 215
348 354
348 358
348 360
348 391
354 48
354 91
354 137
354 160
354 202
354 215
354 19
354 200
354 358
354 360
354 391
358 48
358 91
358 137
358 160
358 202
358 215
358 360
358 391
360 48
360 91
360 137
360 202
360 391
391 48
391 91
391 137
391 160
391 200
81 48
81 160
81 200
91 48
91 137
91 160
91 202
91 215
137 48
137 160
137 215
160 48
160 200
160 202
160 215
202 48
215 48
215 200
32 114
114 151
48 200
19 273
13 182
182 323
323 365
365 143
14 371
371 335
371 244
371 249
371 255
371 256
335 268
244 249
244 255
244 256
244 376
249 309
249 376
255 256
255 376
256 376
208 22
208 98
208 163
208 178
273 311
311 175
143 295
22 98
22 163
98 384
163 384
113 125
51 154
58 219
71 206
206 292
376 216
376 307
376 309
89 243
89 366
89 378
243 290
243 300
243 378
366 300
366 290
366 378
378 300
290 300
108 350
216 307
216 309
307 309
