0 12
0 123
0 239
0 281
0 314
0 329
12 28
12 35
12 41
12 45
12 51
12 58
12 59
12 61
12 62
12 63
12 67
12 72
12 77
12 78
12 79
12 82
12 83
12 85
12 89
12 91
12 93
12 97
12 108
12 116
12 121
12 127
12 134
12 144
12 146
12 150
12 163
12 168
12 179
12 206
12 213
12 215
12 238
12 241
12 242
12 244
12 248
12 252
12 261
12 263
12 270
12 276
12 280
12 281
12 283
12 291
12 296
12 304
12 306
12 310
12 313
12 318
12 319
12 322
12 325
12 328
12 329
12 336
12 339
12 344
12 361
123 79
123 177
123 267
123 314
239 268
239 291
239 314
239 355
281 128
281 182
281 6
281 8
281 19
281 27
281 28
281 35
281 36
281 41
281 45
281 58
281 59
281 61
281 63
281 67
281 69
281 77
281 78
281 83
281 85
281 89
281 91
281 97
281 105
281 116
281 121
281 129
281 131
281 134
281 146
281 149
281 150
281 152
281 156
281 162
281 163
281 168
281 179
281 186
281 189
281 194
281 200
281 206
281 210
281 213
281 215
281 231
281 236
281 238
281 242
281 244
281 252
281 261
281 263
281 264
281 266
281 270
281 276
281 280
281 283
281 288
281 291
281 300
281 304
281 310
281 313
281 315
281 318
281 322
281 328
281 336
281 342
281 344
281 361
314 268
314 291
329 128
329 19
329 21
329 36
329 41
329 45
329 62
329 107
329 129
329 146
329 149
329 186
329 195
329 249
329 252
329 266
329 273
329 288
329 291
329 300
329 328
329 334
329 336
329 342
28 2
28 46
28 85
28 94
28 120
28 122
28 129
28 144
28 176
28 183
28 210
28 216
28 256
28 311
28 319
28 322
28 339
35 78
35 213
41 212
41 352
41 2
41 7
41 27
41 45
41 47
41 53
41 62
41 74
41 84
41 91
41 94
41 120
41 129
41 130
41 139
41 142
41 146
41 152
41 168
41 174
41 177
41 181
41 222
41 243
41 251
41 256
41 290
41 291
41 297
41 307
41 315
41 316
41 317
41 325
41 328
41 334
41 336
45 129
45 146
45 319
45 361
45 131
45 170
45 19
45 47
45 70
45 105
45 195
45 242
45 296
45 300
45 334
51 310
58 89
58 129
58 319
58 88
58 254
58 311
59 319
59 107
59 8
59 321
61 280
62 128
62 352
62 2
62 36
62 72
62 79
62 129
62 130
62 144
62 146
62 168
62 174
62 261
62 315
62 319
62 328
63 68
63 82
63 132
63 147
63 163
63 272
67 54
67 84
67 106
67 177
67 291
67 318
72 129
72 146
72 319
72 339
72 210
77 89
77 319
77 80
77 200
79 212
79 15
79 25
79 3
79 6
79 34
79 52
79 68
79 74
79 84
79 87
79 89
79 113
79 117
79 120
79 125
79 129
79 131
79 142
79 145
79 146
79 159
79 165
79 170
79 177
79 183
79 188
79 192
79 200
79 202
79 214
79 215
79 229
79 243
79 267
79 276
79 284
79 297
79 315
79 319
79 321
79 343
79 346
79 351
82 22
82 26
82 100
82 147
82 149
82 168
82 240
82 244
82 257
82 272
82 301
85 129
85 319
85 322
89 129
89 319
89 361
91 27
91 120
91 146
91 307
91 317
91 319
91 322
93 146
93 110
93 342
97 43
97 149
97 306
108 212
108 134
108 177
108 301
108 356
116 129
116 69
116 132
116 156
116 240
116 257
121 177
127 231
134 268
134 212
134 352
134 327
134 357
144 128
144 129
144 319
144 149
144 210
146 128
146 352
146 13
146 40
146 129
146 130
146 10
146 36
146 47
146 48
146 74
146 149
146 162
146 170
146 174
146 177
146 216
146 220
146 261
146 262
146 270
146 277
146 296
146 315
146 322
146 328
146 339
146 341
146 345
146 356
146 361
150 177
150 264
150 359
163 129
163 319
163 136
163 278
168 268
168 261
179 319
179 94
179 339
179 152
179 84
179 304
206 355
206 2
206 129
206 95
206 319
215 319
215 264
215 276
238 129
238 66
238 313
241 319
241 95
242 84
244 129
244 152
244 26
244 137
244 240
244 253
244 257
244 344
248 129
248 164
248 283
248 318
252 112
252 291
261 319
261 86
261 132
261 149
261 265
261 313
270 129
270 319
270 6
276 14
276 149
276 197
276 255
276 350
280 319
280 16
280 285
280 304
283 286
291 268
291 129
291 90
296 129
296 319
296 107
296 27
296 195
296 249
296 259
296 277
296 293
296 300
296 334
304 94
304 152
306 253
306 257
306 269
313 352
313 129
313 84
313 86
313 125
313 177
313 321
318 164
319 268
319 212
319 352
319 355
319 2
319 120
319 129
319 5
319 6
319 8
319 16
319 27
319 70
319 95
319 105
319 107
319 114
319 131
319 135
319 136
319 141
319 149
319 162
319 167
319 177
319 195
319 210
319 220
319 232
319 245
319 249
319 256
319 259
319 273
319 278
319 284
319 285
319 287
319 288
319 289
319 300
319 315
319 316
319 322
319 325
319 332
319 336
319 339
319 341
325 129
325 152
325 136
325 285
325 299
328 128
328 129
328 300
328 36
328 84
328 149
328 334
336 182
336 129
336 151
336 273
336 316
339 7
339 48
339 75
339 151
339 177
339 207
339 210
339 223
344 129
344 152
361 212
361 352
361 2
361 129
361 107
361 170
361 230
361 249
177 25
177 129
177 330
177 170
177 162
177 16
177 17
177 27
177 54
177 56
177 64
177 92
177 104
177 136
177 155
177 172
177 176
177 183
177 220
177 247
177 250
177 267
177 312
177 333
177 334
177 356
177 359
267 129
267 84
267 54
128 114
128 129
128 130
128 149
128 157
128 207
128 228
128 273
114 182
114 149
114 285
129 182
129 352
129 355
129 2
129 46
129 120
129 17
129 20
129 26
129 27
129 30
129 32
129 33
129 34
129 36
129 37
129 43
129 44
129 47
129 53
129 54
129 55
129 60
129 66
129 70
129 73
129 84
129 90
129 94
129 99
129 104
129 106
129 107
129 109
129 111
129 115
129 124
129 133
129 136
129 137
129 138
129 139
129 141
129 142
129 145
129 149
129 151
129 152
129 156
129 160
129 164
129 167
129 170
129 171
129 175
129 176
129 180
129 183
129 184
129 187
129 190
129 191
129 195
129 196
129 199
129 203
129 209
129 217
129 218
129 220
129 227
129 230
129 231
129 235
129 240
129 243
129 245
129 249
129 250
129 251
129 256
129 257
129 258
129 259
129 266
129 271
129 275
129 277
129 282
129 287
129 289
129 297
129 299
129 302
129 303
129 305
129 307
129 311
129 312
129 317
129 320
129 321
129 323
129 331
129 333
129 334
129 338
129 341
129 349
129 351
129 358
129 359
129 360
130 157
130 174
149 194
149 152
149 300
149 14
149 19
149 21
149 36
149 43
149 57
149 68
149 110
149 159
149 180
149 183
149 196
149 207
149 228
149 235
149 249
149 262
149 265
149 273
149 277
149 321
149 342
149 350
157 34
207 222
207 223
207 228
273 221
273 278
182 141
182 190
182 316
141 316
141 278
190 221
316 278
268 56
268 57
268 112
268 120
268 212
268 235
268 301
268 327
268 351
268 352
268 357
355 1
355 212
355 352
355 167
56 212
56 125
56 321
57 120
57 183
57 262
120 2
120 64
120 107
120 151
120 161
120 194
120 216
120 249
120 274
120 317
120 341
120 351
212 25
212 27
212 36
212 46
212 55
212 60
212 65
212 87
212 98
212 104
212 107
212 138
212 145
212 158
212 170
212 176
212 178
212 187
212 200
212 208
212 209
212 220
212 230
212 235
212 245
212 259
212 274
212 298
212 301
212 309
212 331
212 334
212 345
212 347
212 352
212 356
235 352
235 301
235 22
235 42
235 286
235 287
301 352
301 274
301 287
327 357
351 34
352 1
352 347
352 24
352 25
352 27
352 36
352 46
352 55
352 60
352 65
352 87
352 98
352 104
352 107
352 124
352 133
352 138
352 145
352 158
352 170
352 171
352 176
352 178
352 204
352 208
352 220
352 230
352 247
352 259
352 274
352 275
352 309
352 331
352 334
352 356
8 107
19 315
19 21
19 284
27 231
27 84
27 249
27 53
27 176
36 73
36 218
36 334
105 131
152 94
156 240
156 257
162 84
162 220
186 49
186 342
194 107
194 4
194 125
194 219
194 321
194 349
200 107
200 87
200 249
210 48
231 90
236 288
300 107
300 18
300 175
300 195
300 249
300 332
300 340
315 70
315 284
342 110
107 46
107 165
107 346
107 3
107 4
107 20
107 33
107 64
107 65
107 81
107 87
107 98
107 101
107 102
107 103
107 118
107 140
107 173
107 192
107 204
107 208
107 209
107 219
107 229
107 230
107 249
107 259
107 292
107 298
107 309
107 358
107 360
195 222
249 46
249 165
249 20
249 65
249 81
249 98
249 102
249 118
249 140
249 161
249 173
249 204
249 208
249 309
249 320
249 359
249 360
334 84
334 223
1 347
347 23
347 170
25 2
25 84
25 104
46 2
46 145
46 183
46 230
46 245
46 259
46 311
55 37
60 98
60 303
65 81
65 171
87 33
104 84
138 309
138 349
145 170
145 84
145 258
145 259
158 118
170 40
170 113
170 165
170 52
170 10
170 23
170 74
170 192
170 220
170 226
170 284
170 324
170 345
176 84
176 122
178 117
178 209
187 360
208 101
209 359
220 275
245 183
245 311
245 289
259 84
259 222
259 125
259 321
259 332
274 2
274 216
309 102
331 109
331 204
345 183
345 188
356 84
23 324
24 199
124 271
133 70
133 260
247 84
247 335
247 275
2 76
2 139
2 166
2 174
2 193
2 237
2 307
2 317
2 343
2 346
76 193
76 237
139 307
166 193
174 143
174 95
193 237
307 317
317 161
317 191
317 253
317 257
343 113
343 229
346 113
346 326
13 165
165 113
165 3
165 216
165 320
165 360
15 256
15 290
290 151
84 16
84 17
84 54
84 92
84 136
84 155
84 172
84 183
84 202
84 203
84 308
84 333
84 359
94 7
94 181
183 50
183 155
183 160
183 188
183 203
183 205
183 217
183 250
183 262
183 333
311 148
7 181
74 243
142 17
142 297
222 115
222 71
222 125
222 305
243 312
3 113
3 292
3 326
52 9
52 214
52 226
113 192
117 321
117 140
125 219
125 199
125 37
125 38
125 101
125 103
125 140
125 172
125 173
125 184
125 271
125 303
125 321
159 143
159 354
188 50
192 326
192 332
202 160
229 103
284 323
321 219
321 199
321 102
321 38
321 101
321 103
321 118
321 140
321 172
321 173
321 184
321 271
321 303
321 349
64 172
151 75
26 137
30 155
30 160
30 196
30 203
32 287
37 102
43 246
44 66
44 234
44 282
44 302
66 234
66 282
73 218
99 308
106 135
109 81
111 246
136 285
136 312
160 155
175 18
175 169
175 119
175 198
175 340
180 232
180 277
184 173
191 253
191 257
191 269
196 155
196 203
196 224
196 250
196 333
199 101
203 224
203 333
227 337
250 155
250 333
271 118
302 234
303 103
305 50
305 71
320 153
338 9
338 153
143 354
48 223
253 269
332 326
332 80
326 292
292 38
4 219
219 172
11 29
11 96
11 353
29 96
29 225
29 279
29 295
96 225
96 279
353 279
353 348
225 279
225 295
279 126
279 18
279 132
279 233
279 295
279 348
126 185
126 233
126 348
185 348
233 18
18 169
132 147
132 272
147 100
147 272
272 100
22 42
100 198
265 31
14 350
197 255
340 119
92 308
169 119
42 294
39 335
154 211
246 201
