368
775
1085
177
358
28
603
146
814
573
650
666
902
105
158
467
95
746
371
455
906
881
734
627
980
58
77
462
632
92
764
975
223
525
987
796
481
408
448
853
920
561
229
599
417
106
262
373
419
416
875
772
724
636
166
1012
297
767
1027
737
551
1116
707
831
931
71
1086
406
125
994
532
1109
423
300
740
704
945
288
204
703
25
465
1015
127
859
912
862
756
197
182
370
1080
790
634
411
140
247
152
991
968
671
10
377
480
834
236
493
349
89
787
412
1114
779
291
218
635
388
610
397
1029
924
290
195
990
579
39
439
72
32
612
690
700
96
524
631
899
617
447
905
540
473
519
850
922
306
348
492
200
757
248
42
41
806
293
839
457
274
1021
233
684
804
803
194
1013
22
446
1056
501
374
503
516
453
800
323
907
1078
584
26
78
276
112
407
930
538
207
425
828
102
317
656
531
713
463
844
424
164
1076
895
393
794
507
909
849
549
727
100
426
511
962
1081
116
335
292
254
789
663
854
841
536
879
708
1007
65
281
499
917
1003
159
670
328
357
395
386
244
66
641
54
1033
319
1073
81
908
261
1113
322
1063
392
53
273
590
438
227
70
918
282
961
237
310
206
838
846
939
891
440
150
782
647
403
556
604
801
626
327
557
587
1099
578
318
639
929
533
774
970
324
255
167
302
677
658
867
471
2
184
286
569
926
843
694
911
898
827
264
805
669
101
730
855
14
919
224
181
342
350
30
337
680
504
213
422
175
219
68
673
517
11
741
745
515
672
37
1059
607
518
188
560
172
196
725
698
