0 215
215 198
215 36
215 253
215 317
215 333
215 339
215 340
215 446
215 467
198 100
198 156
198 253
198 278
198 315
198 317
198 340
198 421
198 467
198 494
100 315
100 421
100 211
100 351
100 214
100 62
100 278
100 61
100 275
100 489
100 158
100 407
100 70
100 126
100 145
100 178
100 230
100 290
100 292
100 294
100 303
100 377
100 395
100 414
100 482
100 497
156 1
156 78
156 13
156 99
156 222
156 278
156 285
156 307
156 333
156 351
156 367
156 421
156 473
253 344
253 317
253 467
253 494
278 315
278 421
278 317
278 61
278 116
278 145
278 275
278 467
278 493
278 494
315 1
315 99
315 222
315 273
315 307
315 339
315 460
315 473
317 340
317 36
317 344
317 409
317 213
317 351
317 467
340 328
340 344
340 409
340 467
340 494
421 285
421 339
421 99
421 222
421 307
421 319
421 470
467 36
467 459
467 494
494 36
494 473
494 459
494 348
494 138
36 1
36 13
36 78
36 331
36 333
36 339
36 351
36 362
36 367
36 423
36 446
36 459
36 470
36 473
333 78
333 99
333 179
333 181
333 319
333 325
333 330
333 351
333 404
333 427
333 443
333 446
333 459
333 470
333 473
339 1
339 285
339 34
339 42
339 97
339 99
339 109
339 127
339 145
339 217
339 222
339 240
339 265
339 288
339 319
339 342
339 446
339 459
339 460
328 211
328 21
328 281
328 149
328 365
344 110
344 173
344 206
344 247
344 255
344 263
344 409
344 478
409 459
409 12
409 247
409 255
409 334
409 362
409 464
1 78
1 460
1 470
78 181
78 222
78 240
78 285
78 470
460 285
470 285
470 99
470 181
470 222
470 234
470 240
470 319
470 427
470 432
13 473
13 17
13 33
13 72
13 201
13 206
13 255
13 458
13 477
331 285
331 277
331 459
331 273
331 50
331 343
331 353
331 376
331 423
351 314
351 473
351 211
351 121
351 138
351 214
351 367
351 480
351 496
362 285
362 473
362 24
362 293
362 423
362 445
367 473
423 473
423 325
459 285
459 277
459 11
459 347
473 285
473 124
473 307
473 314
473 30
473 42
473 127
473 135
473 186
473 252
473 265
473 273
473 309
473 319
473 342
473 348
473 404
473 493
181 240
181 404
181 179
222 285
222 307
222 240
222 319
240 285
240 37
240 99
240 252
240 319
240 404
240 427
285 99
285 319
285 427
99 307
99 319
307 10
319 179
319 309
427 356
427 173
427 247
273 31
273 57
273 172
273 227
273 245
273 252
273 286
273 287
273 321
273 323
273 330
273 349
273 353
273 402
325 24
330 311
330 168
330 235
330 227
330 402
330 493
404 252
404 55
404 183
404 193
404 353
404 84
404 411
404 462
443 432
443 182
443 216
443 498
443 126
443 190
34 11
34 74
34 73
34 109
34 217
34 265
34 288
34 304
34 358
42 127
97 429
97 109
97 73
97 171
97 178
97 217
97 265
97 274
97 276
97 406
97 474
109 332
109 74
109 93
109 73
109 143
109 185
109 260
109 276
109 324
109 358
145 116
145 290
145 493
217 194
217 265
217 288
265 277
265 288
234 203
234 471
234 232
234 406
234 431
234 80
234 130
234 202
234 242
234 372
432 26
432 149
432 264
432 266
432 384
432 398
432 419
2 14
2 27
2 90
2 277
2 332
14 27
14 332
27 332
90 32
90 199
90 405
277 124
277 7
277 30
277 86
277 131
277 135
277 154
277 167
277 191
277 211
277 282
277 383
277 385
277 387
277 426
277 429
332 461
32 16
405 124
124 30
124 93
124 135
124 136
124 191
124 401
93 16
93 35
93 135
93 174
93 191
93 272
93 442
135 131
135 426
135 358
135 235
135 385
135 152
135 186
135 227
135 293
135 383
135 493
136 92
136 19
136 54
136 85
136 297
136 311
191 86
191 480
7 74
7 88
7 131
86 128
86 11
86 298
86 205
86 282
86 374
86 383
86 444
86 450
131 134
131 143
131 154
131 360
131 385
154 134
154 385
167 6
167 298
211 11
211 426
211 77
211 121
211 214
211 281
211 304
211 318
211 397
211 489
282 374
282 387
282 450
383 293
385 74
387 88
387 426
387 450
426 128
426 148
426 56
426 324
426 429
426 465
429 128
429 12
429 56
429 68
429 121
429 178
429 304
429 318
429 324
429 336
429 450
461 141
461 29
3 128
3 244
3 300
128 56
128 374
128 450
128 465
56 88
374 94
465 16
465 479
162 444
444 106
444 205
4 259
4 280
4 350
4 352
4 422
259 306
259 350
280 117
280 306
280 408
280 440
350 440
422 412
117 378
440 412
412 8
412 490
5 38
5 207
5 430
38 207
38 381
38 430
207 381
207 399
207 430
430 381
430 228
430 308
430 341
430 479
381 399
381 479
399 91
399 180
479 341
91 341
180 58
180 104
308 341
6 11
6 298
11 106
11 298
106 9
106 205
106 357
106 455
106 484
74 148
74 218
74 249
74 260
74 358
88 82
88 148
88 447
218 358
218 260
218 447
249 358
260 358
260 324
260 447
358 118
358 47
358 129
358 233
358 276
358 293
358 313
358 413
358 447
447 81
143 455
143 463
143 75
143 239
143 378
360 455
360 239
8 146
8 490
490 104
490 452
490 453
104 403
452 403
452 439
452 453
453 403
453 439
455 75
455 137
455 239
484 94
484 41
314 61
314 69
314 126
314 155
314 163
314 182
314 189
314 216
314 221
314 229
314 275
314 292
314 296
314 329
314 414
314 496
61 214
61 47
61 275
61 296
69 203
69 243
69 95
69 329
126 275
126 155
126 292
126 395
126 230
126 414
126 190
126 309
126 382
155 451
155 60
155 103
155 108
155 182
155 216
155 292
163 258
163 313
182 397
182 275
182 103
182 108
182 158
182 76
182 216
182 294
182 309
182 395
182 498
189 221
189 258
189 103
189 495
189 151
189 345
216 279
216 451
216 60
216 158
216 411
216 417
221 223
221 415
221 46
221 151
221 242
221 254
221 256
221 284
221 313
229 414
275 121
275 47
275 377
275 395
275 431
275 496
275 497
292 160
292 203
292 169
292 230
292 256
292 296
292 497
296 382
296 496
329 433
414 70
414 230
414 290
186 442
186 493
186 152
252 37
252 84
252 309
252 377
252 402
309 395
309 411
309 462
309 457
309 142
309 208
309 417
348 289
348 397
348 219
348 451
348 20
348 204
348 262
348 294
348 322
348 338
348 373
348 394
348 480
493 116
493 338
73 312
73 472
304 21
304 121
304 209
304 214
304 241
304 40
304 62
304 295
304 301
304 318
304 472
77 21
77 121
77 209
77 281
121 21
121 209
121 281
214 397
214 21
214 209
214 295
214 393
281 21
281 51
281 113
281 192
281 318
281 326
281 389
281 438
281 464
281 489
318 21
318 241
318 51
318 113
318 178
318 464
397 15
397 92
397 153
397 18
397 76
397 83
397 132
397 194
397 245
397 400
397 451
397 480
489 51
489 113
489 464
489 398
347 213
110 468
173 206
173 255
173 243
173 247
173 263
173 264
206 17
206 247
206 255
206 356
206 445
206 477
247 255
247 356
247 243
247 263
247 264
255 72
255 149
255 243
255 263
255 356
255 365
255 368
255 424
255 477
263 243
478 63
478 293
478 445
464 51
464 113
178 62
17 356
17 477
33 72
33 89
33 326
33 365
72 89
72 368
72 424
201 458
458 89
458 356
458 335
458 398
477 356
356 346
356 398
89 149
89 326
89 384
89 398
89 419
326 267
326 301
326 389
326 406
326 428
365 24
365 468
424 24
424 44
149 24
149 266
149 398
149 419
149 468
384 398
384 419
398 202
398 346
419 266
243 59
243 160
243 203
243 95
243 187
243 232
243 433
243 472
480 120
480 258
480 375
480 400
480 60
480 140
480 176
480 254
480 284
480 313
480 396
346 267
346 165
346 202
118 87
118 276
87 276
276 472
276 125
15 153
15 188
15 210
15 289
15 466
153 142
153 303
188 283
188 289
210 123
210 236
210 371
210 418
210 466
289 212
289 262
289 283
466 251
466 236
466 371
466 418
92 19
92 71
92 83
92 168
92 245
92 311
92 434
92 483
19 311
71 161
71 184
71 197
71 483
71 485
83 18
83 20
83 23
83 105
83 119
83 219
83 316
83 361
83 366
83 386
83 415
168 311
168 31
168 35
168 132
168 245
168 321
168 327
168 457
245 394
245 54
245 39
245 132
245 142
245 161
245 172
245 323
245 457
311 35
311 286
311 287
311 323
434 142
434 200
483 337
142 376
142 132
142 457
142 200
142 417
303 158
303 407
283 212
123 415
123 418
123 371
236 251
236 415
236 43
236 46
236 195
236 66
236 257
236 361
236 437
236 476
371 418
418 415
418 43
418 195
418 361
418 476
251 476
476 49
476 219
476 415
476 43
476 46
476 195
476 257
476 437
212 262
262 219
262 454
18 49
18 219
18 223
18 279
18 316
18 366
18 415
18 451
76 364
76 294
132 172
132 323
132 294
400 49
400 53
400 150
451 49
451 223
451 269
451 294
16 122
16 133
16 159
16 174
16 220
16 388
16 391
16 481
122 112
122 388
133 54
133 67
133 220
133 388
159 67
159 302
159 388
174 220
174 237
174 391
220 49
220 67
220 196
220 237
220 310
220 388
220 391
388 112
481 67
35 31
35 286
35 327
272 49
272 448
54 37
54 67
54 85
67 302
237 196
49 170
49 219
49 225
49 269
49 361
49 448
49 469
196 39
196 85
196 297
219 119
219 223
219 396
223 105
223 140
223 254
223 258
223 284
223 363
223 366
279 119
279 23
279 316
279 366
279 372
279 415
279 498
316 119
316 23
316 366
316 415
366 105
366 415
415 119
415 23
415 46
415 195
415 231
415 242
415 250
415 437
415 469
415 486
170 66
170 147
225 261
269 108
269 140
269 254
361 43
361 195
361 416
361 437
448 291
448 204
448 322
448 373
469 20
469 250
20 250
20 394
20 454
23 105
386 66
386 147
396 337
140 375
140 254
140 256
140 284
258 48
258 166
258 150
258 256
258 284
258 313
258 363
258 375
258 491
284 363
284 375
284 313
284 256
284 176
363 120
363 375
363 491
372 242
498 364
498 107
498 115
498 256
46 43
46 195
46 416
195 416
231 394
242 107
294 364
85 39
85 297
297 327
297 39
286 31
286 287
287 31
323 57
323 111
323 157
323 197
323 457
454 224
204 373
204 338
204 246
204 322
322 291
322 338
322 246
338 291
338 373
373 291
373 144
373 246
224 166
224 65
224 233
224 313
224 435
21 209
21 241
209 241
295 47
295 59
295 203
295 274
295 301
295 355
295 359
295 393
295 433
295 456
295 474
393 456
393 171
51 113
192 165
192 380
192 428
389 165
389 380
389 428
389 438
438 165
438 380
438 428
40 25
62 25
301 238
301 406
301 355
472 47
472 59
472 98
472 160
472 203
472 433
472 187
22 26
22 28
26 28
26 102
102 164
24 44
29 45
45 299
299 320
299 369
299 390
31 327
457 172
457 377
457 411
57 172
227 235
227 402
349 353
349 402
353 55
353 183
353 193
353 84
353 402
402 235
267 103
267 165
406 395
406 474
428 165
171 456
171 268
171 410
274 474
474 355
47 59
47 160
47 177
47 370
47 433
47 471
233 370
233 65
313 491
313 65
313 151
313 176
313 435
413 370
413 435
50 235
343 235
376 55
376 183
376 420
84 305
84 411
377 158
377 407
161 111
161 197
161 337
161 354
161 485
161 492
416 257
256 375
59 95
59 160
59 203
59 238
59 359
160 98
160 169
160 187
160 203
160 232
433 203
433 95
433 187
433 232
433 238
433 441
471 431
471 488
95 232
203 79
203 169
203 230
203 232
203 359
203 441
238 79
238 101
238 139
238 355
238 441
238 475
169 230
169 382
187 232
187 441
232 101
232 114
232 355
232 449
79 475
230 497
230 70
230 290
230 382
441 101
441 355
395 431
395 497
431 64
431 80
431 497
497 382
456 268
456 410
268 410
48 120
48 166
48 375
48 491
120 150
120 364
120 375
120 491
120 495
166 491
375 150
375 491
491 150
150 495
364 60
364 158
364 407
364 495
495 103
495 65
495 435
495 130
52 487
108 103
291 246
55 183
183 193
193 462
462 305
462 411
462 208
420 379
411 158
411 305
411 208
411 417
75 239
239 378
111 197
197 184
114 449
60 103
60 158
60 407
158 200
158 425
407 425
200 226
200 417
200 436
290 382
80 130
65 435
184 337
107 115
107 175
115 248
305 208
96 226
226 271
165 380
403 439
248 392
436 270
