19
589
354
104
709
141
156
145
222
125
97
67
632
133
397
39
82
11
165
452
349
135
325
251
149
63
60
634
22
103
79
350
261
107
121
16
266
119
128
583
314
28
5
65
237
419
75
144
321
140
77
83
114
326
143
180
40
88
33
123
701
152
76
52
671
96
1
158
102
68
58
94
338
692
14
122
407
708
163
292
492
126
693
518
260
15
84
18
414
499
299
676
138
99
78
200
182
192
131
3
662
89
49
521
101
56
32
263
46
69
98
591
95
316
633
120
13
118
228
167
202
41
619
116
74
124
620
81
151
220
108
45
66
47
62
35
223
73
64
134
127
584
172
113
51
90
20
85
110
446
0
29
700
61
297
621
111
80
48
31
710
42
55
665
91
317
256
57
162
683
374
302
183
34
70
112
106
59
331
24
139
130
50
635
72
300
362
117
706
146
9
201
396
71
12
425
150
105
195
137
159
587
394
196
136
213
53
447
17
109
174
2
54
