0 75
0 140
75 36
75 53
75 95
75 140
36 38
36 8
36 27
36 41
53 95
1 7
1 25
1 38
1 58
1 63
1 87
1 111
1 129
7 11
7 51
7 58
7 82
7 99
7 144
25 82
58 82
63 87
63 91
63 111
63 129
87 32
87 91
111 32
111 91
111 129
129 32
129 91
11 48
51 3
51 42
51 23
51 30
51 33
51 35
51 39
51 44
51 64
51 65
51 70
51 99
51 116
51 117
51 120
51 124
51 125
51 131
51 138
51 144
51 149
51 150
82 4
82 24
82 37
82 90
82 91
82 126
99 3
99 17
99 70
99 35
99 73
99 77
99 86
99 94
99 100
99 120
99 149
99 150
144 116
40 118
118 47
118 135
118 141
47 88
47 91
4 10
4 24
4 37
4 90
4 126
24 10
24 37
24 90
24 126
37 10
37 5
37 6
37 90
37 126
90 5
90 126
126 10
135 31
135 141
2 112
112 9
112 61
9 71
9 96
71 50
71 83
71 96
61 106
61 46
61 84
61 145
61 148
3 17
3 149
17 42
17 70
17 116
17 138
17 149
149 70
149 138
42 68
42 70
42 86
42 116
42 138
70 45
70 60
70 77
70 116
70 122
70 132
70 138
116 35
116 43
116 44
116 57
116 59
116 64
116 68
116 73
116 77
116 80
116 86
116 94
116 100
116 101
116 109
116 138
68 86
23 55
23 105
23 33
23 124
30 123
30 19
30 54
30 117
30 121
33 55
35 120
39 131
39 65
44 120
64 150
65 131
124 66
124 78
124 29
124 127
125 105
131 12
131 55
131 123
131 19
131 137
131 142
45 21
45 60
45 97
45 132
45 134
60 13
77 73
132 13
73 67
73 101
94 100
57 62
57 80
57 93
57 109
57 110
57 133
80 62
80 92
80 93
80 109
109 93
10 5
8 27
8 115
27 56
27 115
50 83
12 123
123 55
123 19
123 142
55 105
105 16
105 66
105 78
105 127
19 137
142 137
142 49
142 103
137 49
21 97
21 104
97 134
134 104
14 20
14 22
14 85
14 146
20 81
20 85
20 146
22 81
22 85
22 146
146 89
146 102
146 113
81 113
113 89
89 102
89 108
102 108
15 106
106 46
46 145
16 66
16 67
16 76
16 98
66 78
67 76
78 29
78 127
18 69
18 114
69 34
69 54
69 114
69 121
34 121
34 52
34 74
54 121
121 28
121 74
121 128
121 143
49 103
103 72
103 119
103 130
26 147
28 128
28 139
128 139
74 136
145 84
145 148
148 79
119 107
119 130
130 107
110 133
