282
62
365
68
264
366
359
322
249
245
126
297
87
79
117
279
105
323
21
210
235
173
251
174
24
69
6
78
218
71
236
350
246
367
102
151
148
191
116
253
41
145
327
162
374
342
209
285
113
370
230
67
183
194
207
124
149
140
266
341
26
171
182
352
336
337
97
46
283
316
84
17
13
57
313
5
307
187
328
299
334
0
164
291
302
257
325
198
114
150
152
92
143
36
260
280
234
160
269
288
351
25
15
293
14
221
4
33
144
258
259
3
180
1
95
315
364
175
214
247
131
129
56
98
211
119
31
53
168
22
54
176
61
292
232
132
104
208
256
203
75
93
317
64
347
120
29
308
219
298
40
106
147
217
154
309
130
141
81
195
242
196
326
108
356
128
30
333
83
331
45
28
353
112
2
193
319
184
215
172
127
349
123
32
330
135
158
220
72
