0 43
0 168
0 203
0 225
0 363
0 444
0 600
1 24
1 28
1 40
1 49
1 56
1 58
1 198
1 201
1 266
1 306
1 360
1 381
1 382
1 384
1 395
1 417
1 455
1 480
1 534
1 539
1 540
1 546
1 570
1 594
1 595
2 26
2 96
2 104
2 109
2 149
2 159
2 162
2 172
2 183
2 227
2 252
2 262
2 284
2 301
2 354
2 389
2 392
2 416
2 420
2 422
2 423
2 450
2 457
2 477
2 502
2 524
2 529
2 556
2 561
2 573
3 45
3 55
3 68
3 78
3 86
3 92
3 106
3 116
3 117
3 119
3 135
3 166
3 230
3 270
3 311
3 336
3 350
3 424
3 431
3 434
3 458
3 527
3 538
3 553
3 554
3 566
4 27
4 41
4 46
4 47
4 73
4 91
4 99
4 134
4 138
4 144
4 188
4 192
4 193
4 231
4 233
4 249
4 258
4 271
4 277
4 294
4 314
4 321
4 340
4 366
4 367
4 377
4 401
4 426
4 436
4 495
4 499
4 500
4 518
4 549
5 15
5 25
5 112
5 322
5 466
5 536
5 568
6 352
6 358
6 452
7 26
7 88
7 149
7 162
7 172
7 251
7 389
7 392
7 416
7 422
7 457
7 477
7 524
7 556
7 581
8 18
8 85
8 115
8 129
8 157
8 164
8 177
8 216
8 247
8 272
8 276
8 405
8 409
8 446
8 456
8 459
8 460
8 498
9 19
9 37
9 38
9 103
9 124
9 170
9 182
9 196
9 242
9 248
9 255
9 299
9 305
9 316
9 400
9 412
9 437
9 530
9 544
9 564
9 571
10 118
10 189
10 241
10 261
10 418
10 427
10 493
11 21
11 24
11 46
11 47
11 52
11 58
11 74
11 75
11 87
11 90
11 94
11 98
11 102
11 142
11 154
11 173
11 185
11 195
11 204
11 206
11 207
11 212
11 222
11 239
11 266
11 277
11 281
11 314
11 317
11 321
11 326
11 332
11 334
11 340
11 368
11 414
11 415
11 430
11 447
11 472
11 482
11 484
11 495
11 497
11 526
12 441
12 560
13 14
13 355
14 355
14 404
15 25
15 77
15 95
15 112
15 121
15 137
15 150
15 191
15 322
15 356
15 411
15 432
15 466
15 469
15 475
15 479
15 491
15 532
15 536
15 568
16 124
16 182
16 196
16 248
16 564
17 63
17 114
17 143
17 160
17 176
17 254
17 288
17 320
17 342
17 353
17 373
17 386
17 406
17 557
18 85
18 115
18 129
18 146
18 157
18 164
18 177
18 216
18 238
18 247
18 272
18 274
18 276
18 328
18 405
18 406
18 409
18 446
18 456
18 459
18 460
18 498
18 576
19 37
19 38
19 103
19 124
19 170
19 182
19 196
19 242
19 248
19 255
19 299
19 305
19 316
19 400
19 412
19 437
19 486
19 520
19 530
19 544
19 551
19 564
19 571
20 21
20 24
20 28
20 33
20 49
20 52
20 53
20 56
20 58
20 65
20 74
20 75
20 80
20 87
20 89
20 90
20 94
20 102
20 126
20 128
20 141
20 142
20 151
20 154
20 173
20 181
20 185
20 195
20 204
20 206
20 207
20 212
20 222
20 239
20 240
20 260
20 266
20 268
20 277
20 279
20 290
20 304
20 314
20 317
20 323
20 326
20 332
20 334
20 340
20 368
20 370
20 414
20 415
20 419
20 421
20 430
20 447
20 449
20 472
20 481
20 482
20 484
20 492
20 495
20 497
20 526
20 540
20 575
20 583
20 594
20 598
21 24
21 33
21 35
21 46
21 49
21 52
21 58
21 74
21 75
21 87
21 90
21 94
21 98
21 99
21 102
21 138
21 141
21 142
21 151
21 154
21 173
21 185
21 188
21 193
21 204
21 206
21 207
21 212
21 222
21 236
21 240
21 249
21 260
21 268
21 271
21 277
21 314
21 317
21 321
21 323
21 326
21 332
21 334
21 340
21 401
21 414
21 415
21 419
21 430
21 447
21 449
21 464
21 468
21 472
21 481
21 482
21 484
21 488
21 495
21 497
21 518
21 526
21 539
21 540
21 549
21 583
21 594
22 140
22 253
22 401
22 442
22 467
22 472
23 203
23 225
23 339
23 363
23 372
23 402
23 444
23 501
23 514
23 517
23 540
23 579
24 28
24 32
24 33
24 40
24 46
24 49
24 52
24 53
24 56
24 58
24 74
24 75
24 76
24 84
24 87
24 90
24 94
24 98
24 102
24 126
24 128
24 141
24 142
24 145
24 151
24 154
24 155
24 173
24 181
24 185
24 186
24 192
24 195
24 198
24 204
24 206
24 207
24 212
24 222
24 225
24 236
24 240
24 245
24 260
24 266
24 268
24 269
24 277
24 285
24 287
24 290
24 304
24 306
24 309
24 314
24 317
24 323
24 326
24 332
24 334
24 335
24 340
24 368
24 376
24 380
24 381
24 382
24 384
24 395
24 414
24 415
24 417
24 419
24 428
24 430
24 447
24 449
24 455
24 472
24 480
24 481
24 482
24 484
24 492
24 495
24 497
24 511
24 526
24 533
24 534
24 539
24 540
24 546
24 555
24 583
24 594
24 595
25 112
25 322
25 407
25 466
25 536
25 568
26 81
26 88
26 149
26 162
26 172
26 224
26 227
26 315
26 388
26 389
26 392
26 416
26 422
26 457
26 477
26 524
26 548
26 556
26 561
26 590
27 40
27 46
27 47
27 49
27 58
27 99
27 134
27 188
27 193
27 222
27 231
27 258
27 260
27 306
27 321
27 332
27 346
27 381
27 417
27 436
27 506
27 511
27 533
27 539
27 540
27 549
27 555
27 595
28 33
28 35
28 40
28 49
28 52
28 53
28 56
28 58
28 65
28 74
28 76
28 87
28 98
28 126
28 141
28 145
28 151
28 154
28 181
28 185
28 192
28 195
28 198
28 201
28 206
28 212
28 222
28 239
28 240
28 260
28 266
28 269
28 277
28 285
28 300
28 306
28 317
28 326
28 332
28 334
28 371
28 375
28 395
28 397
28 415
28 417
28 419
28 428
28 430
28 447
28 449
28 464
28 472
28 480
28 481
28 482
28 484
28 492
28 495
28 511
28 526
28 539
28 540
28 555
28 570
28 583
28 594
28 595
29 202
29 244
29 267
29 286
29 404
29 599
30 33
30 76
30 185
30 266
30 285
30 419
30 594
31 67
31 150
31 237
31 267
31 532
31 535
32 40
32 198
32 243
32 266
32 287
32 306
32 480
32 511
32 533
32 539
33 49
33 52
33 58
33 74
33 76
33 87
33 94
33 98
33 102
33 113
33 133
33 141
33 142
33 151
33 154
33 155
33 161
33 173
33 181
33 185
33 192
33 195
33 204
33 206
33 207
33 212
33 222
33 239
33 240
33 260
33 266
33 269
33 277
33 285
33 287
33 290
33 306
33 307
33 314
33 317
33 326
33 332
33 334
33 340
33 346
33 397
33 414
33 415
33 419
33 428
33 430
33 447
33 471
33 472
33 480
33 481
33 482
33 484
33 488
33 492
33 495
33 497
33 511
33 526
33 540
33 575
33 583
33 594
34 39
34 66
34 219
34 312
34 344
35 52
35 74
35 75
35 90
35 94
35 128
35 142
35 154
35 185
35 195
35 212
35 304
35 317
35 323
35 326
35 334
35 340
35 370
35 414
35 415
35 419
35 430
35 447
35 472
35 482
35 484
35 495
35 497
35 526
35 575
35 583
35 598
36 39
36 66
36 178
36 219
36 234
36 312
36 344
36 361
36 364
36 487
36 531
36 569
36 591
36 593
37 38
37 103
37 124
37 170
37 182
37 196
37 242
37 248
37 255
37 299
37 305
37 316
37 400
37 412
37 438
37 486
37 520
37 530
37 544
37 551
37 564
37 571
38 103
38 124
38 170
38 182
38 196
38 242
38 248
38 255
38 299
38 305
38 316
38 400
38 412
38 438
38 486
38 520
38 530
38 544
38 551
38 564
38 571
39 66
39 178
39 204
39 219
39 234
39 312
39 344
39 361
39 364
39 487
39 526
39 531
39 591
39 593
40 44
40 49
40 58
40 123
40 141
40 152
40 186
40 198
40 228
40 245
40 266
40 303
40 306
40 335
40 381
40 382
40 384
40 395
40 417
40 433
40 455
40 463
40 480
40 506
40 510
40 511
40 533
40 534
40 539
40 540
40 546
40 555
40 583
40 595
41 46
41 47
41 73
41 91
41 99
41 134
41 138
41 144
41 192
41 231
41 233
41 249
41 258
41 271
41 294
41 321
41 366
41 367
41 401
41 403
41 426
41 436
41 472
41 495
41 499
41 500
41 508
41 518
41 528
41 549
42 72
42 167
42 313
42 337
42 357
42 362
42 399
42 425
42 445
42 503
42 519
42 523
43 168
43 203
43 225
43 260
43 363
43 397
43 444
43 488
43 600
44 79
44 123
44 165
44 198
44 228
44 243
44 245
44 303
44 306
44 381
44 382
44 384
44 395
44 396
44 413
44 417
44 433
44 455
44 470
44 480
44 510
44 511
44 533
44 534
44 539
44 555
44 595
45 55
45 68
45 78
45 86
45 92
45 106
45 116
45 117
45 119
45 135
45 230
45 270
45 311
45 336
45 350
45 424
45 431
45 434
45 458
45 527
45 538
45 553
45 554
45 566
46 47
46 49
46 58
46 64
46 73
46 91
46 99
46 111
46 134
46 138
46 144
46 151
46 152
46 154
46 188
46 192
46 193
46 195
46 204
46 206
46 207
46 222
46 231
46 233
46 236
46 240
46 249
46 253
46 258
46 260
46 271
46 277
46 285
46 294
46 295
46 300
46 306
46 314
46 317
46 321
46 332
46 340
46 346
46 352
46 366
46 367
46 368
46 376
46 377
46 401
46 403
46 415
46 417
46 426
46 436
46 468
46 472
46 481
46 482
46 484
46 492
46 494
46 495
46 499
46 500
46 506
46 508
46 511
46 515
46 518
46 526
46 528
46 539
46 540
46 549
46 555
47 64
47 73
47 91
47 99
47 111
47 134
47 138
47 144
47 188
47 192
47 193
47 207
47 231
47 233
47 236
47 249
47 258
47 271
47 277
47 294
47 306
47 314
47 317
47 321
47 352
47 366
47 367
47 368
47 377
47 401
47 403
47 415
47 426
47 436
47 472
47 484
47 495
47 499
47 500
47 508
47 515
47 518
47 528
47 549
48 101
48 107
48 211
48 218
48 244
48 283
48 289
48 291
48 331
48 516
48 559
49 52
49 56
49 58
49 74
49 75
49 76
49 90
49 94
49 98
49 126
49 141
49 142
49 151
49 152
49 154
49 168
49 173
49 181
49 185
49 192
49 195
49 198
49 204
49 206
49 212
49 222
49 225
49 228
49 239
49 260
49 266
49 277
49 279
49 285
49 287
49 306
49 314
49 317
49 326
49 332
49 334
49 340
49 375
49 381
49 382
49 384
49 395
49 415
49 417
49 419
49 428
49 430
49 433
49 444
49 472
49 480
49 481
49 484
49 492
49 494
49 495
49 497
49 506
49 510
49 511
49 526
49 533
49 539
49 540
49 546
49 555
49 583
49 594
49 595
50 97
50 120
50 122
50 158
50 167
50 210
50 215
50 327
50 333
50 337
50 357
50 362
50 399
50 425
50 453
50 503
51 198
51 395
51 433
51 534
51 546
52 53
52 58
52 74
52 75
52 76
52 80
52 83
52 87
52 89
52 90
52 91
52 94
52 98
52 102
52 110
52 126
52 128
52 141
52 142
52 154
52 171
52 173
52 181
52 185
52 195
52 204
52 206
52 207
52 212
52 222
52 236
52 239
52 240
52 258
52 260
52 266
52 268
52 277
52 279
52 304
52 314
52 317
52 323
52 326
52 332
52 334
52 340
52 366
52 368
52 370
52 376
52 401
52 414
52 415
52 417
52 419
52 430
52 442
52 447
52 449
52 472
52 481
52 482
52 484
52 492
52 495
52 497
52 526
52 575
52 580
52 583
52 594
52 598
53 74
53 75
53 76
53 89
53 90
53 94
53 102
53 126
53 128
53 142
53 154
53 173
53 181
53 185
53 204
53 207
53 212
53 222
53 266
53 279
53 304
53 317
53 326
53 370
53 414
53 415
53 419
53 430
53 472
53 481
53 482
53 484
53 495
53 526
53 575
53 580
53 594
53 598
54 55
54 132
54 147
54 190
54 226
54 232
54 264
54 273
54 280
54 308
54 338
54 348
54 351
54 424
54 440
54 454
54 461
54 509
54 541
54 597
54 599
55 132
55 147
55 190
55 226
55 232
55 264
55 273
55 280
55 308
55 338
55 348
55 350
55 351
55 424
55 440
55 454
55 458
55 509
55 527
55 541
55 553
55 554
55 597
55 599
56 58
56 141
56 201
56 260
56 266
56 326
56 360
56 417
56 494
56 540
56 570
57 109
57 252
57 262
57 284
57 329
57 354
57 359
57 416
57 420
57 529
57 556
57 573
58 74
58 94
58 123
58 126
58 141
58 145
58 151
58 152
58 154
58 185
58 192
58 193
58 195
58 198
58 206
58 207
58 222
58 240
58 260
58 266
58 269
58 277
58 285
58 287
58 290
58 300
58 306
58 314
58 317
58 321
58 326
58 335
58 340
58 346
58 368
58 375
58 376
58 381
58 382
58 384
58 395
58 397
58 415
58 417
58 419
58 428
58 455
58 464
58 472
58 480
58 482
58 484
58 488
58 492
58 495
58 497
58 506
58 511
58 526
58 534
58 539
58 540
58 555
58 594
59 163
59 214
59 298
59 478
60 375
60 490
61 113
61 197
61 343
61 398
61 462
61 542
61 562
62 79
62 303
62 384
62 413
62 510
62 533
63 114
63 143
63 160
63 176
63 216
63 254
63 288
63 320
63 342
63 353
63 373
63 386
63 406
63 557
64 73
64 99
64 134
64 231
64 233
64 236
64 258
64 321
64 332
64 366
64 377
64 401
64 417
64 436
64 472
64 495
64 499
64 500
64 518
64 549
65 141
65 142
65 154
65 185
65 207
65 212
65 222
65 240
65 268
65 326
65 334
65 387
65 397
65 414
65 430
65 472
65 481
65 482
65 484
65 526
65 540
65 583
65 594
66 178
66 219
66 234
66 312
66 344
66 361
66 364
66 487
66 531
66 569
66 591
66 593
67 95
67 121
67 137
67 150
67 310
67 319
67 354
67 390
67 479
67 532
67 535
67 599
68 78
68 86
68 92
68 106
68 117
68 119
68 135
68 230
68 270
68 311
68 336
68 350
68 424
68 431
68 434
68 458
68 527
68 538
68 553
68 554
68 566
69 405
69 473
70 81
70 91
70 110
70 138
70 140
70 253
70 294
70 401
70 426
70 467
70 495
70 499
70 500
70 508
70 550
70 596
71 93
72 337
72 362
72 399
72 445
72 503
72 519
72 523
73 91
73 99
73 110
73 134
73 138
73 144
73 192
73 193
73 231
73 233
73 249
73 258
73 271
73 277
73 294
73 314
73 317
73 321
73 332
73 366
73 367
73 377
73 401
73 426
73 436
73 472
73 495
73 499
73 500
73 508
73 515
73 518
73 528
73 549
74 75
74 80
74 83
74 87
74 90
74 94
74 98
74 126
74 128
74 142
74 151
74 154
74 173
74 181
74 185
74 195
74 204
74 206
74 207
74 212
74 239
74 240
74 260
74 266
74 277
74 279
74 304
74 314
74 317
74 326
74 332
74 334
74 340
74 368
74 415
74 419
74 430
74 447
74 449
74 462
74 472
74 482
74 484
74 492
74 495
74 497
74 526
74 540
74 575
74 580
74 583
74 594
74 598
75 80
75 83
75 87
75 89
75 90
75 94
75 102
75 126
75 128
75 142
75 154
75 171
75 173
75 181
75 185
75 195
75 204
75 206
75 207
75 212
75 240
75 266
75 268
75 277
75 279
75 304
75 317
75 323
75 326
75 332
75 334
75 340
75 368
75 370
75 387
75 414
75 415
75 419
75 430
75 447
75 472
75 481
75 482
75 484
75 492
75 495
75 497
75 526
75 575
75 583
75 598
76 185
76 212
76 239
76 266
76 317
76 415
76 419
76 481
76 484
76 526
76 574
76 583
76 594
77 95
77 121
77 137
77 150
77 191
77 356
77 411
77 432
77 466
77 469
77 475
77 479
77 491
77 532
78 86
78 92
78 106
78 116
78 117
78 119
78 135
78 230
78 270
78 311
78 336
78 350
78 424
78 431
78 434
78 458
78 527
78 538
78 553
78 554
78 566
79 123
79 198
79 228
79 243
79 245
79 303
79 382
79 384
79 395
79 413
79 433
79 455
79 480
79 510
79 511
79 533
79 534
79 595
80 89
80 90
80 94
80 98
80 102
80 128
80 142
80 173
80 181
80 185
80 195
80 204
80 212
80 279
80 304
80 317
80 326
80 340
80 370
80 414
80 415
80 419
80 430
80 447
80 472
80 481
80 482
80 484
80 495
80 497
80 526
80 575
80 580
80 583
80 594
81 110
81 134
81 138
81 140
81 224
81 256
81 258
81 388
81 401
81 426
81 467
81 499
81 500
81 543
81 596
82 161
82 585
83 212
83 294
83 317
83 472
83 481
83 495
83 500
83 575
84 203
84 225
84 363
84 444
84 488
84 600
85 115
85 129
85 146
85 157
85 164
85 177
85 216
85 238
85 247
85 272
85 274
85 276
85 328
85 405
85 409
85 446
85 456
85 459
85 460
85 473
85 498
85 576
86 92
86 106
86 116
86 117
86 135
86 270
86 311
86 336
86 350
86 431
86 434
86 458
86 527
86 538
86 553
86 554
86 566
87 94
87 98
87 102
87 128
87 141
87 142
87 154
87 173
87 181
87 185
87 192
87 195
87 204
87 206
87 207
87 212
87 222
87 239
87 240
87 266
87 277
87 279
87 304
87 317
87 323
87 326
87 332
87 334
87 340
87 368
87 370
87 414
87 415
87 419
87 421
87 430
87 447
87 449
87 472
87 482
87 484
87 495
87 526
87 575
87 583
87 584
88 149
88 162
88 172
88 389
88 392
88 416
88 422
88 457
88 477
88 524
89 90
89 94
89 102
89 128
89 142
89 154
89 171
89 173
89 181
89 204
89 266
89 279
89 304
89 317
89 326
89 340
89 370
89 414
89 415
89 430
89 449
89 472
89 526
89 575
90 94
90 98
90 102
90 126
90 128
90 141
90 142
90 151
90 154
90 173
90 181
90 185
90 195
90 204
90 206
90 207
90 208
90 212
90 222
90 240
90 279
90 304
90 317
90 326
90 334
90 340
90 368
90 414
90 415
90 419
90 430
90 447
90 449
90 472
90 481
90 482
90 484
90 492
90 495
90 497
90 526
90 575
90 580
90 583
90 594
90 598
91 99
91 102
91 110
91 134
91 138
91 231
91 233
91 236
91 249
91 253
91 258
91 271
91 294
91 317
91 321
91 340
91 401
91 426
91 436
91 447
91 472
91 495
91 499
91 500
91 508
91 515
91 518
91 596
92 106
92 116
92 117
92 119
92 135
92 230
92 270
92 311
92 336
92 350
92 431
92 434
92 458
92 527
92 538
92 553
92 554
92 566
93 496
93 563
93 577
93 582
94 98
94 102
94 126
94 128
94 142
94 145
94 151
94 154
94 155
94 171
94 173
94 181
94 185
94 195
94 204
94 206
94 207
94 212
94 222
94 239
94 240
94 266
94 268
94 277
94 279
94 290
94 304
94 314
94 317
94 323
94 326
94 332
94 334
94 340
94 368
94 376
94 387
94 397
94 410
94 414
94 415
94 419
94 430
94 447
94 449
94 472
94 481
94 482
94 484
94 488
94 492
94 495
94 497
94 526
94 540
94 575
94 580
94 583
94 594
95 121
95 137
95 150
95 191
95 356
95 411
95 432
95 466
95 469
95 475
95 479
95 491
95 532
96 104
96 159
96 183
96 227
96 284
96 301
96 389
96 416
96 423
96 450
96 502
96 556
97 113
97 120
97 122
97 156
97 158
97 167
97 169
97 187
97 189
97 209
97 210
97 215
97 223
97 259
97 275
97 313
97 318
97 327
97 333
97 337
97 357
97 362
97 385
97 394
97 399
97 418
97 425
97 427
97 445
97 453
97 465
97 493
97 503
97 504
97 519
97 523
97 537
97 552
97 578
97 588
97 592
98 102
98 142
98 154
98 173
98 185
98 192
98 195
98 204
98 206
98 207
98 212
98 239
98 240
98 266
98 277
98 290
98 317
98 323
98 326
98 332
98 334
98 340
98 368
98 376
98 415
98 419
98 430
98 447
98 472
98 481
98 482
98 484
98 488
98 492
98 495
98 497
98 526
98 540
98 575
98 580
98 583
98 594
99 134
99 138
99 144
99 188
99 192
99 222
99 231
99 233
99 236
99 240
99 249
99 258
99 271
99 277
99 294
99 306
99 321
99 366
99 367
99 377
99 401
99 426
99 436
99 449
99 472
99 495
99 499
99 500
99 508
99 518
99 526
99 528
99 549
100 136
100 462
100 507
101 218
101 244
101 283
101 289
101 291
101 516
101 559
102 110
102 126
102 128
102 138
102 142
102 145
102 154
102 173
102 181
102 185
102 192
102 195
102 204
102 206
102 207
102 208
102 212
102 222
102 239
102 240
102 266
102 277
102 279
102 304
102 314
102 317
102 323
102 326
102 332
102 334
102 340
102 368
102 370
102 414
102 415
102 417
102 419
102 421
102 430
102 447
102 449
102 472
102 481
102 482
102 484
102 495
102 499
102 500
102 526
102 575
102 583
103 124
103 170
103 182
103 196
103 242
103 248
103 255
103 299
103 305
103 316
103 400
103 412
103 438
103 486
103 520
103 530
103 544
103 551
103 564
103 571
104 159
104 227
104 284
104 301
104 389
104 416
104 423
104 450
104 502
104 556
105 125
105 180
105 194
105 217
105 297
105 443
106 116
106 117
106 119
106 135
106 230
106 270
106 311
106 336
106 350
106 424
106 431
106 434
106 458
106 527
106 538
106 553
106 554
106 566
107 211
107 218
107 283
107 289
107 291
107 331
107 516
107 559
108 110
108 277
108 369
108 430
108 483
108 495
109 252
109 262
109 284
109 329
109 354
109 359
109 389
109 416
109 420
109 450
109 529
109 556
109 573
110 138
110 140
110 233
110 236
110 253
110 258
110 277
110 294
110 323
110 369
110 401
110 426
110 447
110 467
110 495
110 499
110 500
110 508
110 596
111 192
111 222
111 236
111 271
111 497
112 322
112 407
112 466
112 536
112 568
113 120
113 122
113 161
113 167
113 187
113 189
113 209
113 210
113 215
113 220
113 223
113 275
113 285
113 307
113 333
113 337
113 357
113 375
113 394
113 425
113 453
113 465
113 471
113 476
113 485
113 493
113 537
113 542
113 552
113 588
113 592
114 143
114 160
114 176
114 254
114 288
114 320
114 342
114 353
114 373
114 386
114 406
114 557
115 129
115 157
115 164
115 177
115 216
115 238
115 247
115 272
115 276
115 328
115 405
115 409
115 446
115 456
115 459
115 460
115 498
116 117
116 119
116 135
116 230
116 270
116 311
116 336
116 350
116 431
116 434
116 458
116 527
116 553
116 554
116 566
117 119
117 135
117 230
117 270
117 311
117 336
117 350
117 424
117 431
117 458
117 527
117 538
117 553
117 554
117 566
118 158
118 167
118 189
118 210
118 241
118 261
118 282
118 333
118 357
118 418
118 425
118 427
118 435
118 451
118 485
118 493
119 135
119 230
119 270
119 311
119 336
119 350
119 424
119 431
119 434
119 458
119 527
119 538
119 553
119 554
119 566
120 122
120 187
120 209
120 215
120 223
120 275
120 327
120 337
120 347
120 453
120 465
120 537
120 542
120 552
120 588
121 137
121 150
121 191
121 262
121 310
121 356
121 411
121 432
121 466
121 469
121 475
121 479
121 491
121 532
122 156
122 158
122 167
122 169
122 187
122 209
122 210
122 215
122 223
122 259
122 275
122 282
122 313
122 318
122 327
122 333
122 337
122 345
122 347
122 357
122 362
122 385
122 394
122 399
122 425
122 429
122 445
122 453
122 465
122 503
122 504
122 519
122 523
122 537
122 542
122 552
122 588
122 592
123 165
123 174
123 186
123 198
123 201
123 228
123 243
123 245
123 266
123 303
123 306
123 371
123 381
123 382
123 384
123 395
123 396
123 433
123 455
123 470
123 480
123 510
123 511
123 533
123 534
123 539
123 555
123 595
124 170
124 182
124 196
124 242
124 248
124 255
124 299
124 305
124 316
124 397
124 400
124 412
124 437
124 438
124 486
124 520
124 530
124 544
124 551
124 564
124 571
125 180
125 194
125 217
125 297
125 307
125 443
126 141
126 142
126 151
126 154
126 173
126 181
126 185
126 195
126 204
126 206
126 207
126 222
126 239
126 260
126 266
126 268
126 277
126 304
126 314
126 317
126 326
126 334
126 340
126 368
126 397
126 414
126 415
126 449
126 472
126 482
126 484
126 492
126 495
126 497
126 526
126 539
126 540
126 583
126 594
127 167
127 189
127 261
127 357
127 427
127 485
127 493
128 142
128 154
128 173
128 181
128 185
128 195
128 204
128 212
128 222
128 266
128 279
128 304
128 317
128 326
128 340
128 370
128 414
128 415
128 419
128 430
128 447
128 449
128 472
128 481
128 482
128 484
128 495
128 575
128 598
129 146
129 157
129 164
129 177
129 216
129 238
129 247
129 272
129 276
129 328
129 373
129 405
129 406
129 409
129 446
129 456
129 459
129 460
129 498
129 576
130 295
130 379
130 540
130 546
131 132
131 147
131 226
131 232
131 273
131 338
131 509
132 147
132 190
132 226
132 232
132 264
132 273
132 280
132 308
132 338
132 348
132 351
132 440
132 454
132 461
132 509
132 541
132 589
132 597
132 599
133 181
133 528
134 138
134 144
134 192
134 193
134 231
134 233
134 236
134 249
134 258
134 271
134 277
134 294
134 306
134 314
134 321
134 366
134 367
134 377
134 401
134 403
134 426
134 436
134 472
134 495
134 499
134 500
134 508
134 515
134 518
134 549
135 230
135 270
135 311
135 336
135 350
135 431
135 434
135 458
135 527
135 538
135 553
135 554
135 566
136 265
136 507
137 150
137 191
137 310
137 356
137 390
137 411
137 432
137 466
137 469
137 475
137 479
137 491
137 532
138 140
138 192
138 207
138 222
138 231
138 233
138 236
138 249
138 258
138 271
138 277
138 294
138 323
138 340
138 377
138 401
138 426
138 436
138 447
138 472
138 495
138 499
138 500
138 508
138 518
138 549
138 596
139 522
139 586
140 192
140 236
140 253
140 294
140 323
140 376
140 401
140 426
140 442
140 467
140 472
140 495
140 499
140 500
140 508
140 543
140 596
141 142
141 145
141 151
141 154
141 155
141 173
141 185
141 195
141 206
141 207
141 212
141 222
141 240
141 260
141 266
141 269
141 277
141 309
141 314
141 317
141 326
141 397
141 414
141 415
141 419
141 447
141 472
141 480
141 482
141 484
141 492
141 495
141 526
141 539
141 540
141 594
142 154
142 171
142 173
142 181
142 185
142 195
142 204
142 206
142 207
142 212
142 222
142 239
142 240
142 266
142 268
142 277
142 279
142 290
142 304
142 314
142 317
142 323
142 326
142 332
142 334
142 340
142 368
142 370
142 397
142 414
142 415
142 419
142 421
142 430
142 447
142 449
142 472
142 481
142 482
142 484
142 492
142 495
142 497
142 526
142 540
142 575
142 580
142 583
142 594
142 598
143 160
143 176
143 254
143 288
143 320
143 342
143 353
143 373
143 386
143 406
143 557
144 231
144 233
144 236
144 249
144 258
144 294
144 321
144 367
144 436
144 484
144 499
144 500
144 508
144 518
144 549
145 206
145 260
145 266
145 309
145 323
145 326
145 376
145 428
145 430
145 447
145 471
145 484
145 540
145 570
145 595
146 157
146 160
146 164
146 177
146 216
146 238
146 247
146 272
146 276
146 328
146 405
146 406
146 409
146 446
146 456
146 459
146 460
146 498
146 576
147 226
147 232
147 264
147 273
147 280
147 308
147 338
147 350
147 351
147 440
147 454
147 458
147 461
147 509
147 541
147 599
148 300
148 489
148 512
149 162
149 172
149 315
149 389
149 392
149 416
149 422
149 457
149 477
149 524
149 556
149 561
150 191
150 356
150 390
150 411
150 432
150 466
150 469
150 475
150 479
150 491
150 532
151 152
151 154
151 168
151 185
151 192
151 195
151 206
151 207
151 222
151 225
151 260
151 266
151 269
151 277
151 281
151 290
151 306
151 314
151 317
151 334
151 340
151 363
151 368
151 375
151 397
151 447
151 464
151 482
151 484
151 492
151 494
151 495
151 539
151 540
151 546
151 583
151 594
152 235
152 266
152 306
152 335
152 346
152 417
152 506
152 540
153 179
153 268
153 340
153 380
153 383
153 464
153 468
153 492
154 155
154 173
154 181
154 185
154 195
154 204
154 206
154 207
154 212
154 222
154 239
154 240
154 260
154 266
154 268
154 277
154 279
154 290
154 304
154 306
154 314
154 317
154 323
154 326
154 332
154 334
154 340
154 368
154 380
154 397
154 414
154 415
154 417
154 419
154 430
154 447
154 449
154 472
154 481
154 482
154 484
154 492
154 495
154 497
154 526
154 539
154 540
154 575
154 583
154 594
155 185
155 212
155 266
155 268
155 281
155 326
155 340
155 492
155 495
155 583
155 594
156 167
156 169
156 250
156 259
156 300
156 313
156 318
156 337
156 357
156 362
156 385
156 399
156 425
156 429
156 445
156 503
156 504
156 519
156 523
156 572
157 164
157 177
157 216
157 238
157 247
157 272
157 276
157 328
157 388
157 405
157 406
157 409
157 446
157 456
157 459
157 460
157 498
157 576
158 167
158 189
158 209
158 210
158 241
158 259
158 261
158 282
158 296
158 333
158 337
158 357
158 362
158 394
158 399
158 418
158 425
158 427
158 435
158 445
158 485
158 493
158 503
158 519
158 545
158 578
158 592
159 227
159 284
159 301
159 389
159 416
159 423
159 450
159 502
160 176
160 216
160 254
160 272
160 288
160 320
160 342
160 353
160 373
160 386
160 406
160 557
161 220
161 285
161 300
161 307
161 346
161 375
161 471
162 172
162 315
162 389
162 392
162 416
162 422
162 457
162 477
162 524
162 556
162 561
163 214
163 298
164 177
164 216
164 238
164 247
164 272
164 276
164 328
164 405
164 406
164 409
164 446
164 456
164 459
164 460
164 498
164 576
165 186
165 198
165 228
165 243
165 245
165 306
165 382
165 384
165 395
165 396
165 433
165 455
165 470
165 480
165 510
165 511
165 533
165 534
165 539
165 546
165 555
165 595
166 458
166 538
167 169
167 189
167 209
167 210
167 215
167 241
167 259
167 261
167 282
167 287
167 313
167 318
167 327
167 333
167 337
167 341
167 345
167 357
167 362
167 374
167 385
167 394
167 399
167 418
167 425
167 427
167 435
167 445
167 465
167 476
167 485
167 493
167 503
167 504
167 519
167 523
167 537
167 552
167 572
167 578
167 588
167 592
168 203
168 225
168 363
168 397
168 444
168 488
168 600
169 250
169 259
169 300
169 313
169 318
169 337
169 357
169 362
169 385
169 399
169 425
169 429
169 445
169 503
169 504
169 519
169 523
169 572
170 182
170 196
170 242
170 248
170 255
170 299
170 305
170 316
170 400
170 412
170 438
170 486
170 520
170 530
170 544
170 551
170 564
170 571
171 185
171 212
171 279
171 326
171 414
171 430
171 526
171 575
171 583
172 315
172 389
172 392
172 416
172 422
172 457
172 477
172 524
172 556
172 561
173 185
173 195
173 204
173 206
173 207
173 212
173 239
173 240
173 266
173 268
173 277
173 279
173 304
173 314
173 317
173 323
173 326
173 332
173 334
173 340
173 414
173 415
173 419
173 430
173 447
173 472
173 481
173 482
173 484
173 492
173 495
173 497
173 526
173 540
173 575
173 580
173 583
173 594
174 243
174 381
174 382
174 384
174 395
174 396
174 480
174 510
174 511
174 533
174 534
175 439
175 590
176 254
176 288
176 342
176 353
176 373
176 386
176 406
176 557
177 216
177 238
177 247
177 272
177 274
177 276
177 328
177 405
177 406
177 409
177 446
177 456
177 459
177 460
177 473
177 498
177 576
178 219
178 234
178 312
178 344
178 361
178 364
178 487
178 531
178 569
178 591
178 593
179 378
179 383
179 569
180 194
180 217
180 297
180 443
181 185
181 195
181 204
181 206
181 208
181 212
181 222
181 240
181 266
181 279
181 304
181 317
181 326
181 334
181 340
181 370
181 414
181 415
181 419
181 430
181 449
181 472
181 481
181 482
181 484
181 495
181 526
181 540
181 575
181 583
181 594
182 196
182 242
182 248
182 255
182 299
182 305
182 316
182 397
182 400
182 412
182 437
182 438
182 486
182 520
182 530
182 544
182 551
182 564
182 571
183 227
183 389
183 556
184 550
184 587
185 192
185 195
185 200
185 201
185 204
185 206
185 207
185 212
185 222
185 239
185 240
185 260
185 266
185 268
185 277
185 279
185 304
185 317
185 326
185 332
185 334
185 340
185 368
185 380
185 384
185 397
185 414
185 415
185 419
185 428
185 430
185 447
185 449
185 462
185 472
185 480
185 481
185 482
185 484
185 488
185 492
185 495
185 497
185 511
185 526
185 539
185 540
185 575
185 580
185 583
185 594
186 198
186 228
186 245
186 306
186 335
186 381
186 382
186 384
186 395
186 433
186 480
186 510
186 511
186 533
186 534
186 539
186 546
186 595
187 209
187 215
187 223
187 275
187 337
187 453
187 465
187 537
187 552
187 588
188 192
188 193
188 204
188 206
188 222
188 240
188 246
188 258
188 271
188 277
188 314
188 340
188 368
188 377
188 415
188 417
188 436
188 472
188 492
188 495
188 499
188 526
188 549
189 210
189 241
189 261
189 282
189 287
189 333
189 337
189 357
189 374
189 394
189 418
189 425
189 427
189 435
189 451
189 476
189 485
189 493
189 578
189 592
190 232
190 273
190 308
190 319
190 338
190 348
190 351
190 454
190 461
190 589
190 597
191 356
191 411
191 432
191 466
191 469
191 475
191 479
191 491
191 532
192 193
192 204
192 222
192 233
192 236
192 240
192 246
192 249
192 258
192 260
192 266
192 271
192 277
192 281
192 285
192 287
192 294
192 306
192 314
192 321
192 323
192 332
192 366
192 401
192 417
192 419
192 436
192 449
192 468
192 472
192 481
192 484
192 490
192 495
192 499
192 500
192 508
192 518
192 526
192 528
192 540
192 549
192 594
193 195
193 222
193 231
193 258
193 260
193 277
193 306
193 314
193 321
193 323
193 332
193 377
193 415
193 484
193 495
193 499
193 549
194 217
194 297
194 443
195 204
195 206
195 207
195 212
195 222
195 236
195 240
195 260
195 277
195 279
195 304
195 314
195 317
195 321
195 323
195 326
195 332
195 334
195 340
195 368
195 414
195 415
195 417
195 419
195 430
195 436
195 447
195 449
195 472
195 481
195 482
195 484
195 488
195 492
195 495
195 497
195 526
195 539
195 540
195 560
195 575
195 583
195 594
196 242
196 248
196 255
196 299
196 305
196 316
196 397
196 400
196 412
196 437
196 438
196 486
196 520
196 530
196 544
196 551
196 564
196 571
197 343
197 462
197 562
198 228
198 243
198 245
198 266
198 303
198 306
198 335
198 371
198 381
198 382
198 384
198 395
198 396
198 417
198 433
198 455
198 480
198 506
198 510
198 511
198 533
198 534
198 539
198 546
198 555
198 595
199 278
199 292
199 312
199 330
199 448
199 474
200 213
200 229
200 266
200 325
200 376
200 428
200 495
201 245
201 266
201 360
201 371
201 382
201 384
201 395
201 417
201 433
201 480
201 510
201 533
201 570
201 595
202 214
202 267
202 286
202 298
202 315
202 404
202 478
202 489
203 225
203 363
203 397
203 444
203 488
203 600
204 206
204 207
204 212
204 219
204 222
204 234
204 239
204 240
204 260
204 266
204 268
204 277
204 279
204 290
204 304
204 312
204 314
204 317
204 323
204 326
204 332
204 334
204 340
204 368
204 370
204 414
204 415
204 419
204 430
204 447
204 449
204 472
204 481
204 482
204 484
204 492
204 495
204 497
204 511
204 526
204 539
204 540
204 569
204 575
204 583
204 594
205 525
205 565
206 207
206 212
206 222
206 240
206 260
206 266
206 277
206 290
206 304
206 314
206 317
206 326
206 332
206 334
206 340
206 376
206 414
206 415
206 430
206 436
206 449
206 472
206 482
206 484
206 492
206 495
206 497
206 526
206 539
206 540
206 555
206 583
206 594
207 212
207 222
207 239
207 240
207 260
207 266
207 268
207 277
207 306
207 314
207 317
207 321
207 323
207 326
207 332
207 334
207 340
207 368
207 376
207 387
207 397
207 414
207 415
207 419
207 430
207 447
207 449
207 472
207 481
207 482
207 484
207 488
207 492
207 495
207 497
207 499
207 508
207 526
207 539
207 540
207 583
207 594
208 472
209 210
209 215
209 223
209 259
209 275
209 327
209 333
209 337
209 357
209 394
209 399
209 425
209 445
209 453
209 465
209 503
209 537
209 552
209 588
209 592
210 215
210 241
210 259
210 261
210 333
210 337
210 357
210 394
210 399
210 425
210 427
210 445
210 476
210 485
210 493
210 503
210 519
210 523
210 545
210 578
210 592
211 218
211 283
211 289
211 291
211 331
211 516
211 559
212 222
212 239
212 240
212 266
212 268
212 277
212 279
212 304
212 314
212 317
212 323
212 326
212 332
212 334
212 340
212 368
212 376
212 387
212 414
212 415
212 419
212 430
212 447
212 449
212 472
212 481
212 482
212 484
212 492
212 495
212 497
212 526
212 539
212 540
212 575
212 580
212 583
212 594
213 229
213 325
214 298
214 349
214 408
214 478
214 489
215 223
215 259
215 275
215 313
215 327
215 333
215 337
215 345
215 347
215 357
215 362
215 394
215 399
215 425
215 429
215 445
215 453
215 465
215 503
215 519
215 523
215 537
215 552
215 578
215 588
215 592
216 238
216 247
216 272
216 276
216 328
216 373
216 405
216 406
216 409
216 446
216 456
216 459
216 460
216 498
216 576
217 297
217 443
218 244
218 283
218 289
218 291
218 331
218 516
218 559
219 234
219 312
219 344
219 361
219 364
219 487
219 497
219 531
219 569
219 591
219 593
220 542
221 521
222 233
222 235
222 236
222 239
222 240
222 246
222 260
222 266
222 271
222 277
222 279
222 304
222 306
222 314
222 317
222 321
222 326
222 332
222 334
222 340
222 366
222 368
222 370
222 391
222 397
222 401
222 414
222 415
222 419
222 430
222 436
222 447
222 449
222 468
222 472
222 481
222 482
222 484
222 492
222 495
222 497
222 499
222 526
222 539
222 540
222 549
222 583
222 594
223 275
223 337
223 453
223 465
223 537
223 542
223 552
223 588
224 256
224 388
224 507
225 260
225 266
225 269
225 363
225 444
225 488
225 517
225 579
225 600
226 232
226 264
226 273
226 280
226 338
226 351
226 440
226 454
226 509
226 541
227 284
227 301
227 389
227 402
227 416
227 423
227 450
227 502
227 522
227 556
228 243
228 245
228 266
228 303
228 306
228 382
228 384
228 395
228 396
228 433
228 455
228 480
228 506
228 510
228 511
228 533
228 534
228 539
228 546
228 595
229 300
230 270
230 311
230 336
230 350
230 431
230 434
230 458
230 527
230 538
230 553
230 554
230 566
231 233
231 249
231 253
231 258
231 271
231 294
231 321
231 366
231 367
231 377
231 401
231 426
231 436
231 472
231 495
231 499
231 500
231 508
231 518
231 528
231 549
232 264
232 273
232 280
232 308
232 319
232 338
232 348
232 350
232 351
232 424
232 440
232 454
232 458
232 461
232 509
232 541
232 554
232 589
232 597
232 599
233 236
233 249
233 253
233 258
233 271
233 277
233 294
233 314
233 321
233 366
233 367
233 377
233 401
233 403
233 426
233 436
233 472
233 495
233 499
233 500
233 508
233 515
233 518
233 528
233 549
233 596
234 312
234 344
234 361
234 364
234 487
234 531
234 569
234 591
234 593
235 260
235 324
235 346
236 253
236 258
236 271
236 277
236 294
236 314
236 317
236 321
236 366
236 368
236 401
236 426
236 436
236 472
236 484
236 495
236 499
236 500
236 508
236 549
237 601
238 247
238 272
238 276
238 328
238 405
238 409
238 446
238 456
238 459
238 460
238 498
238 576
239 240
239 323
239 332
239 334
239 340
239 368
239 410
239 414
239 415
239 419
239 430
239 449
239 472
239 481
239 482
239 484
239 526
239 539
239 540
239 583
239 584
239 594
240 260
240 266
240 268
240 277
240 304
240 306
240 309
240 314
240 317
240 321
240 323
240 326
240 332
240 334
240 340
240 368
240 387
240 397
240 414
240 415
240 419
240 430
240 436
240 447
240 449
240 472
240 481
240 482
240 484
240 492
240 495
240 497
240 511
240 526
240 539
240 540
240 549
240 575
240 583
240 594
241 261
241 282
241 287
241 333
241 357
241 394
241 418
241 425
241 427
241 435
241 451
241 476
241 485
241 493
242 248
242 255
242 299
242 305
242 316
242 400
242 412
242 438
242 486
242 520
242 530
242 544
242 551
242 564
242 571
243 245
243 306
243 381
243 382
243 384
243 395
243 396
243 433
243 455
243 480
243 510
243 511
243 533
243 534
243 539
243 595
244 283
244 286
244 289
244 291
244 559
244 599
245 266
245 303
245 306
245 381
245 382
245 384
245 395
245 396
245 433
245 455
245 480
245 506
245 510
245 511
245 533
245 534
245 539
245 546
245 555
245 595
246 277
246 366
246 436
247 272
247 274
247 276
247 328
247 405
247 406
247 409
247 446
247 456
247 459
247 460
247 473
247 498
247 576
248 255
248 299
248 305
248 316
248 397
248 400
248 412
248 438
248 486
248 520
248 530
248 544
248 551
248 564
248 571
249 258
249 271
249 277
249 294
249 314
249 321
249 366
249 367
249 377
249 401
249 426
249 436
249 472
249 495
249 499
249 500
249 508
249 518
249 528
249 549
250 259
250 313
250 399
250 429
250 503
250 504
250 519
251 547
251 581
252 262
252 284
252 329
252 354
252 359
252 389
252 416
252 420
252 450
252 529
252 556
252 573
253 294
253 401
253 426
253 442
253 467
253 495
253 499
253 500
253 508
254 288
254 320
254 342
254 353
254 373
254 386
254 406
254 557
255 299
255 305
255 316
255 400
255 412
255 438
255 520
255 530
255 544
255 551
255 564
255 571
256 355
256 563
256 577
257 513
257 517
258 271
258 277
258 294
258 321
258 332
258 366
258 367
258 376
258 377
258 401
258 403
258 417
258 426
258 436
258 447
258 472
258 495
258 499
258 500
258 508
258 518
258 526
258 528
258 549
258 596
259 261
259 313
259 318
259 333
259 337
259 357
259 362
259 385
259 394
259 399
259 425
259 445
259 476
259 503
259 504
259 519
259 523
259 578
259 592
260 266
260 269
260 277
260 290
260 300
260 306
260 314
260 326
260 363
260 368
260 375
260 381
260 397
260 415
260 417
260 419
260 444
260 447
260 464
260 471
260 472
260 480
260 481
260 484
260 488
260 492
260 495
260 539
260 540
260 555
260 594
260 595
260 600
261 282
261 287
261 333
261 337
261 357
261 374
261 394
261 418
261 425
261 427
261 451
261 476
261 485
261 493
262 284
262 329
262 354
262 359
262 389
262 416
262 420
262 450
262 529
262 556
262 573
263 478
263 505
264 273
264 280
264 308
264 338
264 351
264 440
264 454
264 509
264 541
264 599
265 302
265 388
265 507
266 268
266 269
266 277
266 279
266 287
266 304
266 306
266 309
266 314
266 317
266 323
266 326
266 332
266 334
266 340
266 371
266 375
266 381
266 382
266 384
266 395
266 414
266 415
266 417
266 419
266 428
266 430
266 433
266 447
266 449
266 455
266 468
266 472
266 480
266 481
266 482
266 484
266 492
266 494
266 495
266 511
266 526
266 533
266 534
266 539
266 540
266 546
266 555
266 570
266 575
266 583
266 594
266 595
267 310
267 315
267 404
268 277
268 314
268 317
268 323
268 326
268 334
268 340
268 387
268 397
268 414
268 415
268 419
268 430
268 447
268 449
268 472
268 482
268 484
268 492
268 495
268 497
268 526
268 583
268 594
269 375
269 397
269 419
269 444
269 539
269 540
270 311
270 336
270 350
270 424
270 431
270 434
270 458
270 527
270 538
270 553
270 554
270 566
271 277
271 294
271 314
271 321
271 366
271 367
271 401
271 403
271 426
271 436
271 472
271 495
271 499
271 500
271 508
271 518
271 528
271 549
272 274
272 276
272 328
272 373
272 405
272 406
272 409
272 446
272 456
272 459
272 460
272 498
272 576
273 280
273 308
273 338
273 348
273 351
273 440
273 454
273 461
273 509
273 541
273 599
274 405
274 409
274 446
274 459
274 460
275 327
275 333
275 337
275 453
275 465
275 537
275 542
275 552
275 588
276 328
276 405
276 409
276 446
276 456
276 459
276 460
276 498
276 576
277 294
277 304
277 306
277 314
277 317
277 321
277 323
277 326
277 332
277 334
277 340
277 366
277 368
277 375
277 376
277 377
277 401
277 403
277 414
277 415
277 417
277 419
277 430
277 436
277 447
277 449
277 468
277 472
277 481
277 482
277 484
277 488
277 492
277 495
277 497
277 499
277 500
277 508
277 526
277 539
277 540
277 549
277 560
277 583
277 594
278 292
278 293
278 312
278 330
278 448
278 474
279 304
279 317
279 326
279 332
279 334
279 340
279 370
279 414
279 415
279 419
279 430
279 447
279 472
279 482
279 495
279 526
279 540
279 575
279 583
279 584
279 594
279 598
280 308
280 338
280 348
280 351
280 440
280 454
280 461
280 509
280 541
280 599
281 401
281 482
282 287
282 333
282 337
282 341
282 357
282 374
282 394
282 418
282 425
282 427
282 476
282 485
282 493
283 289
283 291
283 331
283 516
283 559
284 301
284 329
284 354
284 359
284 389
284 416
284 420
284 423
284 450
284 502
284 529
284 556
284 573
285 287
285 300
285 306
285 307
285 346
285 375
285 419
285 464
285 471
286 424
286 599
287 300
287 306
287 337
287 357
287 375
287 381
287 419
287 425
287 427
287 476
287 485
287 493
287 495
287 511
287 539
288 320
288 342
288 353
288 373
288 386
288 406
288 557
289 291
289 331
289 516
289 559
290 304
290 314
290 317
290 323
290 326
290 334
290 415
290 447
290 472
290 482
290 484
290 495
290 526
290 560
290 583
291 331
291 516
291 559
292 312
292 330
292 448
292 474
293 312
293 448
293 474
294 314
294 321
294 323
294 401
294 426
294 436
294 467
294 481
294 495
294 499
294 500
294 508
294 518
294 543
294 596
295 306
295 335
295 492
295 546
297 443
298 349
298 408
298 478
299 305
299 316
299 400
299 412
299 438
299 486
299 520
299 530
299 544
299 551
299 564
299 571
300 307
300 313
300 318
300 321
300 346
300 375
300 385
300 464
300 471
300 494
300 503
300 504
300 572
301 389
301 416
301 423
301 450
301 502
303 306
303 381
303 382
303 384
303 395
303 396
303 413
303 417
303 433
303 455
303 480
303 510
303 511
303 533
303 534
303 539
303 555
303 595
304 317
304 323
304 326
304 334
304 340
304 368
304 370
304 414
304 415
304 419
304 430
304 447
304 449
304 472
304 481
304 482
304 484
304 495
304 497
304 526
304 540
304 575
304 580
304 583
304 594
305 316
305 397
305 400
305 412
305 438
305 486
305 520
305 530
305 544
305 551
305 564
305 571
306 314
306 321
306 326
306 334
306 335
306 340
306 346
306 363
306 375
306 381
306 382
306 384
306 395
306 396
306 417
306 419
306 433
306 436
306 447
306 455
306 480
306 482
306 484
306 488
306 492
306 495
306 506
306 510
306 511
306 533
306 534
306 539
306 540
306 546
306 549
306 555
306 583
306 595
307 375
307 397
307 471
308 319
308 338
308 348
308 351
308 440
308 454
308 461
308 509
308 541
308 589
308 597
308 599
310 354
310 390
311 336
311 350
311 424
311 431
311 434
311 458
311 527
311 538
311 553
311 554
311 566
312 330
312 344
312 361
312 364
312 448
312 474
312 487
312 531
312 569
312 591
312 593
313 318
313 337
313 357
313 362
313 385
313 399
313 425
313 429
313 445
313 503
313 504
313 519
313 523
313 567
313 572
314 317
314 321
314 326
314 332
314 334
314 340
314 368
314 376
314 377
314 380
314 401
314 415
314 430
314 436
314 464
314 468
314 472
314 481
314 482
314 484
314 488
314 492
314 495
314 497
314 500
314 526
314 528
314 539
314 540
314 594
315 322
315 389
315 392
315 404
315 416
315 422
315 457
315 466
315 477
315 524
315 556
316 397
316 400
316 412
316 438
316 486
316 520
316 530
316 544
316 551
316 564
316 571
317 321
317 323
317 326
317 332
317 334
317 340
317 368
317 370
317 401
317 410
317 414
317 415
317 419
317 430
317 436
317 447
317 449
317 472
317 481
317 482
317 484
317 492
317 495
317 497
317 500
317 526
317 540
317 560
317 575
317 583
317 594
318 337
318 357
318 362
318 385
318 399
318 425
318 445
318 503
318 504
318 523
318 567
318 572
320 342
320 353
320 373
320 386
320 406
320 557
321 346
321 352
321 367
321 368
321 377
321 401
321 415
321 417
321 436
321 447
321 472
321 488
321 495
321 499
321 500
321 508
321 511
321 518
321 526
321 528
321 549
322 407
322 411
322 466
322 536
322 568
323 326
323 332
323 334
323 340
323 376
323 387
323 397
323 401
323 414
323 415
323 419
323 442
323 447
323 449
323 472
323 481
323 482
323 484
323 492
323 495
323 499
323 500
323 508
323 526
323 583
324 346
324 521
326 332
326 334
326 340
326 368
326 370
326 414
326 415
326 419
326 421
326 430
326 447
326 449
326 472
326 481
326 482
326 484
326 492
326 495
326 497
326 526
326 539
326 540
326 575
326 583
326 594
326 598
327 337
327 357
327 399
327 425
327 453
327 465
327 503
327 537
327 552
327 588
328 405
328 409
328 446
328 456
328 459
328 460
328 498
328 576
329 354
329 359
329 389
329 416
329 420
329 450
329 529
329 556
329 573
330 448
330 474
331 516
331 559
332 334
332 340
332 368
332 387
332 397
332 401
332 414
332 415
332 417
332 419
332 430
332 436
332 447
332 449
332 464
332 472
332 481
332 482
332 484
332 492
332 495
332 497
332 499
332 500
332 526
332 539
332 540
332 575
332 583
332 594
333 337
333 357
333 362
333 374
333 394
333 399
333 418
333 425
333 427
333 435
333 445
333 453
333 465
333 476
333 485
333 493
333 503
333 519
333 523
333 537
333 545
333 578
333 588
333 592
334 340
334 388
334 410
334 414
334 415
334 419
334 421
334 430
334 447
334 449
334 472
334 482
334 484
334 492
334 495
334 497
334 526
334 539
334 540
334 560
334 575
334 583
334 594
335 379
335 382
335 455
335 480
335 506
335 533
335 534
335 539
335 540
335 546
335 595
336 350
336 424
336 431
336 434
336 458
336 527
336 538
336 553
336 554
336 566
337 345
337 357
337 362
337 394
337 399
337 425
337 429
337 445
337 453
337 465
337 476
337 493
337 503
337 519
337 523
337 537
337 545
337 552
337 578
337 588
337 592
338 348
338 351
338 440
338 454
338 509
338 541
338 597
338 599
339 372
339 402
339 501
339 514
339 517
339 579
340 366
340 368
340 370
340 376
340 401
340 414
340 415
340 419
340 421
340 430
340 436
340 447
340 449
340 472
340 481
340 482
340 484
340 488
340 492
340 495
340 497
340 526
340 575
340 583
340 594
341 476
342 353
342 373
342 386
342 406
342 557
343 562
344 361
344 364
344 487
344 531
344 591
344 593
345 357
345 399
345 425
345 503
345 523
346 417
346 492
346 495
346 506
346 511
346 521
347 465
347 537
348 351
348 454
348 461
348 589
348 597
349 408
350 424
350 431
350 434
350 458
350 527
350 538
350 553
350 554
350 566
351 440
351 454
351 461
351 509
351 541
351 589
351 597
351 599
352 377
352 452
353 373
353 386
353 406
353 557
354 359
354 389
354 390
354 416
354 420
354 450
354 529
354 556
354 573
355 388
355 462
355 577
356 411
356 432
356 466
356 469
356 475
356 479
356 491
356 532
357 362
357 385
357 394
357 399
357 418
357 425
357 427
357 435
357 445
357 451
357 476
357 485
357 493
357 503
357 504
357 519
357 523
357 537
357 578
357 592
359 389
359 416
359 420
359 450
359 529
359 556
359 573
360 570
360 594
361 364
361 487
361 531
361 569
361 591
361 593
362 385
362 394
362 399
362 425
362 445
362 503
362 504
362 519
362 523
362 572
362 578
362 592
363 397
363 444
363 488
363 579
363 600
364 487
364 531
364 591
364 593
365 430
366 401
366 436
366 472
366 495
366 499
366 500
366 515
366 518
366 549
367 377
367 401
367 426
367 436
367 495
367 499
367 500
367 518
367 526
367 528
367 549
368 414
368 415
368 430
368 449
368 472
368 481
368 482
368 484
368 492
368 495
368 497
368 526
368 540
368 594
369 483
370 414
370 419
370 430
370 472
370 484
370 526
370 598
371 384
371 395
371 417
371 433
371 480
371 510
371 533
371 534
371 570
371 595
372 402
372 501
372 514
372 517
372 579
373 386
373 406
373 460
373 557
374 394
374 418
374 427
374 485
374 493
375 397
375 468
375 471
375 492
375 540
376 401
376 410
376 430
376 447
376 472
376 482
376 495
376 500
377 401
377 417
377 436
377 472
377 495
377 499
377 500
377 518
377 549
377 595
378 383
378 569
379 540
379 546
380 464
380 468
380 484
380 526
381 382
381 384
381 395
381 396
381 417
381 433
381 455
381 463
381 480
381 506
381 510
381 511
381 533
381 534
381 539
381 555
381 595
382 384
382 395
382 396
382 417
382 433
382 455
382 480
382 506
382 510
382 511
382 533
382 534
382 539
382 546
382 555
382 595
383 569
384 395
384 396
384 413
384 417
384 433
384 455
384 470
384 480
384 510
384 511
384 533
384 534
384 539
384 546
384 555
384 595
385 399
385 425
385 445
385 503
385 504
385 523
385 567
385 572
386 406
386 557
387 415
387 472
387 482
387 484
387 495
387 583
389 392
389 416
389 420
389 422
389 423
389 450
389 457
389 477
389 502
389 524
389 529
389 556
389 561
389 573
390 532
390 535
391 482
392 416
392 422
392 457
392 477
392 524
392 556
392 561
393 490
393 525
393 548
393 565
394 399
394 425
394 427
394 445
394 476
394 485
394 493
394 503
394 519
394 523
394 545
394 578
394 592
395 396
395 433
395 455
395 470
395 480
395 510
395 511
395 533
395 534
395 539
395 546
395 555
395 595
396 433
396 455
396 470
396 480
396 510
396 511
396 533
396 534
396 539
396 555
396 595
397 415
397 419
397 444
397 447
397 449
397 482
397 484
397 526
397 530
397 540
397 544
397 583
398 562
399 425
399 427
399 445
399 476
399 503
399 504
399 519
399 523
399 537
399 572
399 578
399 592
400 412
400 437
400 438
400 486
400 520
400 530
400 544
400 551
400 564
400 571
401 403
401 415
401 426
401 436
401 442
401 447
401 467
401 472
401 481
401 484
401 495
401 499
401 500
401 508
401 515
401 518
401 526
401 528
401 543
401 549
401 596
402 501
402 514
402 517
402 579
403 495
403 499
403 500
403 508
405 409
405 446
405 456
405 459
405 460
405 498
405 576
406 446
406 456
406 459
406 460
406 498
406 557
407 568
408 478
409 446
409 456
409 459
409 460
409 498
409 576
410 495
411 466
411 469
411 475
411 479
411 491
411 532
411 568
412 520
412 530
412 544
412 551
412 564
412 571
413 510
413 533
414 415
414 419
414 421
414 430
414 447
414 449
414 472
414 481
414 482
414 484
414 492
414 495
414 497
414 526
414 540
414 575
414 583
414 594
415 419
415 421
415 430
415 447
415 449
415 468
415 472
415 481
415 482
415 484
415 492
415 495
415 497
415 499
415 526
415 540
415 560
415 575
415 580
415 583
415 594
415 598
416 420
416 422
416 423
416 450
416 457
416 477
416 502
416 524
416 529
416 556
416 561
416 573
417 433
417 436
417 455
417 480
417 492
417 495
417 511
417 533
417 539
417 540
417 549
417 555
417 595
418 425
418 427
418 435
418 485
418 493
419 430
419 447
419 449
419 472
419 481
419 482
419 484
419 492
419 495
419 497
419 526
419 540
419 575
419 580
419 583
419 594
419 598
420 450
420 529
420 556
420 573
421 484
421 526
421 583
422 457
422 477
422 524
422 556
422 561
423 450
423 502
423 556
424 431
424 458
424 538
424 553
424 554
424 566
425 427
425 429
425 435
425 445
425 451
425 476
425 485
425 493
425 503
425 504
425 519
425 523
425 537
425 572
425 578
425 588
425 592
426 436
426 467
426 472
426 495
426 499
426 500
426 508
426 518
426 543
426 596
427 435
427 451
427 476
427 485
427 493
427 592
429 503
429 523
429 572
430 447
430 449
430 472
430 481
430 482
430 484
430 492
430 495
430 497
430 526
430 539
430 540
430 546
430 575
430 583
430 594
430 598
431 434
431 458
431 527
431 538
431 553
431 554
431 566
432 466
432 469
432 475
432 479
432 491
432 532
433 455
433 470
433 480
433 510
433 511
433 533
433 534
433 539
433 546
433 555
433 595
434 458
434 527
434 553
434 554
434 566
435 451
435 485
435 493
436 447
436 472
436 495
436 499
436 500
436 518
436 526
436 528
436 549
437 551
438 520
438 530
438 544
440 454
440 509
440 541
440 599
442 447
442 467
442 472
442 495
442 500
444 488
444 579
444 600
445 476
445 503
445 504
445 519
445 523
445 578
445 592
446 456
446 459
446 460
446 498
446 576
447 472
447 481
447 482
447 484
447 492
447 495
447 497
447 499
447 500
447 508
447 526
447 539
447 540
447 575
447 583
448 474
449 472
449 482
449 484
449 492
449 495
449 526
449 549
449 575
449 583
449 594
450 502
450 529
450 556
450 573
451 485
451 493
453 465
453 537
453 552
453 588
454 461
454 509
454 541
454 589
454 597
455 463
455 480
455 506
455 510
455 511
455 533
455 534
455 539
455 540
455 546
455 555
455 595
456 459
456 460
456 498
456 576
457 477
457 524
457 556
457 561
458 527
458 538
458 553
458 554
458 566
459 460
459 473
459 498
459 576
460 498
460 576
461 541
461 589
461 597
462 507
462 562
463 480
463 492
463 595
464 468
464 471
464 495
465 537
465 542
465 552
465 588
466 469
466 475
466 479
466 491
466 532
466 536
466 568
467 500
467 508
467 596
468 484
468 492
468 594
469 475
469 479
469 491
469 532
470 510
470 534
472 481
472 482
472 484
472 492
472 495
472 497
472 499
472 500
472 508
472 518
472 526
472 528
472 540
472 560
472 575
472 583
472 584
472 594
472 598
475 479
475 491
475 532
476 485
476 493
477 524
477 556
477 561
478 489
478 505
479 491
479 532
480 506
480 510
480 511
480 533
480 534
480 539
480 555
480 595
481 482
481 484
481 495
481 497
481 508
481 526
481 575
481 583
481 594
482 484
482 492
482 495
482 497
482 526
482 540
482 575
482 583
482 584
482 594
484 492
484 495
484 497
484 500
484 526
484 539
484 540
484 560
484 574
484 575
484 580
484 583
484 594
485 493
486 520
486 530
486 544
486 551
486 564
487 531
487 591
487 593
488 495
488 594
488 600
489 505
490 548
491 532
492 495
492 497
492 506
492 511
492 526
492 539
492 540
492 583
492 594
493 578
493 592
494 495
494 570
495 497
495 499
495 500
495 508
495 518
495 526
495 528
495 539
495 540
495 549
495 555
495 560
495 575
495 580
495 583
495 594
495 596
496 563
496 577
496 582
497 526
497 531
497 540
497 575
497 583
497 594
498 576
499 500
499 508
499 515
499 518
499 526
499 549
499 596
500 508
500 515
500 518
500 528
500 549
500 596
501 514
501 517
501 579
502 556
503 504
503 519
503 523
503 537
503 572
503 578
503 592
504 523
504 567
504 572
506 511
506 534
506 539
506 540
506 546
506 595
508 518
508 596
509 541
509 599
510 511
510 533
510 534
510 539
510 555
510 595
511 533
511 534
511 539
511 555
511 595
514 517
514 579
515 518
516 559
517 579
518 549
519 523
519 578
519 592
520 530
520 544
520 551
520 564
520 571
522 586
523 578
523 592
524 556
524 561
525 548
525 565
526 528
526 540
526 575
526 580
526 583
526 594
527 538
527 553
527 554
527 566
529 556
529 573
530 544
530 551
530 564
530 571
531 569
531 591
531 593
533 534
533 539
533 546
533 555
533 595
534 539
534 546
534 555
534 595
535 550
536 568
537 542
537 552
537 588
538 553
538 554
538 566
539 540
539 546
539 555
539 583
539 594
539 595
540 555
540 583
540 594
540 595
541 599
542 552
542 562
542 588
543 596
544 551
544 564
544 571
545 592
546 595
548 565
550 587
551 564
552 588
553 554
553 566
554 566
555 595
556 561
556 573
558 590
563 577
563 582
564 571
569 593
575 583
578 592
580 583
580 594
583 594
589 597
591 593
