300
119
4
103
1
193
210
134
301
83
291
63
34
247
295
170
282
141
177
199
26
36
133
286
189
17
21
168
296
252
73
226
110
269
48
109
257
138
206
310
6
324
79
31
201
7
126
70
2
132
65
290
316
39
322
217
256
99
288
294
5
130
108
299
52
67
75
69
246
143
92
182
135
142
56
124
214
45
51
137
298
55
174
13
223
275
71
140
32
131
91
225
325
114
319
272
178
222
229
157
284
265
188
3
84
49
276
61
312
115
87
160
303
64
248
263
60
220
35
169
179
326
242
277
235
172
20
187
309
12
224
262
129
44
173
101
15
237
74
251
180
22
80
190
121
211
144
11
0
274
28
191
58
66
29
127
253
181
38
212
308
241
107
47
315
297
197
184
249
25
41
95
213
153
82
90
77
68
136
259
228
183
306
304
100
307
264
202
219
207
236
167
185
176
209
323
116
59
293
152
106
163
200
120
27
204
271
240
203
302
81
42
238
311
267
314
280
46
313
250
8
254
123
16
292
230
125
111
