975
532
206
79
258
100
1072
1032
666
593
556
403
104
400
233
156
814
728
256
261
985
765
546
210
181
398
91
352
1132
1099
543
1039
260
321
274
231
828
658
275
335
649
268
715
978
1051
197
865
294
1077
576
483
472
524
342
737
81
873
399
906
1037
696
569
616
801
1009
764
502
1078
704
411
83
209
402
564
28
177
68
803
300
716
620
634
288
618
133
117
621
1000
107
876
810
661
685
236
306
871
862
1014
1010
830
459
1085
148
1049
1031
948
694
290
872
1041
653
387
45
837
513
554
1104
389
655
174
492
937
458
596
654
963
186
745
142
292
805
587
489
286
1003
940
527
1015
1001
12
450
672
747
97
167
1120
512
53
114
88
857
769
859
720
328
63
604
807
105
144
356
428
626
844
3
358
662
287
60
52
416
250
265
797
309
0
509
190
468
939
719
782
118
1017
315
994
540
1091
609
479
754
643
462
861
1047
923
740
432
359
544
555
26
678
615
854
204
1069
48
922
635
1118
336
92
912
435
893
303
918
422
443
119
269
449
446
651
507
691
255
863
291
397
113
30
25
497
817
829
608
87
770
223
851
898
469
679
1019
632
816
920
70
216
108
417
639
931
1119
1100
394
1122
541
578
539
878
925
72
518
938
1075
934
1127
178
273
183
908
486
474
329
900
809
1013
1020
109
623
377
345
1081
551
346
414
866
965
1007
821
106
128
1113
332
891
961
245
401
454
1004
510
384
139
214
682
333
188
1064
652
936
200
102
324
868
388
447
881
159
641
116
4
761
663
734
499
1022
951
38
380
910
942
376
903
778
735
1089
911
834
501
229
215
979
1016
257
1096
40
909
988
693
916
991
935
560
1097
252
344
731
155
31
289
633
381
832
491
977
1095
405
123
348
1108
476
886
756
650
451
161
788
750
775
390
987
140
410
624
383
839
343
646
1114
713
892
76
461
536
1028
455
71
617
736
495
74
614
1082
926
1034
179
917
1116
957
875
373
224
1008
980
232
627
864
372
838
9
65
831
1050
607
879
687
603
477
800
1005
503
184
50
1025
972
494
776
111
419
122
319
983
959
130
187
680
995
490
218
230
883
681
249
563
199
794
820
171
967
125
253
774
1068
751
767
121
1012
1071
697
1090
887
134
408
780
567
638
724
1117
20
276
993
505
350
1098
955
1080
573
160
670
185
153
351
460
364
420
135
487
1056
730
1026
279
241
584
526
467
340
1083
14
1130
684
129
404
792
162
929
636
145
453
488
482
302
907
521
370
885
712
973
941
221
327
611
660
280
143
597
954
54
64
61
1058
699
508
263
1042
325
990
196
362
808
98
424
946
413
723
82
124
270
78
760
528
194
56
195
744
62
522
1123
2
278
198
464
787
586
732
1061
90
85
375
18
606
1021
465
475
37
514
924
409
949
412
579
43
41
386
964
962
628
819
1024
226
202
709
515
890
695
425
969
473
812
500
919
39
547
423
1086
852
530
29
282
484
99
1046
434
313
783
714
743
16
44
870
1109
813
169
366
1043
407
645
341
46
264
1023
456
759
19
755
958
418
36
727
175
968
537
725
219
757
548
689
506
976
971
882
956
710
904
349
165
304
222
583
385
644
504
637
622
266
1128
318
