0 81
0 274
0 512
81 15
81 103
81 155
81 170
81 176
81 198
81 259
81 507
81 543
81 556
274 20
274 50
274 184
274 197
274 214
274 296
274 415
512 65
512 190
512 272
512 339
512 391
512 514
15 353
15 176
15 381
103 507
103 539
103 145
103 176
103 563
103 259
155 545
155 391
155 198
155 204
155 207
155 5
155 110
155 221
155 236
155 272
155 287
155 339
155 405
155 476
155 522
155 561
170 378
170 526
170 198
170 455
170 522
170 539
170 488
170 176
170 184
176 378
176 526
176 543
176 455
176 296
176 184
176 415
176 443
198 3
198 295
198 396
259 507
259 539
259 563
259 525
507 4
507 106
507 23
507 88
507 226
507 366
507 368
507 422
507 539
507 563
543 2
543 486
543 4
543 65
543 147
543 168
543 177
543 184
543 202
543 211
543 249
543 291
543 351
543 383
543 393
543 394
543 415
543 424
543 489
543 549
543 551
556 433
556 221
556 98
556 16
556 17
556 58
556 323
556 325
556 511
556 130
556 181
556 251
556 385
556 445
50 215
50 272
50 462
50 489
50 553
184 154
184 52
184 197
184 537
184 116
184 178
184 405
184 410
184 557
184 381
184 415
184 399
184 73
184 175
184 219
184 326
184 185
184 424
184 144
184 168
184 330
184 371
184 387
184 500
197 2
197 113
197 151
197 194
197 211
197 280
197 396
197 444
197 455
197 486
214 486
214 508
214 91
214 215
214 397
214 32
214 68
214 224
214 395
214 466
296 446
296 116
296 278
296 455
296 126
296 194
296 202
296 151
296 330
296 396
296 424
415 455
415 272
415 98
415 397
415 58
415 96
415 181
415 218
415 277
415 396
415 538
65 91
65 244
65 250
65 339
65 522
65 276
65 33
65 98
65 145
65 397
65 16
65 111
65 118
65 181
65 245
65 328
65 368
65 387
65 513
65 562
190 4
190 91
190 5
190 77
190 244
190 245
190 250
190 339
190 410
190 454
190 510
190 514
190 531
190 546
190 557
272 12
272 378
272 482
272 537
272 207
272 531
272 5
272 215
272 236
272 55
272 71
272 126
272 140
272 249
272 326
272 451
272 462
272 479
272 480
272 522
272 539
272 547
339 378
339 204
339 514
339 531
339 5
339 59
339 111
339 122
339 126
339 145
339 150
339 167
339 182
339 221
339 232
339 233
339 280
339 294
339 328
339 329
339 331
339 369
339 374
339 399
339 419
339 430
339 513
391 2
391 17
391 32
391 126
391 177
391 199
391 234
391 243
391 276
391 332
391 346
391 395
391 423
391 453
391 466
391 474
391 480
391 514
391 522
391 532
391 561
514 4
514 207
514 244
514 454
514 8
514 16
514 40
514 76
514 122
514 134
514 156
514 234
514 250
514 275
514 326
514 363
514 369
514 413
514 430
514 442
514 531
514 561
1 12
1 49
1 51
1 84
1 154
1 183
1 257
1 268
1 319
1 378
1 400
1 446
1 545
12 49
12 79
12 117
12 126
12 140
12 193
12 194
12 202
12 247
12 257
12 282
12 305
12 378
12 405
12 418
12 439
12 449
12 455
49 148
49 213
49 223
49 231
49 319
49 400
49 406
49 418
49 444
49 497
49 538
51 268
51 276
51 545
51 547
84 292
84 540
154 2
154 18
154 58
154 152
154 165
154 173
154 227
154 257
154 292
154 323
154 327
154 328
154 344
154 348
154 404
154 413
154 416
154 435
154 446
154 473
154 474
154 506
154 531
154 540
183 74
183 97
183 227
183 309
183 473
183 486
257 6
257 79
257 216
257 282
257 418
257 439
257 455
257 537
268 365
268 545
319 6
319 71
319 126
319 139
319 194
319 305
319 396
319 400
319 418
319 421
319 449
378 2
378 48
378 64
378 92
378 126
378 140
378 151
378 165
378 173
378 204
378 276
378 320
378 326
378 347
378 359
378 369
378 451
378 480
378 483
378 488
378 519
378 521
378 522
378 562
400 6
400 114
400 139
400 387
400 418
446 46
446 52
446 302
446 353
446 455
545 204
545 236
545 365
545 474
79 237
79 6
79 11
79 206
79 208
79 282
79 327
79 354
79 387
79 396
79 406
79 418
79 435
79 449
79 493
79 497
79 550
117 468
117 98
117 16
117 58
117 111
117 313
117 323
117 427
117 542
126 158
126 348
126 526
126 455
126 204
126 59
126 71
126 245
126 282
126 405
126 418
126 439
126 480
126 562
140 522
140 202
140 80
140 113
140 200
140 233
140 266
140 424
140 550
193 474
193 58
193 110
193 311
193 325
193 340
193 437
194 6
194 63
194 111
194 330
194 418
194 561
202 455
202 204
202 528
202 147
202 247
202 276
202 301
202 405
202 439
247 121
247 149
247 175
247 205
247 295
247 310
247 355
247 384
247 396
247 439
247 450
247 480
247 524
282 531
282 236
282 439
282 8
282 393
282 449
282 462
282 498
305 139
305 143
305 206
305 258
405 526
405 532
405 236
405 6
405 168
405 288
405 393
405 439
405 561
418 347
418 172
418 6
418 139
418 55
418 69
418 83
418 88
418 93
418 105
418 196
418 208
418 209
418 226
418 245
418 249
418 263
418 269
418 279
418 410
418 449
418 475
418 493
418 494
449 139
449 352
449 510
449 105
449 142
449 159
449 196
449 213
449 269
449 376
449 431
449 447
449 489
449 492
455 3
455 278
455 203
455 236
455 330
455 424
148 3
148 139
148 435
148 497
148 508
148 538
213 288
213 387
213 414
223 497
223 110
223 302
223 499
223 387
231 11
231 289
231 387
231 497
406 508
406 139
406 327
444 173
444 347
444 139
444 352
444 240
444 122
444 387
444 494
497 433
497 139
497 30
497 289
497 369
497 387
497 538
538 53
538 387
538 414
276 52
276 347
276 332
276 484
276 236
276 72
276 80
276 94
276 147
276 340
276 373
276 395
276 416
276 425
276 435
276 473
276 488
276 562
547 237
547 348
547 531
547 352
547 410
547 88
547 92
547 475
547 25
547 55
547 128
547 185
547 279
547 357
540 52
540 532
540 110
540 328
540 394
540 295
540 185
540 302
540 317
540 448
540 499
540 46
540 487
2 52
2 169
2 173
2 237
2 336
2 347
2 348
2 485
2 486
2 526
2 532
2 537
18 145
18 366
18 149
18 165
18 344
18 458
18 76
18 85
18 101
18 130
18 131
18 136
18 174
18 233
18 299
18 338
18 362
18 423
18 463
18 558
58 172
58 476
58 16
58 110
58 323
58 328
58 344
58 427
58 470
165 398
165 468
165 548
165 16
165 149
165 427
165 502
165 505
165 544
173 62
173 64
173 130
173 167
173 387
173 531
173 536
227 486
227 474
227 309
227 371
227 416
227 470
227 535
323 532
323 468
323 221
323 16
323 17
323 111
323 149
323 130
323 168
323 344
323 502
327 139
327 435
327 114
328 33
328 98
328 145
328 397
328 429
328 16
328 37
328 136
328 168
328 216
328 265
328 275
328 299
328 311
328 355
328 385
328 422
328 542
344 398
344 548
344 476
344 221
344 17
344 35
344 266
344 174
344 425
344 427
344 496
344 502
344 505
344 544
348 237
348 29
348 59
348 64
348 71
348 78
348 122
348 159
348 195
348 219
348 233
348 238
348 245
348 352
348 410
348 447
348 489
348 499
348 531
348 532
348 546
348 549
404 185
404 74
404 416
413 106
413 130
413 361
413 501
413 551
413 134
413 298
413 411
413 499
413 56
413 75
413 102
413 108
413 86
413 163
413 273
413 314
413 371
413 424
413 453
413 466
413 520
416 211
416 431
416 302
416 499
416 48
416 324
416 72
416 123
416 230
416 341
416 371
435 508
435 11
435 387
435 396
473 486
473 377
473 399
473 302
473 496
473 309
473 371
473 430
474 3
474 532
474 124
474 17
474 48
474 205
474 220
474 287
474 291
474 399
474 438
474 476
474 478
474 508
506 482
506 201
506 349
506 441
531 158
531 347
531 548
531 4
531 106
531 207
531 359
531 454
531 8
531 40
531 55
531 59
531 64
531 80
531 88
531 105
531 128
531 130
531 146
531 208
531 217
531 219
531 249
531 345
531 399
531 410
531 426
531 467
531 489
531 510
531 511
531 522
531 546
531 549
531 555
74 488
74 367
74 501
74 48
74 199
74 393
97 486
97 199
97 309
97 371
309 486
309 521
309 199
309 393
309 72
309 371
486 123
486 199
486 343
486 371
486 377
486 393
486 399
486 532
486 561
6 278
6 139
216 28
216 295
216 333
216 470
216 490
216 524
216 73
216 70
216 135
216 310
216 364
216 504
537 336
537 482
537 434
537 443
365 3
365 417
71 207
71 402
71 410
71 549
71 59
71 447
71 496
139 237
139 14
139 30
139 92
139 191
139 206
139 241
139 333
139 337
139 396
139 533
396 433
396 508
396 141
396 438
396 289
396 114
421 26
421 306
421 54
421 199
421 220
421 346
421 379
421 399
421 460
421 500
48 332
48 476
48 355
48 394
48 428
48 59
48 287
48 199
48 201
48 243
48 324
48 393
48 460
64 347
64 352
64 410
64 510
64 358
64 442
64 249
64 219
64 128
64 83
64 493
64 55
64 122
92 347
92 548
92 14
92 128
92 249
92 269
92 462
151 278
151 34
151 399
151 230
151 324
151 346
151 521
204 4
204 102
204 112
204 174
204 180
204 207
204 250
204 314
204 324
204 394
204 454
204 469
204 528
320 211
326 433
326 45
326 363
326 395
347 3
347 36
347 122
347 128
347 185
347 187
347 191
347 195
347 219
347 226
347 240
347 245
347 249
347 269
347 297
347 352
347 357
347 388
347 410
347 447
347 456
347 459
347 462
347 494
347 510
347 534
347 549
347 557
359 91
359 10
359 25
359 78
359 105
359 181
359 200
359 215
359 225
359 293
359 353
369 433
369 221
369 390
369 397
369 110
369 105
369 187
369 232
369 401
369 430
451 5
451 215
451 236
451 480
451 498
480 526
480 532
480 236
480 476
480 522
480 353
480 149
480 355
480 28
480 295
480 490
480 524
480 73
480 175
480 30
480 32
480 59
480 186
480 205
480 310
480 561
483 565
488 124
488 471
488 484
488 343
488 32
488 110
488 150
488 160
488 185
488 284
488 287
488 430
488 501
488 520
488 561
519 236
519 287
521 34
521 72
521 153
521 324
521 430
521 469
522 526
522 433
522 5
522 215
522 236
522 476
522 80
522 101
522 110
522 200
522 232
522 325
522 460
522 462
562 478
562 423
562 161
562 248
562 275
562 513
398 17
398 130
398 174
398 244
398 266
398 427
398 458
398 476
398 502
17 476
17 98
17 16
17 35
17 251
17 303
17 394
17 427
17 458
17 502
130 352
130 510
130 76
130 80
130 87
130 230
130 235
130 373
130 434
130 452
130 558
174 433
174 468
174 458
174 505
244 433
244 91
244 106
244 16
244 76
244 293
244 324
244 437
244 553
266 427
266 458
427 468
427 16
427 111
427 168
427 251
427 256
427 303
427 445
427 458
427 502
427 516
458 548
458 236
458 476
458 149
476 332
476 468
476 5
476 16
476 35
476 111
476 127
476 150
476 220
476 232
476 251
476 287
476 324
476 341
476 390
476 460
502 16
502 35
502 166
502 144
502 303
114 387
114 414
387 508
387 53
46 565
46 535
46 150
46 187
46 284
46 301
52 218
52 262
52 325
52 518
302 565
302 185
302 38
302 108
302 317
302 324
302 371
302 379
302 499
353 91
353 549
353 33
353 13
353 150
353 162
353 175
353 186
353 249
353 330
353 351
353 366
353 383
353 489
353 551
353 553
236 158
236 211
236 215
236 13
236 55
236 60
236 127
236 149
236 189
236 230
236 269
236 287
236 383
236 399
236 424
236 460
236 498
169 271
169 336
237 25
237 47
237 88
237 116
237 122
237 128
237 191
237 219
237 269
237 279
237 290
237 426
237 493
237 496
237 535
237 549
237 557
336 147
336 434
336 482
336 498
485 3
485 147
485 215
526 73
532 108
532 199
532 211
532 278
532 324
532 395
532 468
3 116
3 124
3 178
3 211
3 278
3 332
3 377
3 468
3 471
3 484
3 508
3 529
3 548
116 10
116 218
116 351
116 426
116 549
124 96
124 123
124 346
178 98
178 118
178 145
178 168
178 211
178 390
211 72
211 133
211 147
211 203
211 330
211 350
211 383
211 561
278 32
278 203
278 218
278 230
278 304
278 386
278 499
332 158
332 220
332 243
332 250
332 394
377 440
468 16
468 149
468 430
468 516
471 32
471 75
471 269
471 324
471 478
471 508
484 147
484 324
484 343
484 386
484 399
484 499
484 535
484 561
508 433
508 80
508 132
508 395
508 510
529 38
529 109
529 317
529 448
548 35
548 149
548 249
548 475
548 557
218 250
218 26
218 147
218 162
218 189
218 399
262 440
325 221
325 16
325 234
325 294
325 301
325 311
325 317
325 399
325 559
518 300
518 403
158 34
158 128
158 150
158 160
158 230
158 245
158 287
158 341
158 361
34 24
34 171
34 291
34 470
128 555
128 226
128 358
128 431
128 40
128 55
128 83
128 122
128 357
128 467
128 496
150 250
150 90
150 481
160 343
230 565
230 355
230 123
245 172
245 454
245 352
245 410
245 442
245 25
245 55
245 59
245 122
245 191
245 241
245 269
245 436
245 546
287 205
287 80
287 127
287 220
287 324
341 112
361 56
361 271
361 411
271 551
62 238
62 352
62 88
62 39
62 53
62 122
62 191
62 240
62 407
62 459
167 238
167 555
167 88
167 226
167 392
167 263
167 240
167 68
167 63
167 191
167 196
167 354
167 412
536 187
536 95
113 22
113 86
113 138
280 98
280 429
280 76
280 233
280 423
280 118
280 115
280 419
280 513
25 263
25 426
25 535
47 555
47 399
47 83
47 100
47 357
47 493
88 238
88 555
88 352
88 63
88 68
88 212
88 240
88 279
88 345
88 357
88 392
88 459
88 563
122 555
122 557
122 225
122 399
122 316
122 269
122 375
122 388
122 494
191 352
191 549
191 392
191 533
191 69
191 279
191 370
191 196
191 388
191 459
191 494
219 510
219 549
219 233
219 431
219 55
219 209
219 269
219 270
269 549
269 557
269 511
269 159
269 195
269 241
269 354
269 456
279 555
279 226
279 392
279 263
279 43
279 69
279 63
279 68
279 196
279 209
279 315
279 370
279 459
279 495
290 549
290 426
290 489
290 297
426 29
426 200
493 358
493 392
493 69
493 83
493 357
493 345
496 433
496 397
496 429
496 511
496 283
496 363
496 187
496 83
496 395
496 232
496 234
496 294
496 311
496 372
535 147
535 371
535 499
549 8
549 410
549 63
549 159
549 168
549 185
549 187
549 203
549 233
549 241
557 454
557 555
557 510
557 9
557 226
557 358
557 29
557 55
557 164
557 195
557 196
557 209
557 241
557 467
557 494
557 495
557 561
147 53
147 322
147 453
434 304
434 311
482 201
482 384
185 429
185 35
185 551
185 224
187 551
187 200
195 410
195 226
195 249
195 59
226 132
226 43
226 63
226 358
226 392
226 534
240 352
240 407
240 53
240 494
249 29
249 144
249 168
249 241
249 546
297 433
297 367
352 8
352 63
352 315
352 354
352 459
352 494
357 358
357 316
388 196
410 8
410 78
410 156
410 159
410 241
410 467
410 510
410 546
447 534
447 431
447 208
447 489
447 459
459 510
459 534
459 69
459 370
459 209
459 494
462 30
462 105
462 564
494 263
510 8
510 43
510 61
510 69
510 209
510 495
534 9
534 358
534 209
29 565
29 10
29 225
29 429
29 431
59 433
59 394
59 30
59 43
59 156
59 243
59 395
78 207
78 465
78 9
78 335
159 431
159 43
233 76
233 85
233 136
233 168
233 362
233 419
233 431
233 513
233 558
238 7
238 39
238 43
238 53
238 68
238 263
238 407
238 554
489 431
489 43
489 142
489 144
489 376
499 363
499 42
499 220
499 324
499 371
499 379
546 454
546 250
546 284
546 304
546 479
32 30
32 210
32 551
177 66
177 349
199 428
199 291
199 120
199 168
199 393
199 460
199 561
234 469
234 294
234 311
234 383
243 432
346 110
346 393
346 509
395 433
395 215
395 442
395 363
395 438
395 515
395 206
423 528
423 98
423 145
423 366
423 275
423 385
453 551
453 134
453 411
453 108
453 424
453 163
453 95
453 314
453 520
466 108
466 424
561 284
561 168
561 481
201 54
201 393
384 149
384 355
384 295
384 490
384 73
384 175
384 30
384 310
384 107
215 5
123 432
343 13
343 284
343 304
371 565
371 393
371 112
371 432
393 90
393 331
393 428
393 171
393 54
393 324
393 220
393 460
399 528
399 145
399 90
399 27
399 288
399 291
399 330
399 383
399 401
399 430
73 355
73 490
73 524
73 30
73 70
73 121
73 205
73 310
73 504
108 44
108 163
108 220
324 470
324 171
324 291
4 106
4 172
4 207
4 454
4 528
168 186
168 181
168 203
168 277
291 373
351 524
383 528
383 469
383 127
383 380
383 294
383 350
383 517
394 192
394 295
394 448
424 134
424 44
424 56
424 520
551 501
551 56
551 86
551 102
551 220
10 33
10 225
10 293
10 312
10 390
10 429
96 428
98 33
98 16
98 111
98 118
98 181
98 210
98 248
98 275
98 277
98 312
98 381
98 445
118 33
118 225
118 381
118 368
118 24
118 422
118 430
145 33
145 179
145 232
145 252
145 267
145 275
145 293
145 366
145 385
145 397
145 422
145 429
390 182
390 478
295 392
295 355
295 38
295 99
295 205
295 310
295 448
295 464
295 524
295 541
72 256
72 133
72 330
72 373
72 530
133 330
203 386
304 311
304 479
386 189
220 355
220 372
250 106
250 207
250 454
250 8
250 127
250 156
440 281
433 37
433 45
433 143
433 232
433 553
433 565
37 182
37 385
37 491
45 363
45 438
45 93
45 260
45 289
45 515
143 438
143 39
143 206
143 515
143 523
232 225
232 429
232 381
232 355
232 368
232 442
232 275
232 385
232 284
232 181
232 67
232 265
232 401
232 441
232 542
553 91
553 285
553 334
565 8
565 288
565 442
16 33
16 35
16 110
16 111
16 149
16 355
16 437
16 511
149 35
149 175
149 186
149 205
149 310
149 355
149 450
430 171
430 289
75 102
75 273
478 33
478 312
478 397
478 76
478 136
478 181
478 248
478 275
205 355
205 30
438 30
438 363
438 39
438 285
80 132
80 275
132 9
132 63
132 315
132 382
38 528
38 317
38 448
109 317
109 448
109 281
317 559
317 448
448 110
448 281
35 256
475 539
475 30
475 68
475 376
106 91
106 112
106 454
106 539
172 376
172 465
207 105
207 241
207 301
454 479
528 44
528 102
528 281
91 41
91 76
91 166
91 275
41 134
41 298
41 411
41 436
76 115
76 136
76 419
76 463
76 513
76 558
275 33
275 293
112 355
112 321
539 5
539 224
376 142
77 61
102 56
180 135
180 294
314 134
314 298
314 411
469 60
469 153
469 401
105 392
105 40
105 146
105 208
105 217
105 345
241 212
301 442
301 288
301 335
293 33
293 225
293 307
293 312
293 355
293 397
293 422
293 429
437 82
437 125
437 131
437 224
437 308
437 340
437 408
181 225
181 312
181 381
181 111
181 182
181 385
181 67
181 419
181 542
200 503
225 33
225 23
225 69
225 315
225 412
225 429
225 467
23 82
23 161
23 368
366 33
366 397
366 429
366 144
366 513
368 161
368 248
422 33
422 299
422 267
563 362
563 68
563 121
8 221
40 217
134 298
134 436
156 402
156 131
156 431
363 93
363 285
363 515
442 24
442 288
442 524
44 56
44 138
55 221
55 431
55 54
55 68
146 316
146 63
146 495
208 217
345 212
345 560
467 555
467 431
467 63
467 315
511 69
511 212
511 420
555 7
555 63
555 68
555 83
555 100
555 196
555 209
555 212
555 263
555 354
555 358
555 392
110 21
110 283
110 340
221 182
221 397
221 495
13 342
13 554
60 374
60 135
127 364
127 380
460 54
460 401
460 432
111 251
329 397
329 428
329 300
331 255
331 420
331 428
374 19
374 27
374 420
419 463
419 513
419 313
513 101
251 445
101 85
224 315
224 120
206 258
206 515
206 523
354 407
354 63
550 409
30 355
30 186
333 355
333 24
333 318
333 70
333 242
333 541
533 69
63 358
63 392
63 263
63 315
121 501
121 490
121 524
121 310
121 461
121 504
175 28
175 318
175 461
310 355
310 70
310 504
355 24
355 171
355 186
355 379
355 470
355 500
355 504
450 28
450 318
450 470
450 541
450 119
524 24
524 490
524 70
524 186
524 461
524 504
288 472
69 43
69 115
69 209
69 316
69 370
83 392
83 263
83 100
83 188
93 515
196 392
196 263
196 100
209 392
209 263
209 316
209 370
209 412
263 392
263 68
263 100
263 559
7 409
39 258
39 407
43 316
43 370
53 554
53 407
68 392
68 188
554 137
100 392
212 316
212 67
212 322
358 9
358 315
358 382
392 315
397 33
397 312
397 179
397 242
397 252
397 267
397 307
397 385
397 429
94 389
94 403
340 408
373 286
9 382
335 356
33 179
33 267
33 299
33 307
33 312
33 381
33 429
312 252
312 267
312 299
312 429
429 179
429 248
429 252
429 267
429 299
429 307
429 381
179 299
179 252
179 267
179 307
267 299
267 252
267 115
299 252
299 307
307 252
381 67
381 265
381 277
381 385
248 242
445 303
385 67
385 265
242 470
313 544
542 67
311 559
492 261
162 104
501 367
501 228
501 520
520 222
520 95
470 24
470 28
470 89
470 119
21 31
21 283
21 408
283 31
283 157
559 31
24 318
24 490
24 541
171 229
171 286
379 120
504 490
504 70
82 131
125 235
125 254
125 99
125 308
125 477
308 157
308 254
308 99
420 19
420 90
420 27
420 246
420 401
192 99
192 372
85 338
85 362
85 558
338 115
338 362
362 558
558 115
87 527
87 235
87 254
87 452
235 527
235 254
235 452
452 527
452 254
452 477
19 90
19 428
90 246
90 428
255 239
401 153
31 157
31 527
527 254
527 477
22 129
22 253
22 264
22 367
129 57
129 86
129 253
129 411
264 86
264 367
86 138
138 163
57 163
57 222
411 298
411 95
411 222
411 436
228 273
318 28
318 119
318 461
490 54
490 70
541 119
28 89
28 119
99 254
99 372
436 298
436 95
26 141
26 306
364 380
515 360
254 372
254 477
153 380
298 95
95 222
95 457
222 457
316 370
273 163
163 457
481 487
441 552
380 517
321 239
