250
128
137
213
191
198
190
96
116
127
34
10
224
162
297
88
149
324
108
62
196
106
262
84
222
109
155
180
267
212
58
304
160
265
178
223
188
100
195
311
118
205
126
266
159
243
95
300
166
32
172
2
285
151
102
255
238
289
20
38
211
260
132
277
168
273
185
241
236
175
176
246
226
141
164
171
189
184
210
247
167
271
280
6
98
221
74
148
83
201
318
194
325
150
66
87
53
283
77
214
208
113
269
237
202
161
39
284
165
23
257
7
230
183
290
147
281
182
317
82
254
272
234
268
17
122
169
0
89
231
56
16
37
114
287
19
310
256
146
13
60
156
244
193
253
112
186
258
140
232
8
206
64
242
233
261
270
229
264
323
218
321
85
