300
52
159
59
4
182
39
664
879
68
29
206
10
163
983
62
251
679
37
125
887
421
30
184
542
322
506
416
820
8
18
454
219
446
424
42
196
653
146
841
200
549
192
964
214
425
292
85
362
947
86
370
312
759
538
11
164
188
57
426
361
235
867
74
286
16
100
202
816
65
268
61
771
266
26
368
13
63
329
109
40
379
547
56
566
397
220
375
58
21
332
336
101
484
691
402
126
49
133
32
347
323
36
589
270
727
208
158
578
521
973
705
157
257
699
438
535
17
3
78
405
852
882
690
183
406
301
221
284
267
810
114
479
90
149
199
302
217
839
382
825
385
31
162
489
413
258
142
793
711
564
523
456
41
180
676
718
305
167
358
799
53
673
384
324
271
348
722
435
245
120
991
539
66
760
474
423
54
648
432
457
91
12
45
789
875
2
35
698
943
46
800
637
60
269
64
365
118
534
496
