127
118
315
14
173
71
167
152
351
228
304
373
188
192
125
135
219
169
307
51
207
176
23
270
65
97
248
57
190
0
18
108
366
141
203
306
55
370
275
226
128
153
293
95
196
131
122
119
352
202
254
324
189
43
201
166
277
40
298
142
24
120
20
231
325
86
42
85
267
295
16
83
81
33
186
303
129
117
137
343
26
102
101
62
174
291
238
116
52
170
54
372
184
34
143
229
41
346
78
292
50
5
126
144
287
15
288
265
358
239
314
354
278
139
227
316
220
335
313
322
250
262
49
114
368
329
330
136
171
61
2
197
279
283
150
115
280
296
301
249
240
146
79
357
84
302
99
195
67
124
243
106
331
363
88
284
76
232
74
230
310
160
27
266
191
39
72
9
360
165
32
89
35
218
29
282
111
149
342
305
193
236
199
3
134
350
163
309
341
7
326
312
154
70
13
206
164
339
138
255
320
159
257
371
121
261
151
233
264
130
340
237
289
347
263
12
359
100
241
369
96
286
148
82
157
168
252
103
156
375
66
235
333
323
93
260
256
281
334
332
276
274
21
30
162
56
244
321
87
336
22
132
308
36
172
198
44
245
246
158
234
75
319
4
37
259
361
367
107
208
205
80
123
268
64
38
31
112
356
200
161
109
258
299
60
147
194
348
353
273
294
45
242
364
345
59
355
376
269
110
374
68
145
6
91
311
105
155
349
300
318
253
187
183
46
17
25
317
69
63
344
90
1
297
28
213
77
53
247
133
19
365
271
58
104
204
113
94
185
175
251
