0 1
0 3
0 5
0 7
0 32
0 45
0 46
0 54
0 62
0 72
0 75
0 77
0 80
0 84
0 98
0 110
0 111
0 114
0 128
0 129
1 3
1 5
1 7
1 32
1 45
1 46
1 56
1 62
1 66
1 68
1 72
1 75
1 77
1 84
1 90
1 93
1 98
1 108
1 110
1 111
1 113
1 114
1 116
1 120
1 128
1 129
3 5
3 7
3 10
3 11
3 23
3 32
3 45
3 46
3 56
3 58
3 62
3 72
3 80
3 84
3 89
3 93
3 98
3 107
3 111
3 114
3 128
5 7
5 54
5 62
5 72
5 75
5 77
5 80
5 84
5 93
5 110
5 111
5 120
5 123
5 128
5 129
7 54
7 56
7 62
7 72
7 75
7 84
7 94
7 98
7 106
7 110
7 111
7 114
7 120
7 123
7 124
7 128
32 9
32 11
32 13
32 19
32 21
32 22
32 23
32 24
32 31
32 40
32 45
32 53
32 54
32 68
32 72
32 75
32 79
32 80
32 85
32 88
32 93
32 98
32 104
32 106
32 108
32 109
32 112
32 113
32 115
32 116
32 123
32 124
45 11
45 19
45 22
45 46
45 54
45 56
45 62
45 72
45 75
45 77
45 80
45 89
45 90
45 93
45 98
45 104
45 110
45 111
45 113
45 120
45 123
45 128
45 129
46 9
46 11
46 44
46 54
46 62
46 68
46 71
46 77
46 80
46 84
46 90
46 93
46 98
46 110
46 111
46 114
46 126
46 128
54 26
54 56
54 62
54 63
54 72
54 80
54 88
54 89
54 93
54 97
54 110
54 111
54 114
54 120
54 123
54 124
54 128
54 129
62 56
62 9
62 11
62 26
62 40
62 63
62 66
62 68
62 72
62 75
62 77
62 80
62 84
62 90
62 93
62 98
62 104
62 107
62 108
62 110
62 111
62 113
62 114
62 120
62 123
62 128
62 129
72 56
72 9
72 11
72 14
72 75
72 77
72 79
72 80
72 81
72 84
72 85
72 87
72 93
72 97
72 98
72 109
72 110
72 111
72 113
72 114
72 123
72 124
72 128
72 129
75 56
75 11
75 33
75 71
75 77
75 80
75 84
75 90
75 93
75 98
75 110
75 111
75 114
75 116
75 128
77 56
77 9
77 35
77 50
77 55
77 68
77 73
77 80
77 84
77 89
77 90
77 98
77 110
77 111
77 114
77 123
77 128
80 56
80 11
80 30
80 31
80 41
80 55
80 84
80 89
80 90
80 98
80 104
80 111
80 114
80 123
80 128
84 56
84 9
84 11
84 27
84 31
84 33
84 68
84 83
84 93
84 98
84 114
84 120
84 129
98 8
98 11
98 14
98 17
98 22
98 33
98 38
98 40
98 68
98 71
98 89
98 90
98 93
98 110
98 111
98 114
98 116
98 120
98 125
98 128
98 129
110 56
110 90
110 111
110 120
110 128
111 56
111 8
111 10
111 26
111 50
111 89
111 90
111 93
111 113
111 114
111 120
111 128
111 129
114 56
114 19
114 33
114 55
114 68
114 93
114 108
114 120
114 128
114 129
128 56
128 30
128 31
128 55
128 68
128 87
128 89
128 90
128 93
128 123
128 129
129 26
129 40
129 66
129 93
129 97
129 118
129 120
56 9
56 50
56 93
66 10
66 26
66 31
66 34
66 41
66 55
66 63
66 64
66 88
66 91
66 96
66 97
66 103
66 107
66 112
66 119
66 120
66 127
68 9
68 11
68 10
68 19
68 21
68 23
68 43
68 71
68 104
68 107
68 108
68 113
68 116
68 126
90 14
90 89
93 11
93 19
93 71
108 11
108 19
108 31
108 42
108 81
108 85
108 113
108 123
113 11
113 16
113 19
113 21
113 27
113 37
113 53
113 59
113 60
113 104
113 120
113 123
113 124
116 9
116 11
116 22
116 23
116 26
116 48
116 53
116 55
116 71
116 79
116 85
116 89
116 102
116 104
116 106
116 118
120 27
120 63
120 88
120 104
120 118
10 33
10 58
10 82
10 87
10 99
10 100
10 24
10 25
10 28
10 34
10 35
10 38
10 39
10 44
10 86
10 92
10 97
10 107
10 109
10 112
10 127
11 14
11 19
11 21
11 23
11 24
11 40
11 50
11 71
11 79
11 88
11 104
11 109
11 112
11 115
11 124
23 13
23 19
23 21
23 79
23 104
23 115
23 123
23 124
58 2
58 27
58 30
58 33
58 42
58 44
58 59
58 61
58 67
58 69
58 70
58 73
58 79
58 86
58 87
58 88
58 99
58 100
58 126
89 9
89 71
89 14
89 42
89 48
89 50
89 53
89 85
89 94
89 101
89 106
89 118
107 8
107 26
107 31
107 49
107 64
107 91
107 97
107 122
123 29
123 14
123 19
123 21
123 104
94 9
94 71
94 14
94 22
94 50
94 53
94 101
94 102
94 118
106 9
106 71
106 14
106 22
106 40
106 48
106 50
106 53
106 55
106 85
106 102
106 118
124 37
124 78
124 22
124 85
124 104
9 12
9 14
9 22
9 40
9 48
9 50
9 53
9 55
9 71
9 85
9 101
9 102
9 118
13 33
13 122
13 92
13 28
13 34
13 35
13 97
13 112
13 15
13 31
13 74
13 96
13 103
13 117
13 119
13 125
19 104
21 104
22 14
22 40
22 48
22 50
22 53
22 85
22 101
24 37
24 100
24 25
24 35
24 97
24 109
24 127
31 63
31 69
31 25
31 28
31 97
31 16
31 26
31 119
31 125
40 95
40 14
40 48
40 53
40 55
40 85
40 102
40 118
53 92
53 14
53 48
53 50
53 55
53 85
53 102
53 118
79 27
79 30
79 70
79 73
79 87
79 88
79 99
79 100
79 49
79 44
79 69
79 83
79 86
79 112
79 42
85 71
85 14
85 50
85 55
85 102
85 112
88 2
88 27
88 30
88 33
88 67
88 70
88 73
88 87
88 15
88 42
88 44
88 69
88 76
88 81
88 83
88 86
88 99
88 112
104 29
104 69
109 100
109 122
109 92
109 25
109 97
109 65
109 112
112 12
112 36
112 60
112 63
112 41
112 57
112 48
112 25
112 28
112 34
112 15
112 65
112 74
112 96
112 115
112 117
112 119
112 125
115 122
115 28
115 34
115 35
115 15
115 74
115 96
115 103
115 117
115 125
44 8
44 27
44 30
44 33
44 67
44 73
44 87
44 99
44 38
44 42
44 69
44 81
44 83
44 86
71 33
71 99
71 101
71 102
126 2
126 4
126 8
126 12
126 17
126 29
126 33
126 36
126 37
126 43
126 47
126 51
126 59
126 82
126 100
126 105
126 121
126 38
126 41
126 52
26 17
26 63
26 122
26 41
26 49
26 92
26 97
26 127
63 2
63 17
63 60
63 15
63 16
63 28
63 34
63 65
63 74
63 92
63 96
63 117
63 125
97 60
97 41
97 92
97 25
97 35
97 91
50 14
50 55
50 101
14 41
14 48
14 55
14 101
14 102
14 118
81 8
81 27
81 30
81 67
81 73
81 99
81 69
81 61
81 76
87 2
87 17
87 27
87 33
87 37
87 67
87 70
87 73
87 82
87 42
87 61
87 69
87 76
87 83
87 86
87 99
87 100
33 2
33 4
33 8
33 12
33 17
33 18
33 29
33 30
33 37
33 38
33 41
33 47
33 51
33 52
33 57
33 60
33 69
33 76
33 78
33 82
33 86
33 95
33 100
33 105
33 121
35 92
35 39
35 119
35 125
55 48
55 25
55 101
55 102
73 2
73 27
73 30
73 47
73 67
73 70
73 34
73 42
73 49
73 69
73 76
73 83
73 99
73 100
30 2
30 27
30 38
30 42
30 61
30 67
30 69
30 70
30 76
30 83
30 86
30 99
30 100
30 121
41 4
41 8
41 12
41 17
41 29
41 36
41 37
41 43
41 47
41 51
41 59
41 60
41 67
41 70
41 78
41 82
41 100
41 105
41 121
41 38
41 52
41 57
41 91
41 95
41 125
27 2
27 8
27 38
27 42
27 48
27 67
27 69
27 70
27 83
27 86
83 8
83 67
83 70
83 99
83 92
83 69
83 42
83 76
8 2
8 12
8 17
8 18
8 20
8 36
8 37
8 38
8 49
8 51
8 52
8 57
8 60
8 69
8 70
8 82
8 95
8 105
8 121
17 2
17 12
17 18
17 20
17 29
17 36
17 37
17 38
17 47
17 51
17 52
17 57
17 59
17 67
17 78
17 82
17 95
17 100
17 105
17 121
17 122
38 4
38 12
38 29
38 36
38 37
38 43
38 47
38 51
38 59
38 60
38 78
38 82
38 100
38 105
38 121
38 25
38 69
38 86
38 95
125 37
125 78
125 28
125 34
125 15
125 74
125 96
125 103
125 119
118 48
118 101
118 102
12 2
12 4
12 18
12 29
12 36
12 37
12 43
12 51
12 52
12 57
12 60
12 78
12 82
12 95
12 100
12 105
12 121
48 102
34 28
34 15
34 16
34 65
34 74
34 96
34 117
34 119
64 122
64 6
64 49
91 37
91 70
91 122
96 28
96 15
96 74
96 65
96 103
96 119
103 25
103 127
103 74
103 65
103 119
119 57
119 92
119 25
119 28
119 15
119 74
119 117
119 16
119 65
127 67
127 25
127 15
43 2
43 4
43 29
43 37
43 47
43 51
43 57
43 60
43 69
43 82
43 100
43 105
42 59
42 67
42 70
42 100
42 69
42 86
42 76
42 61
16 92
16 15
16 65
37 2
37 4
37 18
37 36
37 47
37 51
37 57
37 59
37 60
37 78
37 100
37 105
37 121
59 2
59 4
59 47
59 60
59 76
59 78
59 82
59 95
59 100
59 105
60 2
60 4
60 18
60 36
60 47
60 51
60 20
60 57
60 78
60 82
60 95
60 100
60 105
2 4
2 29
2 36
2 47
2 51
2 67
2 70
2 82
2 99
2 100
2 105
2 121
4 18
4 29
4 36
4 47
4 51
4 57
4 67
4 78
4 82
4 95
4 105
4 121
29 36
29 51
29 82
29 86
29 100
29 121
36 18
36 47
36 51
36 52
36 57
36 78
36 82
36 95
36 105
36 121
47 18
47 51
47 57
47 78
47 82
47 95
47 100
47 105
47 121
51 18
51 52
51 57
51 78
51 82
51 95
51 100
51 105
51 121
67 57
67 61
67 70
67 86
67 99
70 49
70 61
70 69
70 76
70 86
70 99
70 100
70 105
82 18
82 78
82 20
82 57
82 95
82 100
82 121
99 61
99 69
99 76
99 86
100 49
100 57
100 69
100 76
100 86
100 95
100 105
100 121
105 18
105 78
105 52
105 57
105 95
105 121
121 18
121 78
121 20
121 57
121 95
18 52
18 57
18 78
18 95
57 78
57 20
57 25
57 95
78 95
95 20
95 52
95 74
49 122
49 6
49 69
69 122
69 61
69 76
122 6
86 28
86 61
86 76
61 76
15 28
15 65
15 74
15 117
28 65
28 74
28 117
65 92
65 74
74 117
92 25
92 117
25 39
