327
213
373
521
123
614
156
161
632
755
760
201
588
682
143
634
639
267
300
101
347
192
266
468
655
478
272
429
193
802
576
838
168
52
158
427
113
221
491
975
22
916
16
33
364
785
419
408
801
606
189
447
810
831
462
839
688
148
126
971
645
107
832
305
529
395
372
469
357
375
287
211
841
57
114
295
683
105
381
17
608
510
392
234
509
64
338
183
745
458
505
108
996
600
137
548
564
19
770
912
379
125
309
358
647
775
722
633
679
167
277
426
399
41
485
923
333
582
471
7
465
53
139
184
264
154
842
2
937
556
122
95
4
229
733
438
134
93
207
166
102
583
116
561
208
340
754
436
737
866
199
190
407
387
518
197
119
200
464
288
497
751
356
104
502
456
928
629
475
209
206
56
73
182
138
268
145
741
382
312
296
949
160
252
140
725
543
944
181
406
195
244
97
9
764
196
423
404
390
352
500
806
233
380
179
995
840
269
542
846
794
863
553
918
461
453
873
523
202
249
136
450
255
298
210
78
230
194
27
909
299
595
403
44
508
224
648
592
180
821
589
310
473
99
110
203
636
434
628
869
89
386
627
222
405
129
215
370
844
694
796
247
965
87
660
580
534
700
155
20
611
412
517
991
686
146
724
446
488
152
260
560
278
112
106
711
219
800
552
526
490
5
886
270
897
328
531
88
507
566
1002
377
782
699
503
238
324
67
51
476
793
28
498
495
545
962
24
311
71
91
638
45
569
649
568
256
587
885
415
117
605
673
728
15
730
276
58
670
223
176
527
409
698
216
1001
271
153
777
535
819
596
541
499
401
23
178
474
351
756
708
185
685
237
558
516
565
225
437
365
293
610
870
187
787
680
398
811
862
243
514
718
362
861
171
974
477
828
525
315
812
420
90
765
533
103
887
860
581
177
417
274
559
779
618
361
661
43
704
788
640
902
374
845
868
369
40
439
346
337
149
577
261
444
239
479
676
217
459
246
26
14
978
671
371
894
907
241
590
378
492
157
273
402
323
96
336
289
165
578
366
418
964
856
757
470
763
383
120
359
852
562
248
635
808
910
76
830
393
609
245
121
218
537
50
472
360
240
303
282
501
124
422
25
286
575
513
175
652
466
343
61
227
147
79
431
385
790
597
253
236
322
776
