14
910
63
348
621
612
1061
304
140
818
73
563
515
113
104
985
1009
548
499
1022
217
732
725
110
975
165
1042
1
863
133
169
670
371
744
482
480
330
443
624
1052
211
1115
714
569
135
976
435
761
1035
345
707
940
316
1044
279
686
846
1050
1076
997
720
359
268
878
894
420
310
722
801
914
58
829
172
354
331
794
314
573
194
697
944
550
105
393
346
827
325
705
447
199
1095
418
99
572
529
416
851
247
672
605
890
464
60
616
15
640
253
716
383
151
319
494
964
942
710
606
918
130
820
358
71
528
275
90
1129
42
488
618
840
1014
246
183
264
721
159
227
963
263
24
627
554
560
156
537
436
726
756
503
731
699
228
421
343
373
523
394
30
226
26
468
728
1008
54
650
240
893
40
876
1093
1046
125
758
1083
384
907
306
735
39
502
205
1099
326
678
210
283
157
948
547
789
154
269
467
448
1092
152
909
473
803
412
249
398
13
981
517
148
638
1097
145
664
449
400
520
353
76
884
559
1126
635
374
5
740
943
360
31
189
1074
