0 13
0 15
0 39
0 51
0 54
0 60
0 63
1 3
1 4
1 13
1 14
1 18
1 20
1 21
1 22
1 23
1 26
1 29
1 31
1 34
1 37
1 38
1 43
1 46
1 55
1 57
1 58
1 62
2 11
2 14
2 19
2 22
2 26
2 30
2 33
2 42
2 43
2 56
2 58
3 4
3 5
3 9
3 13
3 15
3 20
3 21
3 22
3 23
3 29
3 34
3 37
3 38
3 42
3 43
3 46
3 53
3 55
3 57
3 58
3 59
3 62
4 13
4 14
4 18
4 21
4 22
4 23
4 29
4 34
4 37
4 38
4 43
4 46
4 53
4 55
4 57
4 58
4 59
4 62
5 13
5 14
5 18
5 20
5 21
5 22
5 23
5 24
5 29
5 32
5 34
5 38
5 43
5 46
5 51
5 57
5 59
5 62
6 7
6 9
6 43
6 49
7 9
7 10
7 17
7 24
7 32
7 41
7 45
8 9
8 10
8 11
8 16
8 17
8 24
8 32
8 35
8 38
8 41
8 42
8 43
8 44
8 45
8 49
8 59
8 61
8 64
9 10
9 16
9 17
9 24
9 26
9 29
9 32
9 35
9 41
9 42
9 44
9 45
9 46
10 11
10 13
10 15
10 16
10 17
10 22
10 24
10 26
10 32
10 35
10 41
10 42
10 43
10 44
10 45
10 57
10 59
10 61
10 62
11 17
11 19
11 24
11 26
11 30
11 33
11 41
11 45
11 58
12 39
12 53
13 18
13 21
13 22
13 23
13 29
13 34
13 36
13 37
13 38
13 55
13 57
13 58
13 59
13 62
14 18
14 21
14 22
14 27
14 29
14 31
14 34
14 37
14 38
14 43
14 44
14 45
14 57
14 59
14 62
15 21
15 27
15 40
15 47
15 49
15 50
15 51
15 60
15 63
16 17
16 32
16 41
16 42
16 44
16 45
17 21
17 24
17 32
17 35
17 42
17 44
17 45
17 62
18 20
18 22
18 31
18 34
18 37
18 43
18 59
18 62
19 23
19 43
19 49
19 54
20 21
20 23
20 29
20 30
20 37
20 43
20 45
20 46
20 53
20 56
20 57
20 59
20 62
20 63
21 22
21 23
21 25
21 29
21 34
21 37
21 38
21 42
21 43
21 44
21 45
21 46
21 49
21 52
21 57
21 59
21 62
22 23
22 24
22 31
22 32
22 33
22 34
22 37
22 38
22 40
22 41
22 42
22 43
22 45
22 55
22 56
22 57
22 58
22 59
22 61
22 62
22 64
23 24
23 34
23 37
23 38
23 41
23 43
23 46
23 55
23 56
23 57
23 58
23 59
23 62
24 32
24 33
24 34
24 42
24 43
24 45
24 48
25 28
25 40
25 53
25 62
26 29
26 30
26 33
26 58
27 36
27 40
27 48
27 52
27 54
27 56
27 61
27 64
28 49
29 30
29 34
29 37
29 38
29 46
29 55
29 59
30 33
30 52
31 34
31 37
31 43
32 33
32 35
32 41
32 42
32 43
32 45
33 34
33 40
33 58
34 37
34 41
34 43
34 45
34 46
34 49
34 55
34 56
34 57
34 59
34 62
35 41
35 42
35 44
35 45
35 49
35 54
35 61
36 52
36 54
36 56
36 61
36 64
37 38
37 41
37 43
37 46
37 55
37 57
37 59
37 62
38 43
38 46
38 55
38 58
39 40
40 50
40 51
40 56
40 60
41 42
41 44
41 52
41 54
41 57
42 43
42 44
42 45
43 45
43 48
43 51
43 53
43 55
43 56
43 57
43 58
43 59
43 62
43 64
44 45
44 52
44 54
44 64
45 59
45 62
46 55
46 59
46 62
47 51
47 53
47 60
47 63
48 52
48 54
48 56
48 61
48 64
49 53
49 54
49 60
49 62
50 63
51 53
51 60
51 63
52 54
52 56
52 61
52 64
53 60
54 56
54 61
54 64
55 57
55 58
55 59
55 62
56 61
56 64
57 59
57 62
59 62
61 64
