178
93
106
201
252
54
219
262
377
22
94
140
300
9
301
33
215
184
182
302
170
281
118
66
270
180
31
189
40
199
327
297
85
95
243
63
344
154
222
242
41
179
61
10
76
254
315
181
225
298
171
240
216
263
232
177
159
220
336
229
11
81
16
265
223
20
210
256
234
52
172
57
259
185
78
186
169
217
53
308
212
67
272
107
347
5
35
303
50
23
350
257
239
238
190
299
150
191
59
120
25
84
282
157
62
203
214
328
260
28
197
121
235
202
68
209
8
357
244
325
24
288
236
251
348
174
283
196
74
38
73
122
86
284
4
213
241
307
119
149
321
296
345
39
371
105
139
6
72
92
29
77
314
198
104
156
75
64
7
291
87
96
247
200
361
362
51
173
231
349
309
268
363
30
292
168
245
255
97
230
316
138
218
266
123
233
17
264
289
58
267
124
27
34
32
261
224
82
48
378
108
98
183
103
148
306
356
88
246
80
271
192
221
293
237
26
69
70
83
71
211
49
269
358
79
155
117
