646
754
595
684
195
431
507
808
485
561
116
396
553
786
262
199
40
362
137
215
681
982
270
995
286
815
316
322
99
495
60
592
780
422
92
844
144
303
10
415
128
444
680
123
421
188
530
737
44
125
29
104
47
940
810
18
0
15
267
136
727
27
388
141
115
694
173
734
776
403
46
504
927
23
875
103
278
769
88
102
122
16
30
593
437
79
509
7
807
239
652
313
339
650
939
797
98
791
299
500
883
904
409
728
180
897
954
945
68
13
710
707
360
280
907
194
594
281
567
881
943
387
216
384
87
175
81
325
816
470
340
617
961
548
305
588
321
493
432
26
171
56
597
677
552
915
579
706
113
871
120
854
318
524
25
746
184
527
818
317
771
336
596
973
308
292
526
77
532
802
224
82
655
800
76
781
1003
39
172
868
32
923
139
343
525
273
179
42
413
406
156
565
679
351
52
114
264
62
372
497
256
624
298
221
168
471
820
134
257
731
291
693
606
873
478
326
720
38
67
401
578
711
609
859
730
654
740
512
302
587
3
31
117
425
464
642
480
441
33
950
364
225
250
333
427
407
801
300
105
683
146
293
764
8
419
370
107
546
106
657
398
703
169
185
43
61
93
181
433
315
864
410
232
772
353
665
426
555
119
304
24
41
279
484
653
337
253
314
263
499
591
528
424
71
35
736
966
320
54
247
997
85
383
726
414
229
323
192
96
240
741
167
436
584
258
1
629
862
327
420
385
219
37
438
223
243
787
543
442
601
148
53
207
55
619
460
514
453
379
551
12
506
615
716
276
885
946
511
580
65
476
616
630
72
542
753
676
826
17
209
992
833
628
183
554
74
468
412
20
631
767
829
760
705
789
931
892
58
969
150
332
959
957
127
825
556
531
874
111
448
338
867
455
241
69
189
251
477
368
669
661
866
48
190
231
439
330
496
947
850
151
893
312
704
147
503
774
697
768
576
275
70
809
709
649
658
976
782
751
80
84
519
395
361
356
164
271
747
443
14
130
718
19
742
571
733
244
790
289
311
205
603
359
962
73
191
835
454
715
97
380
9
90
819
583
456
599
228
647
964
837
831
269
671
639
83
713
735
475
135
187
644
978
863
64
341
89
745
999
210
838
533
613
440
538
50
732
765
725
773
481
429
575
140
434
635
779
823
21
840
211
6
909
784
345
663
674
155
582
66
126
259
375
510
687
170
486
34
230
284
832
870
739
245
547
492
285
607
334
508
238
685
622
640
813
570
785
319
839
638
193
157
296
290
402
350
545
827
4
695
632
900
149
142
590
390
405
846
513
393
91
641
872
310
817
307
363
131
408
138
911
145
367
400
423
268
165
467
610
498
203
95
662
233
855
458
277
491
252
143
226
544
920
618
902
980
660
889
804
129
539
391
505
49
347
670
675
346
516
744
678
249
301
158
473
59
803
217
886
51
373
404
645
309
905
266
830
381
160
369
656
896
847
857
479
501
913
494
598
220
357
86
708
260
691
329
518
36
198
520
237
63
489
611
28
255
430
435
200
446
411
162
118
204
132
549
564
563
57
75
152
201
759
328
842
416
2
331
227
394
265
880
461
463
664
666
392
977
502
581
295
799
573
914
261
174
352
274
562
11
182
994
335
623
899
812
752
133
550
246
452
806
213
828
202
608
94
100
682
821
729
196
602
445
517
417
386
748
214
574
218
161
861
110
186
222
636
841
342
557
254
956
459
101
462
910
948
377
643
483
482
719
783
876
22
234
843
272
906
535
121
371
153
474
620
159
197
374
577
916
600
465
534
712
963
469
612
248
382
154
283
5
399
890
659
917
490
849
235
366
358
888
627
