531
366
749
781
823
248
866
844
994
675
243
607
93
166
561
749
555
875
4
403
555
464
957
510
231
749
30
727
700
576
157
584
720
447
350
936
791
759
394
757
105
194
446
554
174
638
866
660
703
399
609
78
265
133
751
682
635
105
495
143
562
508
459
218
222
554
740
24
133
275
437
407
808
468
98
169
165
45
615
591
542
485
296
205
232
199
187
749
222
315
409
668
494
263
409
90
351
876
970
700
391
51
206
436
105
362
581
287
581
5
125
33
957
308
133
781
749
582
749
88
335
399
47
245
152
399
158
347
749
581
763
310
749
127
89
449
518
808
443
295
238
146
141
271
409
308
680
125
754
204
773
940
577
429
977
466
554
698
275
499
53
264
315
697
624
617
514
712
274
503
715
371
51
247
609
749
866
430
105
429
333
749
303
453
238
915
133
581
175
658
594
417
48
233
395
453
920
341
957
502
143
524
516
404
486
778
840
333
234
333
206
6
592
563
416
896
647
528
111
581
91
222
234
153
322
361
78
360
422
193
591
289
957
420
729
817
610
128
734
347
383
192
249
343
469
200
263
522
417
305
528
353
682
590
525
715
862
749
749
781
505
749
740
548
821
562
713
393
356
263
645
556
458
299
970
333
105
588
50
462
860
470
587
102
892
114
517
498
361
409
222
341
238
698
881
434
233
561
940
861
52
290
110
291
646
86
749
629
27
628
324
920
97
510
727
47
749
183
715
581
7
670
595
500
510
311
814
81
868
676
715
318
341
521
333
238
600
674
167
655
310
236
773
52
749
409
556
808
370
30
64
19
338
115
959
491
64
181
193
366
478
77
698
698
696
446
581
581
494
99
222
477
423
509
685
749
658
368
105
724
359
417
105
341
83
780
827
830
300
310
409
86
238
174
652
466
857
95
51
554
855
581
170
480
366
946
822
771
581
575
581
30
246
736
272
312
366
565
50
507
703
373
305
247
631
20
721
444
552
286
172
368
86
373
736
735
631
949
399
400
728
466
399
102
663
543
749
206
409
749
287
715
391
727
193
599
929
25
681
528
28
463
749
971
917
223
223
222
287
479
923
30
115
146
317
206
661
463
700
409
916
563
749
80
749
465
17
682
749
82
436
840
611
749
555
534
105
17
787
234
555
731
