514
613
844
428
956
28
287
565
596
756
333
152
861
95
709
376
586
639
240
904
849
839
907
692
338
850
798
444
155
569
199
629
826
106
477
290
311
912
636
701
73
413
800
389
104
820
33
405
474
332
716
381
231
576
215
125
114
768
418
79
377
178
371
273
275
100
263
379
163
765
16
156
807
142
94
690
749
98
828
212
635
816
725
819
245
715
304
927
318
46
353
538
345
227
41
961
303
458
54
30
403
219
913
555
660
705
670
236
517
706
406
853
110
533
268
238
21
959
220
588
183
29
384
154
15
642
802
463
575
2
866
793
688
739
307
468
571
673
472
18
24
20
943
774
309
665
133
200
262
424
758
708
35
870
490
288
531
695
609
561
12
66
909
190
361
947
105
378
537
68
420
237
246
342
69
512
146
471
86
5
233
854
735
65
653
696
322
50
983
285
310
196
654
253
621
501
187
383
678
601
607
771
840
67
676
585
812
159
608
8
324
411
57
191
712
431
254
204
652
782
671
123
407
265
63
248
158
480
799
964
427
351
669
872
683
255
350
505
761
567
38
189
657
498
132
584
447
835
589
32
711
19
137
562
222
655
55
581
124
284
336
830
441
408
693
56
392
473
341
42
664
672
182
184
151
326
74
760
775
757
362
640
410
513
136
784
530
617
905
863
915
625
372
623
394
1
211
593
876
230
554
662
707
380
885
857
817
259
614
157
736
421
769
390
329
557
84
387
214
611
752
36
312
366
525
415
77
583
572
648
317
330
75
516
97
257
553
779
563
162
777
753
731
228
45
425
599
457
385
349
529
668
393
742
495
337
395
453
634
294
293
521
759
111
788
719
455
932
87
206
954
172
469
367
484
686
552
370
545
811
628
626
499
60
546
357
47
7
568
205
860
419
722
118
269
882
815
547
274
694
535
