786
322
95
634
29
242
270
990
145
77
564
1117
432
1012
466
742
150
405
299
194
311
239
86
842
1098
1131
309
846
567
174
85
12
732
602
35
92
963
329
333
488
39
672
421
1130
867
181
234
91
291
755
463
106
802
529
157
649
967
860
456
204
526
950
818
854
632
744
947
2
1101
302
785
1128
1035
1096
549
603
305
658
146
328
324
960
586
520
866
841
173
833
470
96
1075
563
442
1014
99
434
929
1113
411
435
197
303
506
382
656
310
1013
633
995
791
117
185
875
192
807
448
1095
926
1043
761
1010
688
764
573
678
848
477
354
94
410
944
123
52
949
610
90
581
772
972
1049
890
717
655
770
743
55
1024
457
1083
213
167
1021
345
151
271
619
1110
681
158
403
647
182
977
787
349
680
149
896
822
814
183
467
641
837
1032
3
330
599
756
976
806
736
1068
38
404
623
1026
260
901
616
516
600
952
945
152
438
222
587
1052
229
923
544
155
986
592
369
207
734
835
844
273
790
816
226
28
766
828
876
332
492
561
101
1086
608
342
398
473
73
1112
792
943
714
627
1064
9
769
964
913
289
193
370
1081
820
997
221
859
447
696
177
1051
374
1090
536
664
79
133
996
800
906
1108
406
493
169
994
26
571
559
911
553
810
922
895
437
832
863
383
684
250
992
353
1084
1099
231
795
262
412
738
1047
919
306
899
862
348
607
375
547
143
698
799
904
522
1028
661
351
127
401
936
462
902
223
675
58
653
336
707
214
774
804
525
555
836
666
203
53
735
691
635
808
700
428
622
1123
595
694
319
480
663
796
703
61
1055
531
251
196
881
1045
604
542
93
100
687
1
758
389
812
927
849
747
476
776
187
386
631
368
771
1129
87
341
407
1124
124
942
84
989
639
910
170
893
451
509
650
1040
908
1033
505
789
464
495
584
350
81
198
941
387
871
570
188
431
727
397
20
577
885
819
843
257
1036
1018
479
280
987
11
408
533
205
1100
638
97
118
973
957
224
1020
636
49
294
746
491
574
745
364
240
381
1114
912
113
713
439
483
325
782
4
499
624
648
1016
614
724
246
42
695
32
501
