0 4
0 29
0 32
0 38
0 39
0 41
0 67
1 53
1 61
1 62
1 65
2 52
2 54
2 56
2 60
2 64
2 70
3 10
3 20
3 30
3 36
3 44
3 46
3 55
4 29
4 32
4 38
4 39
4 41
4 49
4 59
4 67
5 33
5 34
5 43
5 45
6 11
6 17
6 22
6 37
6 57
6 60
6 71
6 72
7 13
7 60
8 22
8 28
8 47
8 74
9 11
9 27
9 71
9 72
10 20
10 30
10 36
10 44
11 17
11 22
11 27
11 37
11 57
11 60
11 71
11 72
12 28
12 35
12 50
12 58
12 74
13 60
14 45
14 51
15 42
15 66
15 71
16 33
16 43
16 74
17 22
17 37
17 57
17 60
17 71
17 72
18 43
19 26
19 43
19 63
20 30
20 36
20 44
21 22
21 71
21 72
22 25
22 28
22 37
22 47
22 57
22 60
22 71
22 72
22 74
23 28
23 35
23 48
24 33
24 69
25 48
26 43
26 63
27 71
27 72
28 35
28 47
28 48
28 50
28 58
28 74
29 32
29 38
29 39
29 41
29 49
29 59
29 67
31 53
31 62
31 65
32 38
32 39
32 41
32 49
32 59
32 67
33 43
33 69
34 40
34 43
34 45
34 49
35 48
35 50
35 58
35 74
36 44
37 57
37 60
37 71
37 72
38 39
38 41
38 67
39 41
39 67
40 43
40 45
40 49
41 67
42 66
43 45
43 49
43 63
43 68
43 74
45 49
45 51
46 55
47 74
49 53
49 59
50 58
50 68
50 74
52 56
52 60
52 70
53 61
53 62
53 65
54 64
55 73
56 60
56 70
57 60
57 71
57 72
58 68
58 74
60 70
60 71
60 72
61 62
61 65
62 65
71 72
73 74
