424
291
226
138
182
658
520
441
187
280
238
222
180
671
245
81
368
302
139
293
526
331
1
645
418
530
365
167
186
7
212
143
556
225
677
656
527
87
275
88
243
16
13
458
57
573
199
188
2
55
144
468
618
54
235
308
248
82
454
390
427
86
420
99
401
292
190
34
687
170
498
440
5
49
469
303
242
206
356
580
388
474
116
46
380
260
593
296
205
585
614
373
38
204
159
437
445
542
74
371
639
428
314
443
17
73
377
41
511
3
121
655
409
4
359
328
396
72
572
105
315
436
525
217
89
286
288
43
289
277
185
132
490
544
14
507
318
306
669
549
575
267
309
265
63
489
47
529
682
215
283
109
299
602
578
395
364
290
447
90
439
316
317
616
176
239
326
448
24
209
140
44
479
376
161
250
62
351
402
555
442
40
584
22
582
6
18
374
493
8
127
494
137
70
417
703
456
495
246
216
52
15
457
531
61
149
66
512
103
266
647
10
113
387
135
39
407
405
408
706
521
350
696
372
540
295
355
214
605
19
80
218
332
311
522
422
165
146
164
211
662
615
596
269
78
26
389
142
258
219
607
25
175
601
461
294
208
68
120
230
33
660
98
110
483
249
196
503
181
463
42
128
381
56
641
85
231
504
535
319
168
421
566
502
221
491
366
183
232
193
200
172
386
709
583
450
325
307
347
301
60
203
338
590
178
198
329
467
475
97
478
0
115
406
509
635
612
278
321
337
589
352
28
163
29
31
220
50
313
367
155
189
51
229
672
77
35
160
560
403
95
30
305
79
58
597
621
271
48
173
147
659
154
130
264
261
251
45
399
100
94
506
552
357
247
604
353
84
320
157
432
519
107
460
12
108
53
569
298
106
559
304
272
67
69
343
579
129
224
609
362
515
446
71
171
133
690
101
236
384
210
354
702
510
83
644
122
564
169
688
568
9
194
64
541
125
65
166
21
528
413
237
162
565
705
592
416
136
282
11
91
637
184
93
452
622
27
554
270
451
111
102
438
191
262
567
480
333
179
263
466
59
192
92
484
330
158
20
117
75
279
595
153
629
134
397
114
335
207
513
123
104
679
652
118
455
462
131
334
624
96
323
297
241
145
499
391
202
633
600
287
126
523
254
546
636
571
481
643
148
197
37
150
151
223
369
599
631
691
201
548
346
124
363
501
404
587
253
361
76
393
268
591
234
174
625
667
213
336
177
119
464
23
683
141
112
348
228
195
156
561
152
281
394
505
598
244
411
32
444
453
435
485
349
577
345
284
227
382
434
638
36
344
233
392
240
312
547
252
562
