293
161
523
35
601
48
476
126
501
361
383
486
194
333
403
454
455
311
400
7
507
132
73
608
260
283
71
415
391
105
46
270
310
219
618
363
159
75
327
281
470
23
578
475
567
68
611
252
104
118
250
691
444
547
569
617
21
142
53
197
404
324
564
616
61
629
708
529
256
259
390
17
516
157
205
234
498
581
677
198
589
690
321
641
84
111
650
479
96
54
625
269
660
584
684
170
230
284
408
393
521
124
539
510
41
614
587
698
304
711
472
263
450
80
497
673
634
405
699
680
94
688
245
394
183
51
30
192
212
373
222
223
195
148
274
338
432
623
257
580
515
253
210
350
419
441
6
388
24
644
646
568
88
532
573
100
130
695
242
669
511
598
540
20
4
240
656
255
109
453
661
631
258
468
348
204
414
557
305
459
595
649
626
267
452
228
186
295
514
9
585
410
129
599
712
451
149
314
612
91
99
559
579
318
40
331
686
637
22
600
434
520
429
505
345
265
457
524
397
628
416
191
169
140
115
624
439
518
273
101
674
339
29
490
647
27
485
203
525
50
39
389
103
543
517
384
375
496
494
244
189
583
377
156
5
365
421
570
184
652
201
37
705
558
97
76
298
144
471
121
424
299
309
13
594
340
217
112
621
487
536
591
509
563
480
630
668
489
163
14
177
364
143
640
162
592
474
187
488
561
38
199
555
110
366
461
153
294
193
286
367
287
346
412
442
285
627
683
667
147
271
638
179
282
138
241
65
323
385
675
145
133
316
119
334
495
446
176
329
463
643
659
359
378
477
530
26
519
128
694
438
289
288
77
42
619
122
196
392
120
226
211
264
420
689
206
687
280
341
413
60
681
137
89
69
493
376
374
653
8
655
387
710
232
702
127
172
531
47
522
380
560
229
165
458
466
409
707
160
72
215
422
685
328
639
335
632
276
236
158
237
436
549
406
706
542
278
55
108
62
325
150
615
481
107
575
658
290
326
428
633
356
395
247
15
207
182
337
636
262
586
670
402
344
70
566
456
596
425
701
696
268
251
25
343
465
588
709
642
175
448
548
64
602
102
503
139
10
447
238
114
141
319
369
266
704
537
349
190
605
320
676
1
12
32
154
216
460
220
44
301
136
279
93
11
275
411
155
227
351
151
85
218
360
502
303
533
550
106
181
213
606
315
308
534
113
134
231
700
214
672
396
292
427
635
330
671
541
431
208
362
609
682
574
224
358
398
508
499
418
577
34
483
225
651
317
200
249
95
692
445
512
582
562
45
504
322
221
277
342
663
401
492
382
74
302
355
123
538
368
435
36
462
544
125
235
665
407
693
478
58
131
57
116
233
527
49
332
98
399
426
370
43
437
87
174
248
613
135
703
300
92
464
469
546
167
312
664
180
202
433
417
33
52
239
535
484
209
556
620
551
552
571
307
67
513
607
645
572
83
449
313
185
654
565
171
603
146
297
19
352
18
666
697
164
506
545
178
648
336
467
482
576
353
372
357
168
56
63
82
430
152
117
554
16
272
79
354
66
500
371
347
188
528
306
59
81
381
678
526
243
440
553
86
443
610
261
78
491
0
166
379
173
90
662
246
604
31
386
28
597
593
423
657
291
2
254
679
3
622
296
590
473
