0 2
0 3
0 10
0 24
0 33
0 34
0 35
0 37
0 44
0 47
0 63
0 74
2 24
3 33
3 34
3 37
3 44
10 47
10 74
24 63
33 34
33 37
33 46
33 48
33 52
33 60
34 37
35 30
35 39
35 43
35 51
35 57
35 62
35 68
37 44
47 74
12 20
12 62
12 68
20 62
20 68
62 43
62 51
62 16
68 43
68 51
68 16
46 48
46 52
46 60
48 11
48 14
48 28
48 36
48 52
48 60
48 61
52 11
52 14
52 40
52 28
52 29
52 60
52 61
60 11
60 40
60 28
60 29
60 36
60 61
30 43
30 57
39 43
39 57
43 4
43 9
43 16
43 51
43 57
51 4
51 9
51 16
57 21
57 31
57 72
57 6
57 41
57 13
57 22
57 23
57 25
57 32
57 49
57 54
57 56
57 59
57 65
57 66
57 71
1 19
1 50
1 55
1 73
19 5
19 25
19 50
19 55
19 73
50 25
50 27
50 55
50 69
73 67
25 7
25 13
25 32
25 54
25 58
27 69
67 15
67 26
67 45
4 9
4 21
4 31
4 72
21 6
21 31
21 41
21 72
31 6
31 15
31 17
31 26
31 38
31 41
31 64
31 72
6 17
6 38
6 41
6 64
41 17
41 38
41 64
15 64
15 8
15 26
26 64
26 8
13 32
13 54
22 32
22 59
23 32
23 54
23 71
23 49
23 56
23 66
32 8
32 18
32 42
32 49
32 56
32 59
32 65
32 71
49 54
49 71
49 42
49 56
49 65
49 66
54 8
54 18
54 42
54 56
54 59
54 65
54 66
54 71
56 71
56 65
56 66
65 71
65 66
66 71
71 8
71 53
71 70
18 42
53 70
11 14
11 40
14 28
14 29
14 36
14 40
14 61
28 29
28 36
28 61
29 36
29 61
36 61
