220
259
42
117
263
47
124
98
180
240
270
62
304
96
67
50
65
134
161
303
158
89
123
197
116
286
184
6
97
191
204
106
264
281
85
325
94
7
221
195
22
210
181
198
88
205
79
242
282
30
280
148
107
28
99
56
190
15
252
144
57
84
225
251
122
229
171
103
45
182
53
165
284
90
23
68
211
137
128
71
249
151
140
105
63
268
32
237
274
273
175
13
239
52
136
46
227
38
323
207
3
265
48
194
9
143
66
20
115
246
187
232
145
70
87
177
206
138
8
196
80
257
78
44
255
308
224
16
164
192
178
43
126
12
267
174
200
100
147
297
74
324
93
188
18
153
129
104
226
199
292
266
157
119
109
142
95
152
69
245
288
212
25
141
110
76
248
17
133
54
244
131
234
306
102
37
118
81
189
185
132
233
40
35
120
101
173
149
258
1
235
55
313
228
77
169
296
172
179
167
121
217
201
262
49
287
59
202
302
130
283
125
10
24
203
5
276
260
208
236
51
193
170
139
127
279
36
223
