147
657
639
316
174
679
579
197
164
567
185
356
683
623
206
566
333
460
486
599
261
562
435
439
225
386
565
670
553
537
520
549
505
453
594
499
495
673
349
595
415
489
551
626
462
676
355
607
523
625
614
677
364
287
464
528
473
234
347
156
461
202
569
515
459
207
209
325
526
522
239
161
571
466
612
320
291
658
530
514
457
223
418
407
216
527
224
531
640
512
493
442
410
509
240
137
406
360
219
146
387
672
481
300
680
273
205
600
312
170
611
257
455
188
478
288
622
535
200
463
367
290
519
613
283
456
351
213
558
186
470
560
564
289
568
260
482
557
263
344
148
536
643
547
485
187
211
438
538
533
226
518
561
307
513
471
405
474
199
189
208
573
544
331
472
659
152
162
265
559
501
480
269
521
483
650
642
548
441
550
212
469
556
227
479
190
610
38
181
247
572
305
350
371
417
563
158
358
217
404
144
157
543
454
244
248
534
304
143
425
377
511
458
