0 1
0 2
0 4
0 7
0 11
0 12
0 13
0 14
0 15
0 17
0 18
0 20
0 21
0 25
0 27
0 28
0 31
0 33
0 35
0 37
0 38
0 40
0 42
0 47
0 48
0 51
0 54
0 56
0 58
0 60
0 63
0 68
0 77
0 82
0 87
0 90
0 92
0 94
0 95
0 96
0 97
0 108
0 109
0 112
0 113
0 115
0 116
0 118
0 123
0 126
0 129
0 134
1 17
1 24
1 33
1 83
2 14
2 15
2 25
4 10
4 27
4 68
4 77
4 79
4 92
4 116
4 119
4 121
4 132
4 134
7 8
7 17
7 19
7 33
7 38
7 52
7 53
7 54
7 61
7 63
7 68
7 72
7 77
7 81
7 83
7 85
7 92
7 93
7 94
7 95
7 97
7 101
7 103
7 108
7 112
7 116
7 117
7 121
7 123
7 132
7 134
11 20
11 92
11 109
11 112
11 118
11 122
12 92
12 96
12 131
13 33
13 95
13 109
13 112
13 123
14 21
14 30
14 33
14 63
14 92
14 116
15 18
15 60
15 92
15 109
17 8
17 9
17 22
17 24
17 33
17 45
17 46
17 59
17 62
17 72
17 94
17 95
17 97
17 108
17 112
17 123
18 60
18 87
18 90
20 28
20 33
20 45
20 63
20 91
20 92
20 94
20 95
20 112
20 116
21 33
21 50
21 52
21 92
21 108
21 112
27 16
27 68
27 69
27 74
27 79
27 89
27 92
27 96
27 107
27 108
27 112
27 113
27 129
27 131
28 92
28 123
31 33
31 42
31 44
31 68
31 90
31 92
31 95
31 96
31 108
31 112
31 113
31 123
31 129
31 131
33 50
33 53
33 63
33 77
33 81
33 92
33 94
33 95
33 103
33 112
33 113
33 116
33 123
33 126
33 131
33 134
35 10
35 39
35 77
35 85
35 92
35 134
37 23
37 92
37 94
37 95
37 103
38 51
38 108
38 112
38 113
40 63
40 95
40 108
40 112
40 116
42 10
42 36
42 54
42 55
42 59
42 68
42 72
42 76
42 92
42 94
42 96
42 100
42 109
42 112
47 48
47 58
47 82
48 58
48 82
51 108
51 112
54 68
54 77
54 108
54 112
54 134
56 43
56 97
56 108
58 82
58 108
58 112
58 130
58 134
60 92
60 105
63 23
63 30
63 32
63 34
63 67
63 85
63 86
63 88
63 92
63 95
63 106
63 114
63 116
63 119
63 121
68 10
68 19
68 29
68 36
68 55
68 72
68 76
68 77
68 79
68 92
68 94
68 100
68 101
68 109
68 112
68 133
68 134
77 6
77 9
77 10
77 23
77 57
77 66
77 75
77 76
77 82
77 83
77 84
77 92
77 93
77 95
77 100
77 103
77 119
77 123
77 125
77 130
77 134
82 3
82 88
82 94
82 104
82 109
82 125
82 134
87 90
87 92
87 102
87 105
87 108
87 112
90 92
90 109
92 45
92 59
92 5
92 6
92 10
92 26
92 30
92 34
92 39
92 41
92 50
92 53
92 55
92 57
92 61
92 66
92 67
92 73
92 75
92 78
92 80
92 81
92 84
92 85
92 86
92 91
92 94
92 95
92 96
92 97
92 102
92 103
92 105
92 106
92 108
92 109
92 112
92 114
92 115
92 116
92 118
92 119
92 121
92 123
92 127
92 129
92 131
92 132
92 134
94 45
94 3
94 26
94 91
95 59
95 22
95 23
95 62
95 72
95 81
95 84
95 93
95 96
95 103
95 108
95 123
95 126
95 131
95 134
96 79
96 112
96 113
96 129
97 59
97 108
97 112
97 115
108 45
108 59
108 41
108 44
108 52
108 64
108 73
108 75
108 112
108 113
108 115
108 123
108 126
109 3
109 75
109 85
109 112
109 113
109 117
109 118
109 123
109 131
112 45
112 59
112 41
112 44
112 50
112 61
112 64
112 75
112 105
112 113
112 115
112 118
112 123
112 125
112 126
112 130
112 131
113 59
113 103
113 129
115 39
115 85
115 98
115 99
116 30
116 32
116 67
116 85
116 86
116 88
116 106
116 114
116 119
116 121
116 130
116 131
118 34
118 65
118 67
118 86
118 102
118 106
118 114
123 103
123 126
123 131
126 75
126 124
134 59
134 6
134 9
134 10
134 57
134 66
134 76
134 83
134 84
134 88
134 93
134 100
134 119
134 125
134 130
24 117
83 93
10 45
10 85
10 22
10 121
79 43
119 103
121 71
121 103
132 5
132 29
132 78
132 88
132 133
8 19
8 46
8 72
8 101
8 103
19 46
53 30
53 81
61 5
61 29
61 36
61 75
61 78
61 88
61 133
72 57
72 62
72 103
85 45
85 3
85 34
85 39
85 67
85 86
85 93
85 99
85 106
85 114
85 127
93 103
101 103
103 59
103 22
103 23
103 62
103 84
117 49
122 91
9 62
9 125
22 84
45 39
45 62
46 62
59 55
91 26
91 102
16 89
69 107
69 74
69 111
74 107
89 107
89 110
107 111
44 88
44 104
39 99
23 130
76 6
100 66
100 133
130 125
34 86
34 102
67 102
86 102
86 106
88 75
106 102
106 65
114 102
133 78
6 78
66 5
75 64
75 73
102 65
41 64
41 124
80 127
124 70
124 120
124 128
111 120
120 70
120 128
70 128
