486
632
958
370
290
424
899
555
139
1052
520
756
32
885
1086
326
503
839
322
98
728
922
53
997
655
310
86
647
649
41
1051
242
262
55
666
270
442
494
39
14
933
439
898
97
406
644
294
959
218
337
167
184
354
333
1018
158
404
386
836
180
996
463
117
1120
896
107
1088
1108
529
1012
919
1075
499
834
949
742
711
758
592
47
600
501
80
731
906
248
918
544
93
401
133
1037
1072
182
26
522
707
206
569
123
492
509
694
344
968
564
464
663
641
607
846
633
152
60
368
519
844
309
161
687
3
712
328
363
77
585
397
610
602
931
457
988
1112
109
366
819
701
614
330
830
960
589
305
532
479
374
143
1128
724
973
79
845
100
1057
872
757
583
810
937
1010
902
151
1024
8
150
224
28
181
1122
421
767
38
16
854
986
738
213
698
662
254
319
917
677
155
549
1015
4
362
799
163
557
774
1064
58
349
814
748
624
713
695
95
926
696
725
230
1033
639
700
652
935
280
81
994
1016
146
967
1118
1106
877
348
936
976
448
791
882
283
504
1104
31
706
493
842
717
25
166
672
1077
302
732
435
533
219
683
619
214
194
658
637
587
739
789
538
488
900
306
473
1076
822
912
634
263
510
264
257
375
1096
20
323
1035
646
75
495
193
1045
1129
187
940
345
795
1
972
680
920
631
1073
172
338
560
745
408
1114
786
430
540
785
467
440
30
720
977
776
127
743
1087
621
531
734
653
455
1048
291
37
141
462
148
908
460
620
1130
1084
691
746
405
787
169
808
1116
425
636
483
480
656
118
96
18
536
1042
49
881
274
761
205
379
1036
804
42
887
1111
747
9
1099
800
876
226
735
1090
87
766
562
476
927
329
185
612
989
157
628
398
1081
2
591
240
303
447
941
383
198
76
929
1009
298
1063
826
764
865
848
905
626
635
481
1097
1107
604
392
85
615
170
1002
202
431
487
84
755
195
149
525
947
608
843
188
528
995
297
563
111
561
812
678
304
782
667
65
875
599
750
893
714
768
387
277
1110
491
1101
942
175
904
1049
1014
317
234
1065
684
273
1050
5
177
1068
56
311
618
868
990
176
227
567
325
466
807
414
675
584
355
477
909
132
638
1026
1109
992
142
516
222
793
849
99
410
686
10
703
1020
771
1003
553
1131
832
456
890
781
535
292
364
1080
145
391
1095
923
1098
928
246
570
661
324
316
580
741
837
1013
336
609
841
1123
232
727
802
765
432
403
215
1028
961
92
1125
61
318
943
603
762
1031
101
871
547
420
260
681
716
1117
192
817
862
818
744
911
860
573
586
282
944
474
422
1124
1100
828
475
574
796
129
867
73
342
859
581
29
688
559
866
196
