10
224
66
67
279
126
317
115
36
3
230
18
12
154
123
326
256
201
231
90
155
290
107
11
98
119
69
215
248
184
75
78
124
85
185
61
299
309
45
310
161
276
151
190
56
220
65
316
16
157
314
163
174
307
57
322
80
191
181
237
300
76
173
274
251
26
323
202
30
225
315
141
64
118
308
33
324
243
319
260
14
0
144
296
74
6
170
130
302
32
265
182
89
19
292
87
213
79
281
271
321
240
148
207
120
249
293
27
17
133
160
219
100
29
48
55
43
60
62
255
258
291
304
272
252
176
303
244
162
242
197
93
238
294
38
15
109
196
229
320
22
192
246
159
227
278
103
264
205
313
20
96
239
198
54
284
70
94
199
24
270
137
121
301
241
7
177
200
305
108
39
234
122
306
297
209
311
71
83
114
288
295
116
193
232
112
113
289
206
250
91
50
2
49
125
298
