281
172
148
69
100
299
273
256
88
52
322
323
294
71
246
214
242
165
97
262
200
112
320
258
160
236
197
102
250
62
36
204
228
192
105
310
185
30
49
28
86
181
121
241
190
260
199
288
152
51
182
201
167
122
135
326
53
203
280
194
85
316
9
205
191
32
239
303
33
268
42
59
67
293
106
103
295
101
290
15
114
38
39
255
154
325
34
161
157
193
65
270
92
180
139
45
130
223
244
301
48
76
41
141
286
272
128
171
233
195
5
305
77
4
292
17
47
217
29
145
213
314
319
304
263
7
162
189
127
1
11
261
237
307
212
2
284
14
115
275
63
90
8
232
131
315
72
245
221
125
225
3
60
22
224
27
16
183
175
271
124
278
126
279
117
264
137
74
73
274
249
109
291
56
94
31
87
46
144
18
309
136
186
151
206
21
321
35
153
111
119
285
64
143
257
209
174
231
134
306
120
19
10
13
123
26
110
178
196
296
133
287
80
176
177
12
313
218
149
215
300
207
297
282
188
238
235
252
240
6
324
70
163
81
118
267
57
113
187
159
227
219
84
265
24
254
142
147
266
99
83
248
91
302
251
312
198
129
211
308
54
170
289
116
44
138
108
317
230
226
318
179
96
277
259
95
158
150
298
78
75
79
156
40
234
61
220
216
93
269
68
50
104
55
