89
190
339
344
191
40
50
62
112
172
51
105
21
141
81
240
45
111
58
200
254
325
274
359
282
1
28
42
156
363
303
152
372
283
317
265
298
236
289
84
127
53
100
137
0
198
341
311
360
142
123
241
144
124
52
314
365
130
39
351
315
30
238
275
158
306
132
115
299
192
61
54
155
199
370
352
242
288
296
258
297
46
64
168
83
260
219
312
202
3
75
226
189
17
345
333
304
16
310
257
291
175
231
125
346
154
20
264
322
335
220
300
34
353
157
106
255
244
318
128
230
36
133
261
59
44
103
131
114
266
329
113
90
6
245
203
319
91
267
356
32
101
63
256
29
153
176
116
239
15
82
169
316
170
320
281
49
5
14
37
143
248
102
99
215
280
22
323
33
57
7
201
87
188
135
343
364
301
107
136
23
243
354
35
263
367
373
235
65
276
218
216
326
13
237
126
187
173
357
43
110
12
340
313
324
342
249
25
358
2
31
134
4
129
246
279
366
290
227
171
174
41
234
217
232
355
233
