188
195
211
116
62
16
134
297
260
169
113
325
348
5
28
141
34
350
357
107
238
329
212
313
176
9
234
124
71
186
31
296
184
356
32
363
374
290
41
92
306
153
97
204
95
125
345
312
230
29
73
104
171
300
220
336
150
358
142
99
344
43
292
22
206
66
121
183
228
257
133
149
51
203
105
67
268
333
236
321
361
376
303
159
72
110
123
25
326
39
270
343
165
79
13
370
346
2
279
102
69
293
273
98
15
117
190
132
205
301
14
200
222
40
45
148
177
299
0
213
178
214
109
94
164
364
349
93
17
269
307
151
256
4
308
20
12
168
167
21
7
239
1
219
248
30
375
144
209
91
96
317
157
136
152
65
244
64
249
103
115
185
233
242
33
75
359
50
63
3
6
193
342
191
216
46
143
264
360
247
362
210
280
130
23
48
298
38
126
