1086
228
1019
1068
385
640
305
1016
617
816
1004
1049
653
727
910
1043
169
1035
574
159
501
583
222
92
288
743
119
745
986
503
300
1064
261
348
480
436
800
644
579
988
1083
354
637
766
487
975
5
210
593
742
890
631
725
524
1107
802
589
1110
716
504
870
149
199
230
121
878
250
155
764
707
560
386
366
80
756
1095
399
234
200
1058
899
146
915
622
452
818
483
666
406
937
1014
529
514
585
469
330
100
2
1041
616
931
218
423
215
3
85
615
1108
1007
449
282
340
510
734
170
94
782
373
306
417
227
557
342
411
1128
240
451
771
420
947
479
952
819
950
353
1053
473
262
875
47
1116
893
578
13
680
564
961
844
658
255
60
505
186
632
294
356
419
883
1038
7
376
481
1045
290
329
636
197
116
650
981
188
927
553
939
310
1015
948
531
873
828
1111
453
151
397
738
1055
1096
887
270
382
1002
187
457
803
1130
785
39
841
333
736
914
45
750
721
612
490
690
728
699
136
1057
909
698
182
621
842
668
866
1003
166
75
414
675
723
30
455
257
77
555
44
1005
207
123
410
264
296
153
776
498
581
332
936
1074
12
408
831
1067
114
1071
184
9
813
926
183
660
140
702
314
695
495
172
832
1048
808
79
1033
865
760
962
681
118
142
646
669
465
691
133
624
533
349
87
804
959
552
104
554
129
1010
794
516
448
703
559
551
269
943
371
746
447
992
586
475
609
792
279
307
672
370
319
99
795
491
497
573
805
76
176
812
652
1029
150
934
978
697
219
488
1052
895
260
84
304
1031
584
254
517
638
90
388
462
434
544
344
611
774
379
391
882
1023
0
93
1063
387
972
548
441
701
917
919
963
432
700
521
958
362
259
58
591
1124
42
253
1042
72
374
1081
196
829
881
563
71
801
954
424
604
299
426
297
32
1120
845
608
790
603
345
232
871
1020
1114
843
862
328
520
1085
1105
19
713
105
648
994
1117
945
41
679
95
272
1050
1122
619
338
704
231
131
318
144
538
1013
991
549
852
51
1026
20
325
659
278
1132
953
139
710
10
293
412
303
627
355
730
486
143
323
341
572
1030
946
923
422
124
595
316
392
168
528
368
1131
957
837
610
820
758
171
138
53
562
383
459
546
97
1012
471
1078
779
787
111
789
876
626
526
326
851
547
193
1021
647
242
369
912
26
241
443
580
859
277
990
472
976
1080
796
1077
973
836
221
558
735
435
1036
1100
477
731
167
389
1098
885
507
194
634
588
1112
683
185
456
192
879
989
977
898
995
924
661
15
821
224
911
291
830
587
772
822
575
117
464
14
127
762
181
317
1028
671
421
1101
280
163
744
16
205
1027
73
405
791
125
525
102
1113
372
78
81
839
177
651
401
907
906
350
826
997
918
929
384
415
201
598
606
935
720
1088
755
522
949
838
313
541
1129
983
515
1018
942
655
925
446
474
22
508
799
52
273
209
110
454
439
759
301
271
970
1123
684
364
999
922
599
561
467
263
1075
996
686
8
292
688
202
148
662
233
413
460
1103
712
493
618
82
607
358
678
1047
274
940
872
311
1102
289
747
810
31
902
1119
275
714
1084
770
1125
463
642
1024
416
1118
1
614
112
283
539
1032
908
180
