0 30
0 126
0 191
30 126
30 139
30 175
30 185
30 191
30 193
126 185
126 191
191 185
139 185
139 42
139 337
139 184
139 41
139 77
139 21
139 22
139 31
139 44
139 48
139 54
139 72
139 107
139 109
139 131
139 156
139 177
139 199
139 245
139 269
139 291
139 322
139 324
175 185
175 63
175 68
175 145
175 205
185 17
185 19
185 48
185 182
185 193
185 237
185 275
185 303
193 256
17 8
17 58
17 138
17 186
17 194
17 216
17 232
17 243
17 296
17 345
19 152
19 233
19 237
19 243
19 33
19 48
19 82
19 109
19 121
19 149
19 156
19 160
19 275
19 286
19 298
19 303
48 74
48 113
182 243
182 121
182 99
182 256
182 97
182 201
182 206
237 15
237 38
237 152
237 233
237 73
237 149
237 160
237 261
237 286
237 298
275 152
275 33
275 156
275 160
275 274
275 286
303 233
303 339
303 216
303 82
303 71
1 42
1 279
1 281
1 309
1 337
1 338
42 23
42 59
42 84
42 141
42 145
42 149
42 176
42 247
42 252
42 279
42 281
42 285
42 309
42 354
279 24
279 213
279 241
279 246
279 280
279 281
279 354
281 130
281 200
281 285
309 14
309 23
309 122
309 135
309 141
309 337
337 31
337 140
337 159
337 205
337 251
337 252
337 344
338 242
338 26
338 52
338 63
338 69
338 135
338 146
338 162
338 188
338 200
338 208
338 210
338 219
338 292
338 312
338 315
338 349
23 176
23 25
23 47
23 94
23 141
23 189
23 197
23 214
23 223
23 240
23 268
59 252
59 7
59 94
59 192
84 89
84 232
84 18
84 77
84 145
84 284
141 176
141 25
141 47
141 94
141 28
141 189
141 197
141 214
141 223
141 247
145 205
149 242
149 173
149 55
149 79
149 100
149 168
149 228
149 269
149 298
149 323
149 325
149 328
149 332
149 334
176 5
176 14
176 134
176 20
176 25
176 94
176 114
176 189
176 197
176 214
176 223
176 240
176 252
176 268
247 74
247 354
247 24
247 148
247 239
247 246
247 117
247 153
247 201
247 226
252 5
252 134
252 7
252 20
252 46
252 94
252 115
252 129
252 156
252 192
252 196
252 269
252 295
285 26
285 44
285 104
285 120
285 129
285 135
285 208
285 210
285 262
285 276
285 277
354 3
354 24
354 148
354 156
354 177
354 213
354 225
354 241
354 246
354 280
354 333
130 105
130 129
130 180
130 192
130 196
130 200
105 242
105 144
105 148
105 43
105 122
105 129
105 154
105 180
105 227
105 287
129 277
129 104
129 180
180 242
180 148
180 154
180 287
192 7
192 20
192 46
192 196
196 7
196 9
196 20
196 46
196 114
196 299
200 312
200 26
200 86
200 111
200 122
200 171
200 262
242 26
242 55
242 63
242 68
242 132
242 146
242 154
242 167
242 169
242 178
242 188
242 199
242 207
242 269
242 270
242 276
242 349
242 352
26 44
26 52
26 135
26 208
26 249
26 262
26 276
26 349
26 351
55 278
55 186
55 269
55 100
55 323
55 328
55 168
55 188
55 209
55 325
63 77
63 146
63 207
63 249
63 68
63 270
68 77
68 259
68 148
68 276
68 31
68 132
68 167
68 188
68 258
68 291
68 322
68 352
132 31
132 101
132 167
132 230
132 258
132 273
132 291
132 322
132 352
146 69
146 52
146 162
146 169
146 270
146 315
146 349
154 53
154 148
154 60
167 77
167 107
167 245
167 259
167 34
167 120
167 124
167 131
167 199
167 265
167 320
167 322
167 352
169 207
169 270
178 89
178 298
178 161
178 311
178 329
188 186
188 210
188 148
188 276
188 219
188 292
199 120
199 322
199 177
199 352
199 265
207 210
207 249
207 270
269 184
269 186
269 210
269 107
269 259
269 276
269 31
269 54
269 291
269 292
269 322
269 328
270 162
270 219
276 186
276 210
276 148
276 208
276 262
276 75
276 166
276 292
276 328
276 349
276 351
349 69
349 52
349 162
349 75
349 166
349 315
352 77
352 245
352 120
352 322
352 265
352 320
24 44
24 53
24 144
24 148
24 213
24 241
24 246
24 283
213 44
213 53
213 43
213 227
213 239
213 241
213 305
241 85
241 117
241 177
241 280
246 116
246 117
246 201
246 225
280 85
280 153
280 203
280 211
280 221
44 41
44 43
44 70
44 136
44 144
44 148
44 208
44 283
44 319
104 277
120 87
120 107
120 245
120 262
120 34
120 124
120 131
120 265
120 322
135 277
135 210
135 122
208 75
208 150
208 166
210 134
210 35
210 83
210 122
210 219
210 249
210 292
210 306
210 328
262 107
262 122
262 342
262 351
277 14
14 5
14 134
122 189
122 144
122 43
31 109
31 259
31 291
140 159
140 205
159 205
251 344
251 263
251 110
251 248
344 94
344 45
52 69
52 162
52 315
69 76
69 10
69 13
69 35
69 64
69 83
69 98
69 137
69 147
69 165
69 183
69 186
69 278
69 300
69 315
162 219
219 292
292 328
312 295
312 7
312 20
315 76
315 147
315 186
315 83
315 98
315 88
315 183
2 6
2 29
2 39
2 50
2 128
2 173
2 184
2 190
2 212
2 218
2 255
2 326
6 29
6 50
6 76
6 128
6 184
6 190
6 204
6 218
6 289
29 184
29 190
29 218
39 78
39 143
39 157
39 212
39 217
39 234
39 293
39 332
39 340
39 342
50 128
50 187
50 190
50 204
50 255
128 190
128 204
128 255
173 27
173 36
173 79
173 100
173 123
173 161
173 228
173 231
173 323
173 327
173 328
173 332
173 348
184 54
184 107
184 151
184 190
184 212
184 218
184 234
184 259
184 291
184 322
190 76
190 143
190 174
190 187
190 204
190 218
190 294
212 234
212 332
255 77
255 87
255 107
255 124
255 245
326 217
326 79
326 150
326 157
76 35
76 83
76 98
76 137
76 147
76 183
76 186
76 204
204 11
204 92
204 174
204 187
204 230
204 291
289 11
289 21
78 234
78 293
78 340
78 342
143 174
143 142
143 228
143 234
143 293
143 294
143 340
143 342
157 217
157 27
157 123
157 202
157 250
157 271
157 348
234 151
234 79
234 340
234 342
293 340
293 342
332 36
332 161
332 231
332 327
340 342
342 124
187 109
187 21
187 142
187 36
187 54
187 92
187 291
27 123
27 250
27 348
36 161
36 231
36 327
79 93
79 250
79 348
79 151
79 150
100 161
100 37
100 168
100 323
100 328
100 334
123 202
123 250
123 348
161 298
161 37
161 231
161 323
161 325
161 327
161 328
161 334
228 298
228 142
228 323
228 328
228 334
228 168
228 294
231 327
323 37
323 168
323 328
323 334
328 298
328 37
328 168
328 334
348 202
348 250
54 107
54 259
54 291
54 322
107 87
107 77
107 109
107 62
107 34
107 124
107 201
107 220
107 224
107 245
107 259
107 265
107 273
107 291
107 319
107 321
107 324
151 142
151 32
151 294
259 121
259 62
259 245
259 34
259 124
259 258
259 273
259 291
259 321
259 322
291 230
291 258
291 273
291 322
322 245
322 34
322 265
174 11
174 294
294 142
77 87
77 89
77 232
77 243
77 18
77 22
77 72
77 109
77 124
77 265
77 273
77 321
87 4
87 41
87 34
87 131
87 220
87 265
124 34
124 131
124 224
124 265
245 109
245 121
245 21
245 62
245 34
245 131
245 265
245 324
150 89
150 93
150 290
150 250
150 166
3 4
3 74
3 96
3 198
3 288
3 316
4 41
4 74
74 95
74 96
74 117
96 49
96 95
96 333
198 12
198 288
198 316
288 16
288 304
288 310
288 316
316 12
316 25
316 49
316 66
316 102
316 256
316 335
316 341
41 99
41 148
41 177
41 272
41 282
41 319
95 49
95 158
95 264
95 333
117 116
117 201
117 264
49 66
49 102
49 333
12 229
12 302
12 310
12 335
16 56
16 91
16 118
16 222
16 343
304 310
310 335
25 56
25 94
25 214
25 268
66 85
66 102
66 158
66 341
256 335
256 243
256 156
256 116
256 260
256 341
335 302
335 341
341 158
148 53
148 60
156 232
156 334
177 121
177 99
177 201
177 206
177 225
177 305
99 201
99 206
99 282
272 144
272 283
272 319
272 136
272 282
282 121
282 319
282 70
282 305
282 350
319 144
319 283
319 34
319 70
319 131
319 136
319 224
319 244
319 305
319 314
319 350
34 220
131 224
131 265
220 224
5 134
5 295
134 7
134 20
134 47
134 86
134 295
295 20
7 9
7 20
7 46
7 114
7 299
20 9
20 46
20 114
20 299
47 28
47 86
47 189
47 197
47 214
47 223
47 240
47 268
86 111
86 171
86 331
94 115
94 153
94 214
94 268
114 9
114 46
114 299
189 28
189 197
189 214
189 223
189 240
197 28
197 214
197 223
197 240
214 223
214 240
214 268
223 28
223 240
46 9
46 299
35 147
35 83
35 98
35 137
35 306
83 147
83 165
83 347
83 186
83 64
83 98
83 137
83 183
83 306
98 147
98 165
98 278
98 64
98 183
147 10
147 13
147 119
147 165
147 183
147 300
183 186
183 334
183 88
183 330
186 278
186 64
186 65
186 88
186 313
92 298
230 258
230 273
21 62
21 142
21 324
9 299
8 58
8 112
8 345
58 112
58 194
58 345
345 296
345 194
138 233
138 339
138 216
138 232
138 243
194 296
232 89
232 18
232 243
232 284
232 330
232 334
243 89
243 298
243 330
296 65
296 267
65 267
65 75
267 13
10 13
10 119
10 165
10 347
13 89
13 119
13 165
13 254
13 278
13 290
13 336
13 347
119 81
119 165
119 254
119 347
165 81
165 347
347 254
347 81
89 18
89 278
89 284
89 290
89 298
89 330
89 336
278 93
278 64
278 209
278 290
278 313
278 334
278 336
290 336
229 302
302 73
73 91
73 160
18 284
298 38
298 160
298 286
298 257
298 334
93 334
334 37
334 57
334 329
209 311
209 313
313 51
313 308
313 311
313 88
15 38
15 152
15 233
15 339
38 160
38 257
38 339
152 160
152 286
152 339
233 82
233 339
160 33
160 195
160 274
160 286
286 33
286 274
82 71
91 133
91 222
118 222
118 343
343 40
343 297
133 353
133 253
40 297
297 155
33 109
33 274
109 121
109 258
121 62
121 97
121 172
121 215
121 305
22 72
273 258
273 101
273 321
324 62
324 142
274 195
62 172
305 70
305 314
305 350
168 325
153 203
153 211
153 221
153 226
53 60
53 239
144 43
144 136
144 244
144 283
283 70
283 136
283 244
43 227
70 314
70 350
136 244
239 227
227 103
227 266
116 264
226 211
111 171
111 331
75 166
250 202
314 350
57 236
57 329
329 236
103 266
266 181
158 264
51 311
311 308
61 106
61 125
61 163
61 164
61 170
106 163
106 164
106 301
125 164
125 170
125 301
125 346
163 170
164 170
164 253
164 346
170 108
301 90
301 346
67 127
67 317
67 353
127 318
317 307
317 353
307 235
80 263
263 110
110 248
203 211
203 221
355 235
179 238
