537
335
248
360
444
306
470
499
284
595
533
479
503
269
356
485
509
223
543
169
171
425
613
570
404
264
333
426
214
521
268
468
371
571
511
413
324
175
418
493
456
687
182
654
505
440
367
331
437
622
392
410
219
515
344
322
307
164
202
241
649
376
469
617
616
457
506
347
417
672
429
639
198
257
430
532
599
494
242
458
601
465
282
662
626
600
555
308
173
556
170
292
366
558
162
346
530
480
597
285
561
467
517
203
670
364
359
372
548
629
395
528
453
287
609
414
412
486
619
625
228
502
320
201
443
273
581
232
351
157
481
238
518
544
243
416
623
235
594
244
403
529
288
567
342
196
165
482
656
289
660
406
270
357
313
611
546
514
283
186
523
454
536
688
281
220
181
563
643
610
231
655
276
534
455
478
415
189
293
519
557
153
210
180
522
657
553
564
573
341
332
442
258
327
252
378
229
549
312
504
650
569
305
640
428
205
552
446
527
464
473
535
492
422
624
379
390
295
409
501
607
507
168
620
387
489
538
512
661
621
562
188
185
483
547
211
266
605
255
263
471
377
386
531
577
239
568
358
419
520
385
272
472
526
240
488
217
309
249
614
513
572
222
630
271
206
491
474
576
397
460
152
658
560
172
686
245
329
237
612
407
265
463
354
495
