0 15
0 322
15 1
15 251
15 311
15 322
15 352
322 1
322 251
322 311
322 351
322 352
1 117
1 173
1 200
1 311
1 336
1 412
1 472
1 502
1 545
1 568
117 55
117 77
117 129
117 132
117 160
117 200
117 271
117 289
117 303
117 314
117 371
117 412
117 453
117 488
117 502
117 561
117 568
117 573
117 590
117 600
173 311
173 351
173 412
200 472
200 223
200 311
200 336
200 361
200 412
200 432
200 545
200 568
311 472
311 16
311 72
311 156
311 167
311 169
311 176
311 181
311 210
311 233
311 236
311 243
311 336
311 338
311 341
311 351
311 374
311 394
311 434
311 457
311 480
311 482
311 494
311 532
311 545
336 232
336 258
336 271
336 412
336 453
336 480
336 502
336 526
336 545
336 561
336 568
412 44
412 103
412 112
412 129
412 135
412 145
412 155
412 204
412 258
412 265
412 275
412 410
412 432
412 480
412 587
412 600
472 201
472 568
502 101
502 111
502 112
502 132
502 145
502 328
502 484
502 541
502 545
502 561
502 598
502 600
545 480
545 8
545 21
545 34
545 47
545 48
545 60
545 68
545 101
545 106
545 108
545 110
545 112
545 124
545 129
545 145
545 154
545 185
545 194
545 201
545 203
545 204
545 244
545 247
545 249
545 253
545 260
545 264
545 265
545 286
545 287
545 305
545 328
545 331
545 350
545 355
545 399
545 406
545 407
545 425
545 453
545 456
545 461
545 506
545 518
545 522
545 526
545 529
545 533
545 540
545 549
545 553
545 560
545 568
545 600
568 480
568 129
568 204
568 232
568 247
568 258
568 350
568 410
568 526
568 600
251 352
351 16
351 156
351 176
351 210
351 374
351 394
351 419
201 112
201 328
201 350
201 101
201 369
201 454
201 232
201 410
201 526
201 600
201 258
201 345
201 66
201 187
201 233
201 239
201 285
201 320
201 338
201 494
201 527
201 556
55 504
55 160
55 263
55 585
77 123
77 228
77 289
77 314
77 371
77 430
77 488
77 536
77 573
77 590
129 480
129 68
129 194
129 298
129 328
129 350
129 484
129 561
129 92
129 111
129 174
129 305
129 369
129 454
129 34
129 65
129 106
129 145
129 185
129 232
129 244
129 247
129 249
129 260
129 274
129 407
129 410
129 490
129 522
129 526
129 154
129 258
129 299
129 331
129 425
129 453
129 20
129 21
129 151
129 170
129 203
129 224
129 242
129 265
129 382
129 416
129 498
129 518
129 534
129 598
132 2
132 39
132 68
132 85
132 112
132 116
132 20
132 21
132 101
132 111
132 141
132 175
132 178
132 194
132 204
132 229
132 244
132 245
132 260
132 261
132 274
132 327
132 346
132 350
132 356
132 363
132 377
132 446
132 466
132 474
132 481
132 484
132 498
132 515
132 519
132 525
132 549
132 561
132 593
132 600
160 313
271 480
271 39
271 328
271 34
271 400
271 600
271 264
271 299
271 453
271 250
271 580
289 167
289 169
289 176
289 345
289 532
289 130
289 172
289 90
289 303
289 314
289 315
289 393
289 430
289 488
289 524
289 536
289 573
289 590
303 167
303 176
303 345
303 532
303 66
303 123
303 172
303 228
303 314
303 354
303 371
303 393
303 430
303 488
303 524
303 573
303 590
314 167
314 176
314 532
314 66
314 123
314 228
314 90
314 354
314 371
314 393
314 430
314 488
314 536
314 573
371 167
371 345
371 66
371 123
371 228
371 354
371 90
371 292
371 393
371 430
371 488
371 536
371 573
371 590
453 68
453 194
453 204
453 253
453 298
453 328
453 350
453 404
453 92
453 101
453 111
453 174
453 454
453 558
453 8
453 106
453 110
453 124
453 185
453 232
453 244
453 247
453 249
453 274
453 312
453 432
453 490
453 522
453 526
453 549
453 44
453 600
453 108
453 134
453 154
453 258
453 264
453 299
453 331
453 406
453 425
453 107
453 148
453 170
453 224
453 265
453 307
453 399
453 461
453 506
453 560
488 126
488 167
488 169
488 176
488 345
488 511
488 532
488 66
488 123
488 172
488 228
488 341
488 354
488 393
488 405
488 430
488 457
488 482
488 90
488 295
488 315
488 501
488 524
488 536
488 573
561 2
561 39
561 51
561 68
561 85
561 112
561 116
561 175
561 178
561 204
561 229
561 245
561 261
561 308
561 323
561 327
561 328
561 346
561 363
561 377
561 390
561 446
561 474
561 481
561 484
561 485
561 514
561 515
561 525
561 9
561 17
561 20
561 34
561 44
561 48
561 64
561 101
561 111
561 145
561 197
561 208
561 232
561 249
561 258
561 260
561 264
561 270
561 274
561 277
561 331
561 407
561 454
561 466
561 499
561 518
561 541
561 549
561 580
561 584
561 593
561 600
573 167
573 176
573 345
573 532
573 66
573 123
573 172
573 228
573 354
573 393
573 430
573 536
573 90
573 315
573 524
573 590
590 167
590 532
590 66
590 123
590 228
590 354
590 393
590 430
590 536
590 90
590 292
600 39
600 68
600 112
600 204
600 253
600 298
600 323
600 328
600 350
600 96
600 101
600 114
600 121
600 174
600 369
600 454
600 455
600 495
600 516
600 47
600 145
600 185
600 232
600 247
600 249
600 260
600 277
600 407
600 410
600 432
600 456
600 490
600 522
600 540
600 549
600 7
600 541
600 21
600 151
600 154
600 170
600 197
600 224
600 258
600 265
600 307
600 331
600 425
600 466
600 498
600 534
600 553
223 81
223 146
223 340
223 411
223 601
361 480
361 231
361 179
432 68
432 253
432 404
432 4
432 244
432 247
432 249
432 260
432 274
432 286
432 312
432 355
432 44
432 136
432 170
432 264
432 265
432 299
432 382
432 439
432 451
432 490
432 526
432 595
16 126
16 156
16 167
16 169
16 176
16 181
16 210
16 243
16 345
16 394
16 419
16 511
16 532
72 126
72 156
72 167
72 176
72 243
72 345
72 394
72 419
72 482
72 511
72 532
72 536
156 126
156 169
156 181
156 210
156 394
156 419
156 482
156 511
167 66
167 123
167 169
167 172
167 176
167 181
167 210
167 228
167 236
167 243
167 295
167 341
167 345
167 374
167 393
167 394
167 405
167 419
167 457
167 476
167 482
167 494
167 532
167 596
169 126
169 172
169 176
169 181
169 210
169 228
169 236
169 243
169 345
169 354
169 393
169 419
169 430
169 457
169 476
169 482
169 505
169 511
169 532
169 557
169 596
176 126
176 66
176 123
176 181
176 210
176 228
176 236
176 243
176 285
176 295
176 341
176 354
176 374
176 393
176 394
176 405
176 419
176 430
176 457
176 482
176 497
176 505
176 532
176 536
176 557
181 126
181 210
181 243
181 394
181 419
210 243
210 345
210 374
210 419
210 505
210 511
210 557
233 532
233 66
233 187
233 186
233 236
233 272
233 285
233 320
233 338
233 341
233 405
233 468
233 482
233 494
233 512
233 536
233 547
233 572
236 126
236 345
236 532
236 66
236 123
236 172
236 187
236 186
236 216
236 295
236 320
236 338
236 354
236 393
236 430
236 457
236 458
236 482
236 494
236 527
236 536
236 581
243 126
243 345
243 374
243 394
243 419
243 482
243 511
243 557
338 66
338 123
338 187
338 285
338 341
338 393
338 430
338 458
338 482
338 527
338 536
341 126
341 345
341 66
341 172
341 187
341 228
341 272
341 216
341 295
341 393
341 405
341 430
341 457
341 458
341 476
341 482
341 494
341 527
341 536
341 557
374 126
374 345
374 394
374 419
394 126
394 345
394 419
394 482
394 511
394 532
457 126
457 532
457 66
457 123
457 172
457 228
457 354
457 405
457 295
457 458
457 476
457 482
457 494
457 527
457 536
457 581
480 182
480 224
480 288
482 126
482 345
482 419
482 532
482 66
482 123
482 187
482 272
482 285
482 320
482 354
482 393
482 405
482 458
482 468
482 476
482 186
482 216
482 295
482 494
482 512
482 527
482 536
482 557
494 345
494 532
494 66
494 272
494 285
494 320
494 405
494 458
494 468
494 476
494 186
494 507
494 527
494 536
494 572
532 126
532 419
532 511
532 66
532 90
532 130
532 272
532 295
532 320
532 354
532 393
532 405
532 430
532 458
532 468
532 476
532 497
532 512
532 527
532 536
232 39
232 68
232 112
232 194
232 204
232 253
232 298
232 328
232 350
232 404
232 96
232 101
232 111
232 114
232 139
232 174
232 305
232 369
232 435
232 454
232 478
232 516
232 558
232 4
232 8
232 34
232 47
232 48
232 65
232 84
232 106
232 110
232 124
232 145
232 199
232 7
232 20
232 44
232 148
232 151
232 165
232 197
232 203
232 224
232 235
232 239
232 242
232 247
232 249
232 250
232 258
232 264
232 265
232 274
232 277
232 286
232 299
232 316
232 399
232 406
232 407
232 425
232 456
232 461
232 466
232 490
232 506
232 518
232 522
232 526
232 529
232 533
232 540
232 549
232 553
232 560
258 39
258 112
258 194
258 204
258 253
258 298
258 328
258 350
258 484
258 92
258 94
258 96
258 101
258 111
258 139
258 174
258 305
258 364
258 369
258 435
258 455
258 489
258 558
258 8
258 34
258 47
258 48
258 65
258 106
258 110
258 124
258 145
258 185
258 199
258 247
258 249
258 274
258 286
258 316
258 355
258 407
258 456
258 490
258 522
258 540
258 549
258 44
258 235
258 541
258 104
258 108
258 151
258 264
258 299
258 307
258 331
258 382
258 399
258 425
258 439
258 461
258 499
258 506
258 518
258 560
526 39
526 194
526 204
526 253
526 298
526 350
526 404
526 4
526 8
526 47
526 48
526 84
526 106
526 124
526 145
526 185
526 199
526 244
526 247
526 249
526 260
526 277
526 286
526 316
526 407
526 410
526 522
526 60
526 99
526 104
526 134
526 148
526 165
526 170
526 265
526 329
526 406
526 415
526 425
526 444
526 461
526 486
526 506
526 518
526 529
526 539
526 540
526 549
526 560
44 39
44 68
44 112
44 194
44 204
44 298
44 328
44 350
44 484
44 92
44 111
44 121
44 174
44 435
44 454
44 8
44 47
44 65
44 106
44 124
44 145
44 185
44 247
44 274
44 286
44 312
44 316
44 407
44 410
44 456
44 490
44 540
44 20
44 104
44 108
44 151
44 154
44 183
44 220
44 224
44 264
44 265
44 299
44 331
44 425
44 459
44 461
44 486
44 541
103 5
103 135
103 155
103 275
103 283
103 321
103 587
112 2
112 6
112 7
112 8
112 17
112 21
112 34
112 48
112 52
112 75
112 92
112 94
112 96
112 101
112 114
112 121
112 136
112 137
112 139
112 145
112 174
112 204
112 235
112 244
112 249
112 298
112 299
112 305
112 307
112 328
112 350
112 355
112 364
112 410
112 435
112 454
112 455
112 463
112 478
112 489
112 495
112 498
112 516
112 519
112 541
112 558
135 5
135 275
145 194
145 204
145 253
145 328
145 510
145 111
145 454
145 34
145 47
145 48
145 65
145 84
145 106
145 110
145 124
145 17
145 154
145 165
145 185
145 199
145 244
145 247
145 249
145 264
145 274
145 299
145 316
145 331
145 355
145 400
145 407
145 410
145 425
145 456
145 490
145 506
145 522
145 529
145 533
145 540
145 580
155 5
155 275
155 283
155 587
204 2
204 39
204 51
204 102
204 116
204 141
204 178
204 194
204 4
204 21
204 34
204 48
204 84
204 106
204 111
204 124
204 154
204 163
204 170
204 197
204 199
204 244
204 247
204 260
204 264
204 274
204 277
204 298
204 299
204 308
204 316
204 323
204 327
204 328
204 331
204 346
204 355
204 377
204 390
204 404
204 406
204 407
204 410
204 425
204 446
204 456
204 463
204 466
204 481
204 486
204 490
204 498
204 510
204 515
204 518
204 522
204 529
204 571
204 580
204 593
265 454
265 299
265 242
265 382
265 170
275 5
275 321
410 68
410 194
410 298
410 328
410 350
410 404
410 92
410 96
410 101
410 111
410 114
410 121
410 139
410 174
410 305
410 364
410 369
410 454
410 455
410 478
410 489
410 495
410 516
410 4
410 47
410 48
410 65
410 84
410 106
410 199
410 244
410 247
410 249
410 260
410 277
410 286
410 316
410 355
410 407
410 60
410 91
410 104
410 107
410 148
410 151
410 158
410 170
410 191
410 192
410 224
410 235
410 242
410 264
410 287
410 299
410 307
410 329
410 331
410 399
410 406
410 466
410 486
410 499
410 506
410 518
410 529
410 533
410 539
410 549
410 560
410 580
587 283
587 321
587 118
224 92
224 47
224 84
224 124
224 185
224 244
224 249
224 329
224 331
224 170
224 399
224 437
101 6
101 92
101 94
101 96
101 52
101 65
101 75
101 114
101 121
101 137
101 139
101 174
101 239
101 247
101 306
101 318
101 364
101 369
101 435
101 454
101 478
101 487
101 489
101 495
101 516
111 229
111 327
111 350
111 463
111 484
111 510
111 593
111 3
111 91
111 137
111 139
111 151
111 158
111 174
111 264
111 305
111 307
111 329
111 364
111 369
111 407
111 435
111 454
111 455
111 522
328 2
328 39
328 51
328 68
328 85
328 102
328 116
328 175
328 178
328 194
328 229
328 253
328 261
328 298
328 308
328 327
328 4
328 8
328 20
328 21
328 47
328 48
328 71
328 84
328 110
328 124
328 128
328 134
328 148
328 163
328 165
328 170
328 174
328 197
328 199
328 202
328 244
328 247
328 249
328 260
328 264
328 282
328 286
328 287
328 299
328 329
328 331
328 350
328 355
328 363
328 368
328 390
328 392
328 404
328 407
328 414
328 415
328 425
328 446
328 450
328 454
328 461
328 463
328 466
328 474
328 481
328 485
328 490
328 498
328 499
328 503
328 506
328 510
328 514
328 515
328 519
328 522
328 529
328 533
328 534
328 540
328 549
328 553
328 571
328 584
328 593
484 2
484 298
484 327
484 346
484 463
484 92
484 139
484 174
484 264
484 369
484 454
484 498
484 510
484 519
484 525
484 593
541 435
541 7
541 299
598 298
598 177
8 39
8 194
8 253
8 298
8 404
8 454
8 4
8 47
8 65
8 104
8 106
8 108
8 124
8 134
8 154
8 163
8 185
8 199
8 244
8 247
8 249
8 260
8 264
8 274
8 287
8 299
8 312
8 316
8 329
8 331
8 332
8 342
8 355
8 406
8 425
8 456
8 461
8 466
8 486
8 490
8 506
8 522
8 529
8 540
8 549
8 553
21 39
21 47
21 48
21 247
21 260
21 456
21 425
21 506
21 136
21 227
21 242
21 382
21 416
21 439
21 451
34 39
34 51
34 68
34 102
34 116
34 141
34 194
34 261
34 298
34 308
34 323
34 346
34 350
34 377
34 446
34 474
34 481
34 510
34 515
34 519
34 20
34 47
34 48
34 65
34 106
34 124
34 154
34 170
34 197
34 250
34 260
34 264
34 274
34 286
34 299
34 316
34 329
34 331
34 407
34 425
34 466
34 490
34 498
34 518
34 549
34 580
47 194
47 323
47 13
47 20
47 48
47 65
47 84
47 104
47 106
47 108
47 110
47 124
47 134
47 148
47 154
47 165
47 185
47 192
47 199
47 244
47 249
47 260
47 264
47 274
47 277
47 282
47 286
47 287
47 299
47 329
47 331
47 353
47 355
47 368
47 406
47 407
47 456
47 461
47 466
47 486
47 490
47 518
47 522
47 533
47 539
47 540
47 549
48 39
48 194
48 253
48 298
48 323
48 327
48 390
48 404
48 510
48 514
48 515
48 4
48 20
48 65
48 84
48 99
48 104
48 106
48 110
48 124
48 134
48 154
48 185
48 192
48 197
48 199
48 244
48 247
48 249
48 264
48 274
48 277
48 287
48 299
48 316
48 329
48 331
48 332
48 355
48 406
48 407
48 425
48 461
48 466
48 486
48 490
48 522
48 529
48 533
48 534
48 539
48 540
48 549
60 247
60 456
68 2
68 39
68 4
68 20
68 65
68 84
68 106
68 108
68 110
68 124
68 154
68 165
68 170
68 185
68 194
68 199
68 244
68 247
68 249
68 253
68 260
68 264
68 274
68 277
68 286
68 287
68 298
68 316
68 323
68 327
68 329
68 331
68 350
68 355
68 368
68 404
68 406
68 407
68 425
68 454
68 456
68 461
68 463
68 486
68 506
68 510
68 522
68 529
68 540
68 549
106 39
106 194
106 298
106 4
106 65
106 20
106 104
106 108
106 124
106 148
106 151
106 154
106 165
106 170
106 185
106 192
106 199
106 244
106 247
106 249
106 260
106 264
106 274
106 277
106 286
106 287
106 299
106 312
106 316
106 329
106 332
106 355
106 406
106 407
106 408
106 415
106 425
106 486
106 490
106 522
106 539
106 540
106 553
108 194
108 253
108 298
108 404
108 454
108 65
108 84
108 110
108 124
108 247
108 249
108 260
108 277
108 316
108 456
108 490
108 522
108 529
108 20
108 154
108 406
108 466
108 506
108 518
108 560
110 39
110 253
110 298
110 404
110 454
110 4
110 65
110 84
110 13
110 20
110 104
110 124
110 148
110 185
110 199
110 244
110 247
110 249
110 260
110 264
110 274
110 277
110 282
110 287
110 312
110 316
110 329
110 355
110 368
110 406
110 407
110 415
110 425
110 456
110 461
110 466
110 486
110 518
110 522
110 529
110 533
110 539
110 540
110 549
110 560
124 39
124 194
124 298
124 404
124 454
124 4
124 65
124 13
124 20
124 134
124 148
124 154
124 165
124 185
124 192
124 197
124 199
124 235
124 244
124 247
124 249
124 260
124 287
124 312
124 316
124 329
124 353
124 406
124 407
124 408
124 425
124 456
124 461
124 486
124 506
124 518
124 522
124 529
124 539
124 540
124 549
154 39
154 194
154 253
154 404
154 65
154 185
154 199
154 244
154 247
154 260
154 274
154 277
154 286
154 316
154 456
154 490
154 522
154 540
154 549
154 104
154 134
154 20
154 71
154 148
154 282
154 287
154 299
154 331
154 406
154 408
154 415
154 425
154 461
154 466
154 486
154 513
154 539
185 39
185 194
185 253
185 298
185 404
185 454
185 4
185 65
185 84
185 20
185 104
185 148
185 165
185 170
185 192
185 244
185 247
185 260
185 264
185 274
185 286
185 287
185 316
185 331
185 332
185 406
185 407
185 408
185 415
185 425
185 456
185 466
185 490
185 506
185 518
185 522
185 529
185 539
185 553
194 2
194 39
194 51
194 102
194 116
194 141
194 175
194 4
194 20
194 65
194 84
194 99
194 104
194 128
194 134
194 148
194 163
194 165
194 192
194 197
194 199
194 221
194 229
194 244
194 245
194 247
194 260
194 264
194 274
194 286
194 287
194 298
194 308
194 312
194 316
194 323
194 327
194 329
194 331
194 350
194 363
194 368
194 377
194 404
194 406
194 407
194 415
194 425
194 450
194 456
194 461
194 474
194 485
194 486
194 490
194 506
194 510
194 514
194 515
194 519
194 522
194 525
194 539
194 540
194 549
194 553
194 584
194 593
203 407
203 170
244 39
244 141
244 178
244 253
244 298
244 327
244 363
244 514
244 515
244 584
244 593
244 454
244 4
244 65
244 84
244 104
244 165
244 170
244 197
244 247
244 249
244 260
244 264
244 277
244 287
244 299
244 316
244 329
244 406
244 407
244 450
244 466
244 506
244 518
244 522
244 529
244 539
244 540
244 549
244 553
244 571
247 253
247 298
247 350
247 96
247 305
247 454
247 4
247 65
247 199
247 13
247 20
247 91
247 104
247 134
247 165
247 170
247 191
247 230
247 249
247 250
247 260
247 264
247 274
247 277
247 282
247 287
247 299
247 312
247 316
247 329
247 331
247 355
247 399
247 406
247 407
247 415
247 425
247 466
247 486
247 490
247 506
247 513
247 518
247 522
247 529
247 533
247 539
247 540
247 549
247 560
249 141
249 253
249 346
249 350
249 356
249 404
249 515
249 65
249 84
249 199
249 20
249 99
249 134
249 165
249 170
249 260
249 264
249 274
249 277
249 282
249 286
249 287
249 299
249 312
249 316
249 329
249 331
249 332
249 355
249 368
249 406
249 407
249 425
249 456
249 466
249 486
249 490
249 498
249 506
249 518
249 522
249 529
249 539
249 540
249 549
249 553
249 560
249 580
253 2
253 39
253 85
253 4
253 20
253 99
253 134
253 165
253 192
253 199
253 250
253 260
253 274
253 277
253 282
253 287
253 298
253 312
253 316
253 327
253 329
253 331
253 332
253 355
253 363
253 404
253 407
253 415
253 456
253 466
253 474
253 486
253 490
253 506
253 510
253 515
253 518
253 522
253 529
253 549
253 553
253 560
253 574
260 39
260 178
260 346
260 363
260 404
260 584
260 454
260 4
260 84
260 199
260 20
260 148
260 165
260 170
260 264
260 277
260 286
260 299
260 312
260 316
260 368
260 406
260 407
260 425
260 456
260 466
260 490
260 506
260 518
260 522
260 529
264 39
264 141
264 229
264 298
264 308
264 327
264 350
264 363
264 515
264 593
264 454
264 65
264 84
264 199
264 274
264 277
264 286
264 316
264 355
264 368
264 407
264 456
264 522
264 529
264 549
264 104
264 287
264 329
264 331
264 406
264 425
264 466
264 506
264 518
286 298
286 4
286 65
286 274
286 277
286 13
286 20
286 99
286 104
286 134
286 148
286 170
286 192
286 282
286 287
286 312
286 316
286 331
286 332
286 355
286 406
286 408
286 415
286 425
286 456
286 461
286 466
286 486
286 490
286 506
286 522
286 529
286 539
286 540
286 549
286 553
287 404
287 65
287 199
287 274
287 277
287 316
287 355
287 529
287 549
287 134
287 165
287 13
287 71
287 192
287 329
287 406
287 415
287 425
287 461
287 486
287 491
287 506
287 539
305 3
305 6
305 92
305 94
305 96
305 121
305 137
305 174
305 7
305 52
305 170
305 239
305 306
305 307
305 318
305 364
305 435
305 454
305 478
305 487
305 489
305 495
305 516
305 558
331 39
331 298
331 327
331 404
331 510
331 174
331 454
331 65
331 199
331 274
331 277
331 355
331 407
331 456
331 490
331 522
331 540
331 549
331 165
331 299
331 329
331 170
331 406
331 425
331 466
331 486
331 506
331 553
350 2
350 51
350 102
350 141
350 178
350 261
350 298
350 308
350 327
350 346
350 65
350 80
350 118
350 128
350 208
350 291
350 329
350 363
350 377
350 390
350 404
350 406
350 446
350 456
350 463
350 474
350 481
350 498
350 506
350 510
350 515
350 518
350 519
350 584
350 593
355 298
355 435
355 4
355 84
355 199
355 274
355 277
355 312
355 316
355 13
355 104
355 134
355 165
355 282
355 299
355 329
355 368
355 407
355 415
355 425
355 456
355 461
355 486
355 490
355 506
355 518
355 529
355 533
355 540
355 553
399 191
399 230
406 39
406 298
406 404
406 65
406 84
406 199
406 274
406 277
406 316
406 407
406 522
406 529
406 549
406 104
406 329
406 332
406 20
406 99
406 170
406 425
406 461
406 466
406 486
406 506
406 539
407 39
407 298
407 323
407 404
407 454
407 4
407 65
407 84
407 274
407 277
407 316
407 20
407 104
407 134
407 148
407 165
407 192
407 299
407 329
407 425
407 461
407 466
407 486
407 490
407 506
407 522
407 529
407 533
407 534
407 539
407 540
407 549
407 553
425 51
425 323
425 404
425 454
425 65
425 84
425 277
425 316
425 522
425 540
425 549
425 104
425 134
425 299
425 329
425 20
425 415
425 461
425 466
425 486
425 498
425 506
425 518
425 539
456 298
456 404
456 454
456 65
456 274
456 277
456 312
456 316
456 20
456 104
456 165
456 170
456 299
456 307
456 415
456 461
456 486
456 506
456 518
456 522
456 529
456 533
456 540
456 549
456 560
456 580
461 298
461 404
461 65
461 199
461 274
461 277
461 490
461 529
461 549
461 104
461 165
461 329
461 32
461 148
461 192
461 415
461 486
461 518
461 539
506 39
506 65
506 84
506 274
506 277
506 316
506 522
506 540
506 165
506 329
506 466
506 20
506 197
506 282
506 415
506 518
518 39
518 178
518 261
518 298
518 515
518 65
518 84
518 199
518 274
518 277
518 312
518 316
518 522
518 529
518 540
518 165
518 486
518 148
518 415
518 539
522 39
522 51
522 390
522 514
522 515
522 593
522 4
522 65
522 274
522 316
522 490
522 13
522 20
522 71
522 104
522 134
522 148
522 165
522 170
522 197
522 282
522 329
522 408
522 415
522 450
522 466
522 529
522 539
522 540
522 571
522 578
529 39
529 404
529 4
529 65
529 277
529 312
529 316
529 490
529 13
529 20
529 104
529 134
529 148
529 165
529 170
529 192
529 329
529 332
529 415
529 466
529 486
529 539
533 4
533 170
540 298
540 4
540 65
540 199
540 274
540 277
540 316
540 490
540 20
540 165
540 208
540 215
540 415
540 466
540 486
540 549
540 552
549 39
549 51
549 141
549 298
549 308
549 327
549 346
549 404
549 514
549 515
549 4
549 65
549 84
549 199
549 274
549 277
549 316
549 99
549 104
549 148
549 163
549 165
549 170
549 299
549 329
549 353
549 466
549 486
549 539
549 553
553 84
553 274
553 277
553 163
553 299
560 274
560 148
560 190
2 39
2 51
2 85
2 116
2 141
2 175
2 178
2 229
2 245
2 261
2 298
2 323
2 327
2 346
2 356
2 363
2 377
2 404
2 446
2 463
2 481
2 510
2 514
2 515
2 525
2 584
39 4
39 51
39 65
39 84
39 165
39 170
39 274
39 277
39 298
39 299
39 316
39 323
39 329
39 377
39 446
39 454
39 463
39 466
39 498
39 510
39 515
39 584
51 20
51 102
51 128
51 141
51 178
51 229
51 261
51 298
51 346
51 356
51 363
51 390
51 463
51 485
51 514
51 515
51 519
51 571
51 584
51 593
85 116
85 141
85 175
85 245
85 308
85 327
85 346
85 356
85 363
85 446
85 474
85 485
85 515
85 519
85 525
85 593
116 92
116 141
116 308
116 327
116 346
116 363
116 446
116 463
116 481
116 498
116 510
116 515
116 519
116 525
116 584
116 593
141 102
141 9
141 71
141 84
141 97
141 128
141 178
141 197
141 229
141 245
141 261
141 270
141 327
141 329
141 346
141 375
141 377
141 390
141 392
141 414
141 446
141 450
141 463
141 474
141 485
141 503
141 514
141 515
141 519
141 571
141 584
141 593
175 261
175 270
175 308
175 327
175 356
175 377
175 390
175 446
175 463
175 474
175 481
175 485
175 515
175 519
175 525
175 584
175 593
178 84
178 245
178 270
178 308
178 346
178 356
178 375
178 377
178 392
178 414
178 446
178 503
178 514
178 515
178 519
178 525
178 571
178 584
178 593
229 102
229 308
229 327
229 346
229 363
229 390
229 463
229 515
229 519
229 525
245 102
245 9
245 64
245 261
245 308
245 327
245 346
245 356
245 363
245 377
245 390
245 463
245 481
245 485
245 514
245 515
245 519
245 525
245 584
245 593
261 102
261 56
261 71
261 84
261 128
261 308
261 327
261 346
261 356
261 363
261 375
261 377
261 392
261 446
261 481
261 485
261 515
261 519
261 525
261 571
261 593
298 102
298 20
298 65
298 99
298 104
298 148
298 170
298 208
298 274
298 277
298 291
298 299
298 323
298 329
298 363
298 390
298 404
298 454
298 463
298 466
298 490
298 498
298 510
298 515
298 539
298 580
323 20
323 274
323 277
323 368
323 404
327 102
327 308
327 291
327 346
327 356
327 363
327 377
327 390
327 446
327 474
327 485
327 510
327 514
327 515
327 519
327 525
327 584
327 593
346 308
346 9
346 208
346 270
346 274
346 363
346 390
346 446
346 466
346 485
346 498
346 510
346 515
346 519
346 525
346 584
356 363
356 446
356 463
356 481
356 525
356 593
363 102
363 308
363 9
363 84
363 128
363 274
363 329
363 377
363 390
363 392
363 446
363 463
363 481
363 485
363 498
363 503
363 510
363 514
363 515
363 519
363 525
363 571
363 584
377 102
377 270
377 390
377 474
377 481
377 510
377 515
377 519
377 525
377 593
404 4
404 20
404 65
404 84
404 165
404 192
404 274
404 277
404 329
404 463
404 486
404 539
446 102
446 474
446 481
446 485
446 514
446 515
446 519
446 584
446 593
463 308
463 498
463 510
463 519
463 525
463 584
463 593
481 102
481 308
481 485
481 498
481 515
481 519
481 525
481 584
481 593
510 65
510 274
510 291
514 308
514 329
514 392
514 503
514 515
514 519
514 525
514 584
514 593
515 102
515 308
515 390
515 474
515 56
515 84
515 97
515 128
515 221
515 270
515 274
515 375
515 392
515 450
515 503
515 519
515 584
515 593
525 102
525 308
525 390
525 474
525 485
525 519
525 414
525 498
525 593
584 102
584 308
584 84
584 97
584 128
584 329
584 392
584 503
584 571
4 65
4 199
4 312
4 316
4 368
4 400
4 490
65 11
65 99
65 104
65 133
65 148
65 165
65 192
65 199
65 274
65 277
65 316
65 329
65 415
65 449
65 490
65 552
84 134
84 197
84 199
84 274
84 277
84 316
84 329
84 368
84 450
84 486
84 498
84 571
165 199
165 274
165 316
165 490
165 104
165 134
165 20
165 170
165 192
165 299
165 329
165 353
165 408
165 415
165 466
165 486
165 539
170 435
170 454
170 274
170 277
170 312
170 316
170 490
170 299
274 199
274 20
274 104
274 134
274 148
274 192
274 277
274 282
274 316
274 332
274 368
274 415
274 466
274 486
274 490
274 498
277 199
277 104
277 134
277 148
277 299
277 312
277 316
277 329
277 368
277 415
277 466
277 486
277 490
277 539
299 454
299 490
299 235
299 20
299 80
299 136
299 242
299 439
316 199
316 104
316 148
316 192
316 282
316 329
316 415
316 466
316 486
316 490
316 539
329 199
329 490
329 104
329 99
329 148
329 192
329 332
329 415
329 466
329 486
329 539
329 571
454 3
454 92
454 94
454 96
454 137
454 139
454 174
454 369
454 435
454 7
454 52
454 75
454 235
454 239
454 306
454 307
454 455
454 490
454 495
454 516
466 20
466 80
498 308
498 519
498 593
20 199
20 490
20 486
102 9
102 270
102 308
102 390
102 414
102 474
102 485
102 571
102 593
128 485
128 503
128 197
128 97
128 221
128 375
128 392
128 414
128 450
128 571
390 308
390 9
390 593
485 308
485 56
485 97
485 392
485 519
485 593
519 9
519 97
519 270
519 593
571 308
571 593
571 503
571 414
571 97
571 202
571 555
593 474
593 97
593 270
199 13
199 71
199 99
199 104
199 368
199 408
199 415
199 486
199 490
199 539
486 490
486 134
486 99
486 148
486 192
486 282
486 415
308 9
474 32
414 503
414 221
414 450
6 75
6 92
6 94
6 96
6 114
6 137
6 174
6 306
6 369
6 455
6 478
6 489
6 495
6 516
6 558
7 92
7 114
7 121
7 139
7 435
7 455
7 558
7 17
7 183
17 220
17 235
52 92
52 96
52 114
52 139
52 364
52 369
52 435
52 455
52 489
52 516
52 558
52 306
52 235
75 92
75 94
75 96
75 114
75 121
75 137
75 139
75 364
75 369
75 455
75 478
75 487
75 516
75 558
75 306
75 318
92 3
92 91
92 94
92 96
92 121
92 137
92 158
92 174
92 235
92 306
92 307
92 364
92 369
92 435
92 455
92 478
92 487
92 489
92 558
94 3
94 36
94 91
94 96
94 114
94 121
94 139
94 158
94 318
94 344
94 364
94 369
94 435
94 455
94 478
94 487
94 489
94 495
94 516
94 558
96 3
96 36
96 91
96 121
96 137
96 139
96 158
96 174
96 306
96 307
96 318
96 334
96 344
96 364
96 369
96 435
96 455
96 478
96 487
96 489
96 495
96 516
96 558
114 3
114 36
114 121
114 139
114 158
114 174
114 235
114 307
114 318
114 364
114 369
114 455
114 478
114 489
114 495
114 516
114 544
114 558
121 3
121 137
121 235
121 306
121 307
121 369
121 455
121 487
121 489
121 495
121 558
136 109
136 227
136 242
136 382
136 416
136 451
136 459
136 591
136 595
137 3
137 36
137 139
137 174
137 306
137 334
137 364
137 369
137 435
137 455
137 478
137 487
137 489
137 516
137 558
139 3
139 91
139 158
139 174
139 235
139 239
139 306
139 318
139 334
139 344
139 364
139 369
139 455
139 478
139 487
139 489
139 495
139 516
139 558
174 3
174 306
174 364
174 369
174 435
174 455
174 495
174 516
235 364
235 435
235 478
235 489
235 558
235 306
235 28
235 183
235 307
235 544
307 369
307 435
307 516
307 558
307 151
307 107
307 548
364 3
364 36
364 91
364 158
364 306
364 369
364 435
364 455
364 478
364 487
364 489
364 495
364 516
364 544
364 558
435 3
435 239
435 455
435 478
435 495
435 516
435 558
455 3
455 91
455 306
455 318
455 478
455 487
455 489
455 495
455 516
455 558
478 3
478 369
478 91
478 487
478 489
478 495
478 516
489 487
489 306
489 495
489 516
489 558
495 3
495 369
495 91
495 158
495 306
495 318
495 516
495 558
516 3
516 487
516 91
516 158
516 306
516 318
516 544
516 558
558 3
558 369
558 487
558 239
558 544
97 348
97 503
97 56
97 87
97 375
197 191
375 392
392 503
392 56
450 221
99 104
99 134
99 192
99 148
99 415
99 539
99 408
104 13
104 148
104 192
104 408
104 415
104 491
104 539
134 539
148 490
148 192
148 282
148 408
148 539
192 13
192 415
192 539
415 282
415 539
539 408
539 491
580 400
580 250
64 50
64 281
64 357
574 11
574 138
574 195
574 215
574 384
574 388
574 449
574 460
574 552
574 188
574 582
202 76
499 107
118 40
118 57
118 95
118 179
118 231
118 479
118 528
369 3
3 334
3 344
3 487
334 344
334 487
344 487
306 36
91 107
91 158
91 269
158 107
151 107
151 548
342 87
342 113
342 317
342 348
342 417
342 559
11 93
11 133
11 138
11 195
11 388
11 403
11 449
11 460
11 552
11 582
133 93
133 127
133 195
133 206
133 214
133 215
133 449
133 460
133 550
133 552
133 582
449 93
449 138
449 195
449 384
449 388
449 403
449 23
449 86
449 162
449 188
449 189
449 238
449 297
449 413
449 460
449 550
449 552
449 582
552 138
552 195
552 215
552 384
552 388
552 403
552 460
552 550
552 188
242 227
242 293
242 382
242 416
242 439
242 451
242 591
242 595
191 441
191 391
191 213
191 427
230 441
513 113
107 437
107 548
382 109
382 416
382 459
382 595
439 416
439 591
439 595
451 416
451 595
595 227
595 416
595 459
595 591
578 538
578 589
215 93
215 138
215 195
215 384
215 388
215 403
215 460
215 550
215 582
5 283
5 321
283 321
459 520
459 29
459 109
459 293
459 465
87 348
87 69
87 586
113 417
113 35
113 184
113 559
113 161
113 226
317 417
317 179
348 12
348 196
348 209
348 30
348 89
348 119
348 140
348 259
348 290
348 324
348 343
348 417
348 537
348 546
417 12
417 389
417 523
417 559
559 18
559 523
10 59
10 166
10 198
10 347
10 473
10 504
166 14
166 33
166 45
166 122
166 266
166 284
166 290
166 294
166 300
166 326
166 335
166 349
166 359
166 421
166 464
166 477
166 504
166 521
198 473
347 477
473 504
504 266
504 313
14 22
14 45
14 53
14 70
14 98
14 122
14 159
14 290
14 294
14 302
14 335
14 349
14 372
14 421
14 431
14 464
14 508
14 577
33 266
33 313
45 53
45 70
45 122
45 290
45 294
45 349
45 577
122 70
122 98
122 159
122 290
122 294
122 349
122 577
284 508
290 73
290 196
290 537
290 53
290 70
290 98
290 159
290 89
290 119
290 140
290 294
290 349
290 367
290 373
290 546
294 53
294 70
294 98
294 159
294 309
294 349
294 577
300 349
300 421
300 464
300 147
300 237
300 462
300 125
300 144
300 180
300 326
300 599
326 421
326 464
326 147
326 237
326 125
326 144
326 180
326 599
335 22
335 98
335 349
335 372
335 421
335 431
335 464
335 470
335 508
349 22
349 53
349 70
349 98
349 159
349 309
349 144
349 180
349 237
349 372
349 421
349 431
349 464
349 508
349 577
349 599
359 98
359 423
359 337
359 426
359 521
359 531
359 567
421 98
421 372
421 125
421 180
421 431
421 462
421 464
421 470
421 508
421 599
464 22
464 98
464 302
464 372
464 431
464 125
464 144
464 180
464 237
464 462
464 470
464 508
464 599
521 98
521 423
521 234
521 567
93 138
93 195
93 388
93 403
93 460
93 550
93 582
138 195
138 384
138 403
138 460
138 550
138 582
195 384
195 460
195 550
195 582
388 384
388 403
388 460
388 550
388 582
403 384
403 310
403 445
403 460
403 550
403 582
403 594
460 384
460 550
460 582
582 550
582 188
127 206
127 214
206 214
310 78
310 225
310 387
310 445
445 31
445 594
594 452
23 86
23 162
23 189
86 162
86 189
86 238
86 413
162 238
162 413
189 238
238 297
238 413
297 413
12 46
12 73
12 196
12 207
12 209
12 376
12 385
12 520
12 537
12 562
46 73
46 196
46 207
46 385
46 537
46 562
73 79
73 89
73 119
73 140
73 157
73 196
73 207
73 209
73 324
73 343
73 367
73 373
73 376
73 385
73 395
73 546
73 551
73 562
73 563
196 30
196 79
196 89
196 119
196 157
196 207
196 240
196 259
196 324
196 367
196 373
196 378
196 385
196 395
196 537
196 546
196 551
196 563
207 193
207 209
207 240
207 376
207 385
207 537
207 551
207 563
209 30
209 89
209 119
209 140
209 193
209 259
209 324
209 367
209 373
209 395
209 537
209 546
209 551
209 562
376 385
376 537
376 562
385 79
385 193
385 378
385 395
385 537
385 551
520 109
520 293
520 442
520 465
537 30
537 79
537 89
537 119
537 140
537 157
537 193
537 240
537 324
537 343
537 367
537 373
537 378
537 395
537 546
537 551
537 562
537 563
79 423
79 193
79 240
79 330
79 378
79 395
79 531
79 551
79 563
89 30
89 119
89 157
89 259
89 324
89 343
89 367
89 546
119 30
119 140
119 157
119 259
119 343
119 367
119 373
119 429
119 546
140 30
140 157
140 259
140 324
140 343
140 429
140 546
157 259
157 367
157 373
157 546
157 105
157 343
324 30
324 259
324 343
324 373
324 429
324 546
343 367
343 373
343 546
367 30
367 259
367 429
367 546
373 30
373 259
373 546
395 378
395 240
395 551
395 563
546 30
546 259
551 193
551 378
551 563
563 193
563 240
30 259
240 193
259 429
378 193
389 586
389 589
523 226
109 29
109 293
109 440
109 442
293 29
293 205
293 440
293 442
293 465
442 29
442 440
442 465
465 29
465 440
22 98
22 302
22 431
22 508
53 70
53 98
53 159
70 159
70 309
70 577
98 234
98 302
98 309
98 431
98 470
98 508
98 531
159 577
302 431
302 508
372 304
372 431
372 470
431 470
431 508
577 309
35 49
35 161
234 74
234 423
234 337
531 423
531 100
531 386
531 567
144 462
144 125
144 599
180 147
180 125
180 599
237 423
237 575
237 262
237 471
237 54
237 61
237 252
237 358
237 362
237 380
237 424
237 462
237 509
237 543
237 599
599 462
599 125
125 462
462 63
462 222
462 420
462 428
462 469
462 554
126 66
126 123
126 345
126 393
126 405
126 419
126 511
126 536
345 66
345 130
345 172
345 216
345 228
345 285
345 295
345 354
345 393
345 405
345 419
345 476
345 497
345 501
345 511
345 524
345 536
345 557
419 66
419 393
419 505
419 511
419 536
511 66
511 393
511 536
511 557
536 66
536 123
536 130
536 172
536 187
536 228
536 272
536 285
536 320
536 354
536 393
536 405
536 430
536 458
536 468
536 497
536 512
536 527
536 295
536 547
536 557
66 123
66 130
66 187
66 228
66 285
66 320
66 354
66 393
66 405
66 430
66 476
66 497
66 512
66 527
66 572
123 172
123 187
123 228
123 315
123 393
123 405
123 430
123 476
393 130
393 228
393 354
393 90
393 295
393 315
393 405
393 430
393 458
393 476
393 497
393 501
393 557
405 272
405 285
405 320
405 354
405 216
405 295
405 430
405 468
405 476
405 527
405 557
405 581
172 130
172 228
172 315
172 430
172 476
172 501
228 130
228 354
228 430
228 476
228 497
228 501
295 476
295 581
476 354
476 430
476 527
476 581
354 130
354 90
354 501
430 130
430 501
285 187
285 272
285 186
285 458
285 468
285 527
130 501
524 90
524 315
272 320
272 512
272 527
272 547
320 187
320 458
320 468
320 507
320 512
320 527
320 547
458 187
458 468
458 512
458 527
458 547
458 572
468 187
468 186
468 507
468 512
468 527
512 527
512 547
527 187
527 507
527 547
18 41
18 42
18 184
18 366
18 447
18 496
41 67
41 447
41 592
42 184
42 588
366 67
366 171
366 381
366 447
447 496
496 67
496 171
67 592
171 597
597 279
19 74
19 149
74 330
74 423
330 423
330 100
330 337
423 37
423 100
423 337
423 567
416 227
24 43
24 82
24 142
24 143
24 150
24 152
24 212
24 217
24 268
24 278
24 280
24 301
24 398
24 401
24 436
24 443
24 475
24 492
24 569
43 82
43 115
43 142
43 143
43 147
43 150
43 152
43 212
43 217
43 262
43 268
43 280
43 301
43 398
43 401
43 436
43 443
43 471
43 475
43 492
43 517
43 535
43 569
82 115
82 143
82 147
82 150
82 152
82 212
82 217
82 262
82 268
82 278
82 301
82 398
82 401
82 436
82 443
82 475
82 492
82 517
82 569
142 115
142 143
142 147
142 152
142 212
142 217
142 268
142 278
142 280
142 301
142 398
142 401
142 436
142 443
142 492
142 517
142 535
142 569
143 147
143 150
143 152
143 217
143 257
143 268
143 278
143 280
143 301
143 398
143 401
143 443
143 475
143 492
143 517
150 115
150 152
150 212
150 217
150 268
150 280
150 301
150 398
150 401
150 436
150 443
150 475
150 517
150 535
150 569
152 115
152 212
152 257
152 268
152 280
152 301
152 398
152 401
152 475
152 492
152 517
152 535
152 569
212 217
212 257
212 262
212 268
212 278
212 280
212 301
212 365
212 398
212 401
212 436
212 475
212 492
212 517
212 569
217 115
217 147
217 257
217 262
217 268
217 278
217 280
217 301
217 398
217 401
217 436
217 443
217 475
217 492
217 530
217 535
217 569
268 257
268 280
268 301
268 398
268 443
268 475
268 492
268 517
268 535
278 115
278 257
278 147
278 280
278 398
278 401
278 475
278 517
278 535
278 569
280 257
280 398
280 436
280 475
280 492
280 517
280 569
301 115
301 262
301 365
301 398
301 401
301 436
301 443
301 471
301 475
301 492
301 517
301 530
301 535
398 115
398 262
398 401
398 443
398 475
398 492
398 517
398 569
401 115
401 436
401 475
401 535
401 569
436 115
436 147
436 443
436 475
436 492
436 517
436 569
443 115
443 147
443 475
443 530
443 535
443 569
475 115
475 257
475 147
475 492
475 517
475 535
475 569
492 115
492 257
492 517
492 535
492 569
569 115
569 257
569 517
569 535
569 147
115 257
115 517
115 535
147 517
147 535
147 365
147 543
262 535
262 333
262 365
262 54
262 246
262 358
262 362
262 380
262 424
262 448
262 483
262 509
262 542
262 543
262 583
471 365
471 575
471 61
471 246
471 252
471 358
471 379
471 380
471 409
471 424
471 509
471 543
471 583
517 535
535 257
365 37
365 333
365 246
365 252
365 296
365 358
365 362
365 379
365 380
365 409
365 424
365 448
365 483
365 509
365 542
365 543
365 575
25 62
25 500
62 500
500 396
396 267
396 383
26 38
26 78
26 225
26 387
38 78
38 225
38 387
78 120
78 225
225 387
387 120
27 63
27 83
27 168
27 222
27 397
27 420
27 428
27 469
27 554
27 564
63 83
63 168
63 222
63 397
63 420
63 428
63 469
63 564
83 168
83 222
83 397
168 222
168 397
168 420
168 428
168 554
222 276
222 397
222 428
222 469
222 554
222 564
397 420
397 428
397 554
397 564
420 428
420 469
420 554
420 564
428 469
428 554
428 564
469 554
469 564
554 564
29 440
205 58
218 467
467 131
333 54
333 61
333 252
333 296
333 379
333 448
333 542
333 543
333 575
54 575
54 61
54 252
54 362
54 379
54 380
54 409
54 418
54 424
54 448
54 509
54 542
54 583
61 575
61 246
61 252
61 296
61 358
61 362
61 379
61 380
61 418
61 424
61 448
61 483
61 509
61 542
252 246
252 358
252 362
252 380
252 409
252 424
252 448
252 483
252 509
252 542
252 543
252 583
296 575
296 418
296 448
296 483
379 575
379 358
379 418
379 424
379 448
379 483
379 509
379 542
379 543
448 418
448 483
448 542
448 543
542 575
542 418
542 424
542 543
543 575
543 246
543 362
543 380
543 424
543 483
543 509
543 583
575 362
575 380
575 418
575 424
575 509
575 583
246 358
246 362
246 380
246 409
246 424
246 583
358 362
358 380
358 424
358 483
358 509
358 583
362 409
362 424
362 483
380 424
380 483
380 509
380 583
409 424
424 509
483 418
483 583
100 319
100 337
100 426
100 567
337 319
337 426
337 567
567 426
40 231
40 479
231 370
231 493
479 95
479 255
479 360
479 493
57 433
57 441
57 528
95 179
95 360
528 441
528 325
370 493
370 88
370 241
493 241
493 255
493 273
493 360
255 360
255 211
255 241
360 164
50 281
50 357
555 76
187 186
187 507
187 547
187 572
586 589
105 153
426 319
386 254
386 339
386 422
81 340
81 402
81 411
81 601
340 146
340 402
340 411
340 601
402 146
402 411
402 601
411 146
411 601
601 146
589 164
164 579
391 213
131 279
131 565
131 576
565 219
565 576
538 248
538 256
538 438
538 570
254 339
254 422
248 256
248 438
248 566
248 570
256 438
256 566
256 570
438 566
438 570
566 570
