232
263
114
243
174
51
228
208
215
142
81
167
216
102
108
146
234
126
68
276
37
38
26
192
129
259
25
46
73
15
262
50
278
227
58
60
9
237
8
170
202
253
172
159
153
217
64
118
13
52
286
85
222
76
247
133
44
3
127
104
143
140
117
1
256
285
134
141
266
59
120
158
0
16
47
45
18
78
7
61
148
99
35
128
154
87
42
90
106
254
30
207
36
239
282
49
264
157
97
110
27
252
24
62
67
131
53
287
147
210
138
248
244
173
169
22
164
178
275
123
121
152
75
221
89
43
65
33
191
112
220
188
240
214
181
273
175
100
70
230
283
229
28
72
20
168
40
198
203
201
261
183
57
92
5
71
39
137
163
277
189
255
23
