901
489
548
428
637
238
496
6
427
547
15
525
107
947
683
477
219
564
269
126
608
320
339
59
327
760
983
315
530
155
191
669
41
722
493
524
274
533
719
86
47
577
114
474
394
882
285
187
266
937
386
800
300
119
694
796
286
476
211
74
181
192
813
262
654
599
675
757
267
371
568
917
197
45
549
254
101
341
597
926
75
66
701
159
407
145
643
748
463
876
467
287
462
105
260
387
25
69
240
359
304
303
767
590
932
706
447
686
348
173
581
562
869
508
785
414
288
56
332
415
140
640
614
182
158
295
70
671
345
806
426
121
28
366
96
390
360
356
202
39
650
353
333
37
228
60
16
779
370
29
798
518
268
395
690
48
142
299
220
131
470
102
940
860
422
483
822
676
827
399
153
808
913
465
552
655
870
492
788
305
859
379
578
264
879
601
130
378
586
364
249
7
261
87
127
73
209
421
5
217
275
183
459
400
152
113
594
206
189
888
721
616
91
619
731
168
602
83
284
255
110
98
638
224
132
837
185
457
652
750
195
849
401
517
584
363
943
216
226
180
672
580
323
783
550
310
418
89
471
588
199
207
647
674
250
756
340
38
201
715
754
352
494
160
833
139
585
711
57
443
129
406
793
593
878
653
430
307
324
296
336
688
76
82
664
716
205
915
648
453
58
786
621
516
595
446
454
380
598
376
27
149
635
814
592
820
17
409
306
283
481
90
513
65
623
560
373
761
724
135
587
178
115
148
322
529
553
854
526
751
622
660
342
628
763
232
713
861
338
335
331
429
902
521
312
499
349
662
770
389
50
617
569
730
850
392
609
775
510
143
68
540
656
393
334
625
659
100
665
737
555
172
330
124
26
200
466
125
596
528
174
479
179
3
506
605
246
817
554
236
727
551
64
745
167
441
276
239
165
72
682
381
472
248
311
22
374
700
222
289
877
136
488
157
419
575
196
188
203
259
237
293
404
117
509
325
927
531
403
43
51
358
420
565
368
830
546
252
875
198
396
170
835
693
251
729
864
77
964
97
679
541
753
134
519
624
19
278
247
475
417
639
385
703
678
787
961
464
504
607
435
391
223
408
402
156
253
190
94
337
612
272
321
169
478
557
317
225
758
436
81
154
600
367
538
959
357
832
451
473
33
138
383
905
618
133
104
790
561
23
329
776
346
78
704
369
231
771
112
811
847
137
998
710
657
263
230
411
398
243
739
747
527
79
500
963
774
351
728
233
720
30
431
92
661
501
537
122
42
141
922
502
0
841
582
726
18
725
852
375
819
480
95
193
503
277
210
214
80
512
35
116
448
88
709
718
67
631
438
298
712
347
413
21
839
627
437
468
61
812
642
270
495
951
626
425
455
705
54
377
498
103
