505
469
393
245
765
552
206
471
248
21
385
652
595
338
262
776
592
631
112
458
236
667
151
48
110
98
424
587
15
655
739
514
878
561
663
562
34
596
141
488
303
470
463
218
131
170
767
27
600
610
510
154
383
264
832
815
63
565
39
556
786
629
298
501
24
476
175
200
722
65
210
583
401
444
173
198
496
694
143
373
20
119
445
736
584
226
779
750
635
6
289
214
362
437
80
246
130
498
399
718
403
554
721
541
43
490
94
47
502
710
436
70
769
507
187
28
862
360
97
503
597
454
93
111
234
734
189
429
54
299
225
553
623
563
576
348
25
358
219
703
323
892
680
371
771
618
423
790
647
215
190
669
890
195
492
442
841
99
670
740
509
580
302
927
624
533
115
548
266
499
782
662
912
582
850
446
7
121
275
459
356
353
29
372
645
55
816
462
168
813
677
191
716
682
391
962
581
461
14
231
77
940
395
846
183
681
247
243
19
880
628
426
174
660
368
457
517
607
92
404
759
599
420
521
526
453
594
608
161
982
315
95
443
417
679
956
407
259
169
204
351
598
485
508
272
738
317
172
638
102
132
263
416
528
285
886
128
875
81
438
460
555
286
588
948
531
500
493
577
861
611
88
254
51
894
613
917
355
142
394
567
127
478
468
838
400
295
244
75
66
768
86
787
668
205
753
199
434
516
615
435
