0 6
0 15
0 72
0 79
0 91
0 109
6 35
6 38
6 72
15 2
15 4
15 5
15 7
15 8
15 10
15 14
15 17
15 21
15 22
15 27
15 28
15 29
15 30
15 31
15 32
15 36
15 37
15 38
15 40
15 42
15 43
15 47
15 49
15 52
15 54
15 55
15 56
15 60
15 62
15 63
15 64
15 68
15 70
15 72
15 73
15 75
15 76
15 77
15 81
15 84
15 86
15 91
15 92
15 95
15 97
15 98
15 99
15 101
15 105
15 106
15 109
15 112
15 113
15 114
15 115
15 118
15 119
15 120
15 121
15 122
15 129
15 130
15 131
15 133
72 2
72 13
72 21
72 29
72 57
72 64
72 68
72 77
72 78
72 93
72 113
72 127
79 9
79 13
79 21
79 22
79 29
79 57
79 68
79 78
79 91
79 93
79 111
79 113
79 127
91 5
91 11
91 12
91 30
91 31
91 34
91 35
91 37
91 39
91 41
91 50
91 53
91 55
91 71
91 75
91 82
91 93
91 94
91 98
91 116
91 119
91 121
91 132
91 133
109 53
109 70
35 108
35 127
35 3
35 34
35 9
35 13
35 38
35 40
35 45
35 53
35 55
35 62
35 64
35 70
35 71
35 74
35 75
35 82
35 89
35 90
35 112
35 117
35 119
35 126
38 121
38 56
38 108
38 34
38 13
38 40
38 45
38 55
38 57
38 59
38 62
38 64
38 74
38 84
38 90
38 102
38 112
38 123
38 126
2 24
2 56
2 88
2 98
2 127
4 69
4 53
4 75
4 63
4 120
5 28
5 54
5 67
5 76
5 86
5 114
5 126
7 75
7 32
7 44
8 127
8 75
8 54
8 133
10 121
10 64
10 76
10 33
10 55
10 81
10 119
14 53
14 75
14 29
14 106
17 40
17 118
21 49
21 117
22 9
22 131
27 121
27 98
28 54
28 65
28 67
28 86
30 121
30 98
30 76
30 126
30 81
30 119
30 23
30 31
30 47
30 50
30 62
30 103
30 116
30 132
30 134
31 121
31 119
31 62
32 108
32 75
32 64
32 55
32 93
36 53
36 113
37 88
37 98
37 53
37 75
37 54
37 133
37 23
37 41
37 62
37 71
37 81
37 94
37 134
40 121
40 88
40 108
40 127
40 55
40 119
40 84
42 55
42 119
43 101
47 98
47 103
49 53
49 75
52 120
52 60
52 92
54 121
54 98
54 127
54 11
54 12
54 41
54 58
54 61
54 67
54 83
54 84
54 85
54 86
54 94
54 111
54 114
54 118
54 133
55 51
55 121
55 24
55 88
55 98
55 108
55 34
55 64
55 120
55 41
55 33
55 18
55 46
55 58
55 60
55 61
55 62
55 65
55 73
55 81
55 84
55 85
55 92
55 93
55 95
55 96
55 103
55 104
55 118
55 119
55 129
56 62
56 75
60 119
60 96
62 53
62 41
62 119
62 112
63 121
64 69
64 121
64 24
64 108
64 33
64 41
64 65
64 81
64 84
64 93
64 96
64 120
68 93
70 53
70 75
73 53
73 75
73 133
73 119
73 25
73 110
75 51
75 69
75 121
75 98
75 127
75 3
75 53
75 41
75 44
75 45
75 58
75 59
75 74
75 80
75 81
75 89
75 94
75 99
75 101
75 106
75 107
75 110
75 115
75 122
75 123
75 126
75 131
76 121
76 23
76 61
76 119
76 126
77 102
81 121
81 88
81 98
81 108
81 41
81 33
81 96
81 118
81 119
84 98
84 108
84 53
84 103
86 65
86 87
86 114
86 133
92 120
92 119
92 100
95 121
95 98
95 108
95 119
95 87
97 121
97 16
98 121
98 88
98 41
98 53
98 96
98 99
98 103
98 118
98 119
98 129
98 133
99 121
99 133
99 20
99 118
101 53
101 123
105 121
106 41
106 134
112 124
113 13
114 65
114 133
118 108
118 133
118 41
119 51
119 121
119 88
119 108
119 34
119 80
119 18
119 25
119 58
119 61
119 83
119 85
119 103
119 129
120 80
120 100
121 1
121 51
121 69
121 16
121 25
121 39
121 41
121 46
121 61
121 65
121 85
121 88
121 103
121 110
121 125
121 127
121 133
122 53
122 59
129 69
129 108
129 48
129 18
129 83
130 39
130 46
131 53
131 45
133 127
133 11
133 12
133 58
133 61
133 83
133 85
133 94
133 110
133 111
57 59
93 108
93 39
127 53
127 94
127 126
9 89
111 53
111 18
11 12
11 48
11 104
34 3
39 69
39 23
39 61
41 88
41 108
41 53
41 23
41 33
41 61
41 96
41 103
41 134
50 82
50 132
53 51
53 3
53 44
53 45
53 59
53 74
53 89
53 107
53 110
53 126
71 132
71 90
82 117
82 132
94 126
94 124
116 132
1 51
1 69
51 128
69 19
69 48
69 104
69 128
19 18
48 104
104 108
46 61
46 65
46 66
61 20
65 87
85 88
85 110
88 24
88 108
24 108
108 18
108 33
108 83
126 134
74 102
90 117
107 26
67 87
