0 14
14 17
14 45
14 108
14 114
14 139
14 181
14 214
14 215
17 19
17 31
17 45
17 61
17 73
17 85
17 103
17 107
17 116
17 120
17 124
17 129
17 139
17 143
17 181
17 194
17 210
17 212
17 221
17 225
45 181
45 139
45 73
45 208
108 29
108 66
108 72
108 92
108 112
108 117
108 133
108 138
108 168
108 179
108 195
108 207
139 77
139 54
139 85
139 103
139 107
139 119
139 124
139 194
139 198
139 199
139 208
139 221
181 1
181 27
181 31
181 65
181 73
181 77
181 85
181 87
181 119
181 120
181 124
181 127
181 154
181 199
181 208
181 217
181 221
214 30
214 32
214 66
214 142
214 197
214 201
214 207
214 209
19 28
19 216
19 225
31 107
61 143
73 208
85 103
85 194
85 221
103 199
103 54
103 70
103 76
103 120
103 124
103 169
103 222
116 42
116 46
116 94
116 111
116 143
116 167
116 191
116 212
120 124
120 194
124 194
129 96
129 18
129 28
129 125
129 182
129 210
129 216
129 225
143 6
143 8
143 37
143 42
143 86
143 94
143 111
143 164
143 167
143 212
143 219
194 27
194 198
194 221
210 225
212 6
225 18
225 46
136 59
136 89
136 106
59 211
59 69
59 89
59 100
59 106
89 193
89 69
89 100
89 106
65 13
65 154
87 199
154 217
199 3
199 63
199 96
199 226
217 13
2 20
2 176
20 75
20 79
20 82
20 86
20 141
20 176
75 86
75 153
75 163
75 171
82 86
82 52
82 74
82 83
82 99
82 202
86 25
86 37
86 40
86 62
86 128
86 145
86 149
86 163
86 180
86 205
86 219
86 220
3 226
226 105
63 5
63 10
63 28
63 88
96 5
96 10
96 28
96 57
96 110
4 38
4 140
4 162
38 140
38 162
140 84
140 162
162 84
162 161
161 113
161 126
10 80
28 18
88 92
88 101
88 134
88 206
42 94
46 94
94 111
94 167
111 167
8 131
8 135
8 164
37 180
164 135
164 186
7 78
7 102
7 165
78 109
78 165
78 183
102 12
102 26
102 109
102 165
102 183
102 204
165 109
109 26
109 183
12 81
12 104
12 205
204 150
131 135
131 186
135 56
135 64
135 93
135 115
135 118
135 186
135 200
186 53
186 60
186 200
56 64
64 49
64 34
64 60
64 97
64 157
93 60
115 9
118 193
118 200
53 67
53 95
11 51
11 71
11 132
11 155
11 170
11 173
11 193
51 155
51 173
71 170
71 193
132 155
170 193
193 147
193 151
193 157
193 166
193 203
25 213
40 187
163 68
163 130
163 153
180 177
180 190
205 81
205 104
205 43
205 174
205 188
151 35
151 203
157 15
157 49
157 34
157 97
157 166
157 203
166 15
166 49
166 34
166 58
166 203
81 104
43 47
43 174
43 188
29 133
29 138
29 158
29 168
66 168
66 72
66 92
66 112
92 101
92 112
117 138
117 158
117 168
133 138
133 158
133 168
138 158
138 168
30 32
30 142
30 197
30 209
32 121
32 142
32 196
32 201
32 209
142 197
142 201
142 209
197 121
197 201
201 209
209 196
15 49
49 34
16 36
16 160
36 35
36 98
36 160
160 91
35 23
35 98
35 178
98 23
98 123
98 184
18 50
70 76
70 137
76 222
76 137
169 44
222 48
222 55
222 148
222 218
222 137
125 182
52 33
52 74
52 83
52 99
52 159
74 83
74 99
83 21
83 22
83 24
83 33
83 99
83 192
99 21
99 24
99 33
99 159
99 175
99 192
202 152
202 172
202 189
202 223
21 192
192 22
22 24
22 33
22 159
22 175
24 33
24 159
24 175
33 159
159 175
23 41
178 184
178 122
178 224
123 184
184 224
122 146
146 90
146 144
146 185
177 190
39 211
211 69
69 100
48 148
148 55
148 218
55 218
67 95
152 172
172 189
172 223
189 156
189 223
223 156
90 185
