404
880
332
169
143
618
61
427
407
644
471
838
623
441
319
374
752
142
362
486
50
581
60
446
587
69
474
166
491
927
83
505
320
62
731
165
274
351
95
679
547
488
96
450
790
682
594
676
358
720
503
440
515
470
606
259
273
88
765
734
111
366
24
391
436
140
371
478
507
635
715
342
645
36
173
260
321
89
46
504
219
875
64
17
27
28
329
596
15
727
866
324
101
79
499
152
192
180
476
508
501
246
890
461
530
528
359
680
22
55
631
76
279
244
538
356
251
954
815
261
693
399
465
923
951
59
732
276
233
220
85
3
513
431
561
601
861
719
600
554
275
590
518
611
32
175
490
556
497
25
383
330
565
733
545
249
462
425
139
464
496
683
121
413
627
549
303
122
395
278
264
37
221
255
480
498
318
309
12
694
417
652
170
458
869
517
855
794
444
158
141
114
748
435
90
334
911
588
181
99
353
162
148
400
580
394
115
361
437
592
813
134
670
582
167
401
469
754
800
806
862
607
595
191
373
500
360
656
392
872
375
481
333
26
468
509
39
296
576
315
526
842
82
801
548
533
449
823
681
345
157
877
254
370
312
105
416
290
787
531
369
786
289
502
215
660
248
510
662
340
553
675
20
562
599
247
924
555
551
51
218
393
674
291
253
269
557
231
198
341
41
338
896
821
563
130
710
535
415
779
343
647
577
38
286
466
104
583
207
112
661
655
204
179
966
339
91
295
628
350
159
728
33
492
892
552
712
737
313
915
81
403
367
110
745
485
516
816
615
763
874
347
265
868
178
591
300
575
153
23
609
277
98
268
335
118
245
828
629
325
443
459
372
776
729
326
193
666
327
453
454
527
420
213
19
87
768
782
243
113
250
43
642
70
97
402
746
234
543
232
131
493
726
240
314
145
646
900
542
216
704
