228
479
351
378
240
472
316
190
340
481
287
250
390
388
402
411
162
453
314
482
580
500
350
543
477
289
211
261
507
295
435
464
322
99
483
248
461
590
417
158
566
602
703
372
537
226
642
185
337
306
269
594
542
212
293
546
526
80
610
207
188
227
609
400
692
307
387
466
568
361
60
674
599
157
333
465
573
518
23
18
152
660
661
524
198
181
406
469
359
312
436
391
425
440
493
270
597
513
535
360
514
290
534
197
463
646
532
276
389
239
439
206
520
511
366
486
376
564
596
640
182
650
267
222
657
589
257
416
170
662
237
358
335
521
509
484
214
51
515
327
258
217
231
404
544
144
364
399
468
268
562
495
438
627
395
528
624
235
148
38
530
401
405
473
444
496
420
189
205
447
371
315
169
555
369
476
467
249
606
579
225
263
164
403
612
512
626
291
470
605
572
538
357
167
317
536
344
46
234
288
213
582
398
53
497
487
183
460
556
567
494
272
57
