295
34
230
154
308
68
294
194
87
76
199
229
3
20
186
200
114
124
11
37
1
283
310
39
244
240
266
7
25
299
139
122
313
303
238
309
35
323
22
239
15
38
316
245
82
69
103
10
321
18
183
89
141
288
88
146
256
278
322
78
9
302
135
81
160
98
112
280
317
48
83
150
32
117
26
254
80
67
71
17
169
275
233
119
118
177
120
95
163
165
159
155
304
72
315
287
46
14
134
204
252
64
44
270
267
277
33
148
6
75
181
93
151
57
258
225
176
53
205
31
208
291
209
236
206
296
207
307
184
187
96
247
290
0
100
213
161
12
65
113
60
170
2
324
36
285
94
55
271
197
116
152
220
127
211
279
281
250
201
246
47
108
91
101
243
192
145
52
293
190
320
149
191
49
255
30
137
172
125
224
102
286
13
173
306
126
182
260
142
90
19
29
133
129
203
272
28
8
193
167
284
289
231
264
265
66
219
153
268
54
24
107
140
157
110
56
166
257
59
292
217
221
218
185
74
319
86
198
