1116
827
93
329
250
1047
1114
121
1032
1002
694
622
603
896
619
8
475
202
612
354
828
292
1042
574
791
52
139
604
389
747
151
805
655
765
516
557
976
299
488
307
936
881
481
609
248
345
1031
1024
31
943
95
990
1081
636
182
99
97
215
1101
491
205
273
731
334
771
980
493
870
1098
696
532
698
658
260
1033
457
123
952
337
1057
32
701
49
384
336
659
325
1110
734
501
706
434
158
610
522
219
882
327
489
378
304
405
755
193
992
435
844
614
341
490
686
1125
808
192
647
467
875
565
908
703
1058
772
148
735
1052
564
1
906
669
368
364
927
379
211
1077
524
830
13
117
1010
1128
585
495
406
1036
166
624
710
194
987
796
333
1100
559
554
47
401
865
382
1050
642
533
81
35
1131
177
754
834
898
806
163
860
802
383
150
744
1013
349
741
297
455
631
23
476
171
876
845
842
621
928
535
124
544
683
634
157
762
328
176
700
758
51
316
997
843
109
362
464
1088
323
1040
691
957
33
80
994
149
923
84
510
562
127
837
56
947
986
