0 294
1 17
1 42
1 251
1 496
2 142
2 146
2 176
2 186
2 227
2 327
2 482
2 490
3 56
3 81
3 196
3 198
3 201
3 206
3 222
3 259
3 275
3 278
3 302
3 307
3 355
3 400
3 410
3 426
4 19
4 276
4 279
4 353
5 58
5 244
5 282
6 55
6 129
6 150
6 229
6 389
6 475
7 29
7 76
7 83
7 94
7 295
7 494
8 11
8 12
8 106
8 151
8 344
8 361
8 448
9 108
9 451
10 428
11 87
11 448
12 151
12 322
12 344
13 173
13 255
13 291
13 306
13 369
13 414
13 421
13 479
14 29
14 83
14 280
14 295
14 365
14 388
14 416
14 494
15 54
15 58
15 90
15 170
15 171
16 103
16 134
16 146
16 205
16 227
16 235
16 237
16 293
16 320
16 423
16 460
17 42
17 82
17 179
17 238
17 244
17 251
17 353
17 363
17 379
17 496
18 102
18 192
18 215
18 412
19 209
19 226
19 279
19 353
20 344
20 385
20 440
21 182
21 330
22 45
22 97
22 390
22 422
23 67
23 155
23 176
23 180
23 198
23 261
23 281
23 307
23 324
23 417
24 369
24 414
25 85
25 348
26 81
26 112
26 114
26 131
26 155
26 180
26 185
26 188
26 196
26 201
26 225
26 259
26 261
26 264
26 268
26 272
26 307
26 352
26 382
26 384
26 410
26 417
26 423
26 474
27 59
27 88
27 127
27 154
27 254
27 375
27 397
27 403
27 405
27 437
28 313
29 76
29 83
29 94
29 280
29 295
29 365
29 388
29 494
30 250
31 296
31 430
31 458
32 53
32 80
32 102
32 229
32 340
32 364
32 445
33 182
33 396
34 362
34 419
34 450
34 481
35 189
35 274
36 103
36 137
36 207
36 215
36 246
36 464
36 486
37 44
37 109
37 147
37 228
37 328
37 335
37 369
37 414
37 434
37 463
38 43
38 57
38 67
38 146
38 160
38 200
38 373
38 453
38 474
38 483
39 68
39 223
39 333
40 46
40 140
40 330
40 357
41 102
41 129
41 135
41 158
41 165
41 232
41 243
41 250
41 271
41 313
41 323
41 342
41 364
41 389
41 416
41 468
41 470
42 238
42 251
42 496
43 57
43 67
43 176
43 213
43 453
43 474
43 483
44 228
44 335
45 60
45 97
45 114
45 201
45 267
45 307
45 384
45 390
45 407
45 422
45 478
47 54
47 360
48 119
48 194
48 404
49 74
49 362
49 398
49 419
49 442
49 450
50 247
50 366
50 406
51 166
51 168
51 371
51 404
51 480
52 77
52 176
52 302
52 368
52 378
52 493
53 80
53 102
53 229
53 340
53 364
53 445
54 171
54 175
54 360
54 399
55 184
55 444
56 81
56 152
56 206
56 222
56 262
56 275
56 278
56 355
56 400
57 67
57 160
57 474
57 483
57 493
58 90
58 170
58 175
58 179
58 282
59 126
59 127
59 254
59 301
59 367
59 375
59 397
59 405
59 437
59 438
60 112
60 155
60 185
60 196
60 198
60 201
60 225
60 261
60 267
60 384
61 70
61 144
61 214
61 224
61 233
61 260
62 248
62 338
62 349
63 109
63 238
63 284
64 116
64 454
65 133
65 136
65 152
65 157
65 221
65 298
65 358
65 378
65 447
65 452
66 372
67 77
67 136
67 155
67 174
67 180
67 198
67 259
67 275
67 302
67 321
67 368
67 452
67 453
67 454
67 474
67 477
67 483
69 120
69 217
69 468
70 233
70 260
71 156
71 190
71 206
71 249
71 315
71 350
72 93
72 169
72 208
72 360
72 398
72 415
72 419
72 442
73 280
73 391
73 409
73 420
73 444
73 459
73 495
74 167
74 175
74 362
74 419
74 442
74 450
74 467
75 343
75 431
76 83
76 94
76 172
76 295
76 444
76 494
77 176
77 215
77 259
77 302
77 368
77 378
77 393
77 453
77 458
78 142
78 148
78 178
78 190
78 206
78 220
78 288
78 370
79 329
79 357
79 403
79 405
80 102
80 229
80 316
80 317
80 340
80 364
80 445
81 196
81 201
81 262
81 275
81 278
81 355
81 400
83 94
83 295
83 365
83 391
83 494
84 449
84 472
85 111
85 346
85 351
85 399
86 166
86 216
86 385
87 216
87 232
88 126
88 145
88 154
88 329
88 403
88 425
88 477
89 132
89 396
90 170
91 210
91 212
91 411
91 492
92 127
92 217
92 256
92 265
93 164
93 208
93 285
93 351
93 360
94 239
94 295
94 323
94 494
95 284
95 369
96 110
96 118
96 136
96 143
96 212
96 245
96 332
96 392
96 404
97 99
97 104
97 281
97 307
97 384
97 422
98 117
98 240
98 317
98 382
98 459
99 281
99 397
99 422
99 427
99 431
100 219
100 221
100 321
100 358
101 181
101 344
101 421
101 470
102 192
102 243
102 340
102 364
102 386
102 404
102 445
103 134
103 137
103 146
103 157
103 205
103 215
103 235
103 327
103 354
103 423
103 452
103 490
104 301
104 384
104 473
105 204
105 253
105 280
105 331
105 424
105 472
106 361
107 211
107 256
107 337
107 377
107 468
108 111
108 208
108 294
108 348
108 359
108 451
108 461
109 111
109 179
109 228
109 289
109 306
109 335
109 362
109 369
109 401
109 488
110 123
110 168
110 212
110 231
110 245
110 392
111 285
111 348
111 349
111 362
111 488
112 114
112 131
112 155
112 161
112 185
112 189
112 196
112 198
112 201
112 225
112 261
112 267
112 296
112 384
112 417
112 430
112 478
113 310
113 347
114 155
114 185
114 201
114 261
114 307
114 384
114 417
114 478
115 166
115 203
115 216
115 240
115 245
115 457
116 157
116 454
117 192
117 382
117 423
117 459
118 212
118 339
118 377
118 421
118 487
119 194
119 386
119 404
120 217
120 265
120 468
120 471
120 497
121 239
121 295
121 323
121 345
121 365
121 429
121 494
122 185
122 196
122 201
122 277
122 307
122 334
122 408
123 168
123 212
123 231
123 245
123 410
124 328
124 348
124 439
125 134
125 136
125 193
125 204
125 221
126 154
126 202
126 281
126 329
126 403
126 425
127 254
127 265
127 367
127 375
127 437
128 163
128 322
129 145
129 158
129 271
129 323
129 342
129 386
129 405
129 416
130 136
130 298
130 358
130 452
131 178
131 185
131 201
131 220
131 299
131 370
131 384
133 157
133 358
133 378
133 447
134 157
134 193
134 320
135 271
135 323
136 145
136 152
136 157
136 221
136 245
136 247
136 298
136 302
136 321
136 358
136 378
136 392
136 447
136 452
137 246
137 452
138 215
138 303
139 241
139 371
139 440
141 144
141 224
141 245
141 260
141 332
141 404
141 440
142 146
142 148
142 178
142 190
142 192
142 200
142 206
142 215
142 220
142 227
142 287
142 327
142 482
142 490
143 212
143 224
143 392
143 476
144 214
144 224
145 154
145 199
145 229
145 268
145 307
145 323
145 365
145 388
145 405
145 416
145 452
145 477
146 192
146 200
146 215
146 227
146 237
146 287
146 293
146 327
146 354
146 373
146 482
146 490
147 328
148 178
148 190
148 206
148 220
149 266
150 389
151 216
151 232
151 322
151 344
152 156
152 157
152 221
152 277
152 298
152 315
152 378
152 392
152 447
153 346
153 348
153 402
153 485
154 281
154 319
154 329
154 403
154 405
154 425
154 471
154 473
154 475
155 180
155 185
155 196
155 198
155 201
155 225
155 259
155 261
155 275
155 352
155 417
156 190
156 258
156 277
156 296
156 311
156 315
156 376
157 192
157 272
157 319
157 358
157 378
157 392
157 447
157 452
157 454
158 342
158 416
159 391
159 472
160 373
160 453
160 493
161 189
161 296
161 430
161 484
162 230
163 344
164 175
164 266
164 356
164 432
165 250
166 245
166 283
166 292
166 301
166 307
166 319
166 404
167 195
167 242
167 326
167 336
167 442
168 212
168 231
168 245
168 247
168 263
168 319
168 366
168 404
168 480
169 197
169 360
169 398
169 415
169 419
170 179
170 251
170 399
171 175
171 179
171 266
171 285
171 349
171 442
171 450
172 444
173 255
173 306
173 414
173 479
174 246
174 358
174 392
174 423
174 454
175 209
175 248
175 266
175 285
175 349
175 374
175 383
175 432
175 442
175 469
176 186
176 213
176 253
176 295
176 302
176 307
176 324
176 368
176 378
176 449
176 453
176 472
176 490
176 493
177 241
177 440
178 190
178 206
178 220
178 222
178 299
178 370
179 244
179 251
179 266
179 282
179 349
179 362
179 387
179 399
180 185
180 198
180 225
180 259
180 261
180 275
180 281
180 307
180 352
180 417
181 297
181 304
181 385
181 456
181 462
181 468
181 473
183 239
183 365
183 391
184 229
184 271
185 196
185 198
185 201
185 225
185 261
185 307
185 334
185 343
185 352
185 384
185 408
185 410
185 417
186 490
187 351
188 264
188 268
188 272
188 423
189 274
189 296
189 430
189 443
189 484
190 206
190 220
190 222
190 315
190 370
191 380
191 433
192 200
192 207
192 215
192 227
192 287
192 327
192 490
193 204
193 205
193 423
194 307
194 318
194 386
194 404
195 242
196 198
196 201
196 225
196 259
196 278
196 302
196 307
196 334
196 343
196 400
196 408
196 410
197 362
198 201
198 225
198 259
198 261
198 275
198 302
198 307
198 417
199 268
199 318
199 445
200 207
200 215
200 227
200 287
200 327
200 373
200 490
201 225
201 261
201 267
201 302
201 307
201 334
201 384
201 397
201 408
201 410
201 417
201 458
201 478
202 217
202 425
203 240
203 344
203 457
204 370
205 235
205 423
206 220
206 222
206 234
206 249
206 350
206 355
207 215
209 279
209 469
210 480
211 337
211 468
212 224
212 231
212 245
212 305
212 392
213 453
213 474
214 224
214 260
215 270
215 302
215 303
215 312
215 327
215 354
215 368
215 412
215 452
215 459
215 490
216 232
216 286
216 448
217 256
217 468
218 224
219 221
219 321
219 358
220 299
220 370
221 298
221 321
221 358
221 370
221 378
221 447
222 234
222 277
222 408
222 410
223 428
223 434
223 463
224 260
224 371
224 476
225 352
226 248
226 279
226 353
226 374
226 387
227 237
227 287
227 293
227 327
227 460
227 482
227 490
228 346
228 369
228 394
229 271
229 307
229 365
229 400
229 445
229 475
229 477
230 306
230 435
230 446
231 305
232 361
233 279
234 392
235 423
236 410
236 426
237 287
237 293
237 320
237 327
237 460
237 490
238 284
238 325
238 379
238 418
238 489
239 295
239 323
239 365
239 391
239 429
239 494
240 457
241 440
243 292
243 404
245 247
245 263
245 264
245 283
245 319
245 332
245 343
245 382
245 392
245 404
245 406
245 410
246 423
246 464
246 486
247 272
247 305
247 366
247 371
247 410
248 338
248 387
249 288
249 350
250 342
251 399
251 496
252 383
252 435
252 441
252 467
253 331
253 424
253 453
254 281
254 367
254 375
254 437
255 306
255 414
255 479
256 292
256 377
256 468
257 263
257 350
257 404
257 408
257 459
258 296
258 311
258 376
259 275
259 278
259 318
259 368
259 400
259 436
259 474
260 382
260 459
260 476
261 384
261 417
261 458
262 275
263 404
264 268
264 272
264 307
264 423
265 301
265 471
265 497
266 282
266 285
266 309
266 356
267 384
267 478
268 272
268 423
269 379
269 418
270 312
270 420
270 495
271 323
271 365
271 416
272 319
272 382
272 423
272 459
273 350
273 408
275 278
275 355
275 400
276 279
277 315
277 408
278 355
278 400
278 410
280 388
280 391
280 409
280 444
280 472
281 307
281 343
281 367
281 375
281 397
281 422
281 427
281 431
282 399
283 307
283 382
284 341
284 369
285 362
285 383
285 439
287 320
287 327
287 490
288 350
288 408
290 414
290 421
290 455
291 310
291 414
291 465
292 319
292 377
292 382
292 404
292 431
292 437
292 468
293 320
293 460
294 461
295 323
295 365
295 391
295 429
295 449
295 472
295 494
296 299
296 311
296 376
296 430
296 458
297 314
297 377
297 468
297 473
298 378
298 447
298 452
299 370
299 458
300 401
301 405
301 438
301 473
301 497
302 307
302 365
302 378
302 400
302 452
304 314
304 377
304 456
305 372
306 347
306 348
306 395
306 446
306 455
306 488
307 318
307 319
307 324
307 334
307 400
307 404
307 408
307 410
308 370
308 491
310 347
310 421
310 446
311 376
313 475
314 339
314 377
314 466
314 468
316 318
318 397
318 404
318 436
318 445
318 474
319 365
320 327
320 460
320 490
321 358
321 491
322 344
323 345
323 365
325 418
327 354
327 482
327 490
329 357
329 403
331 424
334 343
334 408
334 410
335 418
335 489
336 441
338 353
339 377
339 466
339 468
340 364
340 445
341 489
342 416
343 410
343 422
343 431
345 365
346 402
346 485
347 446
348 351
348 439
348 446
348 451
348 455
353 379
354 490
355 400
356 380
356 433
356 451
358 378
358 392
358 447
361 440
362 387
362 398
362 442
362 446
362 450
362 481
363 379
364 445
365 391
365 416
365 424
365 494
366 406
367 375
367 437
368 452
368 493
369 394
369 401
369 413
369 489
370 491
371 372
371 480
371 487
372 480
373 453
375 437
377 456
377 462
377 468
378 392
378 447
378 452
381 491
382 392
382 423
382 431
382 457
382 459
383 467
384 417
385 440
386 404
388 424
388 477
390 407
391 409
391 444
391 449
391 459
391 495
392 423
393 453
393 458
395 455
397 405
397 427
397 431
398 415
398 419
398 450
400 410
401 489
402 485
403 405
404 427
404 431
404 459
404 487
405 438
409 420
409 444
409 459
411 492
413 489
414 421
414 455
414 479
415 419
415 442
416 494
418 463
418 489
419 442
419 481
420 459
420 495
421 455
427 431
428 434
429 494
430 458
434 463
435 441
436 474
443 484
444 459
444 495
446 450
447 452
449 472
450 481
453 458
459 495
464 486
468 473
471 497
473 497
474 483
482 490
