142
174
98
6
288
71
265
190
22
228
67
146
112
28
319
7
46
306
249
64
110
262
201
65
54
208
89
167
150
25
278
230
63
24
59
38
57
90
131
5
231
73
172
258
96
137
234
87
220
191
289
173
2
170
116
125
179
227
321
161
248
107
104
240
303
210
42
29
30
302
239
52
266
72
108
308
133
45
218
132
148
143
242
97
286
233
13
111
37
282
106
27
177
298
126
253
119
85
20
178
244
270
75
259
292
151
76
153
147
226
26
8
117
121
217
260
32
3
273
50
257
312
120
9
44
1
304
158
181
317
309
138
183
247
129
4
192
36
74
216
105
285
41
19
164
255
135
43
141
165
31
139
293
163
207
287
263
23
60
128
296
0
275
