677
585
491
752
658
50
223
1123
904
243
678
972
571
439
98
408
537
205
435
490
392
504
968
730
1020
354
257
444
1064
1111
675
945
144
548
845
883
254
211
635
329
1012
546
872
85
1058
1010
201
35
865
712
386
525
302
364
1013
10
1019
680
821
310
275
936
111
516
938
1083
855
2
957
1035
41
977
660
419
434
361
1106
941
391
274
764
37
328
14
822
290
65
249
1090
630
1107
502
411
620
323
336
299
412
710
636
253
949
714
20
626
578
577
497
291
1071
759
227
736
1039
1109
186
68
1100
242
1055
623
532
800
19
1018
820
572
544
311
1116
647
890
713
1005
948
650
603
762
990
561
142
272
348
295
214
909
127
541
109
621
819
129
771
1015
25
732
1029
786
26
167
518
324
124
507
101
1112
442
704
725
611
218
370
540
157
325
423
241
343
1054
681
699
1027
581
839
595
808
906
848
788
335
979
944
772
476
78
670
1110
384
1040
789
785
700
374
740
232
896
280
79
776
555
305
49
750
646
404
206
264
198
362
255
430
359
929
39
149
273
617
289
416
197
428
332
933
631
63
441
1131
902
327
28
233
219
499
382
60
1081
30
395
266
930
1076
928
83
1119
29
596
1014
671
125
222
472
842
369
372
923
224
602
177
1117
477
170
36
165
422
1078
735
587
234
189
849
679
716
745
1068
1129
215
485
190
856
734
95
975
852
726
454
271
994
892
860
795
976
652
58
875
363
804
988
403
90
846
782
871
1085
614
962
926
13
192
152
648
102
642
469
440
986
564
319
483
1108
515
393
262
565
806
991
688
139
881
708
480
1120
199
632
449
353
108
455
924
181
119
166
158
387
576
1026
551
755
573
898
792
1077
464
415
1113
807
492
558
687
862
964
624
300
747
96
1095
471
375
737
641
797
911
600
53
559
138
841
690
523
838
46
51
686
610
927
698
607
780
1024
71
946
1126
43
836
200
668
570
432
64
451
75
498
666
563
524
1093
97
163
420
82
781
351
805
463
47
16
1028
1079
437
599
338
854
683
356
397
1061
191
707
934
864
738
813
859
414
1022
955
246
616
1036
876
210
276
893
608
38
753
1125
757
882
511
373
942
609
533
766
1033
840
45
967
907
591
250
562
758
908
283
260
389
801
794
520
321
340
970
334
460
1098
1124
529
171
134
388
431
453
282
459
535
179
830
873
87
40
410
448
696
106
80
136
549
183
1105
309
1086
297
538
996
306
622
180
357
728
452
810
770
293
983
32
461
1016
556
769
743
407
639
765
478
917
834
922
826
963
1031
162
888
1032
818
803
802
719
479
304
989
185
399
73
1128
583
1073
531
867
212
193
870
961
475
456
791
1114
331
52
77
952
693
1102
398
462
1051
891
799
684
850
279
494
176
517
1122
155
522
1091
128
72
195
486
644
997
467
706
1088
495
42
691
731
829
557
817
729
118
366
1057
912
247
123
554
796
401
107
55
346
421
153
285
141
1050
150
665
992
473
230
1049
761
248
178
853
493
1048
720
426
724
637
358
1037
627
1084
447
879
425
251
100
594
349
292
653
869
1003
589
861
394
727
143
843
899
169
496
417
8
263
330
337
31
887
999
278
488
742
651
694
204
228
316
92
640
313
560
918
261
21
787
188
973
569
379
54
514
618
146
196
920
744
159
866
187
951
701
1080
287
268
885
265
294
209
133
790
314
345
22
1096
960
1101
288
767
939
368
317
184
756
104
270
110
216
1
919
837
655
1075
172
1059
663
116
656
542
225
895
703
1023
935
695
662
521
615
914
1004
547
739
474
240
553
503
342
612
105
863
482
606
333
510
604
995
48
953
697
76
903
1067
958
1065
956
1052
1021
339
344
1099
5
405
1118
649
94
1047
465
633
3
4
1063
793
814
