0 8
0 26
0 29
0 33
0 52
0 53
0 60
0 68
0 78
0 94
0 112
0 113
0 156
0 161
0 172
0 183
0 186
0 215
0 219
0 230
0 242
0 245
0 250
0 258
8 52
8 64
8 65
8 68
8 94
8 113
8 114
8 161
8 167
8 172
8 183
8 230
8 231
8 245
8 246
8 250
26 9
26 16
26 28
26 29
26 31
26 33
26 35
26 47
26 48
26 49
26 53
26 59
26 60
26 66
26 67
26 73
26 80
26 89
26 106
26 107
26 108
26 122
26 123
26 125
26 142
26 143
26 146
26 182
26 193
26 195
26 205
26 219
26 224
26 236
26 237
26 241
26 246
26 249
26 253
29 14
29 39
29 40
29 44
29 51
29 88
29 99
29 100
29 105
29 130
29 134
29 140
29 160
29 165
29 168
29 169
29 173
29 175
29 200
29 202
29 220
29 246
33 4
33 14
33 15
33 19
33 30
33 36
33 38
33 48
33 55
33 60
33 61
33 62
33 65
33 68
33 75
33 80
33 84
33 89
33 93
33 104
33 110
33 121
33 125
33 128
33 129
33 132
33 133
33 143
33 148
33 159
33 160
33 164
33 182
33 185
33 189
33 205
33 210
33 220
33 224
33 232
33 237
33 241
33 245
33 247
33 250
33 254
52 64
52 65
52 68
52 91
52 94
52 113
52 161
52 172
52 174
52 186
52 212
52 215
52 219
52 231
52 245
52 246
52 250
53 15
53 23
53 24
53 28
53 56
53 60
53 67
53 71
53 82
53 84
53 102
53 128
53 134
53 140
53 146
53 148
53 150
53 153
53 166
53 176
53 181
53 185
53 186
53 195
53 205
53 216
53 224
53 232
53 247
53 250
60 19
60 23
60 28
60 38
60 47
60 55
60 56
60 58
60 59
60 66
60 75
60 82
60 85
60 90
60 93
60 105
60 127
60 128
60 129
60 133
60 144
60 146
60 153
60 156
60 164
60 176
60 179
60 185
60 189
60 190
60 193
60 195
60 196
60 197
60 207
60 214
60 224
60 227
60 230
60 246
60 247
60 254
60 258
68 13
68 21
68 64
68 65
68 4
68 39
68 57
68 71
68 78
68 94
68 97
68 99
68 112
68 159
68 161
68 169
68 183
68 185
68 186
68 215
68 219
68 230
68 242
68 245
68 253
68 258
78 21
78 64
78 65
78 71
78 57
78 94
78 141
78 172
78 212
78 215
78 219
78 231
78 242
78 245
78 258
94 21
94 64
94 65
94 71
94 91
94 112
94 113
94 133
94 134
94 146
94 161
94 172
94 215
94 219
94 230
94 245
94 250
94 258
112 13
112 65
112 113
112 156
112 172
112 230
112 242
112 245
112 250
113 21
113 64
113 65
113 24
113 91
113 102
113 122
113 133
113 156
113 161
113 183
113 215
113 219
113 230
113 231
113 242
113 258
156 133
156 57
156 90
156 127
156 161
156 183
156 186
156 219
156 242
156 245
156 250
161 13
161 21
161 64
161 65
161 35
161 57
161 59
161 124
161 127
161 172
161 186
161 199
161 219
161 226
161 230
161 231
161 242
161 258
172 64
172 65
172 186
172 215
172 230
172 231
172 246
172 258
183 65
183 107
183 122
183 186
183 219
183 230
183 242
186 13
186 21
186 65
186 7
186 9
186 47
186 57
186 73
186 77
186 89
186 91
186 106
186 134
186 141
186 160
186 191
186 202
186 230
186 234
186 242
186 245
186 248
186 250
215 13
215 64
215 65
215 39
215 47
215 57
215 59
215 77
215 88
215 91
215 106
215 108
215 128
215 157
215 160
215 176
215 195
215 219
215 230
215 242
215 247
215 250
215 253
219 13
219 64
219 65
219 71
219 28
219 44
219 77
219 97
219 119
219 147
219 174
219 176
219 190
219 226
219 227
219 230
219 239
219 242
219 246
230 21
230 65
230 66
230 133
230 19
230 27
230 57
230 77
230 99
230 174
230 176
230 179
230 242
230 245
230 250
230 258
242 13
242 64
242 65
242 71
242 226
242 5
242 57
242 81
242 99
242 137
242 199
242 220
242 231
242 245
242 250
242 251
245 21
245 64
245 65
245 91
245 97
245 127
245 130
245 167
245 168
245 169
245 178
245 232
245 240
245 250
245 254
245 258
250 13
250 64
250 65
250 133
250 226
250 5
250 106
250 118
250 148
250 154
250 155
250 174
250 181
250 203
250 231
250 258
258 13
258 21
258 65
258 133
258 226
258 49
258 106
258 135
258 163
64 13
64 48
64 65
64 91
64 99
64 158
64 169
64 231
64 253
64 260
65 13
65 21
65 18
65 20
65 81
65 97
65 133
65 174
65 176
65 187
65 193
65 218
65 226
65 231
65 246
65 253
114 226
114 38
114 20
114 32
114 37
114 41
114 42
114 55
114 81
114 98
114 141
114 145
114 154
114 204
114 212
114 239
114 246
114 260
114 6
114 87
114 177
114 188
167 1
167 45
167 46
167 79
167 111
167 120
167 137
167 24
167 50
167 89
167 119
167 126
167 152
167 178
167 182
231 21
231 133
231 178
231 180
231 18
231 199
231 28
231 102
231 108
231 147
231 195
231 236
246 21
246 59
246 5
246 32
246 37
246 41
246 42
246 49
246 81
246 103
246 110
246 141
246 149
246 154
246 204
246 221
246 10
246 74
246 99
246 105
246 139
246 140
246 158
246 173
246 195
246 200
246 220
246 260
13 9
13 21
13 49
13 57
13 101
13 106
13 108
13 133
13 149
13 168
13 226
9 111
9 59
9 25
9 58
9 85
9 122
9 128
9 189
9 196
9 197
9 207
9 241
9 254
9 204
9 238
9 248
9 194
9 14
9 16
9 47
9 48
9 57
9 73
9 107
9 123
9 143
9 232
9 236
21 57
21 133
21 226
49 226
49 128
49 241
49 5
49 32
49 35
49 42
49 81
49 92
49 98
49 103
49 149
49 154
49 191
49 198
49 204
49 212
49 221
49 239
49 248
49 253
49 260
57 133
57 226
57 190
57 247
57 106
57 253
57 168
57 220
101 46
101 70
101 178
101 216
101 229
101 202
101 244
101 259
101 100
101 173
101 61
101 139
101 181
101 47
101 17
101 54
101 63
101 102
101 109
101 124
101 157
101 171
101 176
101 198
101 209
101 210
106 224
106 190
106 244
106 59
106 126
106 97
106 247
106 14
106 23
106 24
106 28
106 36
106 47
106 56
106 67
106 80
106 89
106 95
106 146
106 148
106 160
106 191
106 232
106 236
106 239
106 248
106 249
108 66
108 185
108 128
108 222
108 237
108 254
108 144
108 16
108 47
108 48
108 107
108 31
108 123
108 125
133 71
133 86
133 99
133 174
149 226
149 202
149 227
149 5
149 20
149 32
149 35
149 37
149 41
149 42
149 55
149 98
149 103
149 141
149 12
149 40
149 124
149 154
149 177
149 204
149 212
149 221
149 238
149 239
149 248
149 253
149 260
168 165
168 226
168 83
168 59
168 126
168 192
168 189
168 237
168 55
168 81
168 6
168 18
168 51
168 72
168 100
168 130
168 140
168 158
168 12
168 173
168 175
168 187
168 194
168 199
168 206
168 220
226 7
226 12
226 20
226 32
226 35
226 37
226 41
226 42
226 55
226 61
226 72
226 74
226 81
226 99
226 103
226 141
226 145
226 166
226 169
226 173
226 177
226 188
226 191
226 212
226 221
226 238
226 248
226 251
226 253
226 260
16 66
16 59
16 104
16 222
16 254
16 105
16 125
16 142
28 71
28 59
28 85
28 90
28 128
28 153
28 212
28 144
28 73
28 143
28 236
28 148
28 23
28 24
28 150
28 176
28 142
28 255
28 36
28 56
28 82
28 89
28 146
31 66
31 59
31 128
31 241
31 247
31 20
31 32
31 35
31 166
31 73
31 107
31 125
31 143
31 236
31 148
31 15
31 23
31 24
31 36
31 67
31 80
31 89
31 164
31 195
31 205
35 190
35 77
35 207
35 5
35 20
35 10
35 12
35 24
35 41
35 55
35 61
35 73
35 74
35 88
35 98
35 99
35 110
35 130
35 141
35 144
35 145
35 166
35 171
35 175
35 188
35 191
35 200
35 238
35 239
35 248
35 260
47 152
47 155
47 19
47 58
47 85
47 90
47 97
47 104
47 127
47 129
47 159
47 189
47 196
47 197
47 207
47 241
47 40
47 75
47 123
47 125
47 171
47 193
47 236
47 255
48 66
48 224
48 69
48 104
48 80
48 142
48 143
48 171
48 182
59 66
59 224
59 62
59 3
59 15
59 23
59 24
59 36
59 39
59 55
59 56
59 67
59 73
59 80
59 81
59 82
59 90
59 95
59 105
59 122
59 125
59 127
59 128
59 129
59 143
59 144
59 146
59 148
59 150
59 164
59 175
59 182
59 195
59 200
59 201
59 205
59 212
59 218
59 220
59 232
59 237
59 247
59 249
66 24
66 30
66 73
66 104
66 125
66 144
66 153
66 182
66 224
66 237
66 254
67 224
67 45
67 46
67 118
67 84
67 247
67 249
67 148
67 15
67 80
67 95
67 146
67 205
73 85
73 153
73 237
73 254
73 92
73 144
73 23
73 30
73 56
73 82
73 142
73 146
73 150
73 232
73 236
80 224
80 84
80 128
80 81
80 232
80 249
80 15
80 23
80 24
80 36
80 89
80 95
80 146
80 164
80 195
80 205
89 71
89 121
89 137
89 190
89 119
89 84
89 90
89 97
89 207
89 214
89 241
89 247
89 32
89 110
89 61
89 213
89 143
89 232
89 249
89 148
89 171
89 23
89 176
89 205
89 142
89 56
89 146
89 195
107 34
107 104
122 185
122 4
122 19
122 58
122 85
122 90
122 93
122 97
122 23
122 128
122 129
122 159
122 196
122 197
122 207
122 214
122 241
123 90
123 104
123 222
123 237
123 254
123 30
123 143
125 128
125 237
125 32
125 144
125 23
125 143
125 182
125 236
142 71
142 19
142 222
142 237
142 254
142 144
142 30
142 182
143 224
143 135
143 84
143 104
143 247
143 254
143 15
143 23
143 102
143 146
143 148
143 150
143 164
143 176
143 182
143 205
143 249
146 138
146 216
146 185
146 84
146 241
146 247
146 141
146 260
146 232
146 24
146 95
146 150
146 36
146 56
146 82
146 164
182 159
182 254
182 170
182 220
182 24
193 70
193 83
193 178
193 216
193 135
193 259
193 77
193 25
193 181
193 11
193 17
193 63
193 102
193 109
193 157
193 163
193 171
193 22
193 131
193 201
193 209
193 211
195 224
195 247
195 191
195 239
195 232
195 23
195 24
195 95
195 150
195 205
195 255
205 224
205 121
205 84
205 196
205 247
205 232
205 148
205 15
205 24
205 176
224 15
224 23
224 24
224 37
224 56
224 84
224 95
224 97
224 164
224 179
224 232
224 249
236 178
236 85
236 104
236 128
236 247
236 254
236 150
237 4
237 90
237 104
237 153
237 207
237 222
237 30
237 176
237 241
237 254
241 190
241 185
241 4
241 19
241 85
241 90
241 97
241 127
241 128
241 129
241 153
241 159
241 179
241 189
241 196
241 197
241 222
241 23
241 176
241 254
241 255
249 84
249 104
249 247
249 232
249 15
249 23
249 95
249 148
249 150
249 164
253 20
253 32
253 42
253 55
253 81
253 145
253 154
253 191
253 203
253 204
253 238
253 239
253 6
253 12
253 74
253 105
253 177
253 188
253 260
14 7
14 76
14 184
14 69
14 77
14 115
14 126
14 151
14 155
14 162
14 192
14 256
14 44
14 134
14 220
14 50
14 147
14 160
14 166
14 225
39 7
39 117
39 178
39 229
39 240
39 119
39 135
39 244
39 69
39 77
39 115
39 126
39 152
39 155
39 180
39 192
39 256
39 257
39 25
39 105
39 173
39 27
39 50
39 63
39 160
39 176
39 201
39 213
39 223
39 225
39 243
40 165
40 85
40 6
40 18
40 44
40 86
40 99
40 130
40 140
40 158
40 169
40 194
40 199
40 218
40 220
40 251
44 165
44 76
44 202
44 92
44 6
44 18
44 12
44 72
44 88
44 99
44 134
44 140
44 158
44 160
44 173
44 175
44 194
44 200
44 206
44 251
51 92
51 72
51 99
51 140
51 158
51 169
51 187
51 194
51 206
51 218
88 135
88 233
88 257
88 92
88 134
88 140
88 158
88 199
88 200
88 206
88 220
99 165
99 127
99 55
99 81
99 92
99 6
99 18
99 72
99 86
99 100
99 105
99 130
99 140
99 158
99 169
99 173
99 187
99 188
99 194
99 199
99 200
99 206
99 218
99 220
99 251
100 92
100 6
100 18
100 140
100 158
100 173
100 175
100 194
100 199
100 200
100 206
100 218
100 223
105 55
105 81
105 92
105 6
105 18
105 12
105 15
105 74
105 134
105 140
105 158
105 169
105 173
105 187
105 194
105 199
105 218
105 220
130 165
130 190
130 42
130 81
130 92
130 6
130 134
130 169
130 173
130 175
130 187
130 194
130 199
130 200
130 218
130 220
130 232
130 251
134 207
134 92
134 72
134 158
134 160
134 166
134 169
134 173
134 199
134 218
134 220
134 251
140 96
140 58
140 6
140 169
140 173
140 181
140 188
140 194
140 199
140 200
140 206
140 220
160 7
160 34
160 117
160 190
160 217
160 119
160 135
160 202
160 259
160 69
160 77
160 151
160 155
160 162
160 192
160 256
160 257
160 25
160 207
160 194
160 50
160 213
160 225
165 6
165 15
165 72
165 92
165 155
165 158
165 173
165 175
165 194
165 200
165 206
165 220
165 238
165 251
169 92
169 6
169 72
169 86
169 158
169 175
169 188
169 194
169 200
169 206
169 220
173 129
173 81
173 98
173 204
173 212
173 158
173 12
173 24
173 74
173 175
173 199
173 200
173 220
173 251
175 55
175 92
175 248
175 6
175 72
175 86
175 12
175 187
175 188
175 194
175 206
175 220
200 96
200 58
200 129
200 55
200 92
200 6
200 10
200 18
200 72
200 158
200 194
200 206
200 218
200 220
200 251
202 2
202 7
202 70
202 178
202 190
202 229
202 62
202 76
202 116
202 6
202 11
202 17
202 54
202 61
202 84
202 102
202 103
202 110
202 131
202 139
202 148
202 157
202 166
202 180
202 181
202 201
202 208
202 209
202 213
202 220
202 235
202 243
202 244
202 257
202 259
220 62
220 155
220 103
220 145
220 238
220 86
220 199
220 206
220 12
220 218
4 138
4 135
4 185
4 19
4 38
4 85
4 90
4 97
4 104
4 128
4 129
4 153
4 179
4 189
4 197
4 207
4 222
4 227
4 247
4 254
15 84
15 214
15 254
15 232
15 148
15 23
15 95
15 150
15 176
19 185
19 38
19 58
19 75
19 85
19 93
19 97
19 127
19 129
19 132
19 159
19 255
30 189
30 222
30 254
36 84
36 189
36 24
36 176
38 185
38 75
38 85
38 90
38 93
38 127
38 128
38 129
38 153
38 159
38 196
38 197
38 207
38 210
38 214
38 254
55 120
55 180
55 256
55 93
55 196
55 207
55 5
55 20
55 32
55 6
55 74
55 81
55 103
55 110
55 144
55 145
55 154
55 158
55 188
55 191
55 204
55 206
55 212
55 218
55 221
55 232
55 238
55 248
55 260
61 7
61 70
61 178
61 190
61 229
61 135
61 244
61 69
61 77
61 126
61 192
61 247
61 11
61 17
61 22
61 102
61 109
61 131
61 171
61 181
61 209
61 210
62 2
62 45
62 83
62 111
62 120
62 121
62 137
62 178
62 190
62 216
62 76
62 84
62 96
62 102
62 116
62 119
62 126
62 135
62 136
62 184
62 199
62 228
62 234
75 93
75 127
75 153
75 159
75 189
75 204
84 135
84 3
84 23
84 24
84 56
84 95
84 148
84 150
84 151
84 176
84 191
84 232
84 247
84 256
93 185
93 58
93 85
93 97
93 132
93 141
93 153
93 159
93 176
93 189
93 196
93 197
93 222
93 227
93 255
104 90
104 23
104 144
104 176
104 189
104 254
104 260
110 118
110 190
110 5
110 20
110 32
110 37
110 41
110 81
110 98
110 103
110 6
110 10
110 141
110 144
110 154
110 166
110 191
110 221
110 239
110 248
110 260
121 1
121 2
121 34
121 45
121 46
121 79
121 120
121 76
121 96
121 116
121 119
121 135
121 136
121 137
121 138
121 190
121 210
121 216
121 234
128 178
128 216
128 96
128 135
128 185
128 257
128 58
128 85
128 90
128 97
128 127
128 32
128 95
128 98
128 103
128 129
128 132
128 159
128 166
128 189
128 191
128 194
128 196
128 197
128 210
128 214
128 223
128 239
128 255
129 135
129 58
129 90
129 97
129 127
129 153
129 179
129 196
129 197
129 214
129 227
132 185
132 58
132 85
132 90
132 97
132 127
132 153
132 189
132 196
132 197
132 214
132 227
132 238
132 248
148 45
148 138
148 178
148 135
148 192
148 58
148 85
148 247
148 20
148 98
148 248
148 10
148 144
148 23
148 24
148 56
148 95
148 150
148 164
159 58
159 90
159 97
159 153
159 170
159 179
159 189
159 196
159 197
159 207
159 232
159 255
164 247
164 23
164 95
185 2
185 178
185 58
185 85
185 90
185 127
185 176
185 179
185 189
185 197
185 210
185 214
185 222
185 227
185 255
189 58
189 85
189 90
189 97
189 127
189 153
189 23
189 196
189 197
189 210
189 214
189 227
189 254
210 70
210 229
210 240
210 119
210 135
210 244
210 259
210 77
210 257
210 199
210 208
210 50
210 139
210 181
210 17
210 54
210 63
210 102
210 109
210 163
210 201
210 22
210 131
210 198
210 228
232 178
232 135
232 192
232 58
232 197
232 247
232 24
232 56
232 82
232 95
232 102
232 150
232 176
247 178
247 196
247 23
247 95
254 116
254 58
254 90
254 97
254 127
254 179
254 196
254 197
254 227
254 144
254 171
254 176
254 243
254 255
174 71
174 176
212 20
212 32
212 37
212 41
212 42
212 81
212 98
212 191
212 6
212 10
212 74
212 177
212 221
212 238
212 239
212 248
212 260
23 85
23 24
23 56
23 82
23 95
23 176
24 152
24 155
24 95
24 176
56 153
56 176
56 255
71 255
82 153
82 194
82 150
82 176
82 255
102 70
102 135
102 244
102 259
102 50
102 139
102 181
102 11
102 17
102 54
102 124
102 171
102 176
102 201
102 209
150 135
150 95
150 176
153 58
153 85
153 97
153 179
153 194
153 196
153 197
153 207
153 227
153 255
166 7
166 34
166 117
166 217
166 240
166 135
166 234
166 69
166 77
166 115
166 151
166 152
166 233
166 257
166 58
166 227
166 103
166 141
166 50
166 11
166 63
166 157
166 213
166 243
176 118
176 138
176 152
176 58
176 85
176 222
176 191
176 74
176 95
181 7
181 70
181 178
181 229
181 135
181 259
181 77
181 126
181 25
181 239
181 208
181 11
181 63
181 131
181 147
181 157
181 163
181 198
181 209
181 235
216 1
216 34
216 46
216 79
216 111
216 118
216 120
216 137
216 138
216 178
216 190
216 17
216 63
216 76
216 124
216 126
216 135
216 171
216 184
58 70
58 120
58 96
58 119
58 90
58 127
58 141
58 179
58 196
58 197
58 207
58 214
58 248
58 255
85 126
85 97
85 127
85 196
85 227
85 255
90 70
90 256
90 95
90 97
90 127
90 179
90 196
90 197
90 207
90 214
90 227
90 251
127 97
127 95
127 179
127 197
127 207
127 214
127 227
127 238
144 135
144 180
179 97
179 197
179 214
179 255
190 1
190 2
190 7
190 34
190 46
190 83
190 111
190 118
190 120
190 137
190 178
190 3
190 17
190 43
190 74
190 95
190 119
190 147
190 151
190 155
190 157
190 192
190 209
190 211
190 229
190 233
190 234
190 240
190 243
196 97
196 197
196 207
196 214
196 227
196 238
197 229
197 97
197 207
197 227
197 255
207 12
207 214
207 227
214 97
214 22
214 255
227 97
227 223
158 192
158 41
158 81
158 92
158 6
158 86
158 12
158 177
158 188
158 206
158 218
158 251
260 5
260 20
260 37
260 81
260 98
260 103
260 145
260 154
260 238
260 248
260 10
260 12
260 74
260 87
260 177
260 188
18 92
18 86
18 218
20 5
20 12
20 32
20 37
20 41
20 42
20 74
20 81
20 92
20 98
20 141
20 188
20 191
20 204
20 239
20 248
81 5
81 37
81 12
81 74
81 98
81 103
81 141
81 154
81 187
81 191
81 199
81 204
81 218
81 221
81 238
81 239
81 248
81 251
97 135
97 255
187 152
187 257
187 194
187 251
187 218
218 126
218 92
218 72
218 86
218 194
218 199
218 206
218 12
141 5
141 32
141 42
141 92
141 103
141 10
141 12
141 74
141 145
141 177
141 188
141 191
141 204
141 239
86 92
86 6
124 229
124 126
124 208
124 17
124 54
124 63
124 163
124 201
124 209
124 131
199 178
199 234
199 126
199 72
199 194
199 63
199 206
199 251
6 152
6 233
6 42
6 92
6 10
6 72
6 194
6 206
6 251
72 45
72 92
72 188
72 194
72 206
72 251
92 5
92 12
92 191
92 194
92 251
155 34
155 45
155 70
155 117
155 178
155 240
155 3
155 77
155 115
155 151
155 11
155 25
155 50
155 63
155 147
155 157
155 180
155 192
155 213
155 243
155 256
194 178
194 12
194 206
194 251
206 12
206 188
206 251
238 5
238 32
238 37
238 41
238 154
238 191
238 204
238 74
238 239
238 248
251 119
251 12
251 74
7 1
7 3
7 25
7 69
7 77
7 115
7 117
7 126
7 139
7 151
7 152
7 162
7 180
7 192
7 217
7 223
7 225
7 233
7 240
7 256
77 45
77 117
77 178
77 217
77 240
77 259
77 69
77 25
77 27
77 50
77 115
77 126
77 131
77 151
77 152
77 157
77 162
77 180
77 192
77 208
77 213
77 225
77 243
77 256
77 257
191 46
191 152
191 5
191 32
191 37
191 98
191 103
191 145
191 154
191 10
191 74
191 95
191 188
191 198
191 203
191 204
191 209
191 239
234 2
234 45
234 83
234 111
234 118
234 120
234 137
234 138
234 178
234 76
234 119
234 135
234 157
234 180
234 208
234 252
248 5
248 41
248 42
248 98
248 103
248 145
248 154
248 204
248 221
248 239
248 12
157 70
157 117
157 178
157 229
157 240
157 135
157 192
157 256
157 208
157 139
157 74
157 11
157 17
157 54
157 63
157 109
157 22
157 163
157 198
157 201
157 209
119 2
119 46
119 83
119 111
119 118
119 120
119 137
119 138
119 178
119 240
119 96
119 116
119 3
119 136
119 151
119 152
119 184
119 252
119 256
147 217
147 259
147 69
147 126
147 152
147 192
147 257
147 25
147 50
147 109
147 198
147 243
239 5
239 32
239 37
239 41
239 42
239 98
239 103
239 145
239 154
239 221
239 12
239 74
239 177
239 188
37 5
37 32
37 12
37 42
37 87
37 98
37 103
37 145
37 154
37 188
37 203
37 221
12 32
12 41
12 42
12 98
12 154
12 204
12 10
12 74
12 188
32 79
32 10
32 41
32 42
32 74
32 145
32 177
32 203
32 204
41 5
41 10
41 42
41 74
41 87
41 98
41 154
41 177
41 188
41 221
42 5
42 87
42 98
42 177
42 204
74 117
74 98
74 145
74 154
74 204
74 221
74 10
74 188
74 209
103 5
103 98
103 10
103 145
103 154
103 188
103 203
103 204
103 221
145 5
145 98
145 188
145 221
177 98
177 154
177 87
188 98
188 154
188 221
188 10
221 5
221 98
221 10
27 217
27 240
27 69
27 152
27 192
27 233
27 25
27 50
27 223
5 154
5 203
5 204
137 1
137 2
137 45
137 111
137 118
137 120
137 136
137 138
137 178
178 46
178 70
178 117
178 11
178 17
178 25
178 54
178 63
178 69
178 109
178 115
178 139
178 152
178 163
178 171
178 180
178 192
178 198
178 201
178 208
178 209
178 211
178 223
178 228
178 229
178 243
178 259
240 1
240 2
240 34
240 45
240 79
240 83
240 111
240 117
240 118
240 120
240 138
240 217
240 3
240 50
240 151
240 152
240 192
240 209
240 223
240 233
240 243
240 256
240 257
118 1
118 34
118 45
118 46
118 79
118 111
118 117
118 120
118 131
118 138
118 171
118 184
118 213
154 98
154 204
203 204
135 70
135 83
135 229
135 17
135 22
135 25
135 54
135 63
135 69
135 109
135 126
135 139
135 152
135 163
135 171
135 192
135 201
135 208
135 209
135 211
135 223
135 228
135 257
135 259
163 229
163 244
163 115
163 180
163 257
163 208
163 11
163 54
163 63
163 109
163 131
163 198
163 211
163 235
1 2
1 34
1 45
1 46
1 70
1 79
1 83
1 111
1 120
1 138
1 217
1 229
2 45
2 83
2 96
2 111
2 116
2 120
2 136
2 184
2 244
2 252
2 259
34 43
34 45
34 79
34 83
34 96
34 120
34 126
34 136
34 138
34 152
34 184
34 192
34 223
34 257
45 11
45 25
45 46
45 79
45 83
45 96
45 98
45 111
45 116
45 117
45 120
45 126
45 192
45 209
45 217
45 235
45 252
46 11
46 76
46 96
46 111
46 116
46 120
46 136
46 138
46 171
46 184
46 259
70 17
70 54
70 63
70 139
70 171
70 198
70 201
70 208
70 209
70 229
79 111
79 117
79 120
79 138
79 184
79 229
83 76
83 116
83 138
83 162
83 184
83 209
83 217
83 256
111 63
111 76
111 96
111 116
111 120
111 171
111 192
111 229
111 233
111 252
111 256
120 96
120 116
120 151
120 152
120 171
120 184
120 229
138 96
217 117
217 25
217 50
217 69
217 115
217 126
217 151
217 180
217 192
217 213
217 223
217 225
217 229
217 243
217 256
229 117
229 22
229 54
229 63
229 109
229 115
229 131
229 151
229 152
229 171
229 192
229 198
229 201
229 208
229 211
229 235
229 256
96 76
96 116
96 184
96 252
116 54
116 109
116 184
116 192
116 201
116 213
116 252
136 76
136 63
136 184
244 54
244 139
244 171
244 201
244 211
244 235
244 259
252 76
252 131
259 10
259 11
259 17
259 22
259 54
259 69
259 109
259 131
259 139
259 152
259 162
259 192
259 201
259 208
259 211
259 213
259 225
259 235
259 243
3 117
3 69
3 115
3 151
3 152
3 162
3 180
3 233
3 256
25 115
25 151
25 180
25 192
25 256
25 50
25 213
69 117
69 50
69 54
69 109
69 126
69 139
69 151
69 180
69 192
69 213
69 223
69 233
69 235
69 256
69 257
115 126
115 152
115 180
115 192
115 223
115 225
115 243
115 256
117 50
117 126
117 151
117 152
117 162
117 180
117 192
117 209
117 223
117 233
117 256
117 257
126 43
126 151
126 152
126 162
126 171
126 180
126 192
126 213
126 223
126 225
126 233
126 243
126 256
126 257
139 10
139 54
139 63
139 131
139 171
139 198
139 201
139 211
139 235
151 76
151 152
151 213
151 223
151 243
151 257
152 50
152 162
152 180
152 192
152 208
152 213
152 223
152 225
152 233
152 243
152 256
152 257
162 50
162 192
162 225
162 233
162 257
180 201
180 223
180 225
180 257
192 209
192 213
192 225
192 233
192 243
192 256
192 257
223 256
223 257
223 171
225 256
225 257
225 50
225 243
233 243
233 257
256 50
256 131
256 209
256 243
256 257
43 243
257 50
257 63
257 243
11 208
11 54
11 209
11 235
98 204
209 17
209 54
209 171
209 201
209 198
209 211
235 109
235 171
235 22
235 131
235 198
235 228
171 208
171 17
171 54
171 63
171 109
171 131
171 201
171 243
17 63
17 109
17 131
17 201
17 211
54 109
54 131
54 201
63 109
63 131
63 201
63 211
198 208
198 109
198 211
201 208
201 109
201 131
208 10
208 22
208 109
208 211
208 228
50 213
50 243
131 109
213 243
109 22
109 211
109 228
211 22
10 204
