0 12
0 55
0 56
12 23
12 42
12 52
12 53
12 55
12 56
12 69
12 70
55 52
55 23
55 33
55 42
55 53
55 56
55 67
56 52
56 23
23 52
42 52
42 53
52 53
52 69
52 70
69 14
69 27
69 30
69 39
69 6
69 26
70 21
70 2
33 36
33 67
67 18
67 64
67 44
1 9
1 21
9 39
21 2
21 3
21 20
21 39
21 61
21 65
21 74
39 2
39 4
39 46
39 50
39 61
39 71
2 14
2 16
2 17
2 27
2 37
2 50
2 71
3 65
3 20
3 74
14 5
14 29
14 32
14 43
14 47
14 49
14 57
16 50
17 11
17 22
17 37
17 68
27 18
27 36
71 4
4 19
4 24
4 25
4 35
4 51
4 54
4 59
4 72
19 34
19 35
19 51
19 54
24 72
25 51
25 72
35 54
35 59
54 34
54 59
59 34
5 43
5 57
5 63
29 45
29 48
29 66
29 73
32 8
32 40
32 45
32 47
43 47
43 49
43 57
47 40
47 45
11 22
22 68
68 38
18 7
18 36
18 60
18 64
30 46
26 62
26 58
7 60
60 28
28 10
28 13
40 45
45 31
10 13
10 41
13 41
48 73
66 73
15 62
