152
280
26
91
233
319
61
76
261
135
87
136
316
81
169
315
21
42
206
113
222
51
109
306
116
211
48
59
17
238
259
146
270
12
314
234
65
83
312
282
56
105
90
67
3
165
94
120
102
137
143
252
265
322
144
103
268
1
278
243
203
176
84
156
112
167
62
43
24
181
313
173
64
220
150
57
246
290
301
80
157
99
41
250
130
68
199
219
274
217
45
132
49
13
288
114
266
28
318
210
304
161
320
38
142
197
110
2
325
240
208
180
221
241
25
171
29
227
69
256
300
184
296
309
7
287
174
323
239
175
262
275
249
286
40
218
145
244
253
178
269
213
209
258
15
271
163
291
205
245
44
279
160
52
153
231
126
201
53
47
5
92
18
