324
124
224
31
174
139
57
184
86
161
69
225
240
235
244
234
246
56
163
123
50
85
317
44
111
232
131
119
106
135
147
238
91
24
201
12
257
96
70
315
38
125
192
90
185
151
9
36
29
27
120
4
83
290
218
251
2
94
268
48
51
101
231
212
95
259
267
173
214
141
60
301
313
5
304
293
197
28
41
243
114
187
99
115
64
59
316
80
255
220
13
82
198
191
156
39
321
26
230
236
130
303
19
104
273
52
137
195
182
175
34
84
256
291
138
247
239
226
265
285
279
81
274
306
154
263
310
107
221
3
8
122
110
112
62
116
134
143
148
105
58
323
266
93
216
196
314
22
165
309
168
312
61
6
33
155
160
121
75
7
140
188
199
