53
710
737
289
502
170
901
504
902
427
730
39
27
591
330
162
827
364
44
42
240
526
244
155
195
60
510
476
220
24
932
626
714
356
584
226
663
640
345
618
189
585
608
956
910
614
845
900
456
112
632
449
680
243
595
525
981
166
673
409
35
628
396
72
352
746
71
424
125
343
271
606
671
764
26
167
701
453
99
759
836
30
115
150
824
781
327
405
462
308
770
291
862
637
202
283
536
326
157
935
377
425
563
186
88
293
955
407
522
948
339
564
406
602
34
138
895
303
63
528
929
979
285
108
267
682
47
393
500
366
10
417
993
412
465
66
19
86
603
598
863
617
123
727
695
880
107
790
984
975
806
231
312
13
359
593
809
403
419
194
176
253
67
829
514
706
300
472
819
437
8
139
560
638
344
94
797
375
190
923
383
953
121
216
232
382
257
147
553
14
181
105
288
486
962
707
570
787
676
516
173
596
381
783
128
856
978
774
447
721
1002
573
1001
531
937
681
334
838
2
652
843
146
142
373
358
91
534
879
487
7
734
385
964
165
277
335
657
945
49
313
511
340
451
590
361
129
808
927
685
490
724
318
752
230
556
629
208
788
169
878
444
687
82
739
460
520
17
780
527
148
399
855
378
749
276
309
583
222
1
722
611
974
249
25
913
110
488
872
754
436
665
897
517
600
480
54
562
197
103
659
738
81
548
952
124
433
700
272
9
59
160
317
853
765
235
259
50
228
654
357
52
196
18
989
328
725
565
633
15
93
726
831
477
575
898
944
65
90
835
846
475
767
826
421
31
543
470
443
589
429
489
775
324
566
279
973
684
471
485
380
708
501
23
505
387
152
812
912
286
212
832
691
284
625
440
800
776
158
908
305
699
823
778
483
561
362
73
426
464
252
117
116
639
995
886
745
51
153
36
542
214
999
811
854
621
287
887
241
748
814
933
711
133
624
644
469
434
688
515
302
616
137
274
177
22
188
601
917
497
546
298
132
33
723
492
422
113
986
491
390
323
733
376
976
597
523
950
815
423
623
918
48
569
192
29
57
987
634
518
219
934
802
336
861
656
555
420
400
940
203
728
643
577
508
558
865
111
104
458
930
877
32
779
705
866
810
135
445
572
76
97
743
965
338
224
795
473
337
622
482
991
183
3
970
647
418
234
37
992
114
134
264
370
118
43
1003
68
821
689
931
304
74
540
803
859
850
369
817
294
21
969
439
435
712
794
924
609
62
331
554
567
559
758
499
395
719
450
799
321
256
64
646
151
545
921
693
996
248
852
182
655
742
966
541
333
870
398
645
61
757
106
755
301
79
677
199
478
87
290
664
892
801
346
379
550
401
144
588
84
408
581
971
692
683
386
171
193
11
227
704
446
793
718
782
413
322
670
233
178
145
205
0
576
237
389
907
796
716
717
678
355
651
101
404
535
840
604
368
311
642
715
909
180
496
582
875
161
238
239
397
873
552
885
842
868
914
524
347
213
12
869
411
6
316
201
785
184
967
46
675
605
459
587
928
262
763
769
372
807
388
766
698
247
750
163
839
660
641
351
348
245
980
744
507
16
509
636
315
610
777
756
45
649
295
159
143
479
828
187
200
851
204
56
466
884
455
544
958
229
994
131
653
119
949
860
4
574
894
679
467
512
438
922
354
75
751
211
292
867
225
919
363
365
127
484
174
402
85
307
580
441
740
847
414
263
140
282
20
760
498
310
694
813
278
635
432
741
747
818
615
92
384
568
89
630
529
102
888
537
844
915
349
592
80
221
374
275
662
586
250
28
916
100
533
481
607
258
410
342
5
690
513
830
296
816
963
503
494
168
130
648
223
83
