493
384
640
796
437
611
123
372
417
563
787
412
1004
809
862
585
84
1075
421
678
1078
994
770
687
1037
395
258
162
621
853
30
48
1110
447
1091
606
856
1086
1021
631
473
801
1118
1077
476
860
668
170
241
399
393
464
282
1007
990
440
367
217
1076
108
1012
870
68
517
523
919
466
555
152
79
1079
443
646
419
472
383
876
1018
405
451
50
448
283
240
263
617
547
851
1057
369
795
356
340
504
460
261
138
826
434
16
700
359
976
183
15
972
385
745
885
846
834
435
648
742
178
1010
323
904
223
299
684
553
703
720
1022
22
70
570
797
802
168
554
958
362
193
490
169
495
33
161
942
654
514
659
546
764
540
573
479
893
1066
1116
324
970
78
441
680
329
328
129
354
843
910
232
967
294
615
304
614
270
431
819
42
251
1122
425
439
714
618
872
107
723
430
124
91
592
459
125
313
300
1106
581
428
1069
273
1100
157
727
866
320
4
498
695
207
773
1047
65
765
529
931
686
351
767
127
303
962
499
1051
105
602
707
786
627
92
900
825
353
791
398
789
709
551
835
285
702
25
452
1096
149
507
847
878
195
691
658
1107
88
246
637
114
224
1090
511
875
753
1055
616
526
24
325
725
744
456
812
408
698
832
941
1095
867
290
284
342
318
410
416
675
609
215
738
833
822
820
908
474
382
110
839
1068
578
924
361
1104
807
881
26
716
222
842
1081
879
80
519
307
644
528
1127
576
465
249
1002
676
1026
569
153
438
60
200
198
230
142
502
926
951
907
1072
326
463
28
557
413
619
756
559
176
599
899
415
358
150
533
624
345
1031
1028
366
975
647
0
781
963
288
632
671
829
740
370
1132
818
634
1065
388
682
344
838
755
43
436
471
371
850
449
541
192
977
887
587
591
959
955
636
349
747
391
143
836
1060
667
109
94
871
1013
600
774
396
279
762
347
257
679
961
457
277
1014
701
420
814
483
58
1125
228
997
227
784
1121
544
387
2
174
319
950
731
1033
9
155
1024
64
118
338
226
442
1071
562
973
1062
945
906
694
191
922
247
392
197
374
337
596
652
595
550
927
681
165
1027
389
487
57
1097
558
653
771
992
713
828
649
803
995
949
841
1123
146
891
331
660
991
481
800
166
53
932
1050
1103
47
275
730
968
85
135
184
1131
561
218
122
655
1049
186
704
1074
854
917
204
89
336
95
180
5
19
491
712
549
1126
305
111
291
1001
571
210
189
119
939
1088
309
516
99
918
311
896
1
623
96
656
45
41
330
1020
1120
1056
423
509
665
996
468
710
1061
873
39
1064
411
923
697
1087
1048
564
73
44
355
515
260
1128
946
859
882
497
501
274
782
584
1003
386
964
10
31
212
957
296
480
1108
77
357
317
469
177
845
799
379
639
1063
690
503
101
613
589
71
262
196
163
505
1052
1114
185
620
159
450
432
1102
179
360
1019
486
52
759
56
455
406
264
402
76
909
1109
1101
100
422
520
293
688
287
865
538
400
182
525
333
489
852
181
1130
750
116
785
187
97
948
3
761
133
1017
292
635
699
136
914
560
220
467
82
734
426
364
29
673
683
989
1113
743
276
144
929
488
461
792
912
661
988
1005
849
115
54
32
937
1073
424
306
719
102
453
572
920
1029
280
1105
368
902
205
253
938
642
1111
72
582
1023
1070
494
883
335
314
583
403
911
788
172
254
586
936
689
90
886
508
1085
793
87
827
289
206
485
758
980
407
790
821
641
898
890
837
1084
12
1008
935
158
783
1039
271
662
831
670
131
14
375
986
863
556
404
933
1067
1035
776
310
348
693
390
895
69
188
106
715
608
373
757
728
840
724
475
666
1099
663
1098
462
806
332
233
343
604
612
175
810
766
999
1080
1083
943
63
199
769
603
1015
