242
289
130
31
191
153
33
310
121
274
139
315
375
0
19
372
304
257
13
106
354
329
164
280
81
357
34
32
176
255
193
254
259
240
157
73
308
207
239
127
359
260
69
225
10
109
59
128
211
183
182
363
234
265
20
39
256
351
307
249
169
86
84
46
224
361
134
355
67
163
124
166
276
56
41
22
57
65
202
370
63
8
179
145
278
237
275
136
330
129
1
26
341
104
115
99
262
111
245
281
141
283
301
138
147
140
82
342
365
135
126
344
190
89
62
120
30
154
25
213
230
252
16
284
17
290
79
184
346
178
332
168
352
66
253
356
364
243
233
143
244
297
336
236
267
353
158
92
323
232
374
235
263
95
102
222
348
221
173
165
61
316
70
28
206
360
231
38
11
60
200
113
358
98
238
272
325
101
3
241
12
331
96
35
217
312
85
43
88
299
175
368
366
2
144
55
5
152
347
216
94
9
186
286
266
36
74
4
180
44
205
273
258
248
279
18
369
6
322
218
90
52
309
112
311
155
27
194
97
114
58
23
37
314
371
21
51
378
320
68
367
131
349
229
123
187
54
295
319
185
288
199
277
303
137
118
198
333
181
122
373
306
64
100
188
132
298
108
219
334
72
195
177
247
215
296
50
125
107
201
189
167
116
343
174
40
377
170
156
204
324
261
246
223
226
91
142
318
93
45
192
14
24
340
227
294
220
317
313
87
335
75
282
171
345
53
287
80
7
350
42
300
376
302
83
264
228
203
29
49
15
172
146
103
251
105
133
339
110
48
291
