0 16
0 215
0 260
0 370
0 385
0 824
16 42
16 109
16 132
16 273
16 420
16 495
16 497
215 89
215 249
215 370
215 385
215 751
215 824
215 843
260 121
260 249
260 566
260 751
260 768
260 849
260 905
370 89
370 249
385 748
385 824
385 859
824 89
824 159
824 249
824 398
824 843
42 293
42 414
109 235
109 273
109 414
109 471
109 497
109 581
109 748
109 752
109 798
109 889
132 278
132 28
132 145
132 273
132 348
132 398
132 420
132 740
132 743
273 222
273 235
273 471
273 497
273 889
420 75
420 148
420 489
420 575
420 588
420 600
420 612
420 660
420 668
420 679
420 881
495 106
495 807
495 9
495 238
495 292
495 381
495 429
495 501
495 548
495 606
495 626
495 641
495 665
495 676
495 797
495 800
495 843
495 888
497 130
497 369
497 235
497 293
497 414
497 553
497 576
89 130
89 843
89 249
89 169
249 751
249 800
249 843
249 78
249 169
249 467
751 106
751 4
751 9
751 27
751 30
751 69
751 125
751 200
751 232
751 349
751 378
751 387
751 414
751 429
751 480
751 484
751 521
751 533
751 593
751 605
751 665
751 687
751 797
751 844
843 278
843 11
843 151
843 192
843 241
843 344
843 454
843 632
843 676
843 740
843 743
843 888
121 768
121 773
121 180
121 294
566 147
566 278
566 641
566 324
566 838
566 27
566 115
566 519
566 395
566 701
566 717
566 768
566 773
566 796
566 849
768 278
768 27
768 61
768 151
768 404
768 519
768 717
768 76
768 164
768 294
768 311
768 520
768 523
768 562
768 773
768 790
768 796
768 822
768 849
768 856
768 900
849 27
849 48
849 141
905 106
905 158
905 278
905 369
905 809
905 359
905 548
905 11
905 218
905 284
905 292
905 332
905 888
905 27
905 48
905 61
905 76
905 82
905 151
905 198
905 320
905 350
905 353
905 417
905 438
905 465
905 493
905 523
905 689
905 738
905 769
905 773
905 790
905 796
905 856
748 235
748 471
748 581
748 752
748 798
748 889
859 206
859 41
859 387
859 467
859 662
859 868
159 106
159 799
159 826
159 346
159 292
159 797
159 717
159 489
159 82
159 68
159 302
159 335
159 708
159 792
398 740
398 467
398 743
1 44
1 106
1 130
1 147
1 155
1 158
1 223
1 239
1 255
1 275
1 278
1 357
1 399
1 421
1 433
1 444
1 531
1 532
1 537
1 538
1 569
1 574
1 637
1 727
1 759
1 783
1 799
1 809
1 826
1 877
44 130
44 155
44 369
44 440
44 531
44 538
106 10
106 11
106 54
106 78
106 96
106 233
106 267
106 270
106 283
106 292
106 321
106 348
106 349
106 384
106 484
106 496
106 626
106 716
106 724
106 738
106 770
106 797
106 834
106 896
130 14
130 155
130 169
130 190
130 241
130 275
130 293
130 357
130 361
130 426
130 440
130 531
130 538
130 572
130 632
130 727
130 731
130 772
130 788
130 814
130 897
147 53
147 76
147 155
147 198
147 214
147 275
147 278
147 324
147 369
147 404
147 441
147 463
147 464
147 531
147 538
147 572
147 701
147 727
147 773
147 796
147 836
147 877
147 880
155 69
155 79
155 160
155 214
155 266
155 275
155 359
155 374
155 452
155 528
155 531
155 537
155 538
155 565
155 572
155 584
155 668
155 696
155 711
155 727
155 774
155 807
155 825
155 877
155 890
158 26
158 32
158 62
158 82
158 167
158 269
158 282
158 353
158 373
158 405
158 414
158 465
158 513
158 639
158 654
158 746
158 754
158 762
158 769
158 791
223 151
223 417
223 440
223 441
223 485
223 616
223 652
223 686
223 749
223 813
223 817
223 861
223 897
239 14
239 226
239 541
239 880
255 157
255 404
255 429
255 532
275 14
275 47
275 55
275 127
275 143
275 214
275 339
275 369
275 441
275 488
275 531
275 538
275 541
275 554
275 572
275 727
275 880
278 27
278 33
278 48
278 61
278 141
278 151
278 206
278 232
278 253
278 329
278 372
278 395
278 404
278 454
278 519
278 523
278 637
278 657
278 717
278 731
278 796
278 800
278 836
278 856
278 900
357 10
357 127
357 226
357 331
357 358
357 433
357 532
357 616
357 652
357 686
357 759
357 772
357 813
399 14
399 358
399 440
399 537
399 541
399 638
399 727
421 31
421 32
421 105
421 251
421 438
444 306
531 369
531 50
531 351
531 358
531 360
531 490
531 522
531 537
531 538
531 572
531 602
531 727
531 880
532 226
532 440
532 452
532 638
532 772
537 369
537 153
537 190
537 214
537 358
537 440
537 448
537 530
537 538
537 541
537 572
537 638
537 641
537 652
537 727
538 82
538 300
538 353
538 572
538 880
569 82
569 113
569 122
569 194
569 284
569 332
569 438
569 780
569 809
569 810
574 54
574 100
574 138
574 372
574 410
574 429
574 443
574 484
574 502
574 637
574 657
574 716
574 816
574 848
637 18
637 33
637 54
637 96
637 100
637 129
637 138
637 151
637 246
637 270
637 292
637 298
637 307
637 329
637 365
637 387
637 429
637 440
637 484
637 491
637 496
637 499
637 520
637 632
637 657
637 817
637 836
637 838
637 883
727 14
727 127
727 411
727 440
727 541
727 638
727 772
759 625
783 87
783 116
783 148
783 269
783 513
799 243
799 511
799 688
799 754
799 813
799 826
809 71
809 82
809 122
809 172
809 187
809 194
809 264
809 293
809 332
809 353
809 359
809 417
809 508
809 624
809 641
809 689
809 754
809 769
809 803
826 86
826 175
826 284
826 320
826 425
826 508
826 622
826 780
877 369
877 572
877 14
877 179
877 284
877 520
877 782
369 11
369 14
369 68
369 179
369 217
369 284
369 313
369 339
369 358
369 359
369 448
369 503
369 522
369 572
369 607
369 641
369 652
369 696
369 738
369 834
440 14
440 358
440 104
440 177
440 541
440 627
440 638
440 652
440 653
440 686
440 837
10 346
10 9
10 14
10 30
10 99
10 127
10 261
10 425
10 432
10 480
10 596
10 605
10 706
10 800
11 339
11 522
11 844
11 37
11 53
11 81
11 126
11 185
11 206
11 218
11 284
11 292
11 328
11 329
11 330
11 332
11 448
11 503
11 641
11 787
11 797
11 825
11 888
54 800
54 185
54 18
54 33
54 78
54 138
54 157
54 245
54 252
54 313
54 429
54 657
54 685
54 702
54 770
54 816
54 857
78 800
78 329
78 873
78 51
78 156
78 32
78 141
78 142
78 179
78 285
78 315
78 323
78 372
78 410
78 487
78 588
78 699
78 862
96 356
96 307
96 384
96 491
96 496
96 550
96 744
96 896
233 267
233 550
233 724
267 33
267 137
267 100
267 221
267 270
267 307
267 331
267 419
267 484
267 491
267 496
267 499
267 530
267 550
267 657
267 685
267 724
267 819
267 896
270 329
270 836
270 419
270 523
270 685
270 608
270 429
270 129
270 307
270 384
270 550
270 744
270 896
270 551
270 598
283 470
283 454
283 217
283 133
283 162
283 368
283 630
283 891
292 339
292 359
292 844
292 800
292 31
292 218
292 23
292 45
292 138
292 174
292 219
292 238
292 323
292 329
292 349
292 374
292 377
292 378
292 454
292 482
292 492
292 493
292 501
292 521
292 527
292 635
292 641
292 661
292 675
292 683
292 688
292 702
292 707
292 721
292 722
292 738
292 797
292 856
292 864
292 873
292 879
292 888
321 35
321 397
321 738
348 329
348 219
349 800
349 857
349 701
349 412
349 699
349 174
349 362
349 870
384 331
384 419
384 499
384 724
384 744
384 896
484 344
484 377
484 836
484 157
484 331
484 502
484 657
484 685
484 716
484 816
484 138
484 252
484 429
484 770
484 307
484 100
484 365
484 443
484 211
484 571
484 682
484 848
496 856
496 253
496 419
496 361
496 307
496 491
496 499
496 744
496 896
626 332
626 695
626 259
626 864
716 45
716 344
716 585
716 534
716 33
716 331
716 419
716 502
716 657
716 224
716 280
716 410
716 795
716 814
716 816
716 881
724 491
724 550
724 744
724 499
724 598
724 749
724 883
738 503
738 676
738 74
738 162
738 397
738 518
738 568
738 667
770 329
770 873
770 534
770 865
770 679
770 157
770 331
770 702
770 712
770 794
797 19
797 528
797 629
797 359
797 160
797 392
797 488
797 807
797 210
797 425
797 605
797 31
797 284
797 787
797 56
797 69
797 128
797 129
797 134
797 135
797 201
797 372
797 383
797 509
797 523
797 561
797 609
797 842
797 862
834 844
834 228
834 717
834 289
834 429
834 702
834 111
834 789
896 419
896 491
896 744
896 274
14 107
14 358
14 541
14 638
169 261
169 467
190 488
190 126
190 888
190 530
190 625
190 201
190 810
190 592
241 784
241 293
241 731
241 41
241 80
241 426
241 473
241 553
241 632
293 359
293 31
293 328
293 503
293 61
293 52
293 630
293 632
293 731
293 769
293 832
361 339
361 407
361 330
361 695
361 838
361 452
361 55
361 143
361 754
361 85
361 254
361 347
361 355
361 567
361 624
361 630
361 664
361 721
426 156
426 41
426 87
426 553
426 718
572 8
572 51
572 66
572 110
572 204
572 265
572 396
572 405
572 411
572 459
572 463
572 638
632 800
632 838
632 269
632 689
632 41
632 87
632 68
632 246
632 271
632 486
632 604
632 891
731 31
731 353
731 354
772 441
772 897
788 411
788 584
788 686
814 123
814 394
814 424
814 713
814 760
814 43
814 526
814 614
814 703
814 119
814 125
814 505
814 515
814 529
814 564
814 567
814 580
814 591
814 606
814 617
814 707
814 851
814 868
814 881
897 261
897 226
897 352
897 652
897 441
897 662
53 522
53 47
53 55
53 81
53 185
53 221
53 296
53 330
53 341
53 442
53 521
53 641
53 657
53 717
53 739
76 284
76 324
76 61
76 464
76 519
76 701
76 717
76 773
76 796
76 842
76 845
198 612
198 27
198 61
198 294
198 519
198 845
214 79
214 95
214 358
214 638
214 640
214 266
214 584
214 697
214 861
324 787
324 521
324 18
324 27
324 28
324 57
324 98
324 114
324 138
324 211
324 222
324 245
324 365
324 374
324 388
324 608
324 622
324 661
324 675
324 683
324 685
324 702
324 817
324 838
324 842
324 845
324 873
324 875
404 838
404 27
404 61
404 151
404 68
404 253
404 441
404 501
404 519
404 520
404 523
404 608
404 622
404 796
404 856
441 226
441 652
441 463
441 880
463 483
463 226
463 541
463 638
463 652
463 242
463 439
464 359
464 844
464 329
464 585
464 774
464 202
464 27
464 366
464 400
464 567
464 701
701 844
701 201
701 366
701 565
701 867
773 367
773 838
773 27
773 61
773 519
773 717
773 32
773 71
773 138
773 303
773 345
773 372
773 402
773 451
773 562
773 608
773 622
773 689
773 796
773 820
773 842
773 845
773 872
796 27
796 32
796 68
796 201
796 253
796 688
796 842
796 845
836 329
836 352
836 18
836 374
836 377
836 33
836 39
836 46
836 87
836 103
836 137
836 174
836 331
836 393
836 429
836 470
836 492
836 520
836 523
836 575
836 612
836 625
836 657
880 226
880 652
880 179
880 454
880 530
880 364
69 528
69 160
69 800
69 318
69 437
69 739
69 269
69 101
69 376
69 380
69 409
79 6
79 584
160 629
160 5
160 134
160 353
160 376
160 379
160 392
160 437
160 488
160 510
160 561
160 605
160 766
266 452
266 474
266 713
266 280
359 4
359 339
359 346
359 72
359 98
359 194
359 367
359 522
359 605
359 672
359 674
359 689
359 721
359 789
359 801
359 815
359 844
359 870
359 882
374 329
374 521
374 711
374 39
374 46
374 103
374 181
374 289
374 331
374 393
374 410
374 431
374 450
374 608
374 625
374 657
374 683
374 873
374 893
452 629
452 516
452 407
452 488
452 601
452 807
452 30
452 585
452 633
452 663
452 739
452 29
452 55
452 60
452 143
452 189
452 234
452 254
452 366
452 379
452 558
452 560
452 567
452 610
452 618
452 642
452 693
452 713
452 728
452 776
452 789
452 871
452 878
528 3
528 19
528 9
528 24
528 101
528 437
528 522
528 530
528 605
528 610
528 641
528 739
528 800
528 804
565 200
565 774
565 202
565 679
565 567
565 119
565 871
565 887
584 411
584 539
584 351
584 686
584 840
584 861
668 407
668 838
668 833
668 689
668 608
668 247
668 56
668 189
668 213
668 234
668 402
668 820
668 876
696 328
696 318
696 167
696 199
696 82
696 588
696 454
696 806
696 354
696 74
696 439
696 494
696 874
711 191
711 367
711 844
711 30
711 99
711 15
711 521
711 670
711 363
711 445
711 481
711 530
711 545
711 614
711 703
711 767
774 191
774 522
774 645
774 30
774 825
774 15
774 200
774 482
774 670
774 64
774 123
774 345
774 366
774 424
774 474
774 567
774 590
774 612
774 617
774 801
774 867
774 900
807 6
807 407
807 601
807 192
807 210
807 318
807 386
807 408
807 618
807 633
807 792
807 800
807 833
807 895
825 191
825 522
825 407
825 220
825 254
825 363
825 366
825 509
825 561
825 606
825 649
825 658
890 488
890 327
26 8
26 153
26 167
26 308
26 737
26 739
26 838
26 858
26 860
32 844
32 596
32 800
32 873
32 390
32 51
32 412
32 689
32 372
32 489
32 679
32 699
32 742
32 862
62 167
82 185
82 284
82 888
82 417
82 92
82 251
82 320
82 353
82 454
82 667
82 688
82 762
167 268
167 612
167 52
167 179
167 217
167 265
167 315
167 342
167 436
167 459
167 578
167 579
167 665
167 715
167 742
167 786
167 830
269 367
269 30
269 508
269 87
269 192
269 251
269 354
269 417
269 583
269 630
269 742
282 204
353 328
353 332
353 857
353 838
353 61
353 193
353 417
353 689
353 657
353 864
353 709
353 740
353 201
353 68
353 128
353 203
353 300
353 438
353 453
353 616
373 247
373 423
373 513
373 465
373 769
405 8
405 188
405 268
405 68
405 87
405 314
405 315
405 411
405 439
405 543
405 655
405 742
405 892
465 802
513 516
513 332
513 431
513 803
513 864
513 122
513 347
513 217
513 423
513 195
513 494
513 288
513 560
513 741
639 563
654 338
654 212
746 844
746 470
746 717
746 156
746 862
746 141
746 285
746 315
746 326
746 606
746 649
754 187
754 480
754 284
754 332
754 879
754 417
754 803
754 52
754 454
754 732
754 122
754 263
754 709
754 91
754 152
754 172
754 195
754 251
754 254
754 264
754 611
754 666
754 761
762 803
769 328
769 470
769 412
769 201
769 676
769 194
769 320
791 170
791 308
151 838
151 27
151 61
151 48
151 137
151 164
151 253
151 277
151 523
151 587
151 608
151 740
417 31
417 508
417 68
417 86
417 87
417 122
417 372
417 461
417 630
417 709
417 874
485 652
616 508
616 838
616 583
616 263
616 251
616 340
616 577
616 666
616 422
652 226
652 28
652 36
652 578
652 861
686 226
686 454
686 530
686 351
686 840
749 238
749 598
813 9
813 86
813 133
813 312
813 320
813 461
813 589
813 709
817 377
817 552
817 661
817 683
817 722
817 457
817 504
861 476
861 586
226 12
226 336
226 638
541 97
541 204
541 411
541 358
541 265
541 436
541 638
541 875
157 857
157 33
157 517
157 702
429 329
429 219
429 857
429 501
429 137
429 502
429 657
429 816
429 410
429 588
429 138
429 252
429 100
429 211
429 365
429 443
429 491
429 571
429 607
429 664
429 680
429 682
429 848
47 339
47 596
47 31
47 330
47 470
47 153
47 308
47 52
47 55
47 112
47 143
47 156
47 306
47 454
47 472
47 732
47 852
55 339
55 522
55 407
55 330
55 641
55 663
55 833
55 412
55 253
55 112
55 85
55 143
55 254
55 303
55 347
55 554
55 563
55 567
55 653
55 732
55 740
55 776
55 852
127 88
127 425
127 596
127 638
127 706
143 339
143 516
143 330
143 833
143 85
143 354
143 554
143 558
143 563
143 567
143 653
143 732
143 852
339 4
339 31
339 85
339 112
339 253
339 254
339 284
339 320
339 328
339 330
339 346
339 347
339 367
339 448
339 522
339 554
339 563
339 567
339 607
339 641
339 653
339 702
339 732
339 852
339 870
339 888
488 516
488 6
488 112
488 128
488 137
488 415
488 500
488 658
488 681
488 728
488 792
488 820
488 833
488 847
488 852
554 330
554 112
554 85
554 254
554 354
554 563
554 653
554 732
27 838
27 61
27 115
27 227
27 501
27 519
27 717
27 842
27 856
27 872
27 900
33 329
33 641
33 377
33 61
33 856
33 67
33 137
33 199
33 244
33 253
33 289
33 331
33 419
33 475
33 502
33 523
33 657
33 685
33 816
33 819
33 822
61 328
61 329
61 137
61 253
61 311
61 519
61 523
61 587
61 623
61 790
61 856
61 900
141 115
141 519
206 596
206 41
206 271
206 308
206 336
206 378
206 387
206 501
206 523
206 533
206 570
206 662
206 740
206 798
206 864
232 695
232 445
232 760
232 251
232 280
232 517
232 274
253 519
253 856
253 900
253 180
253 523
253 587
253 790
329 346
329 601
329 284
329 39
329 46
329 52
329 138
329 174
329 313
329 331
329 372
329 377
329 393
329 412
329 419
329 470
329 492
329 520
329 523
329 607
329 657
329 702
329 856
372 800
372 873
372 51
372 412
372 689
372 285
372 323
372 410
372 699
372 743
372 778
372 804
372 862
395 900
395 28
395 790
454 853
454 187
454 126
454 185
454 284
454 641
454 784
454 470
454 612
454 153
454 306
454 66
454 133
454 213
454 217
454 265
454 315
454 453
454 458
454 479
454 493
454 603
454 630
454 688
454 874
519 311
519 505
523 501
523 900
523 419
523 622
523 625
523 790
523 822
657 800
657 857
657 289
657 331
657 502
657 100
657 138
657 179
657 211
657 238
657 252
657 365
657 492
657 571
657 682
657 816
717 512
800 287
800 844
800 750
800 97
800 31
800 45
800 51
800 98
800 128
800 144
800 217
800 289
800 323
800 363
800 377
800 390
800 412
800 439
800 499
800 533
800 544
800 556
800 595
800 606
800 672
800 688
800 689
800 721
800 742
800 873
800 888
856 838
856 85
856 419
856 790
900 470
900 98
900 864
331 377
331 67
331 100
331 103
331 450
331 492
331 688
358 351
358 602
358 803
68 367
68 605
68 328
68 888
68 658
68 460
68 732
68 806
68 263
68 479
68 520
68 217
68 354
68 423
68 436
68 676
179 853
179 191
179 268
179 37
179 107
179 139
179 228
179 867
179 862
179 49
179 90
179 211
179 221
179 231
179 288
179 334
179 410
179 473
179 493
179 507
179 539
179 745
179 804
217 268
217 328
217 888
217 631
217 855
217 732
217 806
217 122
217 263
217 479
217 520
217 85
217 184
217 205
217 630
217 676
284 853
284 522
284 37
284 218
284 49
284 74
284 116
284 117
284 193
284 254
284 304
284 332
284 350
284 445
284 470
284 503
284 603
284 607
284 631
284 640
284 669
284 670
284 688
284 689
284 806
284 852
284 864
284 870
284 888
284 898
313 18
313 100
313 138
313 145
313 470
313 520
313 615
313 857
448 126
448 460
448 641
448 732
448 894
503 522
503 37
503 218
503 304
503 479
503 641
503 721
522 287
522 37
522 137
522 218
522 220
522 254
522 304
522 330
522 390
522 438
522 458
522 489
522 490
522 595
522 631
522 641
522 670
522 684
522 689
522 766
522 810
522 844
522 867
522 870
522 888
607 605
607 560
641 99
641 31
641 81
641 126
641 185
641 330
641 24
641 74
641 86
641 134
641 289
641 303
641 354
641 363
641 366
641 410
641 460
641 461
641 470
641 658
641 689
641 698
641 702
641 785
641 792
641 830
641 888
641 894
31 287
31 428
31 51
31 153
31 156
31 185
31 193
31 259
31 412
31 689
31 715
31 753
31 784
31 803
31 842
31 888
105 850
251 425
251 480
251 508
251 583
251 742
251 87
251 263
251 530
251 92
251 340
251 422
251 438
251 577
251 589
251 611
251 666
438 508
438 320
438 195
438 116
438 494
438 903
306 268
306 470
306 720
306 52
306 183
306 265
306 281
306 479
306 568
306 630
306 678
306 782
306 806
306 866
306 878
50 671
351 411
351 840
360 671
360 281
360 403
360 602
360 846
490 460
490 477
490 678
490 810
490 340
490 175
490 397
490 518
490 602
602 411
602 507
602 568
602 613
153 346
153 328
153 170
153 200
153 156
153 183
153 436
153 474
153 820
530 645
530 601
530 126
530 670
530 500
530 612
530 838
530 860
530 431
530 855
530 67
530 137
530 864
530 52
530 732
530 806
530 479
530 520
530 90
530 102
530 116
530 176
530 271
530 347
530 354
530 458
530 462
530 505
530 640
530 810
530 894
300 332
300 122
300 547
113 698
113 345
113 494
122 187
122 328
122 332
122 52
122 91
122 148
122 172
122 203
122 263
122 338
122 423
122 512
122 520
122 666
122 709
194 328
194 71
194 92
194 780
332 750
332 92
332 305
332 340
332 453
332 803
780 508
780 92
780 453
810 460
810 477
810 653
810 77
810 678
810 757
8 97
8 186
8 188
8 204
8 207
8 268
8 411
8 428
8 483
8 659
51 287
51 844
51 390
51 52
51 156
51 277
51 410
51 556
51 679
66 268
66 411
66 483
66 742
66 640
66 265
66 291
66 899
110 191
110 432
110 126
110 350
110 658
110 852
110 806
110 520
110 354
110 667
110 458
204 186
204 188
204 268
204 333
204 411
204 892
265 187
265 886
265 858
265 742
265 56
265 315
265 459
265 656
396 188
396 341
396 892
396 578
411 188
411 312
411 315
411 436
411 498
411 735
411 742
411 786
411 840
459 742
459 242
459 383
459 648
459 579
459 764
100 679
100 289
100 816
100 138
100 252
100 238
100 365
100 443
100 571
100 664
100 682
100 848
138 67
138 502
138 685
138 816
138 211
138 365
138 443
138 457
138 571
138 682
138 781
138 848
410 844
410 37
410 81
410 474
410 419
410 502
410 93
410 606
410 725
443 816
443 252
443 365
443 571
443 682
443 848
502 548
502 344
502 857
502 431
502 816
816 857
816 252
816 307
816 365
816 457
816 571
816 608
816 682
816 683
816 848
848 252
848 365
848 571
848 682
18 521
18 377
18 857
18 873
129 75
129 238
129 551
129 722
246 689
246 608
246 303
246 165
246 821
298 20
298 177
298 477
298 733
307 685
307 702
307 499
365 838
365 252
365 571
365 682
387 533
387 740
387 77
387 216
387 662
491 499
491 550
491 744
499 419
499 744
520 191
520 521
520 867
520 67
520 137
520 419
520 819
520 52
520 732
520 263
520 166
520 649
838 367
838 844
838 480
838 508
838 228
838 25
838 80
838 165
838 234
838 303
838 397
838 402
838 434
838 449
838 460
838 608
838 653
838 689
838 698
838 705
838 742
838 777
838 820
838 872
625 126
625 888
625 489
625 679
625 52
625 111
625 221
625 600
625 781
625 894
87 425
87 480
87 508
87 612
87 860
87 742
87 41
87 166
87 192
87 766
116 508
116 431
116 852
116 709
116 423
116 195
116 619
148 63
148 423
148 434
148 763
243 577
243 839
688 406
688 480
688 864
688 461
688 792
71 605
71 635
172 219
172 118
172 152
172 335
187 7
187 25
187 56
187 422
187 479
187 886
264 803
264 622
264 397
264 669
508 25
508 91
508 133
508 299
508 461
508 470
508 736
508 806
624 460
624 720
624 709
689 367
689 193
689 412
689 59
689 320
689 334
689 434
689 603
689 608
689 667
689 705
689 864
803 670
803 518
86 500
86 36
86 112
86 195
86 354
86 461
86 864
320 844
320 200
320 460
320 354
320 72
320 133
320 401
320 493
320 830
320 892
425 344
425 506
425 595
425 596
425 619
425 643
425 649
425 706
425 710
425 891
622 844
622 210
622 261
622 185
622 873
622 698
622 742
622 661
622 590
622 334
622 222
622 120
622 73
622 77
622 91
622 102
622 422
622 471
622 481
622 529
622 621
622 627
622 752
622 839
622 889
782 679
782 588
782 334
782 152
2 853
853 133
853 630
853 691
133 216
133 628
133 630
630 784
630 470
630 583
630 864
630 479
630 201
630 667
691 476
691 878
691 449
3 19
3 629
3 755
19 605
19 629
629 210
629 437
629 561
629 609
629 755
629 862
755 561
605 37
605 128
605 328
605 380
605 470
605 512
605 588
605 593
605 608
605 609
605 610
605 647
605 739
605 804
605 888
9 95
9 210
9 548
24 202
24 416
24 437
24 500
101 210
101 437
101 567
101 380
101 884
437 376
437 380
437 535
437 561
437 792
437 804
610 392
610 468
610 739
610 833
610 334
610 776
610 380
610 146
610 561
739 328
739 658
739 612
739 58
739 295
739 379
739 510
739 667
739 862
804 658
804 833
804 52
804 505
804 609
210 236
210 792
210 884
609 470
862 833
862 93
862 220
862 376
862 512
862 588
4 150
4 191
4 287
4 346
4 367
4 406
4 516
4 645
150 15
150 139
150 182
150 363
150 367
150 445
150 540
150 663
191 30
191 52
191 70
191 99
191 139
191 168
191 170
191 272
191 322
191 328
191 346
191 363
191 367
191 406
191 431
191 521
191 595
191 612
191 645
191 649
191 658
191 665
191 713
191 789
191 844
287 412
287 431
287 458
287 509
287 526
287 564
287 596
287 606
287 647
287 725
287 789
287 844
287 888
346 45
346 98
346 162
346 277
346 322
346 323
346 363
346 367
346 390
346 445
346 474
346 526
346 567
346 590
346 634
346 645
346 670
346 674
346 713
346 767
346 789
346 844
346 867
346 868
367 15
367 30
367 45
367 70
367 99
367 139
367 162
367 170
367 344
367 427
367 460
367 474
367 476
367 521
367 592
367 645
367 663
367 725
367 767
367 789
367 801
367 844
367 882
406 70
406 139
406 185
406 509
406 663
406 888
516 85
516 303
516 407
516 558
516 567
516 658
516 663
516 728
516 747
516 776
516 833
645 30
645 70
645 99
645 162
645 170
645 323
645 344
645 363
645 481
645 500
645 567
645 585
645 663
645 684
645 703
645 725
645 789
645 801
645 844
15 45
15 70
15 139
15 170
15 200
15 318
15 344
15 381
15 482
15 521
15 585
15 633
15 663
15 670
15 672
139 844
139 70
139 52
139 161
139 202
139 220
139 272
139 505
139 663
139 882
182 828
182 123
182 424
182 713
182 614
182 363
182 559
182 590
182 650
182 540
182 481
182 280
182 660
363 844
363 99
363 45
363 200
363 663
363 670
363 470
363 612
363 286
363 445
363 460
363 713
363 855
363 867
363 64
363 526
363 247
363 322
363 56
363 98
363 201
363 277
363 366
363 375
363 540
363 559
363 567
363 590
363 591
363 665
363 758
363 801
363 823
363 868
445 30
445 45
445 70
445 482
445 663
445 670
445 612
445 366
445 567
445 698
445 758
445 789
445 801
445 855
445 874
540 95
540 614
540 650
540 673
540 481
540 564
540 591
540 660
663 70
663 161
663 178
663 202
663 254
663 427
663 481
663 529
663 567
663 590
663 606
663 833
663 835
30 38
30 45
30 99
30 123
30 168
30 196
30 200
30 286
30 356
30 394
30 424
30 431
30 455
30 460
30 474
30 583
30 644
30 670
30 698
30 713
30 760
30 833
30 855
30 867
52 107
52 658
52 460
52 867
52 685
52 49
52 263
52 325
52 334
52 472
52 479
52 640
52 709
52 852
52 894
70 427
70 882
99 844
99 45
99 64
99 83
99 125
99 200
99 356
99 394
99 481
99 590
99 661
99 670
99 673
99 698
99 760
99 855
99 867
168 128
168 163
168 529
170 844
170 308
170 482
170 672
272 202
272 679
272 580
272 161
322 45
322 394
322 424
322 474
322 855
322 614
322 119
322 418
322 567
322 590
322 868
328 268
328 195
328 219
328 314
328 323
328 325
328 334
328 423
328 458
328 470
328 489
328 533
328 628
328 658
328 676
328 685
328 702
328 721
328 888
431 107
431 38
431 196
431 112
431 201
431 681
521 39
521 46
521 57
521 114
521 174
521 181
521 222
521 377
521 492
521 527
521 661
521 675
521 683
521 873
595 844
595 470
595 501
595 412
595 590
595 254
595 481
595 793
595 870
612 228
612 25
612 458
612 665
649 844
649 394
649 855
649 679
649 567
649 660
649 413
649 789
658 601
658 21
658 128
658 183
658 189
658 201
658 247
658 327
658 557
658 560
658 777
665 596
665 81
665 501
665 563
665 469
665 891
713 828
713 123
713 394
713 280
713 375
713 529
713 559
713 590
713 614
713 650
713 660
713 707
789 855
789 867
789 274
844 38
844 45
844 162
844 185
844 200
844 240
844 254
844 258
844 323
844 326
844 389
844 390
844 424
844 455
844 481
844 482
844 506
844 526
844 567
844 585
844 606
844 608
844 614
844 644
844 646
844 670
844 698
844 703
844 767
844 801
844 855
844 864
844 867
412 218
412 672
412 350
412 390
412 162
412 323
412 493
412 681
412 721
458 432
458 350
458 460
458 583
458 479
458 354
458 667
458 493
526 474
526 855
526 43
526 98
526 674
526 868
564 95
564 424
564 855
564 653
564 673
564 140
564 591
564 725
564 795
596 142
596 706
596 734
596 891
606 394
606 455
606 252
606 567
606 142
606 258
606 326
606 382
606 389
606 506
606 646
647 670
647 687
647 213
725 556
725 653
725 297
725 142
725 721
888 218
888 193
888 501
888 732
85 330
85 500
85 698
85 819
85 112
85 90
85 347
85 515
85 563
85 567
85 603
85 653
112 330
112 228
112 38
112 90
112 354
112 462
112 597
112 640
112 778
112 779
112 852
112 894
254 304
254 833
254 567
254 653
330 185
330 676
330 718
330 852
347 563
347 653
347 764
347 792
567 407
567 670
567 394
567 424
567 474
567 760
567 833
567 855
567 867
567 614
567 154
567 559
567 125
567 279
567 280
567 481
567 529
567 536
567 558
567 591
567 617
567 646
567 653
567 660
567 728
567 868
653 833
653 852
653 337
653 806
653 303
653 208
653 256
653 276
653 597
653 827
702 857
702 470
702 534
702 685
702 174
702 492
702 712
732 706
732 73
732 676
732 852
852 601
852 126
852 228
852 500
852 137
852 90
852 183
852 354
852 623
852 640
852 779
852 894
870 699
45 828
45 154
45 200
45 247
45 375
45 394
45 555
45 559
45 590
45 614
45 650
45 855
45 864
98 474
98 180
162 867
162 323
162 216
162 684
277 202
277 556
323 218
323 390
323 855
323 703
323 481
323 721
390 22
390 684
390 767
390 855
474 308
474 38
474 72
474 546
474 581
474 583
474 690
474 767
474 855
474 868
590 828
590 424
590 247
590 559
590 418
590 515
590 687
590 707
590 823
590 868
590 881
634 97
634 268
634 483
634 659
634 487
670 200
670 482
670 119
670 196
670 455
670 501
670 801
670 855
670 867
674 801
767 687
867 344
867 855
867 366
867 505
867 512
867 703
867 801
868 476
868 123
868 394
868 424
868 614
868 559
868 427
868 515
868 591
868 125
868 581
868 119
868 529
868 707
868 413
868 617
868 851
72 570
672 585
672 28
672 297
672 394
721 111
721 294
801 482
801 855
801 591
801 327
801 546
815 41
815 271
882 476
882 123
882 650
882 427
882 280
882 481
882 660
344 38
427 855
427 515
427 591
460 500
460 201
460 250
460 263
460 271
460 345
460 430
460 678
460 698
460 720
476 5
476 317
476 119
476 586
476 707
476 828
476 878
592 126
592 793
185 95
185 128
185 470
185 811
185 864
303 407
303 633
303 228
303 872
303 193
303 608
303 345
303 422
303 705
303 827
407 6
407 21
407 178
407 192
407 229
407 247
407 262
407 279
407 308
407 318
407 327
407 381
407 386
407 451
407 558
407 618
407 633
407 643
407 698
407 765
407 823
407 847
407 895
558 601
558 847
728 833
728 560
747 482
747 125
747 119
776 392
776 468
776 766
833 693
833 189
833 213
833 234
833 279
833 296
833 408
833 586
833 642
833 646
833 820
37 218
37 588
137 386
137 176
137 419
137 462
137 681
137 819
137 894
218 489
220 699
220 271
220 462
304 17
304 678
489 126
489 575
489 875
489 600
489 669
489 679
489 781
631 12
631 156
631 195
631 335
631 336
631 784
684 216
766 286
481 123
481 855
481 614
481 128
481 280
481 418
481 536
481 793
500 268
500 107
500 183
500 184
500 201
500 213
500 263
500 341
500 462
500 765
500 806
500 821
585 200
585 394
585 515
585 734
585 855
585 881
703 679
703 43
703 119
703 881
125 200
125 394
125 644
125 760
125 240
125 851
200 64
200 326
200 366
200 394
200 591
200 760
378 470
378 753
378 49
378 533
480 156
480 263
480 340
480 422
480 470
480 514
480 577
480 666
480 692
480 864
533 350
533 470
533 259
533 49
533 337
533 542
533 806
593 795
593 562
687 317
687 394
687 515
687 119
687 707
38 81
38 173
240 650
240 515
240 536
240 562
258 534
258 326
326 455
326 646
326 506
389 424
389 760
389 650
389 274
389 382
424 828
424 875
424 394
424 64
424 119
424 247
424 274
424 418
424 455
424 515
424 617
424 673
424 679
424 707
424 823
424 855
455 123
455 506
455 614
482 285
482 556
482 698
506 646
608 695
608 377
608 873
608 872
608 193
608 41
608 165
608 209
608 403
608 449
608 451
608 544
608 603
608 627
608 705
608 839
614 123
614 394
614 855
614 43
614 224
614 280
614 650
614 660
644 394
644 64
644 673
644 760
644 851
644 864
698 828
698 601
698 247
698 285
698 345
698 451
698 469
698 515
698 707
698 760
855 394
855 366
855 529
855 536
855 559
855 580
855 591
855 673
864 706
864 879
864 156
864 685
864 49
864 74
864 90
864 152
864 263
864 334
864 479
864 651
864 681
864 709
864 863
5 317
5 392
5 468
5 828
317 707
317 823
317 828
317 878
392 380
828 21
828 451
828 643
828 707
828 823
828 878
379 510
510 380
510 242
707 394
707 555
707 591
707 119
707 224
707 823
823 247
823 559
823 878
823 213
878 601
878 386
878 58
878 229
119 875
119 123
119 394
119 588
119 529
119 580
119 690
586 394
586 827
586 418
586 466
451 601
451 872
451 820
451 544
178 601
178 706
178 693
178 327
192 601
192 247
192 559
192 213
192 544
229 601
229 386
229 693
229 777
247 601
247 154
247 213
247 544
247 559
262 381
308 336
308 364
308 435
308 442
308 477
318 601
318 67
318 213
318 620
318 693
327 601
327 633
327 386
327 693
381 386
381 618
381 633
386 601
386 29
386 693
386 777
618 201
618 128
618 820
633 601
633 56
633 128
633 201
633 213
633 693
633 777
847 693
847 234
895 601
895 792
895 677
895 408
128 601
128 95
128 588
128 201
128 166
128 666
128 189
128 820
415 741
681 479
681 354
681 271
681 741
681 745
681 898
820 601
820 470
820 189
820 234
820 402
820 408
820 435
601 29
601 213
601 544
601 677
601 777
29 693
213 544
544 693
544 559
544 478
677 189
677 234
677 402
677 408
777 693
408 402
7 750
25 299
56 886
56 479
56 863
422 263
422 340
422 666
422 547
422 514
422 589
479 886
479 583
479 450
479 74
479 201
479 216
479 281
886 12
886 656
886 756
886 805
886 858
97 428
97 483
97 487
97 549
97 640
97 659
97 742
186 737
188 268
188 333
188 383
188 742
188 784
188 829
188 899
207 268
207 542
207 549
207 719
268 364
268 428
268 483
268 498
268 543
268 640
268 659
268 742
268 899
428 549
428 659
428 742
483 291
483 355
483 364
483 469
483 549
483 659
483 899
659 291
659 487
659 549
659 742
659 805
737 439
737 578
737 640
737 715
737 742
737 830
737 892
858 315
858 439
858 735
860 74
860 315
860 636
860 656
860 892
487 549
549 742
549 676
549 831
640 742
640 314
640 636
640 892
742 715
742 314
742 315
742 333
742 383
742 578
742 579
742 785
742 786
742 830
742 892
742 899
333 715
333 242
333 383
333 874
333 892
383 715
383 102
383 242
383 648
784 12
784 73
784 667
784 756
784 879
829 291
829 430
829 578
829 786
829 805
899 291
892 156
892 715
892 436
892 785
542 350
542 477
542 430
364 477
543 831
314 588
315 436
315 579
315 735
315 805
439 108
439 578
439 655
439 735
439 830
655 430
655 830
436 579
436 735
735 579
735 656
735 805
786 430
786 578
786 250
355 248
805 579
805 656
95 123
95 140
95 515
95 591
95 673
95 795
95 881
548 67
548 289
548 722
548 729
548 857
261 41
261 271
432 350
706 885
123 280
123 394
123 515
123 529
123 536
123 591
123 617
123 650
123 660
123 673
123 881
140 673
140 409
140 591
515 356
515 394
515 881
515 673
515 238
515 591
515 617
591 679
591 881
591 673
591 617
591 795
673 394
673 760
673 64
673 881
673 617
673 795
795 562
881 46
881 617
238 893
501 583
501 676
501 722
501 763
67 201
67 806
289 149
289 195
289 419
289 685
289 722
722 419
722 819
729 149
857 419
857 534
857 873
857 874
461 259
461 257
461 666
461 736
589 263
589 666
589 692
709 821
709 839
356 64
356 171
394 274
394 529
394 617
394 851
583 704
583 891
760 43
760 64
760 280
64 650
661 377
661 873
661 40
661 552
661 174
661 492
661 524
661 527
661 675
661 683
41 34
41 553
271 144
271 228
271 470
271 570
271 599
619 434
619 763
710 334
710 901
710 59
710 201
891 228
891 493
350 20
350 177
350 49
350 477
350 733
156 49
156 74
156 208
156 305
156 473
156 685
156 715
156 734
156 832
263 588
263 91
263 340
263 514
263 577
263 666
263 692
263 726
340 91
340 302
340 514
340 577
340 666
470 23
470 115
470 242
470 345
470 527
470 594
470 662
470 736
470 743
470 839
514 863
514 666
514 692
577 354
577 91
577 302
577 666
577 726
666 736
692 201
692 302
692 902
142 237
512 211
588 699
588 280
588 505
588 507
588 866
588 889
144 13
144 319
144 352
377 174
377 419
377 492
377 527
377 552
377 675
377 683
377 685
377 873
873 114
873 174
873 222
873 388
873 492
873 527
873 546
873 552
873 683
81 456
126 184
126 462
126 472
126 887
126 894
787 57
787 114
787 174
787 222
787 842
193 59
193 334
193 345
193 525
193 705
193 827
259 49
259 117
259 257
259 477
753 49
753 837
842 227
221 894
221 211
296 197
341 579
341 656
442 102
456 811
462 111
462 231
462 309
462 599
462 743
472 894
894 679
894 757
894 781
336 176
570 84
570 316
570 391
740 743
798 471
798 771
798 889
49 177
49 733
49 65
49 104
49 183
49 334
49 337
49 477
49 576
49 806
49 869
74 354
74 297
74 539
117 257
117 635
117 837
603 165
669 575
669 781
806 65
806 104
806 90
806 201
806 539
806 694
806 736
898 879
898 667
174 211
174 492
174 527
219 13
219 319
492 683
492 527
493 120
493 152
493 205
527 180
527 683
527 388
527 675
635 695
635 118
635 152
635 335
675 552
675 893
675 683
683 114
683 552
879 695
879 22
879 118
879 195
879 518
879 671
195 120
195 539
195 507
195 305
195 453
195 518
325 281
325 401
325 447
325 518
325 708
325 775
334 59
334 90
334 120
334 208
334 371
334 525
334 597
334 623
334 627
334 704
334 705
334 827
334 904
423 288
628 539
685 211
685 450
685 764
46 552
46 103
46 181
46 393
46 450
46 893
393 103
393 181
393 450
419 744
453 201
354 201
354 216
354 316
354 667
366 871
785 656
830 578
830 656
57 114
57 875
57 40
57 222
114 20
114 40
114 222
222 552
201 720
201 553
201 59
201 874
743 309
790 822
12 695
695 118
695 152
695 290
335 176
118 152
152 290
290 176
73 573
13 352
352 319
319 594
104 257
177 20
177 733
627 208
627 904
837 257
875 28
875 145
875 575
875 865
875 230
875 600
875 679
875 781
154 555
154 559
375 529
555 699
555 808
650 274
650 280
650 660
161 202
161 835
202 793
202 835
505 211
285 93
91 302
736 120
736 90
736 694
736 256
736 276
736 294
736 302
736 839
736 904
181 103
181 338
181 450
181 893
529 851
835 418
28 145
28 575
28 615
28 865
345 705
345 397
617 562
617 818
235 471
235 889
471 581
471 752
471 771
471 889
581 771
581 889
752 889
889 771
145 230
145 534
575 600
575 679
575 781
600 679
600 781
660 280
679 534
679 211
679 781
553 576
576 337
576 477
576 771
576 869
17 228
228 120
120 65
120 59
120 208
120 294
120 430
120 827
120 904
678 77
678 250
678 281
245 845
252 571
252 682
615 244
615 475
615 865
103 450
103 893
450 893
893 244
893 149
893 166
893 517
552 40
552 280
552 682
534 475
534 712
874 831
20 733
733 257
733 337
733 771
477 337
477 343
477 397
257 65
337 276
183 288
189 234
189 402
560 741
518 708
518 281
518 568
671 850
115 94
115 227
115 700
242 102
242 648
594 812
793 418
165 872
165 449
397 708
402 473
434 714
449 872
705 59
705 209
705 517
705 525
705 827
342 573
578 430
311 822
311 680
311 904
94 180
700 180
763 761
865 244
865 475
475 244
475 401
475 651
475 712
781 413
280 136
274 866
418 827
418 466
704 59
704 827
208 59
208 209
208 827
473 902
59 582
525 827
827 582
827 131
827 209
827 904
699 362
778 723
180 901
550 598
571 682
90 597
90 694
231 225
507 77
507 613
507 854
539 597
745 446
403 846
486 205
568 730
371 680
447 621
447 775
708 621
775 621
775 757
216 77
611 301
680 131
680 256
256 841
302 547
547 124
309 599
599 902
730 310
310 310
