0 258
0 271
258 164
258 271
271 34
271 88
271 120
271 124
129 103
129 124
129 155
129 248
129 282
103 73
103 194
103 88
103 141
103 106
103 186
103 124
103 161
103 169
103 204
103 234
103 265
103 281
124 141
124 216
155 255
155 256
155 241
248 51
248 117
248 112
248 161
248 169
248 172
248 216
248 241
248 252
248 282
282 194
282 216
282 281
282 100
282 112
282 161
164 56
34 120
34 88
34 114
34 141
34 272
88 114
88 281
120 23
1 61
61 55
61 149
61 190
61 228
58 119
58 149
119 254
119 133
119 40
149 63
149 111
55 132
190 266
190 102
228 158
111 40
111 136
111 158
111 212
2 7
7 176
7 183
176 93
176 127
176 142
176 144
176 223
176 225
176 237
176 257
183 19
183 62
183 223
183 225
183 237
93 36
93 165
93 209
93 266
127 173
127 137
127 243
127 245
142 26
142 70
142 84
142 144
142 156
142 221
142 230
142 242
142 245
142 276
144 243
223 154
223 229
223 27
223 85
223 184
223 8
223 110
223 135
223 89
223 109
223 123
223 162
223 170
223 174
223 214
223 225
223 233
223 257
223 284
225 195
237 90
237 156
237 83
237 219
257 187
257 220
257 268
257 236
257 126
257 200
3 20
3 37
3 154
3 229
3 260
20 37
37 187
37 229
154 77
154 138
154 13
154 27
154 52
154 108
154 109
154 130
154 260
229 19
229 187
229 210
229 233
229 259
229 260
229 277
229 279
260 77
260 138
260 53
260 274
187 27
187 262
187 235
77 138
13 27
13 184
13 110
13 134
13 152
13 18
13 52
13 214
27 5
27 14
27 18
27 43
27 52
27 71
27 85
27 86
27 108
27 109
27 110
27 123
27 130
27 134
27 162
27 174
27 184
27 214
52 85
52 134
52 167
52 18
52 109
52 130
52 214
108 18
108 130
108 109
109 85
109 152
109 18
130 18
19 53
19 89
19 91
19 98
19 259
19 262
19 279
210 262
210 235
210 193
210 83
233 85
233 110
233 152
233 167
233 14
233 17
233 46
233 214
233 239
233 268
259 53
259 91
259 98
259 24
277 235
277 193
277 83
279 262
53 91
53 175
274 240
4 31
4 78
4 159
31 159
78 11
78 32
78 69
78 87
78 139
78 143
78 177
78 192
78 238
78 267
78 273
11 139
11 87
11 192
11 238
32 128
32 197
32 33
32 60
32 203
32 261
32 269
32 283
69 128
69 6
69 22
69 28
69 59
69 81
69 139
69 150
69 207
87 139
87 192
87 238
87 267
87 273
139 128
139 6
139 22
139 28
139 59
139 81
139 35
139 143
139 177
139 192
139 199
139 232
139 250
139 267
139 273
143 177
143 192
143 238
143 133
143 267
143 273
177 62
177 148
177 89
177 104
177 238
177 246
192 238
192 267
192 273
238 35
238 89
238 104
238 133
238 185
238 267
238 273
267 273
273 89
273 133
273 104
128 9
128 60
128 224
128 269
9 6
9 26
9 41
9 49
9 62
9 101
9 135
9 148
9 178
9 246
9 270
60 264
224 269
5 85
5 86
5 184
85 14
85 17
85 18
85 86
85 134
85 156
85 167
85 182
85 184
85 211
85 236
85 268
86 46
86 94
86 131
86 174
86 184
184 14
184 18
184 71
184 110
184 131
184 152
184 162
184 174
184 214
184 268
184 284
14 110
14 152
14 17
14 18
18 110
18 152
18 167
18 214
71 214
71 123
71 162
71 284
110 167
110 174
110 214
110 239
123 118
123 284
134 8
134 33
134 152
134 167
162 131
162 174
174 46
174 131
174 268
214 152
214 167
214 17
214 284
17 152
156 84
156 182
156 70
156 173
167 8
167 152
182 45
182 82
182 70
182 72
182 74
182 79
182 173
182 215
182 251
211 89
211 126
236 239
236 283
236 268
236 125
236 157
236 200
268 239
268 46
268 131
268 200
46 239
46 94
46 131
152 8
152 239
284 118
6 22
6 28
6 81
6 150
6 207
22 28
22 59
22 81
22 133
22 150
22 207
22 250
28 59
28 81
28 207
28 250
81 150
81 207
81 250
150 59
207 59
26 41
26 47
26 62
26 101
26 113
26 148
26 246
26 276
41 135
41 148
41 178
41 270
49 62
49 122
49 148
49 197
49 246
62 47
62 89
62 170
62 180
62 202
62 246
101 178
135 8
135 33
135 125
135 147
135 157
135 178
135 206
135 217
135 283
148 122
148 178
148 197
148 246
178 113
178 270
246 197
246 47
133 202
133 254
133 90
133 104
133 199
35 170
35 199
35 222
199 232
8 206
8 239
239 72
239 205
239 261
239 283
33 89
33 203
33 217
125 261
125 157
147 45
147 163
147 280
157 261
217 261
217 283
217 104
283 197
283 261
283 275
283 280
89 104
89 126
89 170
89 185
170 30
170 104
170 166
170 220
72 205
205 99
205 153
261 275
113 180
113 203
113 276
276 122
276 222
122 151
180 203
202 104
10 264
185 91
185 39
185 175
185 262
12 115
115 15
115 172
115 191
115 231
15 231
15 51
15 73
172 75
191 171
191 278
231 196
278 54
196 51
51 73
51 76
73 194
76 216
194 21
194 141
194 216
16 145
16 254
145 136
145 140
145 254
136 212
140 50
140 195
140 212
140 226
140 247
91 262
262 83
262 193
126 220
39 107
39 235
83 235
83 193
193 67
193 235
141 272
90 25
90 38
90 116
90 208
90 213
90 219
23 29
25 38
25 67
25 213
67 213
213 116
213 219
208 219
70 163
70 221
70 230
84 242
221 57
245 173
222 166
118 97
118 146
158 40
30 220
275 280
280 45
280 163
114 168
281 169
281 204
281 234
281 265
168 188
168 65
165 198
165 209
209 198
209 244
266 40
266 44
266 66
266 92
195 102
44 66
44 92
92 244
42 106
42 181
42 186
42 255
42 256
106 181
106 234
106 256
181 169
181 204
181 256
255 112
255 201
255 256
234 161
234 169
169 253
169 249
169 161
112 100
112 201
244 132
244 95
45 80
45 82
45 215
80 79
80 105
80 121
80 263
82 215
215 74
79 105
105 121
263 163
173 251
48 188
48 253
253 160
253 161
253 179
253 227
160 179
241 252
54 198
132 95
64 68
64 97
64 189
97 146
97 189
189 146
65 249
218 96
99 153
137 243
