123
185
131
408
288
268
110
88
101
300
103
322
67
172
370
416
315
242
64
24
286
290
229
186
336
281
6
279
287
400
107
237
144
127
393
145
124
425
428
438
305
434
228
249
207
134
219
210
449
375
412
301
56
106
173
333
45
426
209
241
244
135
130
200
420
409
171
61
308
187
374
266
284
227
54
169
442
424
433
422
411
98
90
63
154
407
297
381
423
316
359
303
368
232
158
206
373
102
204
153
439
226
148
427
146
278
415
195
230
410
182
141
23
435
156
108
364
46
388
401
238
413
95
92
216
184
113
307
263
13
69
201
5
152
194
