778
394
846
583
427
404
828
478
803
674
554
92
4
425
703
342
546
447
56
127
164
725
506
726
215
213
526
157
395
72
733
485
289
528
849
579
279
26
319
724
471
697
5
565
383
607
174
596
52
210
720
211
382
82
746
773
735
436
305
153
510
661
267
756
520
633
734
329
646
263
312
249
345
719
393
90
88
561
205
575
386
170
183
412
521
580
352
959
523
232
192
896
7
662
494
876
461
624
158
513
787
963
25
644
445
911
182
34
601
200
91
410
552
372
94
167
316
567
98
452
704
682
326
0
444
869
835
675
477
137
754
248
972
884
429
246
587
253
886
51
751
866
401
880
115
296
791
785
872
172
670
43
165
111
599
299
109
465
332
398
495
969
505
443
201
420
415
737
426
208
136
202
84
806
916
855
24
555
362
108
556
649
660
628
180
677
359
219
531
57
128
156
47
95
193
28
772
827
186
271
618
155
245
590
187
125
838
373
75
516
262
562
881
104
339
311
498
110
390
595
308
731
446
20
387
151
80
782
83
517
832
10
514
584
629
403
93
581
740
105
666
143
491
266
330
285
353
771
97
576
694
693
150
99
321
356
407
113
652
783
645
147
462
148
45
989
508
361
173
543
244
768
242
21
549
874
430
169
775
678
434
967
81
413
181
458
829
631
944
647
529
638
710
617
231
209
612
589
790
199
96
551
378
469
233
519
1
706
770
240
204
335
954
374
89
807
476
858
927
384
594
460
592
748
480
243
868
705
334
642
635
236
484
400
548
610
303
721
272
270
490
563
877
212
154
27
275
286
728
715
786
850
318
492
802
141
736
582
502
823
493
411
422
571
871
572
134
139
317
234
377
468
16
779
463
831
457
9
609
63
185
606
974
577
294
857
315
310
102
367
507
247
841
729
712
194
191
464
320
663
745
417
499
371
250
545
50
953
274
163
132
166
503
309
48
658
696
333
33
325
179
752
459
671
206
114
223
338
302
547
437
966
77
255
680
121
542
265
251
391
614
376
226
650
18
360
73
509
588
175
501
533
470
343
282
481
207
17
218
821
264
623
380
500
273
707
532
800
947
453
152
900
451
808
813
292
935
122
611
366
600
379
408
530
146
277
525
6
222
259
833
19
971
448
553
347
287
794
140
195
431
862
