572
92
52
664
127
241
389
87
312
522
19
500
286
121
100
386
418
458
538
189
128
469
146
624
116
400
505
562
496
91
518
488
628
39
96
71
65
264
650
555
263
11
61
105
12
151
144
358
268
352
50
363
350
463
318
240
33
626
402
604
465
592
482
307
40
471
589
89
347
99
32
430
131
290
147
136
403
515
368
76
332
601
593
579
495
468
242
261
315
10
124
568
486
157
390
244
125
9
37
22
115
360
231
391
59
324
84
639
473
367
540
456
541
18
14
108
479
314
560
62
328
88
561
111
672
119
532
417
346
366
1
462
399
55
206
185
426
317
443
138
101
112
120
457
304
249
31
319
313
222
66
502
289
597
342
327
103
134
156
148
49
243
611
464
444
590
341
97
257
331
474
563
566
239
683
38
25
359
528
610
149
320
85
86
472
123
158
487
17
54
20
273
351
388
139
44
75
288
455
591
322
516
188
305
69
511
34
483
598
90
94
130
41
580
122
126
527
6
291
67
83
503
316
78
141
523
615
466
113
53
150
102
13
64
470
413
595
287
42
118
107
48
570
57
357
295
372
23
392
297
343
536
374
686
72
551
0
485
594
335
137
95
250
519
658
267
467
387
211
117
602
425
415
21
436
329
364
270
45
489
520
534
36
283
365
77
378
577
30
135
440
98
8
26
132
344
573
449
47
369
60
558
142
58
106
80
104
409
81
114
79
680
333
499
109
676
401
16
129
569
574
28
15
645
35
56
362
110
559
293
298
74
143
43
484
29
661
140
2
70
51
420
73
82
46
4
493
93
27
539
533
133
421
245
68
410
