632
280
352
654
926
272
237
394
531
937
9
987
618
382
336
938
1021
414
508
985
901
148
419
918
778
188
61
250
424
871
2
781
904
1030
510
967
1075
1019
801
480
243
72
788
906
123
109
866
698
819
273
700
986
466
98
1103
1069
978
434
1087
792
246
477
211
200
891
594
657
501
627
465
423
994
36
553
238
213
521
325
842
1120
311
829
231
837
262
184
490
10
652
71
543
701
1084
669
649
863
397
51
598
192
572
343
411
880
506
145
713
431
168
291
33
709
1032
28
628
258
968
196
87
797
65
194
637
373
132
693
388
276
864
673
820
112
1054
650
484
570
444
859
646
827
843
108
236
663
949
934
1003
725
121
302
443
488
840
38
12
750
266
785
440
945
1023
228
240
274
1060
267
784
995
1098
171
458
809
306
800
723
997
947
520
41
3
524
742
841
631
48
790
1100
497
309
360
533
1079
505
441
697
971
615
796
1063
69
740
430
929
838
653
710
753
712
261
684
690
297
549
304
527
1082
161
202
1005
348
1039
648
498
935
361
642
941
350
855
179
660
223
614
142
217
528
295
294
682
1059
333
63
370
125
496
144
1081
561
911
860
578
93
851
720
754
731
404
587
539
405
1058
462
770
619
485
338
1064
876
193
672
205
293
446
438
548
77
894
73
940
183
996
129
180
671
1106
226
972
357
830
584
53
55
15
487
420
101
813
167
920
621
836
624
1088
224
970
95
380
694
467
541
791
696
317
31
241
76
1110
567
29
1097
716
45
854
910
14
611
412
608
973
335
504
137
873
992
263
542
64
116
1027
375
476
695
580
406
526
288
451
845
818
499
1130
282
49
323
1037
133
1125
519
177
600
155
227
248
921
511
728
460
946
208
538
1108
158
879
494
84
1128
134
703
22
475
1045
744
354
1016
92
988
100
1065
559
290
364
102
943
803
1109
47
342
408
683
1119
727
1107
1105
428
1102
416
310
644
418
469
814
468
251
998
963
977
959
681
283
330
216
449
172
329
786
463
187
563
931
495
308
555
983
647
787
275
232
105
1083
965
150
126
581
1066
75
455
867
1047
436
1094
1052
1014
655
326
602
305
349
1043
544
37
702
1024
25
374
765
399
623
117
882
390
1055
844
927
70
850
875
1118
554
320
783
961
94
278
407
1095
1123
439
398
953
1012
816
339
426
39
914
99
757
514
688
459
52
964
831
913
130
331
955
1078
383
386
376
922
760
715
679
493
289
1114
734
755
8
613
384
20
344
322
678
60
1015
433
421
852
756
255
612
215
952
176
432
883
536
948
643
154
658
808
97
314
146
233
91
453
839
229
296
270
529
607
366
560
253
80
1010
489
849
1122
1112
461
221
0
85
481
699
402
680
762
277
389
1129
5
313
1050
162
362
422
44
640
717
324
896
372
622
507
86
318
872
691
606
220
1068
888
564
743
1131
1113
435
391
812
522
551
794
46
16
738
676
579
951
516
1073
577
185
122
772
616
1124
1020
976
595
565
1111
962
110
178
143
1048
923
721
328
832
62
1132
135
222
1091
745
254
626
503
401
186
79
610
1085
1
88
66
472
271
954
368
19
793
909
907
32
589
634
1072
509
776
56
767
557
197
1031
409
758
746
574
491
159
30
609
345
319
902
1035
1046
917
207
810
279
456
199
353
566
771
547
13
474
599
763
532
214
806
1049
153
585
442
617
448
1071
593
4
939
203
219
138
413
464
924
206
651
807
1090
346
299
26
245
834
736
483
835
118
944
1074
1033
730
774
415
152
575
181
285
1007
242
139
111
287
68
454
630
166
558
151
264
822
157
457
741
447
1080
136
332
802
604
141
957
782
887
131
706
799
500
1002
692
707
1006
805
899
124
893
1009
862
766
1086
1028
169
905
936
1004
777
895
908
1051
54
714
1057
1038
664
925
257
670
392
334
1101
249
479
492
523
817
933
689
732
675
722
300
163
358
1018
562
991
260
942
667
881
1077
356
636
737
127
586
292
989
78
1121
204
210
218
729
999
764
958
341
828
1026
686
677
950
898
303
1040
471
316
429
379
885
591
975
641
826
659
747
635
21
1116
473
789
535
337
769
759
149
1096
43
668
355
662
1029
165
371
170
890
502
58
990
1013
403
182
603
452
1042
387
735
1117
666
525
195
1036
804
42
119
821
486
546
369
