306
2
258
245
6
305
203
61
109
137
192
62
250
194
29
16
265
236
5
266
75
67
14
244
70
176
193
355
347
165
9
190
8
216
34
111
349
153
288
248
256
18
79
66
164
102
123
17
19
363
365
327
158
87
15
273
168
328
149
128
313
196
135
332
12
292
249
230
205
354
65
370
257
35
362
106
100
134
284
310
175
69
342
31
42
343
213
99
260
126
200
130
218
219
107
80
151
272
51
157
43
373
188
246
163
366
85
13
101
46
30
329
322
145
122
72
55
169
152
326
86
4
364
68
350
270
136
199
331
289
11
0
71
44
312
33
60
25
88
50
367
323
353
82
127
277
253
301
84
296
341
198
201
197
81
202
7
233
247
110
3
138
372
189
333
113
45
1
41
125
238
120
235
64
207
103
112
73
302
297
251
278
234
40
348
191
49
214
290
