936
213
576
846
859
255
36
167
721
202
81
919
218
888
322
462
40
701
914
286
578
127
377
934
884
119
750
987
264
817
428
564
879
733
838
659
584
801
917
926
960
183
977
423
903
310
465
335
821
586
466
384
177
53
239
174
418
252
713
924
909
811
317
289
648
473
689
617
329
777
660
835
872
766
349
501
474
768
684
808
710
933
19
362
325
397
256
272
246
307
89
925
186
966
931
763
153
537
591
737
117
410
401
723
387
160
718
997
227
622
172
164
370
328
366
475
69
695
870
606
994
832
430
20
740
298
259
434
496
998
47
482
21
703
565
704
388
346
24
315
841
130
472
26
930
321
421
363
438
71
901
66
403
593
732
780
175
5
920
266
270
149
580
402
460
471
856
395
11
251
148
221
724
281
200
583
789
912
425
133
662
95
383
670
0
368
816
989
108
184
10
203
332
207
679
15
581
675
140
369
4
398
223
29
799
344
834
690
58
715
450
31
39
557
716
63
422
454
13
463
448
386
826
9
249
743
953
326
250
204
727
935
152
449
865
126
3
372
345
439
699
568
83
541
290
228
644
599
7
646
105
412
897
902
382
93
967
697
123
318
18
132
442
757
113
12
433
417
34
79
350
545
964
574
943
490
796
911
226
85
828
734
193
810
42
308
375
755
798
479
374
65
30
516
984
440
527
76
829
146
451
324
94
23
845
558
265
535
569
84
165
899
212
205
154
274
950
361
90
107
420
707
806
802
50
56
972
231
70
680
168
269
436
122
990
394
301
147
291
320
166
415
540
225
791
354
764
885
109
365
96
426
973
858
182
244
628
847
159
518
379
781
180
658
371
880
708
191
124
745
261
944
705
334
952
241
68
762
59
341
237
254
621
849
356
62
800
51
754
530
155
633
476
294
497
486
786
456
722
551
80
441
969
121
22
429
118
928
748
358
219
419
262
515
8
217
687
391
669
927
161
629
284
457
380
348
773
520
714
61
609
163
287
327
741
655
112
524
1
873
102
416
833
488
304
683
243
1001
480
620
793
650
939
77
623
600
747
792
881
91
760
54
596
142
97
631
405
25
214
544
637
169
208
559
619
138
618
654
785
2
555
35
445
116
156
854
393
653
981
306
311
896
827
814
137
582
381
603
820
494
101
120
351
458
297
579
313
667
235
27
866
469
233
206
67
340
316
28
455
861
143
875
665
88
413
778
400
779
761
48
671
996
302
504
949
215
608
487
151
706
285
904
561
360
72
232
86
17
711
965
150
92
357
98
867
342
331
406
411
500
176
199
484
613
128
443
915
571
347
427
343
916
554
367
136
141
840
772
194
509
506
887
399
625
585
959
299
691
663
278
409
260
280
491
813
189
974
240
378
889
894
803
131
536
807
55
573
575
181
201
563
447
991
268
248
373
292
992
830
396
649
698
188
597
198
725
336
300
435
78
853
890
385
553
312
157
46
52
38
220
985
790
178
595
577
753
49
461
688
795
257
947
352
531
728
139
359
414
185
882
735
742
815
788
941
900
57
115
267
905
192
523
431
43
276
135
739
863
656
170
245
376
498
774
37
355
957
424
539
288
522
330
390
333
236
548
339
111
783
468
492
464
323
60
702
444
74
309
594
162
216
955
33
314
279
513
891
211
234
389
503
946
752
635
467
44
921
886
630
923
694
271
627
470
99
910
87
282
836
134
305
82
104
224
407
804
566
144
616
125
945
878
452
179
871
652
432
550
110
64
100
857
958
852
187
392
106
437
956
404
295
190
258
932
895
686
242
238
592
16
681
657
145
709
638
604
692
75
922
229
14
731
590
805
319
567
730
338
222
823
196
195
277
983
995
477
918
499
337
296
446
303
453
556
784
822
976
546
511
514
247
173
674
850
986
908
542
103
114
589
874
712
293
1002
988
615
45
481
209
521
661
197
41
32
533
253
954
948
6
685
493
478
839
717
532
869
129
158
700
459
275
672
612
844
210
263
937
283
696
1003
771
759
682
230
767
495
729
505
776
756
171
876
824
273
353
809
676
842
538
73
751
668
738
913
364
720
641
408
831
883
893
664
543
