128
175
213
284
259
709
328
68
703
498
866
590
644
708
660
343
277
884
713
431
900
503
615
616
787
889
400
958
476
670
885
808
29
681
492
674
653
513
458
193
597
589
591
594
395
158
394
656
844
88
460
710
567
108
609
546
705
646
448
694
622
414
774
654
553
510
734
584
666
282
453
863
152
77
462
776
595
740
596
736
248
244
191
283
312
347
624
464
911
532
855
840
140
82
555
97
386
491
80
493
127
353
28
662
494
643
599
940
30
862
316
264
806
994
7
172
977
35
19
733
499
94
716
519
581
997
530
232
992
444
821
459
274
262
545
571
659
831
445
916
551
25
275
356
405
967
215
370
563
301
360
680
336
861
436
109
434
782
81
368
157
337
6
308
833
180
927
54
880
610
461
737
350
517
338
502
531
505
628
677
317
490
92
421
759
729
966
208
663
470
417
978
802
391
351
828
143
304
83
141
606
50
629
153
803
520
949
550
750
592
359
779
407
372
75
753
463
34
607
712
832
506
923
66
587
488
565
652
921
469
577
745
860
552
767
896
121
682
169
623
247
403
857
961
397
383
324
218
526
533
74
562
373
483
468
243
704
173
827
115
602
504
948
234
174
582
204
406
603
357
768
335
235
784
401
93
815
528
783
548
65
473
618
86
739
647
242
790
1002
631
430
478
303
675
972
747
579
214
385
876
588
471
975
485
132
465
51
507
678
838
111
89
915
735
263
920
500
393
580
420
489
873
600
576
231
658
720
98
296
516
99
442
804
363
47
24
72
181
333
331
100
752
501
102
133
786
617
205
707
170
480
635
556
508
728
371
575
731
509
48
645
20
226
110
820
554
443
823
650
279
290
416
846
583
495
246
867
807
611
278
404
593
875
892
467
886
669
514
732
956
233
165
285
813
561
888
612
902
437
315
319
