0 15
0 191
0 225
0 283
0 310
0 323
15 4
15 18
15 28
15 56
15 65
15 77
15 96
15 102
15 107
15 115
15 135
15 138
15 171
15 184
15 191
15 193
15 194
15 214
15 225
15 226
15 239
15 241
15 258
15 283
15 303
15 310
15 320
15 327
191 115
191 5
191 9
191 10
191 11
191 13
191 14
191 17
191 18
191 23
191 24
191 25
191 26
191 29
191 30
191 32
191 38
191 40
191 41
191 42
191 48
191 50
191 55
191 60
191 61
191 62
191 63
191 65
191 66
191 68
191 69
191 71
191 72
191 74
191 75
191 76
191 78
191 79
191 81
191 84
191 85
191 86
191 88
191 96
191 98
191 100
191 101
191 102
191 103
191 104
191 106
191 107
191 109
191 113
191 116
191 118
191 126
191 127
191 130
191 132
191 134
191 137
191 138
191 140
191 146
191 147
191 148
191 153
191 155
191 159
191 160
191 163
191 165
191 169
191 171
191 172
191 174
191 180
191 181
191 182
191 184
191 185
191 187
191 190
191 192
191 196
191 197
191 198
191 200
191 203
191 204
191 207
191 209
191 210
191 211
191 213
191 215
191 218
191 222
191 223
191 224
191 225
191 226
191 227
191 228
191 229
191 231
191 238
191 241
191 242
191 246
191 248
191 250
191 256
191 257
191 258
191 260
191 261
191 264
191 267
191 268
191 269
191 276
191 279
191 280
191 282
191 285
191 286
191 287
191 288
191 290
191 291
191 292
191 293
191 295
191 296
191 306
191 307
191 309
191 312
191 313
191 323
191 327
191 330
191 334
191 335
191 337
191 339
191 341
191 342
191 343
191 344
191 345
191 349
191 350
191 353
191 355
191 360
191 361
225 115
225 18
225 28
225 56
225 77
225 96
225 102
225 107
225 119
225 135
225 138
225 142
225 171
225 193
225 214
225 226
225 241
225 258
225 303
225 310
225 320
225 327
283 12
283 187
283 288
310 115
310 39
310 169
310 184
310 273
323 101
323 207
323 343
4 49
4 77
4 187
4 288
18 291
28 187
28 288
28 253
28 258
56 187
56 288
56 96
56 173
65 184
65 273
65 70
65 288
65 32
65 7
65 24
65 38
65 44
65 53
65 59
65 68
65 81
65 95
65 98
65 105
65 143
65 149
65 151
65 161
65 166
65 177
65 183
65 188
65 194
65 200
65 205
65 218
65 221
65 226
65 235
65 251
65 266
65 268
65 279
65 286
65 300
65 305
65 306
65 322
65 335
65 353
77 337
96 250
102 165
115 3
115 19
115 27
115 31
115 35
115 46
115 48
115 52
115 91
115 94
115 103
115 122
115 127
115 136
115 155
115 164
115 169
115 174
115 180
115 184
115 187
115 194
115 201
115 207
115 216
115 221
115 227
115 231
115 244
115 273
115 284
115 285
115 286
115 294
115 296
115 324
115 325
115 338
115 345
115 352
115 356
135 187
135 201
135 354
138 142
171 6
171 32
171 145
171 30
171 118
171 190
171 239
171 251
171 322
171 349
184 1
184 91
184 130
184 169
184 6
184 11
184 14
184 20
184 22
184 32
184 36
184 39
184 41
184 44
184 57
184 59
184 72
184 80
184 83
184 98
184 100
184 105
184 106
184 108
184 120
184 123
184 133
184 141
184 149
184 151
184 160
184 166
184 174
184 177
184 187
184 189
184 194
184 196
184 197
184 200
184 203
184 212
184 219
184 226
184 229
184 230
184 233
184 238
184 247
184 251
184 252
184 254
184 256
184 259
184 263
184 269
184 271
184 273
184 279
184 282
184 286
184 295
184 305
184 322
184 333
184 342
184 345
184 346
184 350
184 353
193 187
193 31
193 241
193 354
194 187
194 216
194 33
194 245
194 251
194 268
194 303
194 327
214 187
214 288
214 298
226 169
226 207
226 343
226 7
226 147
226 227
226 305
239 273
239 207
239 343
239 187
239 147
239 227
239 110
239 185
239 296
239 331
239 342
241 262
258 287
303 320
320 147
320 227
320 33
327 326
3 202
3 207
3 343
19 31
19 106
19 136
19 201
19 284
19 352
27 353
27 161
27 336
31 187
31 352
35 306
35 275
35 302
46 286
46 331
48 179
48 211
52 106
52 127
91 1
91 64
91 130
91 169
91 187
91 207
91 288
91 343
94 164
94 147
94 227
94 26
103 227
103 306
103 309
103 221
122 155
122 286
122 294
122 315
127 345
127 106
127 29
127 153
127 197
127 229
136 106
136 89
136 114
136 201
155 207
155 343
155 32
155 147
155 227
155 286
155 345
155 300
155 43
155 80
155 82
155 89
155 97
155 99
155 114
155 178
155 248
155 284
155 296
155 302
155 315
155 318
155 325
155 331
155 340
155 352
164 2
164 147
164 227
164 271
169 1
169 130
169 5
169 14
169 20
169 22
169 32
169 36
169 39
169 41
169 42
169 54
169 57
169 59
169 68
169 72
169 83
169 87
169 106
169 108
169 120
169 121
169 123
169 133
169 149
169 151
169 160
169 170
169 174
169 177
169 187
169 196
169 197
169 203
169 206
169 212
169 219
169 229
169 230
169 238
169 247
169 249
169 252
169 254
169 256
169 259
169 263
169 271
169 273
169 286
169 295
169 300
169 305
169 333
169 341
169 342
169 345
169 346
169 347
169 348
169 350
174 273
174 345
174 300
174 235
174 325
180 286
180 345
180 114
180 231
187 273
187 207
187 343
187 49
187 12
187 33
187 34
187 39
187 40
187 64
187 74
187 80
187 101
187 105
187 110
187 118
187 129
187 173
187 185
187 201
187 216
187 245
187 251
187 253
187 262
187 268
187 280
187 284
187 288
187 307
187 338
187 342
187 352
187 354
207 69
207 70
207 202
207 23
207 45
207 64
207 66
207 80
207 82
207 101
207 105
207 118
207 119
207 120
207 121
207 125
207 129
207 161
207 165
207 173
207 176
207 197
207 199
207 200
207 212
207 223
207 224
207 228
207 240
207 248
207 250
207 253
207 255
207 264
207 268
207 270
207 280
207 286
207 287
207 291
207 294
207 296
207 298
207 299
207 300
207 302
207 316
207 324
207 331
207 337
207 338
207 340
207 343
207 344
207 345
216 273
216 70
216 288
216 11
216 20
216 92
216 33
216 34
216 106
216 114
216 116
216 143
216 213
216 313
216 345
221 183
221 188
227 273
227 125
227 147
227 26
227 33
227 40
227 59
227 75
227 82
227 83
227 85
227 90
227 119
227 121
227 132
227 154
227 156
227 158
227 179
227 197
227 199
227 206
227 210
227 215
227 222
227 224
227 254
227 255
227 264
227 286
227 296
227 301
227 309
227 314
227 319
227 329
227 333
227 345
227 347
227 348
227 359
231 345
231 210
244 325
273 1
273 130
273 6
273 10
273 11
273 17
273 20
273 21
273 22
273 24
273 29
273 32
273 39
273 42
273 47
273 50
273 57
273 69
273 70
273 72
273 82
273 100
273 106
273 110
273 113
273 120
273 125
273 140
273 144
273 147
273 159
273 162
273 163
273 170
273 190
273 192
273 196
273 203
273 208
273 213
273 218
273 219
273 222
273 223
273 229
273 233
273 235
273 251
273 252
273 254
273 256
273 265
273 276
273 279
273 281
273 282
273 286
273 288
273 299
273 300
273 305
273 312
273 319
273 325
273 332
273 333
273 341
273 343
273 345
273 347
284 354
285 205
285 356
286 343
286 32
286 305
286 11
286 147
286 230
286 42
286 43
286 72
286 76
286 80
286 81
286 82
286 89
286 98
286 99
286 106
286 114
286 151
286 178
286 182
286 196
286 213
286 219
286 229
286 248
286 249
286 251
286 252
286 289
286 300
286 315
286 325
286 331
286 332
286 333
286 335
286 347
286 352
286 353
296 343
296 147
296 185
296 304
324 343
324 332
325 260
325 349
338 343
338 280
345 259
345 343
345 32
345 305
345 11
345 125
345 147
345 313
345 29
345 41
345 59
345 68
345 79
345 86
345 98
345 105
345 106
345 116
345 124
345 151
345 153
345 163
345 197
345 204
345 211
345 222
345 229
345 251
345 267
345 282
345 289
345 300
352 288
352 106
352 114
352 178
352 307
352 361
356 143
5 36
5 295
5 339
9 145
9 11
9 170
10 38
10 274
11 145
11 14
11 16
11 20
11 57
11 147
11 170
11 230
11 313
11 333
13 61
14 170
14 72
17 69
17 50
17 341
23 343
23 248
24 47
24 251
24 256
24 290
24 353
25 55
25 116
25 134
25 141
25 261
25 321
26 147
26 83
29 20
29 224
30 104
32 6
32 42
32 98
32 190
32 235
32 251
32 254
32 300
32 342
38 335
40 147
40 101
41 68
41 350
42 288
42 125
42 105
42 110
42 190
42 276
42 334
42 335
50 132
55 68
55 134
55 238
55 246
55 292
60 106
60 100
60 220
60 243
62 355
63 92
63 256
63 75
63 158
63 215
63 242
63 279
63 309
66 343
68 313
68 282
68 263
68 238
69 2
69 70
69 139
69 259
69 270
69 341
71 361
72 300
74 288
74 80
74 304
75 147
75 279
75 158
75 242
76 89
76 255
78 200
78 328
79 282
81 306
81 143
81 182
84 86
85 147
85 334
85 301
85 360
88 83
88 113
98 300
98 251
100 20
100 146
100 198
101 343
106 130
106 300
106 341
106 43
106 80
106 89
106 114
106 116
106 176
106 178
106 183
106 185
106 204
106 220
106 243
106 289
106 332
109 20
109 146
109 306
109 330
116 34
116 105
116 134
116 204
116 229
118 288
118 185
118 80
126 148
130 1
130 80
132 147
132 348
134 141
134 261
134 269
134 321
134 346
134 350
137 346
137 350
137 269
146 203
146 20
146 185
146 186
146 198
146 223
146 277
146 306
146 330
147 125
147 33
147 59
147 90
147 105
147 119
147 154
147 156
147 158
147 179
147 199
147 206
147 210
147 222
147 224
147 242
147 255
147 264
147 299
147 301
147 306
147 309
147 314
147 319
147 329
147 331
147 333
147 347
147 348
147 359
148 172
153 92
153 229
159 16
159 92
159 279
160 124
163 208
163 256
163 290
163 192
165 343
165 173
172 293
185 343
185 288
185 20
185 114
185 43
185 223
185 306
190 125
190 251
190 342
192 208
192 290
196 20
196 57
196 300
196 353
197 343
197 299
200 343
200 125
200 300
200 251
200 59
200 328
203 8
203 277
203 306
204 229
209 44
209 351
210 222
215 306
215 58
215 158
215 279
218 21
218 47
218 59
218 265
218 290
218 312
218 353
222 21
222 208
222 267
222 282
223 343
223 306
223 257
224 343
224 20
224 112
224 105
224 240
228 70
228 343
228 36
228 346
228 168
228 212
228 266
228 308
229 34
229 105
242 306
242 279
242 309
246 346
246 292
248 43
250 343
250 129
256 92
256 47
256 208
256 251
256 290
260 349
261 141
261 321
264 82
264 314
268 343
268 45
269 305
269 350
269 111
269 232
276 59
279 158
279 309
282 21
287 343
288 49
288 12
288 34
288 64
288 80
288 129
288 142
288 173
288 253
288 298
288 307
288 342
288 354
288 361
290 271
290 312
291 343
292 346
295 83
306 20
306 123
306 158
306 186
306 277
306 302
306 309
306 330
312 47
313 263
313 333
334 360
337 343
337 12
341 144
341 233
342 125
342 37
342 59
342 105
342 110
342 234
342 272
342 297
342 317
342 358
343 70
343 202
343 12
343 45
343 49
343 64
343 80
343 82
343 105
343 119
343 120
343 121
343 125
343 129
343 161
343 173
343 176
343 240
343 253
343 255
343 270
343 298
343 299
343 300
343 302
343 314
343 316
343 326
343 340
343 344
344 253
349 322
353 271
353 145
353 300
353 251
353 95
353 161
353 289
355 272
355 234
355 297
355 317
355 358
119 70
1 157
157 110
110 354
20 57
20 112
20 114
22 21
22 263
22 319
36 70
36 73
54 251
54 83
57 170
59 125
59 300
59 251
83 259
83 251
87 259
87 251
87 117
120 70
120 121
120 162
120 281
149 141
149 44
151 305
151 300
151 346
151 266
170 145
170 249
177 7
177 247
177 305
212 70
212 346
212 176
219 333
219 166
249 252
259 2
259 70
259 139
259 251
263 333
271 2
271 70
271 139
271 251
300 305
300 251
300 289
300 332
305 7
305 111
305 232
305 311
346 37
346 152
346 168
346 266
346 308
346 336
346 357
347 82
348 233
6 145
44 351
105 251
105 34
105 124
141 321
166 189
166 251
166 53
189 251
189 274
233 144
251 125
251 235
251 322
322 235
21 265
21 319
70 2
70 117
70 139
70 143
70 162
70 281
144 332
162 281
332 183
332 289
2 139
270 340
45 316
298 326
302 99
340 97
340 318
314 217
145 95
7 311
183 188
205 289
111 51
111 128
111 131
111 150
111 175
111 195
111 232
111 278
111 358
232 336
232 152
232 357
16 92
114 89
114 178
90 329
154 359
156 301
220 93
220 243
243 93
97 318
37 152
37 272
37 357
152 336
152 357
234 358
234 297
272 317
297 317
358 195
358 236
51 67
51 150
51 175
67 131
67 150
67 195
150 175
150 237
175 237
131 128
131 195
195 128
195 236
195 278
128 278
278 236
217 167
