0 24
0 52
0 57
0 81
0 109
24 9
24 10
24 18
24 39
24 51
24 55
24 56
24 81
24 94
24 109
52 2
52 66
52 67
52 85
57 23
57 30
57 59
57 66
57 81
57 94
57 109
81 66
81 18
81 23
81 47
81 51
81 62
81 94
81 109
109 66
109 50
109 56
9 94
9 36
9 18
9 39
9 50
9 55
9 106
10 39
10 51
10 56
10 78
18 94
18 44
18 50
18 55
39 73
39 51
39 78
51 56
51 78
55 94
55 50
55 56
55 78
56 47
94 66
94 2
94 73
94 75
94 80
94 50
94 58
94 91
48 16
48 58
48 64
48 74
48 111
16 37
16 64
16 74
16 90
16 91
16 30
58 80
58 38
58 64
58 74
58 90
58 111
58 60
64 12
64 60
64 90
74 35
74 91
74 112
111 82
111 14
111 62
111 37
111 91
111 112
2 82
2 28
2 59
2 68
2 73
2 75
2 80
66 23
66 28
66 59
66 71
66 107
67 45
67 95
67 28
67 103
67 107
67 5
85 103
85 36
85 91
85 23
85 69
23 47
30 82
30 31
30 42
30 32
30 17
30 25
59 69
59 72
59 92
59 103
59 107
28 32
71 106
71 91
107 45
107 14
107 62
107 93
107 103
107 22
47 15
62 26
62 32
62 35
62 61
62 80
62 87
62 103
1 45
1 82
1 95
45 8
45 83
82 26
82 73
82 80
95 102
8 5
83 6
83 21
83 4
83 46
83 92
83 104
26 100
73 68
73 31
73 35
73 42
73 75
73 105
80 68
80 75
80 35
102 53
68 32
68 75
68 79
75 79
75 86
75 91
14 72
14 93
14 103
93 5
93 76
93 101
103 36
103 69
32 99
32 20
32 65
32 88
69 36
92 77
35 31
35 19
35 89
35 101
61 3
61 41
61 100
87 5
87 43
87 53
79 84
31 4
31 19
31 37
31 46
31 63
31 77
42 3
42 49
42 112
105 41
91 38
91 60
84 46
84 7
84 13
84 70
5 100
101 19
36 7
22 40
3 6
3 21
3 41
3 99
6 4
21 4
21 104
99 108
4 46
104 46
104 43
19 49
37 90
63 43
77 54
112 27
112 60
112 97
43 97
20 110
20 25
20 96
65 11
88 97
7 40
40 27
27 29
29 34
11 33
12 38
12 90
15 110
110 54
110 98
