41
376
169
344
233
168
273
218
110
39
264
3
325
320
158
63
280
92
355
238
319
371
234
91
175
343
98
29
35
347
302
338
82
210
293
7
321
247
228
258
364
195
146
313
217
154
73
96
261
118
51
213
269
0
145
57
156
318
270
126
159
107
350
43
37
28
183
356
374
357
16
187
45
31
239
103
206
81
13
64
378
262
139
188
303
186
230
50
135
185
209
106
367
14
312
375
245
348
157
354
58
21
8
296
131
298
221
119
46
66
329
94
70
112
47
366
333
220
101
166
151
56
305
244
9
65
155
235
351
20
55
59
105
309
130
246
353
349
331
149
48
25
22
12
132
272
134
361
249
133
358
23
214
346
219
129
306
69
67
99
124
184
36
4
216
75
17
174
304
211
117
365
90
215
125
104
363
337
317
34
144
377
5
200
330
123
205
176
32
