0 8
0 9
8 9
9 30
9 91
9 92
9 144
30 10
30 46
30 49
30 72
30 86
91 92
91 98
91 45
91 55
91 104
91 113
91 139
91 144
91 147
92 2
92 45
92 56
92 98
92 144
92 147
1 3
1 68
1 133
1 137
3 17
3 52
3 68
3 130
3 135
68 17
68 121
133 17
133 89
133 117
133 149
52 14
52 38
52 54
52 67
52 81
52 89
52 93
52 112
52 117
52 119
52 121
52 150
130 54
130 62
130 135
89 117
89 149
89 61
89 38
89 93
89 119
89 128
117 7
117 38
117 39
117 51
117 61
117 93
117 112
117 119
117 149
149 7
149 21
149 24
149 36
149 38
149 39
149 61
149 76
149 93
149 95
149 112
149 119
2 16
2 19
2 25
2 58
2 102
2 136
16 25
16 58
16 102
19 25
19 58
19 102
25 102
58 102
136 66
136 124
66 78
78 124
79 98
98 69
98 73
98 97
98 105
98 143
45 147
45 55
56 147
56 59
147 11
147 50
147 59
147 73
147 109
147 142
73 142
14 67
38 61
38 93
38 119
54 71
54 100
54 108
54 150
67 10
67 28
67 46
67 57
67 71
67 100
67 108
81 150
93 61
93 39
93 119
112 12
119 61
119 39
62 71
4 29
4 60
4 120
29 18
29 120
29 129
120 18
129 5
129 75
129 23
129 42
129 57
129 82
129 139
129 145
5 75
75 34
75 41
75 118
75 125
10 49
10 46
10 86
28 108
46 49
71 108
100 108
41 118
125 6
125 42
125 82
23 88
23 145
82 74
82 83
139 20
139 40
139 80
139 84
139 96
139 37
39 61
61 24
21 65
21 76
21 95
76 65
76 95
95 65
49 33
49 43
49 85
49 86
33 44
33 55
33 77
33 85
33 111
33 138
33 141
43 47
55 44
55 103
55 111
55 141
104 101
104 113
11 32
11 50
11 122
32 122
32 148
50 106
122 106
122 148
148 106
148 64
148 131
106 22
106 27
106 64
106 70
106 87
106 123
106 131
106 140
22 27
22 70
22 116
27 64
27 70
27 116
27 123
27 131
27 140
64 131
70 87
70 90
70 99
70 110
70 114
70 134
87 48
87 90
87 114
123 31
123 107
123 132
59 15
59 109
12 127
13 20
20 26
20 40
20 80
20 84
20 96
26 37
26 40
26 80
26 84
26 96
40 80
40 84
40 96
80 84
80 96
84 96
99 48
99 110
99 114
110 48
110 114
110 146
114 146
134 48
134 53
31 107
107 132
44 111
44 138
44 141
77 103
138 141
141 103
141 35
141 63
35 63
128 94
74 83
101 115
101 126
