659
266
9
287
637
414
78
180
653
34
521
229
77
512
139
486
208
223
152
144
110
174
176
566
487
39
99
74
124
146
285
418
511
300
515
347
117
212
314
421
668
183
462
282
491
580
358
165
435
416
447
205
386
411
340
125
349
560
268
168
390
24
109
318
95
186
256
620
329
325
250
75
254
613
166
136
577
12
27
71
401
361
403
605
137
459
478
661
392
485
520
372
471
273
105
466
18
400
461
439
69
1
481
482
140
227
514
58
17
371
680
537
378
94
201
61
640
322
81
404
113
567
167
83
88
468
86
255
557
677
695
428
623
509
573
159
527
633
606
626
499
405
703
460
332
467
260
583
339
457
464
570
357
338
522
251
556
379
112
624
534
597
331
79
196
299
690
265
704
494
601
119
711
546
288
582
67
618
306
308
213
625
663
607
239
351
553
284
584
614
72
40
271
611
698
240
219
326
62
530
430
409
327
375
683
356
162
169
281
131
536
519
143
149
90
163
16
51
161
46
187
261
455
450
272
562
97
644
634
246
688
49
700
699
11
190
444
89
635
610
609
397
669
37
395
76
121
241
200
245
660
324
391
123
473
202
585
222
483
675
398
415
286
224
697
617
438
490
665
593
370
319
407
249
406
292
399
535
380
257
589
309
572
529
706
684
267
632
442
641
679
283
479
564
523
374
387
333
696
388
532
456
192
70
172
122
57
551
544
420
252
506
433
244
396
503
258
594
493
561
134
336
581
247
334
217
389
458
571
344
602
264
599
352
104
362
621
2
408
612
639
710
108
568
693
472
579
627
377
643
301
189
48
366
313
619
228
507
603
576
316
59
475
160
385
565
608
60
310
662
348
569
705
384
350
463
543
488
628
19
417
353
436
128
497
317
238
465
80
592
427
237
232
216
106
563
312
631
500
454
425
539
528
554
513
441
477
41
209
42
402
394
587
315
0
673
82
296
33
35
20
555
691
636
220
337
66
