210
86
188
307
46
178
165
135
166
242
194
234
58
38
141
255
37
144
221
285
297
282
186
262
160
267
82
114
100
304
281
321
88
62
110
60
113
287
155
226
214
246
56
161
180
241
212
96
231
47
250
118
84
159
6
271
311
87
32
168
167
310
254
270
151
257
233
218
273
2
203
128
3
182
0
147
171
127
196
85
122
300
184
53
195
190
124
247
150
201
230
106
95
10
318
132
237
137
112
109
280
272
156
172
309
140
206
202
17
277
91
283
236
149
223
193
66
191
7
176
211
268
126
319
216
261
208
39
108
289
244
264
77
83
229
323
189
162
253
169
34
303
102
20
89
232
185
269
325
116
222
308
324
265
238
23
198
205
243
164
317
16
284
