998
780
594
36
947
242
573
335
716
410
267
243
486
759
76
423
470
444
430
151
701
834
718
128
253
497
956
278
101
422
156
148
284
308
240
824
432
887
599
890
766
630
329
972
318
246
387
421
287
61
179
797
351
435
670
666
110
450
867
210
702
638
96
6
506
719
501
25
10
259
605
126
33
921
768
588
248
352
915
656
844
477
515
579
134
692
263
310
392
58
531
386
540
231
448
5
138
992
348
492
756
817
838
453
685
461
409
504
803
798
822
690
182
191
683
163
495
911
502
219
194
463
801
407
618
236
745
224
518
464
222
202
361
475
457
922
564
317
708
183
204
584
607
120
523
298
525
56
173
205
187
363
146
245
175
155
916
266
50
899
679
226
532
836
652
291
93
787
869
159
966
985
160
396
356
200
296
251
705
0
49
16
149
659
548
426
368
165
425
48
152
341
508
789
469
393
875
46
186
743
28
703
509
289
784
876
40
480
623
901
763
63
445
82
167
413
826
118
471
862
753
244
615
411
498
575
903
290
95
709
785
98
721
514
558
26
587
948
627
491
304
64
886
383
390
230
257
81
840
99
69
399
720
68
402
782
612
212
648
494
97
107
505
866
354
519
307
424
1
611
873
403
489
984
274
538
235
565
285
478
90
675
650
609
78
635
483
258
602
831
747
729
830
394
193
697
783
282
24
802
372
479
863
201
180
373
17
315
793
603
324
35
678
262
408
11
841
260
458
952
294
1003
366
728
135
971
776
754
832
132
170
746
809
288
601
53
270
557
646
669
102
513
860
232
401
55
731
928
116
208
583
23
429
660
195
820
674
115
881
62
945
353
917
848
142
661
328
958
465
449
415
340
391
662
60
327
277
143
215
83
442
889
828
571
41
856
349
698
261
273
217
790
633
667
172
704
521
233
999
781
606
382
417
476
849
736
570
622
65
275
846
643
292
864
371
595
507
79
350
527
34
533
865
86
676
712
462
379
70
268
100
715
628
940
888
777
302
52
644
295
545
963
209
122
554
221
752
88
920
576
57
580
147
467
827
43
926
414
213
51
150
111
85
454
510
255
682
944
858
355
431
929
313
919
166
455
404
578
466
145
982
199
2
577
66
717
767
845
600
503
658
647
524
139
72
751
825
299
384
309
624
710
157
225
280
839
563
380
857
346
238
898
137
105
726
297
206
634
923
20
950
772
381
207
460
617
136
211
724
796
265
433
821
591
771
249
696
872
749
592
912
551
597
71
733
59
870
362
192
114
214
474
688
154
994
19
837
144
39
734
176
276
27
574
552
779
800
283
981
854
725
237
347
517
713
977
730
488
314
699
452
567
949
427
750
376
861
252
312
806
360
818
853
485
823
443
319
561
398
516
816
3
420
815
500
778
311
218
8
271
459
131
893
203
91
668
220
681
104
727
125
936
795
544
550
791
629
657
428
649
572
520
124
188
316
581
181
760
32
92
18
631
556
239
279
786
499
850
447
637
333
305
13
306
29
740
655
338
484
198
530
671
164
269
942
162
30
37
38
694
303
216
434
677
680
177
113
555
896
880
416
765
412
31
735
892
234
904
596
598
140
493
446
541
868
121
117
42
264
281
539
272
773
358
737
254
89
286
951
897
957
223
359
127
918
75
67
553
852
153
74
300
496
814
468
490
109
691
748
45
711
943
537
973
528
959
613
808
247
133
755
526
7
437
395
12
932
842
722
608
141
301
794
77
927
1001
9
590
910
689
158
902
757
654
684
21
87
174
343
108
562
813
103
84
833
738
436
535
169
22
73
130
94
375
80
369
799
47
451
582
645
663
589
610
185
4
739
855
997
54
400
700
370
