0 13
0 20
0 21
0 28
0 30
0 34
0 50
0 51
0 55
0 59
0 63
0 66
0 72
0 77
0 78
0 79
0 81
0 82
0 90
0 93
0 95
0 96
0 97
0 98
1 7
1 11
1 32
1 56
1 87
2 5
2 25
2 29
2 36
2 47
2 67
2 76
2 92
3 6
3 11
3 17
3 23
3 30
3 31
3 33
3 34
3 35
3 39
3 41
3 43
3 44
3 45
3 50
3 54
3 61
3 62
3 63
3 71
3 74
3 76
3 79
3 80
3 81
3 84
3 86
3 97
3 98
4 6
4 8
4 10
4 14
4 16
4 17
4 20
4 23
4 30
4 31
4 37
4 49
4 51
4 54
4 55
4 61
4 62
4 63
4 65
4 66
4 68
4 69
4 71
4 74
4 79
4 80
4 81
4 85
4 86
4 89
4 94
4 97
4 98
5 17
5 25
5 29
5 36
5 47
5 67
5 76
5 83
5 92
6 8
6 10
6 14
6 16
6 17
6 20
6 23
6 30
6 31
6 33
6 34
6 35
6 37
6 39
6 41
6 43
6 45
6 49
6 50
6 51
6 54
6 55
6 61
6 62
6 63
6 65
6 66
6 68
6 69
6 71
6 74
6 79
6 80
6 81
6 85
6 86
6 89
6 94
6 97
6 98
7 9
7 11
7 32
7 48
7 56
7 87
8 10
8 14
8 16
8 20
8 23
8 30
8 31
8 49
8 50
8 51
8 54
8 55
8 61
8 62
8 63
8 65
8 66
8 68
8 74
8 77
8 79
8 81
8 85
8 86
8 89
8 90
8 94
8 97
8 98
9 11
9 27
9 32
9 48
9 56
9 87
10 14
10 16
10 17
10 20
10 23
10 30
10 31
10 33
10 37
10 39
10 43
10 45
10 49
10 50
10 51
10 54
10 55
10 60
10 61
10 62
10 63
10 65
10 66
10 68
10 69
10 71
10 74
10 79
10 80
10 81
10 85
10 86
10 89
10 94
10 97
10 98
11 17
11 27
11 32
11 33
11 34
11 41
11 43
11 56
11 80
11 84
11 87
12 15
12 18
12 19
12 38
12 40
12 42
12 45
12 46
12 52
12 57
12 58
12 59
12 64
12 91
12 99
13 21
13 78
13 82
13 90
13 93
13 95
13 96
14 17
14 20
14 30
14 31
14 39
14 43
14 51
14 54
14 55
14 60
14 62
14 65
14 68
14 71
14 74
14 81
14 85
14 86
14 89
14 94
14 97
14 98
15 18
15 19
15 22
15 23
15 34
15 38
15 41
15 42
15 43
15 45
15 46
15 52
15 57
15 58
15 59
15 64
15 70
15 88
15 99
16 20
16 23
16 28
16 35
16 49
16 51
16 54
16 55
16 62
16 65
16 66
16 68
16 69
16 74
16 79
16 80
16 81
16 85
16 86
16 89
16 90
16 94
16 97
16 98
17 20
17 22
17 23
17 30
17 33
17 34
17 37
17 39
17 41
17 43
17 45
17 50
17 51
17 52
17 54
17 55
17 61
17 62
17 63
17 64
17 65
17 66
17 68
17 70
17 71
17 73
17 74
17 79
17 80
17 81
17 84
17 86
17 97
17 98
18 19
18 23
18 33
18 34
18 38
18 40
18 42
18 43
18 45
18 46
18 52
18 57
18 58
18 59
18 64
18 70
18 88
18 91
18 99
19 23
19 34
19 38
19 40
19 42
19 43
19 45
19 46
19 52
19 57
19 58
19 59
19 64
19 70
19 88
19 91
19 99
20 21
20 23
20 24
20 30
20 31
20 33
20 34
20 35
20 37
20 39
20 41
20 43
20 49
20 50
20 51
20 54
20 55
20 60
20 61
20 62
20 63
20 65
20 66
20 68
20 69
20 71
20 72
20 74
20 77
20 79
20 80
20 81
20 82
20 85
20 86
20 89
20 90
20 93
20 94
20 95
20 96
20 97
20 98
21 24
21 28
21 51
21 65
21 72
21 77
21 78
21 81
21 82
21 90
21 93
21 94
21 95
21 96
21 98
22 34
22 42
22 43
22 45
22 46
22 52
22 59
22 80
22 91
23 30
23 31
23 33
23 34
23 35
23 37
23 39
23 41
23 42
23 43
23 45
23 46
23 49
23 50
23 51
23 52
23 54
23 55
23 58
23 59
23 61
23 62
23 63
23 64
23 65
23 66
23 68
23 69
23 70
23 71
23 73
23 74
23 75
23 76
23 79
23 80
23 81
23 84
23 85
23 86
23 88
23 89
23 93
23 94
23 97
23 98
24 26
24 77
24 78
24 82
24 90
24 93
24 95
24 96
24 98
25 29
25 36
25 47
25 67
25 92
26 77
26 90
26 93
26 95
26 98
27 48
27 56
27 87
28 30
28 34
28 41
28 50
28 55
28 65
28 72
28 82
28 90
28 98
29 36
29 47
29 67
29 76
29 83
29 92
30 31
30 33
30 34
30 37
30 41
30 43
30 45
30 49
30 50
30 51
30 54
30 55
30 61
30 62
30 63
30 65
30 66
30 68
30 71
30 74
30 79
30 80
30 81
30 85
30 86
30 90
30 93
30 94
30 95
30 97
30 98
31 37
31 39
31 43
31 49
31 51
31 54
31 55
31 61
31 62
31 63
31 66
31 68
31 71
31 74
31 79
31 80
31 81
31 86
31 89
31 94
31 97
31 98
32 48
32 56
32 87
33 34
33 39
33 41
33 43
33 45
33 49
33 51
33 52
33 54
33 55
33 59
33 61
33 62
33 64
33 65
33 66
33 68
33 70
33 71
33 73
33 74
33 80
33 81
33 84
33 85
33 86
33 94
33 97
33 98
34 35
34 37
34 39
34 41
34 43
34 45
34 46
34 50
34 51
34 55
34 57
34 59
34 61
34 62
34 63
34 64
34 66
34 68
34 70
34 71
34 73
34 74
34 79
34 80
34 84
34 94
34 97
34 98
35 41
35 50
35 51
35 54
35 55
35 61
35 62
35 74
35 81
35 86
35 97
35 98
36 47
36 67
36 92
37 39
37 43
37 49
37 50
37 51
37 54
37 55
37 61
37 62
37 63
37 65
37 66
37 68
37 69
37 71
37 74
37 79
37 80
37 81
37 86
37 89
37 94
37 97
37 98
38 40
38 42
38 43
38 45
38 46
38 52
38 57
38 58
38 59
38 64
38 88
38 91
38 99
39 41
39 43
39 50
39 51
39 54
39 55
39 61
39 62
39 63
39 65
39 66
39 68
39 71
39 74
39 79
39 80
39 81
39 85
39 86
39 89
39 94
39 97
39 98
40 42
40 46
40 52
40 57
40 58
40 59
40 91
40 99
41 43
41 45
41 49
41 50
41 52
41 55
41 61
41 63
41 64
41 66
41 68
41 71
41 73
41 74
41 76
41 79
41 80
41 81
41 83
41 84
41 94
41 98
42 45
42 46
42 52
42 57
42 58
42 59
42 64
42 88
42 91
42 99
43 44
43 45
43 49
43 50
43 51
43 52
43 54
43 55
43 58
43 59
43 61
43 64
43 65
43 68
43 70
43 71
43 73
43 74
43 76
43 80
43 83
43 86
43 89
43 91
43 94
43 97
43 98
44 76
44 83
45 46
45 50
45 52
45 54
45 57
45 58
45 59
45 61
45 64
45 65
45 66
45 70
45 71
45 75
45 79
45 80
45 81
45 84
45 86
45 88
45 91
45 98
45 99
46 52
46 57
46 58
46 59
46 64
46 70
46 88
46 91
46 99
47 67
47 92
48 56
48 87
49 50
49 51
49 55
49 62
49 63
49 65
49 66
49 68
49 71
49 74
49 79
49 81
49 86
49 89
49 94
49 97
49 98
50 51
50 54
50 55
50 61
50 62
50 63
50 65
50 66
50 69
50 71
50 72
50 74
50 79
50 80
50 82
50 93
50 94
50 95
50 97
50 98
51 54
51 55
51 61
51 62
51 63
51 65
51 66
51 68
51 69
51 71
51 74
51 78
51 79
51 80
51 81
51 85
51 86
51 89
51 90
51 94
51 97
51 98
52 57
52 58
52 59
52 64
52 70
52 72
52 88
52 91
52 99
53 77
53 82
53 90
53 95
54 55
54 61
54 62
54 65
54 66
54 68
54 69
54 71
54 74
54 79
54 80
54 81
54 85
54 86
54 89
54 94
54 97
54 98
55 61
55 62
55 63
55 65
55 66
55 68
55 69
55 71
55 74
55 79
55 80
55 81
55 82
55 85
55 86
55 89
55 90
55 94
55 97
55 98
56 87
57 58
57 59
57 64
57 88
57 91
57 99
58 59
58 64
58 75
58 88
58 91
58 99
59 64
59 66
59 75
59 80
59 88
59 91
59 99
60 68
60 81
61 62
61 64
61 65
61 66
61 71
61 74
61 79
61 80
61 85
61 86
61 89
61 94
61 97
61 98
62 63
62 65
62 66
62 68
62 69
62 71
62 74
62 79
62 80
62 81
62 85
62 86
62 89
62 94
62 97
62 98
63 65
63 66
63 71
63 74
63 79
63 80
63 82
63 85
63 89
63 93
63 94
63 97
63 98
64 98
64 99
65 66
65 68
65 71
65 74
65 79
65 80
65 81
65 85
65 86
65 89
65 90
65 94
65 97
65 98
66 68
66 69
66 71
66 74
66 79
66 80
66 81
66 85
66 86
66 89
66 94
66 97
66 98
67 92
68 69
68 71
68 74
68 79
68 80
68 81
68 84
68 85
68 86
68 89
68 94
68 97
68 98
69 71
69 74
69 79
69 80
69 81
69 86
69 89
69 94
69 97
69 98
70 71
70 73
71 74
71 79
71 80
71 86
71 94
71 97
71 98
72 78
72 82
72 90
72 95
72 98
73 74
74 79
74 80
74 81
74 85
74 86
74 89
74 94
74 97
74 98
76 83
76 84
77 81
77 82
77 90
77 93
77 94
77 95
77 96
77 97
77 98
78 82
78 90
78 95
78 96
78 98
79 80
79 81
79 82
79 85
79 86
79 89
79 90
79 94
79 97
79 98
80 81
80 86
80 89
80 94
80 97
80 98
81 85
81 86
81 89
81 90
81 94
81 97
81 98
82 90
82 93
82 95
82 96
82 97
82 98
83 84
85 86
85 89
85 94
85 97
85 98
86 89
86 94
86 97
86 98
88 91
89 94
89 97
89 98
90 93
90 95
90 96
90 98
91 99
93 94
93 95
93 97
93 98
94 97
94 98
95 96
95 98
96 98
97 98
