65
57
88
105
160
308
330
134
76
352
108
154
41
161
36
207
260
171
135
346
324
250
331
11
245
123
364
54
172
321
284
230
16
235
174
332
311
303
69
238
372
31
10
312
281
309
187
113
295
277
44
267
26
155
40
25
0
354
213
226
244
254
188
18
239
90
124
15
61
365
249
257
363
175
89
236
274
132
81
333
83
370
176
8
173
119
91
353
237
251
38
356
94
37
100
199
168
103
233
258
240
130
198
107
42
24
304
137
114
219
75
275
111
138
355
55
59
252
302
122
253
20
77
39
366
29
141
3
334
157
246
170
351
234
255
201
156
45
367
152
278
202
118
297
203
27
259
86
58
19
12
