132
276
172
114
93
191
300
83
326
245
56
281
90
308
302
295
20
25
7
35
323
26
209
292
57
127
171
214
148
46
68
266
260
167
151
140
284
194
248
36
55
228
254
6
204
236
285
77
61
62
11
253
96
203
184
153
189
111
98
69
186
150
288
233
193
155
54
197
319
112
274
39
271
216
205
178
126
208
60
221
315
231
247
82
298
106
107
317
241
255
296
218
211
2
65
305
309
190
234
316
158
219
183
123
66
310
41
128
265
261
267
24
3
201
264
198
304
76
251
129
307
223
48
124
5
160
9
102
312
21
162
226
282
146
297
63
256
290
224
28
212
109
142
262
195
104
278
277
59
320
169
175
89
10
301
263
53
283
258
14
294
134
235
230
270
313
100
31
272
163
17
287
81
95
161
280
0
117
243
289
105
311
22
139
159
74
166
72
120
84
269
238
165
293
147
58
237
273
99
51
286
246
88
136
27
291
187
91
299
80
113
1
210
13
110
174
149
306
23
52
144
188
108
279
182
152
4
32
232
143
130
259
116
125
202
249
225
97
137
8
101
244
275
103
85
250
325
220
196
37
42
240
86
252
87
92
131
19
43
16
206
268
257
322
318
38
242
122
168
18
222
47
303
173
40
118
181
79
156
213
135
321
141
176
34
324
180
145
154
64
185
71
229
164
