221
174
199
327
362
118
307
86
240
348
172
152
53
132
228
135
90
103
175
253
74
153
33
231
89
330
141
352
368
81
377
70
0
302
155
134
347
235
311
365
349
288
31
40
58
29
19
57
50
274
331
211
353
212
169
366
258
149
38
202
4
69
88
122
265
104
203
210
42
83
13
201
245
196
35
208
222
91
176
259
120
32
218
242
15
246
107
20
46
290
131
54
173
119
142
16
68
260
143
112
214
130
220
336
51
378
209
113
39
12
21
223
80
117
257
30
219
72
66
249
1
198
34
17
333
165
334
45
60
52
129
351
312
14
188
43
261
44
139
133
75
230
154
82
355
332
236
354
275
289
168
244
243
367
121
49
276
241
22
213
248
273
281
369
108
277
266
23
163
226
227
284
237
2
328
232
278
157
41
71
267
350
224
200
247
262
18
164
3
