954
127
275
549
110
291
507
460
253
480
407
669
296
537
308
921
95
592
508
403
558
41
601
25
609
752
352
728
874
290
179
477
638
254
265
615
500
492
29
520
325
759
911
991
1001
37
234
571
580
375
977
427
503
776
142
631
317
79
646
517
369
712
336
399
39
185
391
947
404
531
745
38
554
872
790
52
370
166
596
422
149
606
225
176
637
48
293
62
886
401
488
780
453
476
261
356
613
98
170
392
731
412
383
278
816
300
997
950
458
660
141
561
58
526
448
519
678
564
786
782
202
859
763
431
200
353
749
164
879
167
466
465
118
710
590
917
415
998
768
781
509
663
562
148
628
243
388
976
417
56
829
990
540
189
199
277
393
128
703
316
204
676
319
587
607
93
113
677
240
434
184
333
929
504
221
162
250
860
122
11
51
779
579
193
670
226
994
2
485
666
445
350
70
855
8
885
420
735
345
824
783
269
208
719
205
432
47
198
264
213
619
255
658
674
502
547
837
661
347
19
629
13
810
114
595
222
510
734
31
444
433
315
9
66
890
552
245
623
787
525
361
825
101
649
154
922
518
97
556
71
348
130
583
163
720
778
680
28
105
285
662
612
262
852
257
191
134
732
714
765
413
425
851
486
86
698
474
844
67
339
366
936
848
471
326
223
201
897
381
231
386
143
806
218
490
206
563
535
462
249
727
103
833
329
841
274
115
406
943
443
647
694
940
756
498
246
548
617
884
74
594
748
683
318
832
256
96
362
750
958
88
969
94
430
802
65
737
696
428
332
711
259
157
873
794
91
55
414
718
888
398
276
868
281
682
81
906
878
459
800
53
840
248
729
487
675
516
156
92
652
708
576
505
813
104
815
645
791
973
679
464
273
324
491
263
975
295
808
171
524
155
513
697
50
60
68
153
232
648
597
557
309
169
133
544
545
286
7
657
838
467
475
80
693
387
89
423
627
6
216
30
272
565
577
385
896
567
591
636
173
435
340
76
461
233
721
139
881
724
751
312
145
26
279
454
368
280
588
699
140
270
131
725
121
137
876
77
180
22
40
478
289
82
61
175
620
382
861
207
87
479
463
733
69
522
493
533
494
937
862
402
132
705
889
75
514
172
618
528
722
129
760
803
152
210
909
944
892
360
468
656
384
359
581
685
395
102
821
371
100
34
424
600
704
869
394
846
111
899
726
400
801
530
165
875
99
437
372
527
181
599
238
18
215
320
624
785
894
14
373
49
219
996
244
83
584
923
268
174
715
915
553
608
541
713
78
635
575
136
159
469
927
20
24
351
23
963
582
495
946
470
258
644
755
611
650
866
21
555
59
343
416
551
655
338
342
358
709
746
499
634
341
303
436
182
209
192
521
501
230
823
247
