71
32
74
3
52
313
98
363
42
205
21
199
216
41
170
286
217
239
374
49
209
16
231
276
72
68
211
120
40
69
44
10
66
246
140
201
8
222
270
177
79
269
179
375
200
221
297
119
237
214
349
236
372
4
80
373
204
226
117
149
223
292
268
167
116
350
39
178
335
244
118
287
202
318
9
17
293
97
376
168
92
31
302
208
338
67
139
53
50
320
15
235
317
93
212
213
11
284
219
22
108
230
322
232
150
247
378
249
274
256
166
347
169
96
289
206
238
348
203
291
198
220
70
267
94
210
51
377
45
215
148
275
245
121
122
95
23
290
271
337
224
285
362
361
171
325
20
227
319
54
115
