0 2
0 11
0 13
0 29
0 54
0 60
0 75
0 78
0 98
0 116
0 121
0 169
0 187
0 190
0 229
0 242
0 251
0 252
0 288
0 304
2 13
2 54
2 75
2 98
2 116
2 121
2 125
2 136
2 179
2 184
2 187
2 190
2 210
2 250
2 252
2 304
2 329
11 41
11 60
11 100
11 110
11 112
11 127
11 166
11 169
11 181
11 186
11 225
11 229
11 241
11 251
11 254
11 257
11 312
13 60
13 75
13 98
13 121
13 187
13 190
13 252
13 304
29 41
29 54
29 59
29 60
29 75
29 79
29 114
29 116
29 121
29 145
29 153
29 166
29 179
29 184
29 230
29 250
29 254
29 257
29 282
29 303
54 60
54 98
54 121
54 166
54 184
54 190
54 217
54 219
54 257
54 304
54 326
54 329
60 34
60 68
60 75
60 98
60 103
60 184
60 187
60 190
60 230
60 252
60 254
60 257
60 288
60 298
60 304
60 329
75 121
75 145
75 184
75 252
75 298
75 304
78 17
78 47
78 51
78 72
78 116
78 125
78 136
78 179
78 279
78 282
78 306
98 121
98 190
98 252
98 304
116 17
116 97
116 143
116 179
116 184
116 207
116 230
116 237
116 279
116 306
116 326
116 335
121 34
121 184
121 187
121 190
121 194
121 229
121 252
169 71
169 72
169 90
169 92
169 114
169 140
169 151
169 156
169 199
169 256
169 267
169 272
169 301
169 304
169 308
187 184
187 23
187 252
187 257
187 304
190 304
229 184
229 79
229 110
229 125
229 153
229 179
229 221
229 250
229 254
229 262
229 300
229 310
242 40
242 77
242 89
242 232
242 267
242 268
242 310
251 184
251 125
251 179
251 219
251 329
252 184
252 277
288 184
288 194
288 298
288 304
288 306
304 184
304 39
304 79
304 93
304 230
304 254
304 257
304 329
125 45
125 97
125 110
125 153
125 179
125 219
125 230
136 10
136 19
136 95
136 103
136 145
136 146
136 156
136 162
136 192
136 254
136 279
136 298
136 315
136 338
179 184
179 329
179 45
179 66
179 97
179 230
179 257
179 264
184 17
184 51
184 196
184 230
184 257
184 279
210 17
210 47
210 62
210 72
210 277
210 279
210 282
210 298
250 41
250 153
250 230
250 254
329 53
329 219
41 79
41 110
41 221
100 241
100 157
100 259
100 146
100 282
100 290
100 28
100 45
100 63
100 97
100 103
100 167
100 186
100 192
100 212
100 231
100 256
100 291
100 332
100 334
110 222
110 254
112 30
112 68
112 138
127 26
127 213
127 308
127 50
127 63
127 138
166 134
166 167
166 258
166 335
181 257
181 93
181 37
181 56
181 219
181 230
181 236
181 272
186 238
186 282
186 137
225 221
225 300
241 244
241 7
241 8
241 28
241 44
241 52
241 57
241 156
241 157
241 161
241 164
241 183
241 226
241 230
241 264
241 265
241 282
241 308
241 317
254 59
254 221
254 230
254 286
254 303
257 34
257 51
257 57
312 14
312 237
312 89
312 115
312 248
59 303
79 300
79 153
79 221
114 244
114 90
114 178
145 196
145 315
145 12
145 45
145 103
145 131
145 151
145 192
145 232
145 275
145 297
145 310
145 313
145 325
145 338
153 51
230 237
230 106
230 282
230 191
230 28
230 17
230 34
230 45
230 50
230 124
230 147
230 306
282 140
282 51
282 157
282 317
282 8
282 264
282 17
282 47
282 72
282 80
282 89
282 138
282 156
282 183
282 203
282 205
282 231
282 279
282 306
282 308
282 333
217 106
217 146
217 290
217 308
217 9
217 37
217 56
217 103
217 219
219 23
219 264
219 161
219 156
219 233
219 249
219 279
326 194
326 213
326 255
326 65
34 237
34 259
68 244
68 196
68 57
68 146
68 28
68 228
68 253
68 139
68 156
68 310
103 146
103 224
103 87
103 315
103 180
103 292
103 335
103 105
103 256
103 163
298 72
298 180
298 21
298 52
298 62
298 74
298 150
298 255
298 256
298 335
17 47
17 72
17 306
47 126
47 142
47 150
47 180
47 277
51 23
51 274
51 7
51 80
51 90
51 102
51 106
51 119
51 138
51 146
51 156
51 157
51 195
51 272
51 278
51 284
72 175
72 120
72 62
72 74
72 279
72 292
72 306
279 134
279 53
279 143
279 207
306 52
97 244
97 308
97 180
97 192
97 105
97 143
97 203
143 194
143 157
143 213
143 191
143 85
143 65
143 262
143 289
207 185
237 67
237 274
237 7
237 90
237 12
237 15
237 28
237 31
237 87
237 89
237 102
237 151
237 178
237 188
237 264
237 327
335 134
335 259
335 28
335 192
335 77
335 124
335 276
335 314
194 1
194 65
194 85
194 216
194 255
71 175
71 281
71 322
71 141
71 149
71 216
71 305
71 263
71 292
71 81
71 287
71 301
71 142
71 94
71 53
90 7
90 309
92 149
92 35
92 24
92 293
92 301
151 40
151 146
151 253
151 27
151 20
151 117
151 260
156 175
156 261
156 23
156 177
156 265
156 274
156 57
156 228
156 141
156 149
156 216
156 180
156 35
156 46
156 102
156 80
156 122
156 142
156 170
156 208
156 212
156 231
156 263
156 301
156 333
156 337
199 272
199 183
256 224
256 192
256 105
256 45
256 77
256 124
256 163
256 276
267 175
267 138
267 203
267 115
267 233
272 183
301 274
301 120
301 48
301 46
301 81
301 212
301 80
301 293
308 8
308 224
308 28
308 38
308 52
308 56
308 101
308 128
308 138
308 168
308 220
308 231
308 284
308 327
196 10
196 7
196 26
196 63
196 130
196 146
196 158
196 278
196 290
196 297
196 332
196 334
23 6
23 35
23 46
23 107
23 149
23 235
23 263
221 300
300 270
300 286
310 284
310 36
310 309
310 43
310 104
310 228
310 22
310 33
310 53
310 81
310 147
310 200
310 220
310 270
310 294
40 3
40 12
40 36
40 49
40 172
40 173
40 232
40 275
40 290
40 295
40 322
77 163
77 276
89 14
89 70
89 264
89 248
89 43
89 63
89 84
89 101
89 183
89 227
89 236
89 245
232 315
232 328
232 115
268 9
268 56
268 137
268 226
268 284
277 74
277 150
39 211
93 5
93 37
93 56
93 107
93 108
53 328
175 7
175 50
175 94
175 191
175 209
175 261
175 292
7 240
7 14
7 83
7 108
7 154
7 157
7 171
7 213
7 259
50 274
50 35
50 292
50 81
50 212
50 80
50 231
50 239
94 149
94 109
94 122
94 271
94 287
94 330
94 99
94 316
191 67
191 83
191 70
191 32
191 33
191 43
191 85
191 253
191 269
191 309
209 309
209 270
209 137
261 120
261 280
261 292
292 26
292 83
292 317
292 146
292 120
292 322
292 142
292 231
292 239
292 249
292 280
65 213
65 255
65 73
85 264
85 328
216 222
216 228
216 16
216 35
216 99
216 255
216 305
255 213
120 12
120 81
120 91
120 201
120 273
120 280
120 333
280 274
280 235
280 193
280 99
45 192
45 105
10 4
10 8
10 19
10 87
10 146
10 157
10 315
19 4
19 87
19 146
19 162
19 188
19 240
19 315
95 43
95 176
146 240
146 265
146 317
146 8
146 28
146 137
146 167
146 212
146 231
146 264
162 4
162 188
162 215
192 26
192 180
192 105
192 163
192 203
192 314
315 88
315 87
315 20
315 69
315 91
315 129
315 313
338 88
338 134
338 287
338 101
66 105
264 274
264 83
264 157
264 259
264 317
264 8
264 57
264 69
264 124
264 138
264 139
264 141
264 142
264 164
264 167
264 189
264 226
264 233
264 270
264 296
62 21
62 52
57 8
57 63
57 155
57 180
57 226
57 278
3 197
3 244
3 318
197 123
197 180
244 203
318 183
318 325
12 290
12 15
12 36
12 167
12 248
12 297
12 309
12 322
36 20
36 63
36 243
36 253
36 275
36 297
36 322
49 265
49 130
49 160
172 322
172 84
172 147
172 183
172 195
173 61
173 236
173 324
275 108
275 322
275 331
275 33
275 61
275 236
275 118
275 165
275 227
275 307
275 311
290 26
290 8
290 63
290 167
290 189
290 218
290 322
295 322
295 321
322 218
322 270
322 332
123 336
123 134
123 259
123 131
180 74
180 109
180 168
180 337
206 231
231 134
231 265
231 171
231 259
231 317
231 124
231 58
231 239
231 273
203 157
203 138
203 81
183 157
183 238
183 138
4 240
240 15
240 22
240 174
240 215
8 157
8 317
8 70
8 106
8 224
87 141
157 265
157 63
157 104
157 138
157 238
157 317
188 309
188 313
15 22
15 27
15 86
15 189
15 211
15 302
22 309
22 328
174 320
174 281
174 284
174 287
174 113
5 67
67 18
67 43
67 70
67 154
67 218
67 227
67 309
18 161
43 14
43 26
43 101
43 139
43 164
43 204
43 218
43 245
70 317
70 32
70 44
70 69
70 104
70 226
70 328
154 14
154 33
154 159
154 165
154 294
154 323
154 331
218 14
218 248
218 131
218 137
227 245
227 101
227 204
227 246
227 324
309 14
309 26
309 28
309 294
309 313
56 281
107 9
107 163
108 33
108 331
222 316
316 305
316 170
316 122
316 271
316 80
316 58
316 99
6 88
6 265
6 274
88 35
88 42
88 69
88 91
88 129
88 131
88 141
88 287
265 177
265 28
265 81
265 161
265 200
265 202
265 213
265 226
265 247
265 259
265 284
265 317
274 35
274 80
274 99
274 142
274 193
274 228
274 235
274 337
35 177
35 317
35 281
35 228
35 149
35 305
35 42
35 69
35 81
35 109
35 122
35 124
35 129
35 235
35 287
35 330
35 337
46 102
46 263
149 228
149 16
149 48
149 80
149 81
149 142
149 305
235 177
235 281
235 109
235 287
235 337
263 305
263 81
263 122
42 281
69 177
69 317
69 106
69 281
69 104
69 328
69 226
69 44
69 131
69 160
69 313
91 278
91 101
91 84
91 147
91 201
129 317
129 281
129 220
129 160
129 287
129 293
131 177
131 317
131 133
131 287
131 313
141 83
141 16
141 142
141 333
287 177
287 220
287 38
287 147
287 160
287 239
134 130
134 148
134 259
134 284
130 320
130 220
130 38
148 220
259 14
259 26
259 28
259 317
284 9
284 96
284 128
177 28
177 247
177 281
177 313
28 33
28 63
28 81
28 104
28 139
28 144
28 164
28 212
28 247
247 164
247 223
281 9
281 84
281 147
281 220
281 313
313 317
313 211
313 200
44 317
52 21
52 74
161 164
226 33
317 104
317 212
317 328
81 228
81 142
81 333
200 83
80 122
80 330
80 142
99 305
99 122
99 271
99 330
99 337
99 193
142 48
142 337
193 271
193 337
228 14
228 48
228 122
228 239
228 276
228 330
337 305
337 278
337 122
337 58
337 133
14 26
14 104
14 238
14 253
83 212
83 253
83 294
171 144
171 167
171 291
26 104
26 106
26 238
26 253
26 270
26 331
238 138
253 297
253 20
253 243
253 260
253 266
253 302
106 273
106 332
270 328
270 139
270 212
331 61
331 236
331 311
331 332
102 236
102 332
119 333
195 84
195 147
278 27
278 25
278 84
212 248
212 63
212 61
212 118
294 269
294 84
33 328
33 61
33 236
33 307
159 311
165 323
323 132
323 283
63 167
63 137
63 144
144 334
167 205
167 245
291 205
297 20
297 27
297 258
332 321
332 111
31 105
327 9
328 220
224 124
30 152
30 189
152 189
189 27
155 182
124 276
233 182
296 61
296 324
333 293
38 168
38 96
101 245
101 204
168 25
220 25
220 198
84 147
20 27
20 117
20 243
20 245
258 234
258 289
236 311
27 117
27 243
86 111
211 299
302 260
245 204
204 246
204 324
48 16
48 305
122 271
276 208
330 319
260 266
16 126
16 305
126 82
305 58
305 109
305 271
58 271
74 21
208 76
249 64
198 214
61 307
307 118
307 135
118 324
160 113
324 246
176 55
176 285
55 285
