268
141
244
238
72
56
210
109
292
212
240
284
328
68
256
222
102
290
119
126
8
169
323
166
330
55
142
215
14
32
232
275
213
302
287
333
176
71
148
208
372
165
365
23
245
303
195
57
158
10
348
242
46
75
231
48
286
243
366
253
247
29
225
373
358
117
288
209
334
350
181
235
368
204
45
224
377
41
101
223
22
211
217
167
3
17
37
216
47
175
40
367
9
11
329
356
163
120
51
359
218
267
78
15
143
100
59
276
66
30
74
58
280
271
76
149
270
31
110
200
310
42
67
34
36
221
293
65
20
340
122
269
21
248
139
241
144
128
35
49
339
229
331
80
127
332
194
230
33
150
291
171
99
347
327
369
182
357
274
304
228
69
246
378
50
214
349
16
360
125
364
168
279
118
60
70
289
164
326
193
44
180
43
4
363
79
77
121
322
