1042
197
1084
688
1072
691
660
807
904
438
808
386
905
989
460
1083
91
101
895
346
899
125
973
4
213
802
758
533
329
721
617
105
668
732
60
929
236
158
473
1098
3
428
875
923
157
508
559
166
1052
885
414
108
391
707
616
452
795
595
724
603
1092
369
1086
316
558
325
983
467
604
170
193
700
941
837
1128
1039
194
389
936
1111
388
109
366
996
144
1064
268
1102
253
381
955
275
622
72
572
920
846
283
727
326
449
785
1056
330
799
642
155
1116
679
1063
922
417
596
557
653
770
841
475
215
350
977
476
1104
214
45
472
228
566
556
54
1110
317
882
501
1050
584
385
465
1013
517
84
1120
818
221
921
600
270
742
942
774
806
502
521
234
607
19
867
694
297
319
634
322
787
343
626
1100
397
823
898
273
182
852
635
703
995
658
264
571
110
479
1081
318
437
167
986
248
1073
1018
960
129
811
814
1117
927
1047
95
687
1019
493
202
735
516
1020
862
1099
1012
260
586
116
810
392
71
469
786
632
226
842
975
850
250
683
865
342
26
767
111
967
733
981
528
678
50
424
764
32
919
844
1080
789
246
537
912
49
1040
222
860
209
659
579
38
686
620
471
725
573
184
499
624
426
1131
42
410
924
251
187
675
644
56
925
117
615
968
734
826
249
162
1119
231
701
859
291
813
507
58
682
804
744
966
731
186
454
819
282
1095
354
870
951
803
1122
504
165
457
279
726
503
224
200
500
39
834
610
1024
374
68
481
1046
150
483
978
490
943
217
442
1077
535
299
292
383
185
336
1114
958
1036
952
474
491
1005
486
75
52
37
13
654
180
1109
459
1031
102
323
25
494
893
791
31
1069
783
636
328
598
736
549
1038
1113
720
574
602
519
324
621
990
70
203
1016
272
1049
536
151
756
175
278
567
890
656
1075
106
240
1055
531
333
776
712
843
241
309
266
662
527
674
118
277
152
650
1066
1061
522
948
845
739
962
779
90
395
179
163
375
743
564
713
696
232
47
599
229
695
143
631
55
529
372
28
205
848
959
1108
61
680
906
970
1035
839
690
903
492
547
440
585
370
681
710
223
854
1129
762
645
1006
119
448
801
258
254
1026
1088
647
41
714
544
800
1032
670
456
828
931
1112
1010
94
911
938
408
280
74
432
589
30
608
23
740
192
379
247
407
219
796
181
364
835
509
1037
302
416
293
746
1015
684
994
563
305
8
998
747
2
794
1014
1051
1090
201
1057
526
294
1028
648
655
939
35
349
935
425
401
127
750
362
337
896
495
1045
1106
1118
415
345
663
812
320
198
667
902
92
439
1002
97
33
976
1124
992
133
177
9
422
77
142
997
434
146
435
553
447
754
332
908
1009
881
759
289
1125
405
73
85
698
149
619
384
338
1048
945
612
1059
891
183
1127
233
830
301
464
204
0
100
274
53
565
161
451
510
704
123
560
614
934
872
809
271
1123
263
306
765
792
638
592
1094
587
961
755
195
876
541
348
311
189
745
790
988
373
124
1101
822
832
46
609
176
463
540
949
838
1076
430
525
227
964
672
661
1130
398
576
829
836
331
188
821
1096
419
480
96
211
488
65
917
918
485
265
431
63
1079
561
344
1065
728
570
406
218
1033
368
421
