334
1069
1120
822
898
691
1079
557
1016
741
834
73
1054
87
934
681
232
558
426
265
690
125
973
4
118
544
958
1009
97
1030
85
680
490
663
1130
187
693
260
448
1098
142
607
127
876
440
999
559
1073
632
895
1032
350
10
3
547
864
136
653
143
494
915
202
862
75
728
325
436
792
405
1096
1013
893
31
871
303
1039
389
289
1049
1080
1068
585
366
358
911
116
268
716
105
524
291
172
622
183
790
972
101
727
860
204
1129
169
114
802
782
185
584
51
883
480
96
461
233
92
808
76
408
286
215
40
1084
401
137
737
226
369
451
566
181
1071
1110
317
882
1002
764
331
351
551
776
58
1033
666
507
910
115
297
447
419
677
382
762
736
521
390
901
234
109
271
637
199
574
533
820
818
309
1128
516
913
1024
755
330
313
349
813
42
995
803
561
724
479
1065
624
933
167
923
248
904
1018
379
314
831
388
589
927
434
95
583
261
580
341
735
600
323
53
306
283
1083
586
640
250
704
965
249
70
852
1113
844
464
816
1047
683
211
541
421
453
872
117
190
684
311
678
272
99
806
32
1118
194
1052
907
549
921
725
1042
1040
989
661
542
432
1029
1102
488
517
699
1021
639
977
104
493
996
442
399
611
1111
951
787
986
644
56
805
842
615
129
646
1078
138
343
111
1114
701
473
14
207
228
879
660
0
609
429
603
12
838
224
902
344
1124
870
71
767
651
841
463
1035
279
34
180
662
1020
201
1095
29
610
218
1123
159
481
193
843
5
417
789
963
191
397
1077
535
476
700
383
1125
282
703
146
830
121
241
345
563
759
931
52
122
13
1082
119
975
926
472
356
157
771
866
188
791
912
357
721
158
731
598
1117
305
220
1010
707
477
406
205
459
84
604
826
539
772
243
658
981
213
435
1066
342
634
570
836
626
797
732
917
531
992
333
153
182
326
398
1121
189
443
577
528
318
152
285
212
627
522
1085
845
438
300
536
90
387
572
163
553
26
564
1122
696
508
39
599
466
270
922
336
348
529
587
373
403
161
38
402
555
919
906
970
491
959
652
1023
219
697
920
192
456
1045
710
251
668
275
354
645
295
376
679
274
258
254
460
176
581
144
804
1100
641
1057
392
515
796
439
506
231
873
606
938
1012
370
512
747
595
30
859
709
740
155
1058
954
1064
832
177
608
20
505
509
278
636
416
758
499
8
196
994
903
745
1116
878
139
2
682
961
495
742
236
455
648
819
614
854
655
887
171
329
618
814
807
525
457
362
337
240
686
316
503
72
899
424
368
734
394
60
667
738
1027
812
501
896
132
257
890
713
983
1088
9
935
945
78
262
746
374
483
695
280
966
633
849
15
45
412
299
940
997
1086
449
698
292
1107
487
909
1048
106
364
24
486
200
576
41
492
513
538
612
714
68
170
1131
565
848
474
510
79
123
338
1015
846
184
590
423
77
94
294
124
743
937
414
1094
504
422
273
1132
1050
290
750
526
671
197
467
428
242
562
178
794
672
1105
766
990
386
801
885
415
955
1108
800
978
730
619
980
62
1075
63
37
941
867
1026
720
1014
441
875
821
49
942
1067
617
186
1006
80
918
591
519
1004
949
976
888
647
1101
785
1081
319
929
