0 553
553 4
553 30
553 46
553 59
553 81
553 84
553 109
553 155
553 303
553 401
553 442
553 465
553 512
553 513
553 522
553 526
553 618
553 794
4 30
4 59
4 155
4 442
4 526
4 794
30 46
30 59
30 84
30 155
30 303
30 401
30 442
30 465
30 513
30 522
30 526
30 618
30 794
46 155
46 442
46 526
46 794
46 84
46 465
46 513
46 618
59 81
59 155
59 303
59 401
59 442
59 465
59 512
59 513
59 522
59 526
59 618
59 794
81 155
81 442
81 526
81 794
81 10
81 84
81 106
81 127
81 280
81 303
81 417
81 503
81 509
81 512
81 513
81 521
81 571
81 587
81 618
81 651
81 702
81 721
81 749
84 155
84 442
84 526
84 794
84 24
84 31
84 34
84 50
84 62
84 131
84 228
84 238
84 303
84 370
84 389
84 401
84 443
84 465
84 493
84 499
84 512
84 513
84 522
84 523
84 535
84 540
84 549
84 618
84 676
84 682
109 155
155 57
155 126
155 230
155 401
155 442
155 465
155 512
155 513
155 522
155 526
155 537
155 549
155 618
155 794
303 442
303 526
303 794
303 465
303 513
303 618
303 401
303 522
401 442
401 526
401 794
401 513
401 618
401 115
401 349
401 512
401 522
401 662
442 465
442 512
442 513
442 522
442 526
442 618
442 794
465 526
465 794
465 24
465 31
465 131
465 238
465 370
465 389
465 50
465 228
465 443
465 493
465 512
465 513
465 523
465 535
465 540
465 549
465 618
465 676
465 682
512 526
512 794
512 618
512 522
513 526
513 794
513 24
513 31
513 131
513 389
513 34
513 50
513 62
513 228
513 443
513 493
513 499
513 523
513 535
513 540
513 549
513 566
513 618
513 676
513 682
522 526
522 794
522 618
526 618
526 794
618 794
618 24
618 31
618 131
618 238
618 370
618 389
618 549
618 34
618 50
618 62
618 228
618 443
618 493
618 499
618 523
618 535
618 566
618 676
618 682
1 146
1 399
146 104
146 332
146 365
146 399
146 492
146 757
104 61
104 492
365 29
365 301
365 61
365 492
365 495
365 547
365 625
365 656
492 61
492 495
757 11
757 66
757 105
757 116
757 126
757 158
757 221
757 397
757 414
757 426
757 483
757 581
757 602
757 686
757 724
2 17
2 54
2 67
2 90
2 192
2 202
2 229
2 299
2 415
2 416
2 476
2 514
2 573
2 610
2 617
2 670
2 674
2 743
2 776
17 16
17 54
17 56
17 67
17 75
17 90
17 154
17 192
17 194
17 200
17 202
17 249
17 260
17 262
17 271
17 277
17 281
17 285
17 298
17 318
17 327
17 356
17 368
17 403
17 416
17 447
17 508
17 519
17 530
17 555
17 573
17 599
17 610
17 660
17 670
17 674
17 698
17 706
17 743
17 744
17 776
17 789
54 56
54 67
54 192
54 202
54 368
54 403
54 415
54 447
54 519
54 555
54 573
54 604
54 610
54 642
54 670
54 698
54 706
54 743
54 776
67 16
67 56
67 90
67 107
67 154
67 192
67 200
67 202
67 249
67 260
67 262
67 271
67 281
67 285
67 298
67 327
67 356
67 361
67 368
67 403
67 415
67 447
67 519
67 530
67 533
67 555
67 573
67 604
67 610
67 642
67 670
67 698
67 706
67 776
67 789
90 16
90 56
90 154
90 192
90 200
90 202
90 249
90 260
90 262
90 285
90 298
90 318
90 368
90 403
90 415
90 416
90 447
90 476
90 519
90 555
90 573
90 604
90 610
90 642
90 660
90 670
90 674
90 698
90 706
90 735
90 743
90 776
90 789
192 16
192 56
192 154
192 200
192 202
192 231
192 249
192 260
192 262
192 298
192 318
192 327
192 356
192 368
192 403
192 415
192 416
192 447
192 519
192 555
192 573
192 575
192 604
192 610
192 642
192 670
192 674
192 698
192 706
192 743
192 776
192 789
202 16
202 56
202 154
202 194
202 200
202 249
202 260
202 262
202 271
202 281
202 285
202 298
202 318
202 326
202 356
202 361
202 362
202 368
202 400
202 403
202 415
202 447
202 476
202 519
202 555
202 573
202 604
202 610
202 642
202 660
202 670
202 698
202 706
202 743
202 744
202 776
202 789
229 138
229 415
229 476
299 76
299 138
299 415
299 488
299 670
415 16
415 56
415 138
415 154
415 271
415 293
415 318
415 403
415 514
415 519
415 573
415 575
415 604
415 610
415 642
415 670
415 674
415 706
415 717
415 743
415 776
416 16
416 75
416 76
416 99
416 102
416 118
416 123
416 129
416 142
416 164
416 167
416 174
416 194
416 195
416 208
416 218
416 222
416 224
416 262
416 269
416 271
416 277
416 285
416 293
416 300
416 305
416 318
416 326
416 338
416 344
416 350
416 361
416 368
416 382
416 447
416 449
416 451
416 466
416 470
416 476
416 488
416 506
416 519
416 532
416 539
416 541
416 559
416 564
416 573
416 586
416 594
416 599
416 602
416 604
416 610
416 617
416 626
416 641
416 644
416 646
416 655
416 657
416 670
416 674
416 688
416 691
416 698
416 706
416 725
416 743
416 744
416 768
416 770
416 776
476 16
476 74
476 76
476 99
476 118
476 119
476 123
476 138
476 142
476 164
476 194
476 195
476 222
476 262
476 277
476 285
476 293
476 300
476 305
476 318
476 326
476 338
476 341
476 344
476 350
476 353
476 361
476 372
476 421
476 432
476 444
476 451
476 464
476 466
476 470
476 488
476 489
476 501
476 506
476 532
476 539
476 564
476 573
476 593
476 599
476 602
476 604
476 617
476 626
476 641
476 646
476 669
476 670
476 674
476 677
476 688
476 691
476 704
476 717
476 725
476 744
476 770
476 776
573 16
573 38
573 75
573 76
573 99
573 102
573 103
573 118
573 123
573 124
573 142
573 164
573 167
573 187
573 194
573 195
573 208
573 218
573 222
573 224
573 236
573 255
573 262
573 271
573 277
573 285
573 293
573 300
573 305
573 318
573 326
573 338
573 341
573 344
573 350
573 353
573 368
573 372
573 373
573 402
573 403
573 421
573 425
573 432
573 440
573 444
573 446
573 449
573 464
573 466
573 470
573 488
573 491
573 501
573 506
573 519
573 530
573 539
573 559
573 564
573 586
573 593
573 597
573 602
573 604
573 610
573 626
573 635
573 641
573 655
573 657
573 670
573 677
573 688
573 691
573 694
573 698
573 706
573 717
573 734
573 741
573 744
573 770
573 776
610 604
610 16
610 56
610 154
610 194
610 200
610 249
610 260
610 262
610 285
610 298
610 318
610 356
610 368
610 403
610 447
610 519
610 530
610 555
610 575
610 642
610 670
610 674
610 698
610 706
610 743
610 776
610 789
617 16
617 76
617 269
617 271
617 285
617 293
617 670
617 674
617 776
617 793
670 604
670 16
670 45
670 56
670 76
670 103
670 118
670 123
670 142
670 154
670 167
670 174
670 190
670 194
670 195
670 200
670 249
670 269
670 271
670 277
670 285
670 293
670 298
670 307
670 318
670 341
670 344
670 350
670 353
670 361
670 368
670 378
670 403
670 447
670 451
670 464
670 488
670 519
670 530
670 541
670 555
670 564
670 602
670 607
670 642
670 657
670 674
670 691
670 706
670 725
670 743
670 744
670 750
670 768
670 770
670 776
670 789
674 604
674 76
674 269
674 271
674 361
674 362
674 368
674 403
674 488
674 642
674 698
674 743
674 776
743 604
743 16
743 56
743 154
743 200
743 249
743 260
743 262
743 271
743 281
743 298
743 327
743 368
743 403
743 447
743 519
743 555
743 642
743 698
743 706
743 776
743 789
776 604
776 16
776 75
776 154
776 194
776 262
776 271
776 285
776 298
776 361
776 368
776 403
776 447
776 464
776 519
776 530
776 555
776 642
776 660
776 698
776 706
16 604
16 451
16 277
16 655
16 99
16 118
16 184
16 218
16 350
16 353
16 421
16 489
16 491
16 602
16 725
16 27
16 52
16 75
16 103
16 123
16 124
16 142
16 154
16 187
16 194
16 195
16 208
16 222
16 224
16 236
16 255
16 271
16 281
16 285
16 293
16 300
16 305
16 318
16 323
16 326
16 338
16 341
16 344
16 356
16 368
16 372
16 402
16 403
16 432
16 433
16 434
16 440
16 444
16 446
16 447
16 449
16 464
16 470
16 488
16 501
16 506
16 519
16 530
16 539
16 586
16 593
16 597
16 599
16 626
16 635
16 642
16 646
16 669
16 677
16 685
16 691
16 694
16 698
16 706
16 717
16 728
16 734
16 741
16 744
16 754
16 770
16 790
56 604
56 154
56 262
56 403
56 447
56 519
56 642
56 698
56 706
56 200
56 249
56 555
56 789
75 604
75 277
75 532
75 99
75 118
75 218
75 350
75 489
75 602
75 725
75 80
75 123
75 124
75 142
75 164
75 194
75 195
75 222
75 224
75 271
75 293
75 305
75 326
75 338
75 344
75 372
75 373
75 402
75 433
75 444
75 449
75 470
75 488
75 506
75 564
75 599
75 641
75 646
75 677
75 691
75 694
75 704
75 744
75 770
154 604
154 200
154 231
154 249
154 260
154 262
154 271
154 281
154 285
154 298
154 356
154 403
154 447
154 519
154 555
154 575
154 642
154 698
154 706
154 735
154 789
194 604
194 451
194 129
194 167
194 277
194 532
194 99
194 118
194 218
194 350
194 353
194 421
194 489
194 602
194 123
194 124
194 142
194 74
194 164
194 222
194 224
194 236
194 255
194 262
194 271
194 281
194 285
194 291
194 293
194 318
194 326
194 338
194 341
194 356
194 402
194 432
194 434
194 438
194 446
194 449
194 464
194 470
194 488
194 501
194 506
194 539
194 564
194 586
194 597
194 599
194 626
194 644
194 646
194 691
194 698
194 704
194 717
194 744
194 770
200 604
200 262
200 285
200 368
200 403
200 447
200 519
200 642
200 698
200 706
200 107
200 231
200 249
200 260
200 298
200 555
200 789
249 604
249 262
249 368
249 403
249 447
249 519
249 642
249 698
249 706
249 231
249 298
249 327
249 555
260 403
260 447
260 519
260 642
260 698
260 706
260 107
260 298
260 533
260 789
262 604
262 76
262 95
262 271
262 285
262 298
262 368
262 403
262 447
262 519
262 539
262 555
262 698
262 706
262 729
262 736
262 744
262 756
262 795
271 604
271 451
271 167
271 277
271 655
271 76
271 118
271 218
271 350
271 353
271 421
271 602
271 725
271 103
271 123
271 142
271 187
271 224
271 74
271 164
271 274
271 285
271 293
271 300
271 318
271 338
271 341
271 344
271 361
271 368
271 372
271 373
271 402
271 432
271 446
271 449
271 464
271 470
271 488
271 501
271 506
271 539
271 555
271 586
271 593
271 597
271 599
271 626
271 641
271 642
271 646
271 657
271 669
271 677
271 688
271 698
271 717
271 719
271 741
271 744
271 754
271 770
277 7
277 44
277 93
277 167
277 74
277 80
277 99
277 102
277 103
277 118
277 123
277 124
277 142
277 164
277 184
277 195
277 218
277 222
277 224
277 269
277 300
277 305
277 341
277 344
277 350
277 353
277 372
277 421
277 444
277 446
277 449
277 464
277 488
277 489
277 501
277 532
277 539
277 564
277 586
277 593
277 596
277 597
277 599
277 602
277 621
277 626
277 641
277 646
277 655
277 657
277 677
277 685
277 688
277 691
277 694
277 698
277 717
277 725
277 744
277 768
277 770
281 207
281 285
281 318
281 338
281 356
281 403
281 447
281 519
281 555
281 556
281 599
281 706
281 728
285 76
285 174
285 184
285 307
285 350
285 353
285 400
285 421
285 544
285 590
285 602
285 607
285 224
285 121
285 164
285 269
285 291
285 318
285 338
285 356
285 361
285 368
285 488
285 519
285 698
285 744
285 770
298 604
298 368
298 403
298 447
298 519
298 642
298 698
298 706
298 107
298 533
298 555
318 604
318 207
318 338
318 368
318 519
318 556
318 706
318 728
327 368
327 447
327 519
327 698
327 706
327 555
327 789
356 447
356 519
356 555
356 706
356 728
368 604
368 361
368 403
368 447
368 519
368 555
368 657
368 660
368 698
368 706
368 744
368 789
403 604
403 447
403 519
403 555
403 642
403 698
403 706
403 789
447 604
447 231
447 519
447 555
447 642
447 698
447 706
447 789
508 698
508 789
519 604
519 107
519 231
519 533
519 555
519 599
519 642
519 698
519 706
519 789
530 604
530 657
530 698
530 789
555 604
555 642
555 698
555 706
555 107
555 231
555 533
555 789
599 604
599 532
599 655
599 99
599 184
599 218
599 350
599 353
599 421
599 489
599 602
599 52
599 103
599 123
599 124
599 142
599 208
599 224
599 236
599 255
599 293
599 300
599 305
599 323
599 341
599 344
599 372
599 432
599 444
599 446
599 449
599 464
599 470
599 488
599 501
599 506
599 539
599 586
599 593
599 597
599 74
599 78
599 117
599 164
599 219
599 373
599 431
599 438
599 466
599 589
599 626
599 635
599 641
599 646
599 669
599 677
599 685
599 688
599 691
599 698
599 704
599 717
599 734
599 741
599 744
599 768
599 770
599 771
660 488
698 604
698 76
698 174
698 488
698 564
698 593
698 642
698 657
698 269
698 361
698 706
698 789
706 604
706 642
706 231
706 575
706 789
744 604
744 451
744 129
744 532
744 596
744 655
744 76
744 99
744 118
744 350
744 353
744 489
744 602
744 725
744 123
744 142
744 187
744 195
744 222
744 224
744 305
744 326
744 338
744 344
744 449
744 488
744 506
744 539
744 564
744 593
744 597
744 626
744 646
744 102
744 164
744 176
744 190
744 274
744 361
744 466
744 541
744 572
744 594
744 641
744 644
744 768
744 770
744 793
789 604
789 642
604 74
604 76
604 118
604 123
604 164
604 195
604 222
604 293
604 341
604 344
604 361
604 402
604 421
604 449
604 464
604 488
604 489
604 506
604 539
604 564
604 593
604 602
604 641
604 642
604 657
604 725
604 770
107 533
361 45
361 174
361 307
361 377
361 378
361 421
361 459
361 590
361 607
361 750
361 123
361 121
361 541
326 596
326 118
326 184
326 489
326 491
326 559
326 300
326 344
326 433
326 520
326 539
326 586
326 717
326 728
400 11
400 45
400 76
400 99
400 158
400 174
400 221
400 243
400 307
400 350
400 376
400 377
400 378
400 395
400 121
400 414
400 459
400 541
400 590
400 602
400 607
400 650
400 725
400 738
400 750
76 129
76 167
76 11
76 38
76 45
76 55
76 66
76 27
76 99
76 103
76 118
76 123
76 156
76 158
76 164
76 174
76 195
76 201
76 208
76 218
76 221
76 239
76 243
76 256
76 269
76 283
76 293
76 305
76 307
76 350
76 353
76 376
76 377
76 378
76 382
76 395
76 397
76 414
76 421
76 459
76 466
76 470
76 483
76 488
76 539
76 541
76 544
76 559
76 564
76 581
76 590
76 593
76 597
76 602
76 607
76 631
76 641
76 650
76 690
76 724
76 725
76 738
76 750
76 754
76 770
488 451
488 99
488 118
488 218
488 350
488 421
488 489
488 491
488 602
488 725
488 27
488 123
488 142
488 195
488 224
488 236
488 293
488 300
488 305
488 341
488 344
488 372
488 402
488 432
488 444
488 449
488 464
488 470
488 121
488 164
488 269
488 339
488 453
488 466
488 506
488 539
488 564
488 593
488 626
488 646
488 677
488 688
488 691
488 694
488 717
488 734
488 741
488 770
293 451
293 532
293 118
293 218
293 350
293 353
293 489
293 602
293 725
293 103
293 123
293 187
293 195
293 222
293 102
293 164
293 190
293 300
293 341
293 373
293 449
293 464
293 466
293 506
293 539
293 626
293 641
293 646
293 678
293 691
293 719
293 754
293 770
717 99
717 118
717 184
717 218
717 350
717 421
717 489
717 559
717 602
717 725
717 103
717 123
717 124
717 142
717 195
717 224
717 236
717 255
717 300
717 305
717 323
717 344
717 372
717 402
717 432
717 440
717 444
717 449
717 464
717 470
717 501
717 539
717 564
717 593
717 597
717 626
717 635
717 646
717 669
717 677
717 691
717 74
717 164
717 263
717 302
717 373
717 381
717 391
717 438
717 466
717 589
717 641
717 688
717 704
717 734
717 741
717 770
717 771
717 790
99 11
99 38
99 45
99 66
99 74
99 102
99 103
99 118
99 121
99 123
99 124
99 142
99 158
99 164
99 174
99 184
99 195
99 208
99 218
99 221
99 224
99 239
99 255
99 256
99 263
99 283
99 296
99 300
99 305
99 307
99 323
99 328
99 341
99 344
99 350
99 353
99 372
99 373
99 378
99 382
99 391
99 397
99 402
99 410
99 414
99 421
99 426
99 432
99 440
99 444
99 449
99 454
99 459
99 464
99 466
99 470
99 489
99 491
99 501
99 506
99 539
99 544
99 559
99 564
99 584
99 589
99 590
99 593
99 597
99 626
99 635
99 641
99 647
99 650
99 677
99 679
99 690
99 691
99 704
99 724
99 725
99 734
99 738
99 741
99 750
99 770
99 790
102 118
102 218
102 489
102 491
102 602
102 725
102 300
102 305
102 341
102 344
102 372
102 432
102 464
102 470
102 539
102 593
102 635
102 646
102 691
102 770
102 381
102 647
118 532
118 11
118 45
118 55
118 27
118 74
118 103
118 123
118 142
118 164
118 184
118 195
118 208
118 218
118 219
118 224
118 236
118 255
118 270
118 296
118 305
118 323
118 341
118 344
118 350
118 353
118 372
118 373
118 391
118 402
118 421
118 432
118 438
118 440
118 444
118 446
118 464
118 466
118 470
118 489
118 491
118 501
118 506
118 539
118 541
118 564
118 589
118 593
118 597
118 602
118 626
118 641
118 677
118 688
118 691
118 704
118 725
118 734
118 741
118 770
123 532
123 38
123 158
123 184
123 218
123 221
123 243
123 256
123 307
123 350
123 353
123 414
123 421
123 489
123 602
123 607
123 690
123 725
123 750
123 27
123 103
123 74
123 121
123 124
123 156
123 164
123 195
123 208
123 224
123 236
123 237
123 255
123 300
123 305
123 341
123 344
123 372
123 373
123 382
123 391
123 402
123 440
123 444
123 449
123 464
123 466
123 470
123 490
123 501
123 506
123 539
123 541
123 597
123 635
123 641
123 646
123 669
123 688
123 691
123 704
123 770
129 451
129 44
129 18
129 23
129 33
129 91
129 161
129 167
129 174
129 196
129 259
129 266
129 269
129 278
129 379
129 644
129 655
129 657
129 713
129 754
142 167
142 532
142 655
142 184
142 218
142 350
142 353
142 421
142 489
142 491
142 602
142 103
142 124
142 74
142 117
142 164
142 195
142 219
142 222
142 224
142 236
142 255
142 263
142 300
142 305
142 323
142 341
142 344
142 372
142 373
142 381
142 391
142 432
142 438
142 440
142 444
142 446
142 449
142 464
142 470
142 501
142 564
142 589
142 593
142 597
142 626
142 635
142 641
142 646
142 657
142 669
142 677
142 685
142 688
142 691
142 734
142 741
142 770
164 38
164 174
164 218
164 307
164 350
164 421
164 489
164 491
164 602
164 725
164 103
164 124
164 195
164 208
164 224
164 236
164 300
164 305
164 323
164 341
164 344
164 372
164 402
164 432
164 440
164 444
164 449
164 464
164 470
164 501
164 506
164 539
164 564
164 593
164 597
164 626
164 635
164 646
164 669
164 677
164 691
164 741
164 770
164 373
164 382
164 438
164 466
164 541
164 589
164 647
164 688
164 768
167 451
167 7
167 44
167 93
167 269
167 353
167 596
167 644
167 655
167 657
167 685
174 11
174 38
174 45
174 55
174 66
174 195
174 208
174 218
174 221
174 239
174 243
174 269
174 283
174 305
174 307
174 350
174 353
174 376
174 377
174 378
174 395
174 414
174 459
174 466
174 470
174 483
174 489
174 541
174 564
174 590
174 602
174 607
174 631
174 641
174 650
174 690
174 724
174 725
174 738
174 750
174 768
195 532
195 45
195 184
195 218
195 350
195 414
195 421
195 489
195 491
195 559
195 602
195 724
195 725
195 103
195 124
195 74
195 208
195 224
195 236
195 255
195 296
195 300
195 305
195 341
195 344
195 373
195 382
195 402
195 432
195 444
195 464
195 466
195 470
195 506
195 539
195 564
195 593
195 597
195 626
195 641
195 646
195 677
195 688
195 691
195 704
195 734
195 741
195 768
195 770
208 45
208 184
208 218
208 350
208 421
208 489
208 602
208 725
208 103
208 124
208 74
208 224
208 300
208 305
208 341
208 344
208 372
208 373
208 402
208 432
208 444
208 466
208 470
208 539
208 593
208 626
208 677
208 678
208 688
208 691
208 741
208 770
218 11
218 66
218 184
218 103
218 124
218 221
218 224
218 236
218 242
218 255
218 300
218 305
218 307
218 323
218 341
218 344
218 350
218 372
218 373
218 391
218 402
218 421
218 432
218 438
218 440
218 444
218 446
218 449
218 454
218 464
218 466
218 470
218 489
218 491
218 506
218 539
218 564
218 589
218 593
218 597
218 602
218 626
218 635
218 641
218 646
218 647
218 669
218 677
218 688
218 691
218 734
218 738
218 741
218 770
218 790
222 451
222 532
222 187
222 274
224 38
224 66
224 105
224 184
224 221
224 256
224 328
224 421
224 454
224 489
224 491
224 559
224 590
224 602
224 725
224 103
224 124
224 74
224 219
224 236
224 255
224 263
224 300
224 305
224 323
224 341
224 344
224 372
224 373
224 391
224 402
224 432
224 438
224 440
224 441
224 444
224 446
224 449
224 464
224 466
224 470
224 501
224 506
224 539
224 564
224 589
224 593
224 597
224 626
224 635
224 641
224 646
224 669
224 677
224 688
224 691
224 734
224 741
224 770
224 771
224 790
269 44
269 602
269 405
269 518
269 615
269 793
300 532
300 184
300 421
300 489
300 491
300 559
300 602
300 725
300 103
300 124
300 255
300 74
300 219
300 296
300 305
300 323
300 341
300 344
300 372
300 373
300 382
300 402
300 432
300 438
300 440
300 444
300 449
300 464
300 466
300 470
300 501
300 506
300 539
300 564
300 589
300 593
300 597
300 626
300 635
300 641
300 646
300 677
300 688
300 694
300 741
300 768
300 770
300 790
300 797
305 532
305 45
305 184
305 221
305 350
305 414
305 421
305 489
305 491
305 602
305 725
305 27
305 103
305 255
305 74
305 121
305 219
305 263
305 270
305 296
305 323
305 341
305 344
305 373
305 382
305 402
305 432
305 438
305 440
305 444
305 449
305 464
305 466
305 470
305 501
305 506
305 539
305 541
305 564
305 589
305 593
305 597
305 626
305 635
305 641
305 646
305 647
305 669
305 677
305 688
305 691
305 734
305 741
305 790
338 207
338 291
338 344
338 556
338 646
338 728
338 754
344 184
344 350
344 421
344 489
344 491
344 602
344 725
344 124
344 236
344 255
344 323
344 341
344 242
344 263
344 270
344 372
344 373
344 381
344 391
344 402
344 432
344 438
344 440
344 444
344 449
344 464
344 466
344 470
344 501
344 506
344 539
344 564
344 589
344 593
344 597
344 626
344 635
344 641
344 646
344 669
344 677
344 688
344 691
344 694
344 704
344 734
344 771
344 790
350 451
350 655
350 11
350 45
350 105
350 158
350 184
350 221
350 243
350 256
350 307
350 27
350 103
350 121
350 124
350 236
350 302
350 353
350 372
350 377
350 378
350 382
350 402
350 414
350 421
350 432
350 444
350 449
350 464
350 466
350 483
350 489
350 490
350 491
350 506
350 539
350 541
350 559
350 564
350 590
350 593
350 597
350 602
350 603
350 635
350 641
350 646
350 650
350 677
350 688
350 690
350 691
350 724
350 725
350 734
350 738
350 741
350 750
350 768
350 770
382 602
382 725
382 750
382 236
382 564
382 691
382 770
382 641
382 296
449 353
449 421
449 602
449 725
449 27
449 103
449 236
449 255
449 341
449 372
449 402
449 432
449 444
449 446
449 74
449 207
449 219
449 373
449 464
449 466
449 470
449 506
449 539
449 564
449 593
449 597
449 626
449 635
449 641
449 646
449 669
449 677
449 685
449 688
449 691
449 694
449 704
449 734
449 768
451 5
451 162
451 297
451 7
451 27
451 44
451 93
451 289
451 342
451 532
451 596
451 655
451 726
451 769
451 792
466 38
466 45
466 184
466 421
466 602
466 725
466 103
466 236
466 372
466 402
466 432
466 444
466 470
466 506
466 564
466 593
466 597
466 626
466 646
466 691
466 741
466 770
466 74
466 121
466 373
466 688
470 532
470 184
470 221
470 283
470 307
470 353
470 395
470 414
470 421
470 489
470 491
470 590
470 602
470 725
470 750
470 103
470 236
470 255
470 323
470 341
470 372
470 402
470 432
470 444
470 446
470 464
470 43
470 74
470 121
470 219
470 270
470 324
470 373
470 391
470 438
470 501
470 506
470 539
470 564
470 589
470 593
470 597
470 626
470 635
470 641
470 646
470 677
470 688
470 691
470 704
470 734
470 741
470 770
470 771
470 790
506 532
506 725
506 103
506 236
506 255
506 341
506 372
506 444
506 464
506 501
506 74
506 373
506 539
506 593
506 635
506 646
506 677
506 688
506 691
506 734
506 741
506 770
532 7
532 80
532 176
532 190
532 236
532 274
532 372
532 421
532 489
532 491
532 564
532 588
532 691
532 704
532 719
532 734
532 770
539 655
539 184
539 307
539 421
539 559
539 602
539 725
539 103
539 124
539 236
539 341
539 372
539 432
539 444
539 464
539 501
539 121
539 373
539 564
539 593
539 626
539 635
539 641
539 646
539 677
539 688
539 691
539 741
539 770
541 45
541 353
541 377
541 378
541 414
541 421
541 459
541 491
541 590
541 602
541 607
541 725
541 738
541 641
541 121
559 11
559 221
559 426
559 491
559 52
559 103
559 402
559 432
559 594
559 602
559 691
559 725
559 797
564 307
564 353
564 421
564 489
564 602
564 607
564 725
564 750
564 103
564 124
564 236
564 323
564 372
564 402
564 432
564 433
564 444
564 464
564 501
564 74
564 121
564 296
564 373
564 593
564 597
564 626
564 635
564 641
564 646
564 677
564 688
564 691
564 704
564 734
564 741
564 770
586 52
586 78
594 489
594 491
594 602
594 103
594 770
602 11
602 38
602 45
602 66
602 105
602 221
602 239
602 243
602 256
602 283
602 307
602 328
602 353
602 376
602 377
602 378
602 395
602 397
602 414
602 421
602 426
602 454
602 459
602 483
602 489
602 491
602 544
602 581
602 590
602 52
602 103
602 121
602 124
602 219
602 236
602 255
602 296
602 302
602 323
602 341
602 372
602 373
602 402
602 432
602 438
602 440
602 444
602 464
602 501
602 589
602 593
602 597
602 603
602 607
602 626
602 635
602 641
602 644
602 646
602 647
602 650
602 657
602 669
602 677
602 686
602 688
602 690
602 691
602 694
602 724
602 725
602 734
602 738
602 741
602 750
602 754
602 768
602 770
602 797
626 421
626 454
626 489
626 725
626 103
626 124
626 236
626 323
626 341
626 372
626 402
626 432
626 440
626 464
626 501
626 74
626 219
626 263
626 373
626 431
626 438
626 589
626 635
626 641
626 646
626 669
626 677
626 688
626 691
626 741
626 770
641 158
641 184
641 221
641 421
641 489
641 607
641 650
641 690
641 725
641 750
641 27
641 103
641 124
641 236
641 372
641 402
641 432
641 444
641 464
641 593
641 597
641 646
641 677
641 691
641 741
641 770
641 121
641 373
641 438
641 644
641 688
641 768
644 596
644 421
644 725
644 27
644 453
644 170
646 184
646 421
646 489
646 491
646 725
646 103
646 124
646 236
646 255
646 341
646 372
646 402
646 440
646 444
646 464
646 501
646 593
646 597
646 635
646 74
646 263
646 373
646 391
646 589
646 669
646 688
646 691
646 704
646 734
646 741
646 770
646 790
655 44
655 93
655 346
655 596
655 353
657 346
657 353
657 40
657 113
657 137
657 141
657 148
657 189
657 279
657 319
657 394
657 634
657 715
657 767
657 778
657 787
688 421
688 489
688 725
688 103
688 323
688 341
688 372
688 402
688 432
688 444
688 464
688 593
688 597
688 635
688 677
688 691
688 734
688 741
688 770
688 156
688 179
688 494
688 373
688 438
688 589
691 184
691 421
691 489
691 491
691 725
691 103
691 124
691 236
691 255
691 323
691 341
691 372
691 402
691 432
691 440
691 444
691 464
691 501
691 593
691 597
691 635
691 669
691 677
691 74
691 237
691 296
691 373
691 438
691 589
691 678
691 679
691 704
691 734
691 741
691 770
725 11
725 38
725 45
725 184
725 221
725 243
725 283
725 307
725 353
725 377
725 378
725 421
725 483
725 650
725 690
725 27
725 103
725 121
725 341
725 402
725 593
725 597
725 677
725 734
725 738
725 768
725 770
768 103
768 187
768 190
768 274
768 425
768 572
768 588
768 719
770 184
770 421
770 489
770 491
770 103
770 124
770 236
770 255
770 323
770 341
770 372
770 402
770 432
770 440
770 444
770 464
770 501
770 593
770 597
770 635
770 669
770 677
770 694
770 734
770 741
770 74
770 80
770 373
770 438
770 704
770 790
74 184
74 421
74 491
74 103
74 124
74 236
74 341
74 372
74 402
74 432
74 444
74 446
74 464
74 593
74 597
74 677
74 456
74 679
74 797
119 187
119 153
119 190
119 203
119 274
119 294
119 304
119 448
119 458
119 548
119 588
119 636
341 184
341 421
341 489
341 491
341 103
341 124
341 236
341 323
341 100
341 270
341 372
341 373
341 402
341 432
341 438
341 444
341 464
341 501
341 635
341 647
341 669
341 677
341 704
341 734
341 741
341 797
353 11
353 38
353 45
353 158
353 184
353 221
353 239
353 243
353 256
353 283
353 307
353 27
353 121
353 124
353 156
353 210
353 236
353 376
353 377
353 378
353 414
353 421
353 426
353 432
353 483
353 490
353 491
353 590
353 593
353 597
353 607
353 650
353 678
353 690
353 724
353 738
353 750
372 184
372 421
372 489
372 491
372 103
372 124
372 236
372 255
372 323
372 43
372 117
372 219
372 263
372 270
372 373
372 391
372 402
372 432
372 438
372 440
372 444
372 464
372 501
372 589
372 593
372 597
372 635
372 669
372 677
372 704
372 734
372 741
372 771
372 790
421 11
421 184
421 414
421 103
421 124
421 236
421 296
421 323
421 402
421 432
421 444
421 464
421 489
421 544
421 590
421 597
421 669
421 677
421 738
421 741
432 184
432 489
432 491
432 103
432 124
432 323
432 402
432 219
432 373
432 464
432 593
432 597
432 677
444 184
444 489
444 491
444 103
444 124
444 236
444 255
444 323
444 402
444 440
444 242
444 270
444 373
444 381
444 391
444 438
444 464
444 501
444 589
444 597
444 635
444 669
444 677
444 704
444 734
444 771
444 790
464 184
464 489
464 491
464 103
464 124
464 236
464 323
464 402
464 446
464 219
464 270
464 296
464 373
464 501
464 589
464 597
464 669
464 677
464 694
464 704
464 734
464 741
464 771
489 11
489 66
489 105
489 158
489 184
489 221
489 307
489 328
489 414
489 103
489 117
489 124
489 323
489 373
489 402
489 438
489 440
489 491
489 589
489 593
489 597
489 635
489 669
489 677
489 724
489 734
489 741
501 184
501 103
501 124
501 236
501 255
501 323
501 402
501 434
501 440
501 373
501 391
501 584
501 589
501 593
501 597
501 621
501 635
501 669
501 741
501 790
593 184
593 491
593 103
593 124
593 236
593 255
593 323
593 402
593 440
593 121
593 211
593 268
593 324
593 373
593 391
593 494
593 589
593 597
593 635
593 643
593 669
593 677
593 734
593 741
593 790
669 184
669 103
669 124
669 255
669 323
669 402
669 440
669 635
669 263
669 373
669 391
669 589
669 677
669 741
669 771
677 184
677 491
677 103
677 124
677 255
677 323
677 402
677 440
677 635
677 219
677 373
677 589
677 734
677 741
677 790
704 402
704 597
704 734
704 296
38 11
38 45
38 55
38 66
38 105
38 156
38 158
38 221
38 243
38 256
38 307
38 378
38 397
38 414
38 426
38 483
38 544
38 581
38 590
38 607
38 690
38 724
38 750
103 66
103 158
103 184
103 221
103 256
103 307
103 377
103 491
103 121
103 124
103 236
103 270
103 323
103 373
103 391
103 438
103 440
103 453
103 589
103 597
103 635
103 694
103 734
103 741
103 790
124 184
124 491
124 236
124 270
124 323
124 402
124 440
124 635
124 679
124 741
187 153
187 176
187 190
187 203
187 274
187 425
187 565
187 588
187 719
236 184
236 491
236 607
236 750
236 323
236 373
236 402
236 440
236 635
236 734
236 790
255 184
255 219
255 263
255 323
255 373
255 391
255 402
255 446
255 597
255 635
255 741
255 790
373 184
373 402
373 440
373 597
373 635
373 741
373 790
373 219
373 242
373 263
373 339
373 438
373 584
373 589
402 184
402 323
402 80
402 117
402 296
402 438
402 440
402 446
402 589
402 597
402 635
402 694
402 734
402 741
402 771
425 190
425 588
440 184
440 323
440 263
440 391
440 438
440 589
440 597
440 635
440 741
446 597
446 685
491 11
491 105
491 158
491 184
491 221
491 328
491 414
491 483
491 296
491 597
491 724
491 734
491 741
597 184
597 221
597 454
597 483
597 724
597 323
597 589
597 635
597 741
635 184
635 323
635 219
635 391
635 438
635 589
635 741
694 678
694 734
734 296
734 453
734 741
741 184
741 454
741 323
741 263
741 296
741 391
741 438
741 589
741 771
741 790
793 405
45 11
45 66
45 121
45 156
45 158
45 201
45 221
45 239
45 243
45 256
45 283
45 307
45 377
45 378
45 395
45 397
45 414
45 459
45 483
45 544
45 590
45 603
45 607
45 631
45 650
45 690
45 724
45 738
45 750
190 153
190 176
190 274
190 565
190 572
190 588
190 719
307 11
307 55
307 66
307 158
307 221
307 239
307 243
307 256
307 283
307 121
307 376
307 377
307 378
307 395
307 397
307 459
307 483
307 490
307 544
307 590
307 607
307 690
307 738
307 750
378 11
378 55
378 66
378 126
378 158
378 201
378 221
378 239
378 243
378 256
378 376
378 377
378 395
378 397
378 414
378 459
378 483
378 544
378 590
378 603
378 607
378 650
378 690
378 724
378 738
378 750
607 11
607 55
607 158
607 221
607 239
607 243
607 256
607 376
607 377
607 395
607 414
607 459
607 544
607 590
607 121
607 650
607 690
607 738
607 750
750 11
750 55
750 66
750 158
750 221
750 239
750 243
750 256
750 283
750 376
750 377
750 395
750 397
750 414
750 459
750 483
750 544
750 590
750 650
750 690
750 738
750 121
3 49
3 53
3 180
3 197
3 217
3 267
3 287
3 359
3 374
3 462
3 482
3 545
3 600
3 601
3 608
3 616
3 638
3 665
3 667
3 681
3 697
3 716
3 745
49 53
49 180
49 197
49 217
49 267
49 287
49 315
49 359
49 374
49 462
49 482
49 600
49 601
49 608
49 616
49 638
49 665
49 667
49 697
49 700
49 745
53 180
53 197
53 217
53 287
53 315
53 359
53 374
53 462
53 482
53 545
53 601
53 608
53 616
53 638
53 665
53 667
53 697
53 745
180 197
180 217
180 267
180 287
180 315
180 359
180 374
180 462
180 482
180 545
180 558
180 600
180 601
180 608
180 616
180 638
180 665
180 667
180 671
180 681
180 697
180 716
180 745
197 100
197 217
197 267
197 287
197 315
197 359
197 374
197 462
197 545
197 600
197 601
197 608
197 616
197 638
197 665
197 667
197 697
197 716
197 745
217 267
217 287
217 315
217 359
217 374
217 462
217 482
217 545
217 600
217 601
217 608
217 616
217 638
217 665
217 667
217 697
217 716
217 745
267 287
267 315
267 359
267 374
267 462
267 482
267 545
267 600
267 601
267 608
267 638
267 665
267 667
267 697
267 745
287 315
287 359
287 374
287 462
287 482
287 545
287 601
287 608
287 616
287 638
287 665
287 667
287 697
287 745
359 315
359 374
359 462
359 482
359 545
359 600
359 601
359 608
359 616
359 638
359 665
359 667
359 681
359 697
359 745
374 315
374 462
374 482
374 545
374 600
374 601
374 608
374 616
374 638
374 665
374 667
374 671
374 697
374 716
374 745
462 315
462 275
462 482
462 545
462 600
462 601
462 608
462 616
462 627
462 638
462 665
462 667
462 681
462 697
462 716
462 745
482 315
482 545
482 601
482 608
482 616
482 665
482 667
482 671
482 681
482 697
482 716
482 745
545 315
545 275
545 600
545 601
545 608
545 616
545 638
545 665
545 667
545 681
545 697
545 716
545 745
545 777
600 315
600 601
600 608
600 665
600 667
600 697
600 745
601 315
601 608
601 616
601 638
601 665
601 667
601 697
601 716
601 745
608 315
608 616
608 638
608 665
608 667
608 681
608 697
608 716
608 745
616 315
616 558
616 638
616 665
616 667
616 697
616 716
616 745
638 315
638 665
638 667
638 697
638 745
665 315
665 275
665 667
665 681
665 697
665 745
667 315
667 697
667 745
681 315
681 777
697 315
697 364
697 558
697 671
697 716
697 745
716 315
716 169
716 250
716 345
716 364
716 419
716 428
716 463
716 558
716 611
716 659
716 668
716 671
716 705
716 745
716 781
745 315
700 275
558 169
558 250
558 345
558 364
558 419
558 428
558 463
558 611
558 659
558 668
558 671
558 705
558 781
671 169
671 250
671 345
671 364
671 419
671 428
671 463
671 611
671 659
671 668
100 126
100 605
100 230
100 258
100 385
100 629
100 740
100 788
627 570
627 79
627 605
627 347
777 6
777 36
777 163
777 406
777 563
777 764
364 169
364 250
364 345
364 419
364 428
364 463
364 611
364 659
364 668
364 705
364 781
169 171
169 250
169 345
169 419
169 428
169 463
169 611
169 659
169 705
169 781
250 345
250 419
250 428
250 463
250 611
250 659
250 668
250 705
250 781
345 419
345 428
345 463
345 611
345 659
345 668
345 705
345 781
419 428
419 659
419 668
419 705
419 781
428 463
428 611
428 659
428 668
428 705
428 781
463 611
463 659
463 705
463 781
611 659
611 668
611 705
659 668
659 781
668 705
668 781
705 781
57 210
57 25
57 366
57 369
57 472
57 578
57 619
57 747
126 11
126 105
126 116
126 158
126 168
126 221
126 397
126 414
126 426
126 537
126 590
126 686
126 712
230 549
230 605
230 85
230 168
230 385
230 629
537 79
537 168
537 321
549 24
549 131
549 238
549 370
549 389
549 475
549 540
549 548
549 676
549 682
5 64
5 162
5 297
5 726
5 769
64 289
64 297
64 726
64 769
64 792
162 297
162 726
297 289
297 726
297 792
726 769
726 792
769 289
769 792
289 792
289 210
7 44
7 93
7 144
7 346
7 375
7 596
27 453
44 93
44 248
44 342
44 596
44 687
44 785
44 802
93 63
93 86
93 94
93 137
93 140
93 148
93 149
93 166
93 212
93 247
93 279
93 313
93 329
93 330
93 340
93 342
93 346
93 420
93 596
93 639
93 715
93 723
93 742
93 753
93 760
93 767
93 778
93 784
93 785
93 802
342 343
596 346
6 36
6 41
6 163
6 406
6 531
6 538
6 563
6 764
36 41
36 163
36 406
36 538
36 563
36 764
41 163
41 406
41 531
41 538
41 563
163 406
163 531
163 538
163 563
163 764
406 531
406 538
406 563
406 764
531 538
531 563
531 764
538 563
538 764
563 764
144 48
144 223
144 244
144 314
144 427
144 507
144 661
346 248
346 802
375 264
375 366
248 785
248 802
687 226
785 114
785 371
785 802
802 114
802 191
802 337
802 343
802 371
63 189
63 213
63 379
63 715
63 149
63 330
63 787
63 140
63 166
63 205
63 212
63 247
63 329
63 340
63 343
63 420
63 500
63 639
63 742
63 753
63 784
86 189
86 213
86 379
86 715
86 330
86 357
86 695
86 800
86 595
86 778
86 140
86 166
86 247
86 69
86 94
86 113
86 137
86 141
86 148
86 225
86 279
86 313
86 394
86 409
86 524
86 673
86 767
86 782
94 189
94 213
94 379
94 715
94 149
94 330
94 778
94 166
94 69
94 83
94 313
94 409
94 782
137 189
137 213
137 715
137 357
137 787
137 800
137 778
137 166
137 148
137 313
137 767
137 113
137 141
137 279
137 312
137 634
140 161
140 189
140 213
140 379
140 461
140 525
140 715
140 149
140 330
140 357
140 695
140 787
140 800
140 595
140 778
140 69
140 166
140 205
140 212
140 225
140 247
140 313
140 409
140 420
140 500
140 582
140 639
140 742
140 753
140 784
140 791
148 189
148 715
148 330
148 787
148 778
148 166
148 69
148 113
148 141
148 233
148 279
148 282
148 313
148 383
148 394
148 409
148 524
148 634
148 645
148 737
148 767
148 782
149 23
149 33
149 161
149 189
149 213
149 259
149 278
149 379
149 461
149 525
149 713
149 715
149 69
149 166
149 205
149 212
149 225
149 247
149 313
149 329
149 330
149 340
149 343
149 357
149 420
149 500
149 595
149 634
149 639
149 695
149 742
149 753
149 782
149 784
149 787
149 791
149 800
166 189
166 379
166 461
166 715
166 330
166 357
166 695
166 787
166 800
166 595
166 778
166 69
166 83
166 113
166 141
166 225
166 233
166 247
166 279
166 313
166 340
166 394
166 409
166 420
166 524
166 634
166 672
166 673
166 737
166 742
166 767
166 782
166 784
212 330
212 778
212 247
212 340
212 420
212 639
212 742
212 753
212 784
247 213
247 379
247 715
247 330
247 357
247 787
247 800
247 778
247 69
247 313
247 329
247 340
247 420
247 500
247 639
247 742
247 753
247 782
247 784
279 189
279 715
279 787
279 313
279 394
279 767
279 113
279 141
279 233
279 282
279 383
279 524
279 634
279 672
279 737
313 189
313 213
313 379
313 461
313 715
313 330
313 357
313 695
313 787
313 800
313 595
313 778
313 69
313 83
313 113
313 141
313 394
313 409
313 634
313 673
313 737
313 767
313 782
329 778
329 340
329 343
329 420
329 639
329 742
329 753
329 784
330 23
330 33
330 161
330 189
330 213
330 259
330 278
330 379
330 461
330 713
330 715
330 69
330 225
330 340
330 357
330 394
330 409
330 420
330 500
330 582
330 595
330 639
330 672
330 695
330 742
330 753
330 767
330 778
330 782
330 784
330 787
330 800
340 189
340 715
340 778
340 343
340 420
340 500
340 639
340 742
340 753
340 784
420 715
420 778
420 205
420 343
420 500
420 639
420 742
420 753
420 784
639 715
639 778
639 343
639 500
639 753
639 784
715 18
715 23
715 33
715 161
715 189
715 213
715 259
715 278
715 379
715 461
715 713
715 69
715 108
715 141
715 209
715 225
715 233
715 312
715 357
715 383
715 394
715 409
715 500
715 524
715 595
715 634
715 672
715 695
715 737
715 767
715 778
715 782
715 787
715 791
715 800
723 343
742 778
742 500
742 225
742 753
742 784
753 778
753 205
753 343
753 500
753 225
753 784
760 311
760 484
760 654
760 666
760 799
760 408
760 423
760 550
760 343
760 431
760 232
760 252
760 253
760 310
760 430
760 502
760 528
760 720
760 739
767 189
767 778
767 69
767 394
767 409
767 113
767 141
767 233
767 282
767 383
767 524
767 634
767 645
767 672
767 737
767 782
778 33
778 161
778 189
778 213
778 259
778 278
778 379
778 461
778 525
778 357
778 695
778 787
778 800
778 595
778 108
778 141
778 225
778 409
778 634
778 673
778 774
778 782
778 784
778 791
784 343
784 500
18 23
18 33
18 161
18 189
18 213
18 278
18 379
18 461
18 525
18 713
23 33
23 91
23 161
23 189
23 213
23 259
23 278
23 357
23 379
23 574
23 695
23 713
23 787
23 800
33 91
33 161
33 189
33 213
33 259
33 278
33 357
33 379
33 461
33 525
33 595
33 684
33 695
33 713
33 787
33 800
91 161
91 189
91 213
91 259
91 278
91 379
91 713
91 357
91 695
91 800
161 108
161 213
161 259
161 278
161 357
161 379
161 461
161 525
161 574
161 595
161 684
161 695
161 713
161 787
161 800
196 52
196 418
259 189
259 213
259 278
259 357
259 379
259 461
259 525
259 595
259 684
259 695
259 713
259 800
266 173
266 380
266 576
266 653
278 189
278 213
278 357
278 379
278 461
278 574
278 695
278 713
278 787
278 800
379 189
379 213
379 69
379 108
379 225
379 357
379 409
379 461
379 500
379 525
379 595
379 684
379 695
379 713
379 774
379 782
379 787
379 791
379 800
713 189
713 213
713 461
713 357
713 574
713 684
713 695
713 787
713 800
754 728
48 333
48 552
48 648
223 244
223 314
223 427
223 507
223 661
244 427
244 507
244 661
314 427
314 507
314 661
427 507
427 661
507 661
184 11
184 66
184 105
184 158
184 270
184 323
184 414
184 584
184 589
184 790
621 283
264 619
264 385
264 387
264 469
264 775
176 274
176 588
176 565
176 572
176 719
274 153
274 565
274 572
274 588
274 719
588 565
588 572
588 719
719 565
719 572
8 32
8 47
8 151
8 183
8 240
8 272
8 286
8 288
8 309
8 392
8 407
8 411
8 457
8 624
8 763
8 796
32 14
32 47
32 58
32 151
32 183
32 204
32 220
32 240
32 272
32 286
32 288
32 290
32 351
32 392
32 407
32 411
32 424
32 457
32 479
32 486
32 546
32 567
32 624
32 761
32 763
32 796
47 58
47 151
47 183
47 240
47 272
47 286
47 288
47 309
47 392
47 407
47 457
47 486
47 546
47 567
47 624
47 763
47 796
151 183
151 240
151 272
151 286
151 288
151 290
151 309
151 351
151 392
151 407
151 411
151 457
151 479
151 546
151 624
151 763
151 796
183 240
183 272
183 286
183 288
183 309
183 392
183 411
183 457
183 624
183 763
183 796
240 272
240 286
240 288
240 290
240 309
240 392
240 407
240 411
240 457
240 624
240 763
272 58
272 286
272 288
272 290
272 309
272 392
272 407
272 411
272 457
272 486
272 567
272 624
272 761
272 763
272 796
286 58
286 220
286 288
286 290
286 407
286 411
286 457
286 486
286 567
286 624
286 761
286 763
286 796
288 58
288 204
288 290
288 309
288 392
288 407
288 457
288 486
288 567
288 624
288 761
288 763
309 14
309 58
309 245
309 351
309 392
309 407
309 411
309 424
309 457
309 479
309 486
309 561
309 567
309 763
309 772
309 779
309 796
392 77
392 130
392 139
392 336
392 407
392 411
392 439
392 457
392 547
392 624
392 711
392 721
392 763
407 58
407 290
407 411
407 424
407 457
407 486
407 567
407 624
407 763
407 796
411 457
411 546
411 763
411 796
457 58
457 220
457 290
457 486
457 567
457 624
457 761
457 763
457 796
624 290
624 486
624 763
624 796
763 290
763 486
763 546
763 567
763 796
796 546
14 28
14 71
14 88
14 89
14 143
14 182
14 206
14 245
14 254
14 317
14 351
14 384
14 388
14 390
14 424
14 429
14 445
14 479
14 551
14 561
14 663
14 779
14 783
58 220
58 290
58 486
58 567
58 761
204 547
204 567
220 567
220 761
290 486
290 567
290 761
351 28
351 71
351 88
351 89
351 143
351 182
351 206
351 245
351 254
351 317
351 384
351 388
351 390
351 424
351 429
351 445
351 479
351 551
351 561
351 663
351 731
351 772
351 779
351 783
424 28
424 71
424 88
424 89
424 182
424 317
424 388
424 390
424 130
424 336
424 429
424 445
424 479
424 561
424 663
424 711
424 772
424 779
479 28
479 71
479 88
479 89
479 143
479 182
479 206
479 245
479 254
479 317
479 384
479 388
479 390
479 429
479 445
479 551
479 561
479 663
479 772
479 779
479 783
486 567
486 761
567 761
245 28
245 71
245 88
245 89
245 143
245 182
245 206
245 254
245 317
245 388
245 390
245 429
245 445
245 551
245 561
245 663
245 772
245 779
245 783
561 28
561 71
561 88
561 89
561 143
561 182
561 206
561 317
561 384
561 388
561 390
561 429
561 551
561 663
561 772
561 779
561 783
772 28
772 71
772 88
772 89
772 143
772 182
772 206
772 254
772 317
772 384
772 388
772 390
772 429
772 445
772 551
772 663
772 779
772 783
779 71
779 88
779 89
779 143
779 182
779 206
779 254
779 317
779 384
779 388
779 390
779 429
779 445
779 731
779 783
77 439
77 703
77 721
77 130
77 136
77 139
77 316
77 336
77 477
77 711
77 732
130 439
130 703
130 721
130 136
130 139
130 316
130 336
130 477
130 711
130 732
139 439
139 703
139 721
139 136
139 87
139 112
139 147
139 316
139 336
139 450
139 477
139 481
139 606
139 711
139 780
336 439
336 703
336 721
336 136
336 316
336 477
336 711
439 22
439 251
439 284
439 417
439 136
439 160
439 316
439 477
439 478
439 637
439 703
439 711
439 730
439 732
439 748
547 29
547 132
547 455
547 72
547 181
547 214
547 228
547 306
547 474
547 495
547 562
547 620
547 628
547 656
711 703
711 721
711 136
711 316
711 477
711 732
721 22
721 251
721 284
721 417
721 478
721 703
721 106
721 127
721 136
721 160
721 477
721 503
721 505
721 509
721 571
721 587
721 637
721 732
721 749
9 257
9 320
9 527
9 585
257 320
257 585
257 630
320 527
320 585
320 630
527 502
527 585
527 630
585 630
502 613
502 343
502 431
502 232
502 310
502 528
502 577
10 157
10 185
10 280
10 352
10 497
10 534
10 614
10 651
10 707
157 185
157 280
157 352
157 497
157 534
157 614
157 651
157 692
185 280
185 352
185 497
185 614
185 651
185 692
280 72
280 96
280 128
280 132
280 181
280 235
280 261
280 306
280 322
280 455
280 497
280 562
280 614
280 620
280 651
280 656
280 692
280 707
280 766
352 497
352 614
352 651
352 692
497 534
497 614
497 651
497 692
497 707
534 692
614 72
614 96
614 128
614 181
614 235
614 241
614 261
614 306
614 322
614 455
614 471
614 562
614 651
614 692
614 707
614 766
651 692
707 72
707 96
707 128
707 181
707 235
707 241
707 261
707 306
707 455
707 562
707 766
106 284
106 417
106 127
106 503
106 509
106 571
106 587
127 284
127 417
127 503
127 505
127 509
127 571
127 587
417 22
417 251
417 284
417 110
417 160
417 422
417 478
417 503
417 505
417 509
417 529
417 571
417 587
417 637
417 732
417 748
417 749
503 284
503 732
503 509
503 571
503 587
503 749
509 284
509 732
509 505
509 571
509 587
509 749
521 702
571 284
571 732
571 505
571 587
571 749
587 284
587 732
587 505
587 749
749 284
749 732
749 505
72 301
72 455
72 583
72 620
72 656
72 493
72 96
72 128
72 181
72 214
72 235
72 241
72 261
72 306
72 322
72 474
72 766
96 455
96 620
96 128
96 181
96 235
96 241
96 261
96 306
96 322
96 562
96 766
128 455
128 620
128 181
128 235
128 241
128 261
128 306
128 322
128 562
128 766
132 29
132 181
132 214
132 306
132 455
132 474
132 562
132 583
132 656
181 455
181 583
181 620
181 235
181 241
181 261
181 306
181 322
181 562
181 766
235 455
235 583
235 620
235 241
235 261
235 306
235 322
235 562
235 766
261 455
261 620
261 241
261 306
261 322
261 562
261 766
306 455
306 583
306 241
306 322
306 562
306 766
322 455
322 620
322 241
322 562
322 766
455 29
455 241
455 495
455 562
455 583
455 620
455 766
562 583
562 620
562 214
562 241
562 474
562 495
562 766
620 29
620 583
620 241
620 495
620 766
656 29
656 284
656 61
656 583
656 339
656 732
656 733
766 241
241 583
11 55
11 66
11 105
11 116
11 158
11 201
11 221
11 239
11 243
11 256
11 283
11 328
11 376
11 377
11 395
11 397
11 414
11 426
11 454
11 459
11 483
11 544
11 581
11 590
11 603
11 650
11 686
11 690
11 724
11 738
55 239
55 243
55 376
55 377
55 395
55 414
55 459
55 483
55 590
55 650
55 724
55 738
66 105
66 158
66 201
66 221
66 239
66 243
66 376
66 377
66 397
66 414
66 459
66 483
66 581
66 590
66 650
66 686
66 690
66 724
66 738
105 116
105 158
105 221
105 243
105 302
105 355
105 397
105 414
105 426
105 483
105 581
105 590
105 686
105 724
116 221
116 328
116 397
116 410
116 426
116 483
116 581
116 686
116 724
158 239
158 243
158 376
158 377
158 397
158 414
158 426
158 459
158 483
158 590
158 650
158 686
158 690
158 724
158 738
201 221
201 243
201 256
201 376
201 414
201 738
221 239
221 243
221 283
221 328
221 376
221 377
221 395
221 410
221 426
221 459
221 483
221 544
221 581
221 590
221 603
221 650
221 678
221 686
221 690
221 712
221 724
221 738
239 243
239 256
239 283
239 376
239 377
239 395
239 397
239 414
239 459
239 483
239 590
239 603
239 650
239 690
239 724
239 738
243 256
243 283
243 376
243 377
243 395
243 397
243 414
243 459
243 483
243 581
243 590
243 603
243 650
243 686
243 690
243 724
243 738
256 376
256 377
256 459
256 490
256 544
256 650
256 690
256 738
283 97
283 395
283 398
283 459
283 590
283 650
283 690
283 738
328 426
328 581
376 377
376 397
376 414
376 459
376 483
376 544
376 590
376 650
376 690
376 724
376 738
377 121
377 395
377 397
377 414
377 459
377 483
377 590
377 650
377 690
377 738
395 397
395 414
395 459
395 590
395 650
395 738
397 414
397 426
397 459
397 483
397 590
397 650
397 686
397 690
397 712
397 724
397 738
414 121
414 426
414 459
414 483
414 544
414 581
414 590
414 603
414 650
414 690
414 724
414 738
426 410
426 483
426 581
426 686
426 712
426 724
454 323
454 483
459 483
459 544
459 581
459 590
459 650
459 690
459 724
459 738
483 581
483 590
483 650
483 686
483 690
483 712
483 724
483 738
544 590
544 738
581 410
581 724
590 603
590 650
590 686
590 690
590 724
590 738
603 690
603 724
650 690
650 724
650 738
686 712
690 121
690 156
690 724
690 738
724 738
121 490
631 265
631 568
263 391
263 438
323 438
323 589
323 771
323 790
391 790
391 367
391 438
391 589
589 790
589 219
647 404
790 771
302 26
302 355
355 26
438 441
168 747
168 85
168 258
168 629
168 727
210 12
210 165
210 369
210 387
210 579
210 619
52 227
52 408
52 418
52 423
52 550
52 680
12 73
12 165
12 227
165 227
165 554
227 78
369 25
369 435
369 472
369 578
369 619
369 710
387 579
387 619
579 20
579 25
579 82
579 619
579 722
619 25
619 51
619 710
619 722
13 484
13 654
13 666
13 799
484 311
484 186
484 253
484 408
484 423
484 430
484 550
484 654
484 666
484 720
484 739
484 799
654 311
654 186
654 253
654 408
654 423
654 430
654 550
654 666
654 720
654 739
654 799
666 311
666 186
666 253
666 408
666 423
666 430
666 550
666 720
666 739
666 799
799 311
799 186
799 253
799 408
799 423
799 430
799 550
799 720
799 739
311 186
311 253
311 408
311 423
311 430
311 720
311 739
186 408
186 423
186 550
186 253
186 430
186 720
186 739
253 408
253 423
253 550
253 430
253 720
253 739
408 423
408 430
408 550
408 720
408 739
423 430
423 550
423 720
423 739
430 550
430 720
430 739
720 550
720 739
739 550
28 71
28 88
28 89
28 143
28 182
28 206
28 254
28 317
28 384
28 388
28 390
28 429
28 551
28 663
28 783
71 88
71 89
71 143
71 182
71 206
71 254
71 317
71 384
71 388
71 390
71 429
71 445
71 551
71 663
71 783
88 89
88 143
88 182
88 206
88 254
88 317
88 384
88 388
88 390
88 429
88 445
88 663
89 143
89 182
89 206
89 317
89 384
89 388
89 390
89 429
89 445
89 551
89 663
89 783
143 182
143 206
143 254
143 317
143 384
143 388
143 390
143 429
143 445
143 551
143 663
143 783
182 206
182 254
182 317
182 388
182 390
182 429
182 445
182 551
182 663
182 783
206 254
206 317
206 384
206 390
206 429
206 445
206 551
206 663
206 783
254 317
254 384
254 388
254 445
254 663
254 783
317 388
317 390
317 551
317 663
317 783
384 388
384 390
384 429
384 445
384 663
384 783
388 390
388 429
388 445
388 551
388 663
388 783
390 429
390 445
390 551
390 663
390 783
429 445
429 551
429 663
429 731
445 663
445 783
551 663
551 783
15 29
15 301
15 335
15 358
15 437
15 543
15 609
15 701
29 61
29 301
29 335
29 437
29 536
29 543
29 583
29 625
29 701
301 335
301 437
301 543
301 583
301 701
335 358
335 437
335 543
358 437
358 536
358 543
437 543
543 625
609 120
609 125
609 150
609 152
609 452
609 701
609 729
609 756
609 795
701 61
701 95
701 120
701 150
701 152
701 452
701 729
701 756
701 795
536 295
583 284
583 62
583 214
583 474
583 628
583 732
120 95
120 125
120 150
120 152
120 452
120 729
120 756
120 795
125 95
125 150
125 152
125 452
125 729
125 756
125 795
150 95
150 152
150 452
150 756
150 795
152 95
152 452
152 729
152 756
452 95
452 729
452 756
452 795
729 308
729 95
729 598
729 756
729 795
756 95
756 598
756 795
756 801
795 308
795 481
795 95
795 598
795 801
95 308
95 199
95 292
95 598
95 801
728 207
728 520
728 556
453 542
453 689
418 680
381 798
153 203
153 294
153 304
153 458
153 548
153 636
203 294
203 304
203 548
203 636
565 572
291 252
441 570
441 188
441 215
441 331
324 211
324 68
324 179
324 246
324 268
324 133
324 354
324 494
324 498
324 640
324 652
324 683
324 765
324 773
211 19
211 198
211 68
211 133
211 179
211 246
211 268
211 354
211 412
211 436
211 460
211 494
211 498
211 640
211 643
211 652
211 658
211 683
211 765
211 773
211 786
268 68
268 179
268 246
268 354
268 494
268 498
268 640
268 643
268 652
268 683
268 765
268 773
494 68
494 179
494 246
494 354
494 133
494 498
494 643
494 652
494 765
494 773
643 68
643 179
643 510
643 542
643 652
643 683
643 689
643 765
643 773
431 79
431 310
431 629
431 752
113 189
113 787
113 394
113 782
113 141
113 233
113 282
113 524
113 634
113 645
113 672
141 189
141 787
141 800
141 394
141 782
141 282
141 383
141 524
141 634
141 645
141 672
141 737
189 69
189 108
189 213
189 225
189 233
189 282
189 357
189 394
189 409
189 461
189 500
189 524
189 525
189 595
189 634
189 672
189 695
189 782
189 787
189 791
394 213
394 787
394 69
394 233
394 282
394 383
394 645
394 672
394 737
394 782
634 787
634 782
634 524
634 312
634 672
634 737
787 213
787 461
787 357
787 695
787 69
787 108
787 225
787 233
787 282
787 383
787 409
787 500
787 595
787 672
787 782
787 791
787 800
213 69
213 108
213 225
213 357
213 409
213 461
213 500
213 595
213 684
213 695
213 774
213 782
213 791
213 800
461 69
461 108
461 225
461 357
461 409
461 595
461 695
461 774
461 782
461 800
525 684
525 695
357 69
357 108
357 409
357 595
357 695
357 774
357 782
357 800
695 69
695 108
695 409
695 595
695 774
695 791
695 800
800 69
800 409
800 595
800 684
800 782
595 69
595 108
595 409
595 684
595 774
595 782
108 774
69 83
69 409
69 673
69 782
225 782
233 782
233 524
233 282
233 672
282 524
409 83
409 782
524 782
524 645
524 672
672 782
672 645
672 737
782 83
782 673
782 135
19 412
19 436
19 460
19 658
19 786
412 198
412 436
412 460
412 786
436 198
436 460
436 786
460 198
460 658
460 786
658 198
786 198
68 179
68 246
68 354
68 498
68 640
68 652
68 683
68 773
133 498
133 765
179 246
179 354
179 498
179 640
179 652
179 683
179 765
246 354
246 498
246 652
246 683
246 765
246 773
354 498
354 591
354 623
354 652
354 683
354 765
354 773
498 640
498 652
498 683
498 765
498 773
640 652
640 683
640 765
640 773
652 765
652 773
683 765
683 773
765 773
20 60
20 570
570 79
570 605
570 752
79 605
79 752
605 755
752 122
752 325
25 82
25 708
25 722
82 722
722 37
21 613
21 632
613 511
613 632
613 664
632 511
632 664
22 251
22 284
22 478
22 485
22 703
22 730
251 160
251 478
251 637
251 730
251 732
251 748
284 110
284 160
284 214
284 478
284 505
284 637
284 703
284 730
284 732
284 748
478 160
478 637
478 703
478 730
478 732
478 748
703 136
703 160
703 316
703 477
703 730
703 732
160 110
160 637
160 748
637 748
732 92
732 98
732 234
732 136
732 110
732 145
732 173
732 576
732 718
214 228
214 648
214 101
214 474
214 495
529 629
529 622
529 758
136 316
136 477
316 477
24 31
24 131
24 370
24 389
24 682
31 34
31 50
31 62
31 228
31 238
31 370
31 389
31 443
31 493
31 499
31 523
31 535
31 676
31 682
131 238
131 370
131 389
131 540
131 676
131 682
370 389
370 676
370 682
389 238
389 34
389 50
389 62
389 228
389 443
389 493
389 499
389 523
389 535
389 566
389 676
389 682
682 238
34 50
34 62
34 228
34 443
34 493
34 499
34 523
34 535
34 566
50 62
50 228
50 443
50 493
50 499
50 523
50 535
50 566
62 228
62 443
62 493
62 499
62 523
62 535
62 566
228 443
228 480
228 493
228 495
228 499
228 523
228 535
228 566
238 676
443 493
443 499
443 523
443 535
443 566
493 499
493 523
493 535
493 566
499 523
499 535
499 566
523 535
523 566
535 566
475 747
475 557
475 504
475 699
548 304
548 458
548 636
472 39
472 578
578 39
435 714
542 510
542 689
689 510
474 648
474 101
474 628
115 349
115 662
349 662
662 193
35 308
308 363
308 473
363 623
42 65
42 177
42 188
42 215
42 331
42 334
65 177
65 188
65 215
177 188
177 215
177 331
177 334
188 215
188 331
188 334
215 331
215 334
405 615
615 393
114 371
114 496
371 191
371 337
265 178
333 552
333 648
552 648
648 101
70 92
70 98
70 234
70 693
92 98
92 234
92 386
92 413
92 693
98 234
98 386
98 413
98 649
98 693
234 145
234 386
234 517
234 649
234 709
386 413
386 487
413 360
649 145
649 173
649 517
649 576
649 653
649 718
145 111
145 515
145 759
517 709
87 112
87 134
87 147
87 175
87 396
87 450
87 481
87 516
87 780
112 147
112 175
112 481
112 606
112 780
147 134
147 175
147 396
147 450
147 481
147 516
147 606
147 780
450 134
450 175
450 481
450 516
450 606
450 780
481 134
481 175
481 396
481 467
481 516
481 606
481 780
606 175
606 396
606 516
606 780
780 134
780 175
780 396
780 516
173 576
576 718
310 577
629 258
629 727
629 758
85 258
85 569
85 592
85 727
85 746
569 592
569 727
569 746
592 746
727 746
746 273
385 788
134 175
134 396
134 516
175 396
175 516
396 516
232 252
292 762
762 560
762 675
653 380
653 612
404 468
788 580
111 515
111 759
496 159
294 304
294 458
294 636
304 458
458 636
172 216
172 276
172 348
172 557
172 633
172 696
172 751
216 348
216 557
216 696
276 348
276 633
276 696
276 751
348 557
348 633
348 696
348 751
557 633
557 696
557 751
633 696
633 751
696 751
469 775
560 675
504 699
