444
636
317
492
633
666
318
81
300
78
634
56
426
190
647
505
581
583
530
603
617
621
515
91
671
296
315
69
419
234
618
408
553
79
523
85
464
294
350
463
261
34
0
396
254
119
403
49
231
422
413
374
362
353
454
522
337
314
59
313
76
632
292
506
58
170
600
543
662
242
681
64
321
325
239
282
521
534
404
50
536
73
338
397
376
172
75
540
110
425
158
77
520
502
35
70
683
40
184
63
297
10
635
54
125
256
152
57
395
414
584
196
354
365
330
299
507
631
39
82
498
243
295
582
201
213
429
222
316
326
585
532
104
284
340
580
407
639
363
83
66
265
