357
257
341
73
144
361
109
264
263
63
11
136
88
330
307
342
356
297
377
265
360
285
320
108
329
223
284
83
210
359
298
112
289
371
274
26
271
212
66
247
86
150
202
205
249
182
301
221
34
157
67
95
44
169
121
290
154
332
12
201
31
160
134
347
106
216
153
3
363
78
368
140
90
260
316
318
259
321
155
82
275
9
333
39
6
206
374
77
343
236
13
346
324
127
161
299
133
68
166
40
16
242
138
96
48
22
331
110
118
303
222
344
238
124
191
237
352
126
267
211
272
244
17
45
181
20
252
7
149
175
198
195
258
119
239
129
120
337
270
174
72
348
57
340
69
32
14
276
177
281
234
262
186
70
115
171
93
4
159
99
232
292
364
246
373
139
55
176
188
178
189
253
224
200
219
304
362
350
38
156
241
98
37
180
338
172
286
79
167
125
378
345
10
131
28
46
266
325
240
366
148
336
2
64
56
27
369
203
196
328
58
370
354
268
245
213
81
35
243
42
296
183
15
225
194
376
355
76
0
317
254
50
308
192
41
92
173
43
365
323
261
162
300
33
24
255
327
130
311
107
218
349
91
146
335
315
220
190
137
351
375
279
71
280
123
358
256
293
199
228
84
217
145
135
103
179
319
75
5
104
85
25
233
235
305
214
65
116
1
209
185
302
208
52
184
102
147
251
74
322
94
372
113
231
204
21
97
8
313
117
269
23
132
62
170
87
353
248
61
51
309
339
30
59
334
151
47
230
111
215
229
367
168
312
80
306
114
105
29
49
273
