28
119
263
127
45
43
132
137
192
242
117
6
8
148
129
69
91
3
161
293
131
280
295
185
272
22
98
211
230
264
314
232
176
288
322
183
54
289
301
83
94
164
38
285
60
82
270
303
196
55
169
108
315
199
48
182
246
224
102
26
85
2
61
324
134
323
16
299
113
86
18
87
76
209
249
316
269
193
142
157
162
256
80
90
15
187
106
120
319
24
251
114
229
104
97
151
225
14
66
305
294
84
159
12
40
110
241
308
146
215
101
100
298
206
244
96
310
297
118
313
10
311
276
296
275
65
126
173
239
20
116
171
36
321
250
231
49
190
236
57
320
0
74
124
306
302
150
32
11
67
7
133
29
258
252
64
181
75
292
177
198
207
201
