0 2
0 4
0 8
0 19
0 35
0 39
0 68
0 70
0 75
0 76
0 77
0 97
0 109
0 110
0 115
0 137
0 141
0 148
0 149
0 162
0 175
0 186
0 189
0 190
0 217
2 8
2 12
2 27
2 35
2 48
2 51
2 62
2 68
2 86
2 97
2 110
2 112
2 121
2 137
2 141
2 142
2 155
2 162
2 167
2 185
2 186
2 189
2 206
2 209
2 214
4 10
4 12
4 13
4 28
4 35
4 39
4 60
4 104
4 127
4 163
4 175
4 176
4 178
4 184
4 211
8 35
8 36
8 48
8 108
8 109
8 133
8 141
8 142
8 155
8 167
8 185
8 186
8 203
8 209
8 221
19 7
19 27
19 39
19 43
19 66
19 67
19 85
19 103
19 105
19 108
19 131
19 148
19 156
19 181
19 189
19 195
19 204
19 223
19 226
35 12
35 14
35 38
35 41
35 44
35 48
35 49
35 51
35 66
35 70
35 74
35 75
35 76
35 77
35 92
35 97
35 99
35 109
35 111
35 112
35 115
35 121
35 124
35 137
35 142
35 148
35 154
35 155
35 161
35 162
35 167
35 185
35 186
35 199
35 203
35 206
35 208
35 214
35 218
35 220
35 221
39 27
39 7
39 10
39 25
39 43
39 45
39 63
39 72
39 74
39 92
39 104
39 105
39 108
39 110
39 131
39 147
39 156
39 176
39 178
39 185
39 189
39 194
39 195
39 196
39 204
39 211
39 223
68 12
68 27
68 48
68 51
68 18
68 36
68 45
68 70
68 77
68 110
68 112
68 115
68 141
68 149
68 154
68 161
68 162
68 185
68 186
68 206
68 221
70 12
70 27
70 51
70 5
70 7
70 42
70 46
70 75
70 76
70 77
70 92
70 99
70 112
70 114
70 115
70 129
70 137
70 142
70 155
70 156
70 159
70 162
70 176
70 181
70 185
70 209
70 213
70 214
75 27
75 7
75 47
75 56
75 58
75 67
75 97
75 105
75 109
75 110
75 114
75 115
75 121
75 124
75 137
75 142
75 149
75 155
75 161
75 186
75 206
75 214
75 221
76 12
76 27
76 48
76 51
76 45
76 63
76 77
76 92
76 109
76 110
76 121
76 124
76 127
76 131
76 137
76 142
76 154
76 155
76 161
76 167
76 185
76 186
76 194
76 211
76 214
77 12
77 48
77 51
77 17
77 18
77 52
77 56
77 74
77 80
77 81
77 84
77 92
77 97
77 101
77 109
77 110
77 112
77 114
77 115
77 124
77 127
77 137
77 147
77 154
77 155
77 162
77 167
77 175
77 181
77 193
77 194
77 196
77 202
77 206
77 211
77 227
97 12
97 51
97 62
97 72
97 36
97 89
97 92
97 109
97 110
97 114
97 142
97 154
97 161
97 167
97 185
97 186
97 189
97 203
97 209
97 214
97 221
97 227
109 12
109 62
109 3
109 36
109 101
109 112
109 115
109 124
109 137
109 141
109 142
109 154
109 155
109 167
109 185
109 186
109 189
109 206
109 214
109 218
110 12
110 27
110 51
110 10
110 23
110 43
110 58
110 67
110 92
110 93
110 99
110 105
110 108
110 114
110 121
110 124
110 131
110 137
110 141
110 147
110 154
110 161
110 167
110 185
110 190
110 199
110 209
110 221
115 12
115 27
115 62
115 112
115 92
115 99
115 138
115 142
115 148
115 154
115 155
115 161
115 162
115 167
115 185
115 186
115 194
115 195
115 199
115 209
115 214
137 12
137 27
137 62
137 112
137 121
137 124
137 30
137 63
137 93
137 114
137 141
137 162
137 185
137 186
137 206
137 209
137 211
137 214
141 12
141 27
141 62
141 92
141 134
141 142
141 154
141 155
141 209
148 72
148 3
148 10
148 15
148 24
148 45
148 50
148 63
148 74
148 80
148 93
148 104
148 108
148 114
148 144
148 147
148 154
148 159
148 178
148 185
148 189
148 190
148 203
148 207
148 211
148 215
148 217
149 3
149 56
149 67
149 101
149 103
149 105
149 108
149 131
149 177
149 181
149 192
149 195
149 196
149 208
149 212
162 27
162 48
162 51
162 62
162 112
162 121
162 124
162 142
162 154
162 155
162 92
162 104
162 114
162 167
162 181
162 186
162 195
162 206
162 209
162 214
175 72
175 154
175 28
175 38
175 45
175 53
175 80
175 105
175 114
175 189
175 194
175 203
175 211
175 217
175 227
186 27
186 48
186 154
186 155
186 167
186 185
186 10
186 36
186 58
186 92
186 206
186 209
186 221
189 27
189 72
189 154
189 185
189 3
189 10
189 16
189 43
189 45
189 58
189 63
189 67
189 83
189 93
189 104
189 105
189 131
189 144
189 156
189 172
189 176
189 180
189 190
189 194
189 196
189 203
189 217
190 12
190 167
190 185
190 3
190 5
190 10
190 15
190 24
190 45
190 56
190 58
190 63
190 67
190 74
190 80
190 92
190 93
190 99
190 104
190 107
190 108
190 127
190 130
190 131
190 135
190 144
190 156
190 176
190 178
190 180
190 194
190 196
190 203
190 211
190 217
190 227
217 72
217 43
217 58
217 74
217 80
217 104
217 156
217 178
217 211
217 221
12 14
12 27
12 38
12 41
12 42
12 72
12 74
12 85
12 92
12 112
12 121
12 124
12 142
12 155
12 161
12 163
12 167
12 185
12 196
12 203
12 206
12 209
12 220
12 221
27 36
27 48
27 51
27 62
27 92
27 105
27 121
27 124
27 142
27 153
27 154
27 155
27 161
27 171
27 174
27 194
27 196
27 203
27 207
27 208
27 209
27 214
27 218
27 221
48 51
48 92
48 99
48 142
48 154
48 155
48 167
48 185
48 196
48 209
48 214
51 62
51 74
51 92
51 99
51 112
51 121
51 142
51 154
51 161
51 185
51 203
51 206
51 209
51 221
62 36
62 38
62 56
62 92
62 99
62 112
62 114
62 120
62 121
62 133
62 142
62 154
62 161
62 185
62 199
62 206
62 209
62 214
62 221
86 20
86 24
86 40
86 46
86 53
86 57
86 59
86 69
86 71
86 78
86 89
86 116
86 129
86 138
86 165
86 187
86 200
86 201
86 215
86 216
112 56
112 92
112 99
112 114
112 121
112 124
112 142
112 155
112 161
112 181
112 185
112 214
112 221
121 32
121 83
121 94
121 99
121 111
121 135
121 156
121 161
121 167
121 182
121 206
121 208
121 221
142 36
142 45
142 56
142 92
142 154
142 155
142 161
142 167
142 185
142 203
142 206
142 214
142 221
155 154
155 10
155 43
155 50
155 55
155 58
155 64
155 92
155 99
155 114
155 152
155 161
155 167
155 206
155 221
167 154
167 161
167 45
167 99
167 108
167 185
167 194
167 206
167 221
185 72
185 154
185 161
185 10
185 42
185 63
185 92
185 93
185 94
185 103
185 114
185 135
185 147
185 159
185 174
185 194
185 195
185 196
185 203
185 204
185 209
185 214
185 221
206 154
206 127
206 214
206 218
206 221
209 154
209 37
209 87
209 92
209 99
209 150
209 214
209 221
214 154
214 161
214 56
214 63
214 64
214 93
214 111
214 114
214 131
214 216
214 221
10 72
10 154
10 203
10 221
10 45
10 46
10 58
10 63
10 74
10 93
10 144
10 147
10 153
10 156
10 163
10 176
10 178
10 181
10 211
13 90
13 11
13 18
13 42
13 55
13 83
13 85
13 118
13 135
13 197
13 202
28 72
28 96
28 102
28 205
28 74
28 5
28 32
28 34
28 41
28 47
28 54
28 69
28 71
28 80
28 85
28 88
28 106
28 111
28 113
28 134
28 150
28 179
28 204
28 213
28 219
60 90
60 91
60 96
60 157
60 205
60 210
60 45
60 74
60 208
60 11
60 14
60 17
60 18
60 24
60 25
60 38
60 42
60 47
60 52
60 64
60 73
60 79
60 83
60 85
60 92
60 125
60 126
60 134
60 135
60 153
60 160
60 164
60 165
60 168
60 188
60 197
60 213
60 215
104 203
104 74
104 122
104 127
104 176
104 212
104 63
104 131
104 133
127 72
127 154
127 203
127 3
127 45
127 74
127 14
127 63
127 64
127 80
127 81
127 92
127 93
127 101
127 111
127 117
127 129
127 133
127 144
127 153
127 156
127 163
127 168
127 174
127 176
127 178
127 194
127 199
127 211
127 219
127 227
163 90
163 74
163 14
163 21
163 24
163 34
163 37
163 40
163 41
163 55
163 59
163 66
163 69
163 71
163 73
163 81
163 84
163 88
163 89
163 95
163 113
163 123
163 125
163 128
163 140
163 146
163 150
163 165
163 179
163 183
163 198
163 200
163 201
163 219
163 222
176 203
176 3
176 63
176 147
176 178
176 211
178 203
178 67
178 74
178 105
178 194
178 211
178 63
178 156
178 17
178 58
178 80
178 227
184 171
184 5
184 15
184 50
184 64
184 65
184 113
184 120
184 132
184 139
184 145
184 170
184 172
184 199
184 213
184 216
184 220
211 154
211 3
211 45
211 74
211 58
211 93
211 147
211 153
211 156
36 154
36 221
36 208
36 145
108 31
108 43
108 45
108 67
108 103
108 92
108 100
108 101
108 122
108 133
108 144
108 147
108 194
108 196
108 207
108 208
108 212
108 223
108 226
133 154
133 203
133 31
133 67
133 103
133 105
133 159
133 174
133 181
133 196
133 207
133 212
133 218
133 226
133 101
133 114
203 72
203 154
203 45
203 58
203 93
203 144
203 147
203 156
203 226
203 227
221 124
221 154
221 161
221 99
221 5
221 7
221 14
221 43
221 45
221 67
221 85
221 114
221 159
14 90
14 205
14 210
14 99
14 174
14 89
14 166
14 225
14 98
14 125
14 150
14 21
14 23
14 29
14 40
14 55
14 73
14 81
14 84
14 87
14 95
14 113
14 128
14 165
14 168
14 191
14 201
14 219
38 157
38 171
38 210
38 208
38 218
38 18
38 64
38 65
38 132
38 166
38 172
38 188
38 199
38 16
38 17
38 41
38 42
38 52
38 79
38 80
38 82
38 83
38 85
38 88
38 100
38 107
38 134
38 139
38 153
38 160
38 164
38 168
38 170
38 182
38 197
38 204
41 7
41 194
41 18
41 47
41 83
41 32
41 34
41 44
41 54
41 88
41 106
41 107
41 111
41 113
41 136
41 158
41 169
41 187
41 204
42 154
42 90
42 15
42 33
42 47
42 64
42 225
42 83
42 182
42 197
42 100
42 46
42 11
42 17
42 85
42 118
42 126
42 134
42 135
42 151
72 43
72 45
72 47
72 58
72 74
72 80
72 92
72 96
72 101
72 106
72 144
72 147
72 156
72 227
74 3
74 45
74 58
74 63
74 80
74 144
74 147
74 195
74 196
74 227
85 90
85 103
85 105
85 196
85 218
85 65
85 120
85 138
85 199
85 220
85 83
85 182
85 197
85 11
85 25
85 32
85 61
85 160
85 202
92 154
92 43
92 194
92 196
92 47
92 58
92 135
92 191
92 201
124 7
124 58
124 114
124 161
124 177
124 226
161 154
161 45
161 56
161 63
161 64
161 114
161 159
161 218
196 3
196 99
196 7
196 31
196 43
196 103
196 105
196 122
196 181
196 194
196 195
196 18
196 64
196 65
196 118
196 131
196 146
196 191
196 207
196 208
196 212
196 225
220 171
220 5
220 15
220 64
220 65
220 166
220 172
220 216
220 16
220 94
220 106
220 139
220 145
7 67
7 83
7 100
7 103
7 105
7 131
7 147
7 153
7 159
7 195
7 207
7 208
7 223
7 226
43 154
43 99
43 24
43 56
43 67
43 101
43 103
43 131
43 144
43 174
43 192
43 195
43 212
43 223
43 226
66 152
66 89
66 199
66 46
66 111
66 32
66 59
66 20
66 24
66 50
66 53
66 57
66 116
66 117
66 180
66 215
66 222
66 227
67 31
67 45
67 56
67 103
67 105
67 122
67 131
67 159
67 168
67 174
67 192
67 199
67 207
67 208
67 218
67 223
103 154
103 3
103 210
103 56
103 71
103 101
103 105
103 131
103 159
103 195
103 208
103 218
105 3
105 31
105 45
105 32
105 56
105 57
105 58
105 122
105 131
105 159
105 174
105 177
105 181
105 192
105 199
105 212
131 96
131 210
131 31
131 159
131 174
131 181
131 195
131 208
131 218
131 223
131 226
131 56
131 101
131 177
156 194
156 58
156 80
156 144
156 147
181 154
181 3
181 31
181 159
181 174
181 101
181 177
181 195
181 207
181 218
181 223
181 226
195 3
195 122
195 159
195 144
195 147
195 212
204 120
204 216
204 135
204 26
204 113
204 164
204 30
204 24
204 34
204 44
204 54
204 71
204 106
204 107
204 198
223 3
223 159
223 192
223 207
223 218
223 37
226 31
226 45
226 122
226 159
226 174
226 192
226 207
226 208
226 218
226 47
226 100
226 147
153 154
153 90
153 96
153 210
153 31
153 15
153 33
153 47
153 65
153 120
153 138
153 188
153 199
153 216
153 16
153 37
153 52
153 55
153 81
153 82
153 87
153 111
153 118
153 126
153 139
153 145
153 150
153 151
153 170
153 202
153 213
154 5
154 17
154 30
154 45
154 56
154 63
154 64
154 99
154 100
154 101
154 114
154 120
154 126
154 135
154 138
154 159
154 182
154 188
154 208
154 218
171 1
171 6
171 96
171 15
171 16
171 24
171 64
171 65
171 82
171 83
171 120
171 138
171 139
171 172
171 199
171 216
174 3
174 31
174 45
174 122
174 159
174 56
174 63
174 93
174 100
174 147
174 207
174 208
174 212
174 215
194 3
194 45
194 5
194 52
194 58
194 63
194 80
194 93
194 134
194 168
194 222
194 227
207 3
207 122
207 159
207 59
207 101
207 212
207 218
208 3
208 31
208 159
208 192
208 17
208 52
208 101
208 212
208 218
218 31
218 192
218 52
218 56
218 101
218 177
44 32
44 179
44 71
44 107
44 54
44 88
44 106
44 198
44 158
49 98
49 69
49 11
49 23
49 37
49 55
49 81
49 84
49 87
49 95
49 123
49 128
49 136
49 140
49 150
49 165
49 168
49 183
49 193
49 201
49 219
99 114
99 147
99 150
111 45
111 64
111 83
111 100
111 11
111 25
111 79
111 17
111 88
111 118
111 126
111 134
111 135
111 170
111 202
199 96
199 31
199 5
199 15
199 64
199 65
199 138
199 166
199 16
199 69
199 82
199 135
199 139
199 151
199 213
199 216
199 219
199 222
25 90
25 18
25 65
25 83
25 119
25 197
25 100
25 11
25 134
25 135
25 139
25 160
25 169
25 202
45 47
45 58
45 83
45 93
45 129
45 144
45 147
63 58
63 94
63 147
63 168
147 53
147 58
147 59
147 93
147 144
147 191
56 31
56 192
56 212
56 101
56 177
114 159
114 113
114 128
114 193
120 90
120 5
120 18
120 33
120 65
120 16
120 82
120 107
120 132
120 138
120 139
120 170
120 172
120 182
120 213
120 216
120 224
18 96
18 210
18 17
18 30
18 32
18 40
18 47
18 69
18 79
18 80
18 83
18 135
18 164
18 182
18 197
18 200
18 202
18 213
5 210
5 15
5 33
5 47
5 64
5 65
5 89
5 132
5 138
5 166
5 188
5 225
46 152
46 89
46 24
46 52
46 59
46 78
46 116
46 117
46 129
46 130
46 180
46 215
129 89
129 188
129 225
129 125
129 23
129 73
129 165
129 191
129 201
129 59
129 52
129 116
129 130
129 180
129 215
129 117
129 222
159 3
159 101
159 177
159 192
213 96
213 102
213 15
213 33
213 65
213 132
213 138
213 188
213 16
213 61
213 82
213 151
213 32
47 96
47 11
47 30
47 32
47 40
47 54
47 64
47 71
47 83
47 88
47 187
47 198
58 138
58 17
58 80
58 93
58 144
58 227
80 96
80 192
80 93
80 101
80 53
80 227
96 1
96 6
96 91
96 15
96 17
96 33
96 69
96 150
96 157
96 179
96 182
96 205
96 216
101 31
101 192
101 52
106 91
106 102
106 89
106 113
106 30
106 71
106 107
106 169
106 54
106 88
106 145
106 158
106 198
144 93
144 227
227 192
227 52
227 53
17 182
17 197
17 100
17 79
17 118
17 135
17 37
17 164
17 134
52 152
52 89
52 225
52 55
52 26
52 37
52 81
52 84
52 165
52 59
52 20
52 24
52 22
52 57
52 116
52 130
52 180
52 215
81 166
81 98
81 125
81 69
81 200
81 150
81 55
81 73
81 59
81 95
81 128
81 130
81 136
81 146
81 165
81 168
81 193
81 201
81 219
84 98
84 125
84 200
84 150
84 23
84 37
84 40
84 95
84 123
84 168
84 183
84 191
84 219
193 98
193 125
193 69
193 200
193 150
193 21
193 23
193 29
193 40
193 95
193 128
193 168
193 140
193 146
193 179
193 183
193 219
202 91
202 205
202 210
202 64
202 138
202 83
202 182
202 11
202 94
202 126
202 73
202 164
89 152
89 22
89 26
89 50
89 53
89 57
89 59
89 71
89 78
89 107
89 116
89 117
89 130
89 169
89 173
89 180
89 187
89 215
89 216
3 1
3 31
3 122
3 152
3 192
3 212
23 98
23 125
23 150
23 55
23 21
23 37
23 40
23 73
23 128
23 136
23 168
23 191
23 201
23 219
138 6
138 15
138 33
138 132
138 16
138 54
138 57
138 118
138 166
138 188
138 216
138 224
32 102
32 94
32 113
32 201
32 30
32 34
32 54
32 71
32 88
32 107
32 158
32 169
32 198
83 6
83 90
83 210
83 15
83 172
83 69
83 71
83 79
83 113
83 118
83 119
83 134
83 139
83 150
83 158
83 164
83 182
83 191
83 197
83 198
94 11
94 30
94 34
94 71
94 107
94 113
94 158
94 198
135 90
135 205
135 210
135 182
135 197
135 100
135 11
135 79
135 118
135 126
135 134
135 168
135 187
135 219
182 90
182 210
182 79
182 100
182 126
182 134
182 160
182 197
177 122
177 212
30 102
30 64
30 87
30 113
30 34
30 54
30 59
30 71
30 88
30 107
30 179
30 198
134 122
134 197
134 100
134 79
134 118
134 61
134 198
15 205
15 16
15 33
15 61
15 65
15 125
15 132
15 139
15 151
15 170
15 216
24 152
24 225
24 26
24 73
24 128
24 165
24 168
24 201
24 219
24 179
24 59
24 20
24 22
24 57
24 78
24 180
24 187
24 222
50 225
50 78
50 116
50 130
50 173
215 225
215 26
215 168
215 116
215 130
215 180
215 107
215 117
215 173
215 187
215 222
192 31
192 122
192 212
212 122
64 91
64 210
64 33
64 9
64 11
64 16
64 54
64 61
64 65
64 69
64 79
64 82
64 88
64 126
64 132
64 151
64 166
64 168
64 188
64 216
100 90
100 210
100 197
100 79
100 118
100 126
100 130
126 205
126 11
126 79
126 118
188 33
188 65
188 132
188 16
188 61
188 82
188 139
188 170
188 224
55 33
55 216
55 98
55 69
55 200
55 150
55 21
55 37
55 73
55 82
55 95
55 128
55 136
55 165
55 168
55 201
152 20
152 22
152 26
152 57
152 59
152 78
152 117
152 130
152 165
152 180
152 222
53 61
53 78
53 116
53 130
53 57
53 222
53 117
16 6
16 33
16 65
16 132
16 216
16 61
16 82
16 119
16 139
16 151
16 170
16 224
172 33
172 166
172 113
172 145
172 170
180 26
180 165
180 59
180 20
180 78
180 116
180 130
180 117
180 173
180 187
107 102
107 21
107 113
107 165
107 179
107 71
107 78
107 34
107 54
107 88
107 187
107 198
130 225
130 150
130 26
130 40
130 128
130 165
130 191
130 201
130 59
130 20
130 78
130 22
130 57
130 88
130 117
130 187
37 157
37 98
37 125
37 69
37 200
37 21
37 40
37 73
37 128
37 140
37 146
37 168
37 183
37 201
37 219
87 210
87 65
87 98
87 125
87 69
87 150
87 21
87 29
87 73
87 95
87 128
87 136
87 140
87 146
87 165
87 168
87 179
87 219
150 90
150 125
150 69
150 200
150 11
150 29
150 57
150 95
150 128
150 136
150 140
150 146
150 191
150 201
216 33
216 65
216 132
216 166
216 54
216 61
216 82
216 119
216 151
216 170
1 90
1 91
1 102
1 157
1 205
1 210
90 11
90 21
90 91
90 118
90 157
90 160
90 164
90 197
90 205
90 210
91 6
91 11
91 79
91 157
91 166
91 170
91 210
91 224
102 54
102 71
102 88
102 179
157 6
157 21
157 160
157 197
157 205
157 210
205 170
205 197
205 210
210 6
210 9
210 11
210 40
210 65
210 79
210 160
210 179
210 197
210 201
6 98
6 119
6 197
98 21
98 95
98 125
98 128
98 136
98 165
98 183
98 191
98 200
98 201
98 219
119 139
197 79
11 79
11 118
21 125
21 69
21 200
21 29
21 40
21 73
21 95
21 128
21 136
21 146
21 168
21 179
21 183
21 191
21 201
118 79
118 170
164 198
79 88
79 95
166 33
166 65
166 132
166 82
166 151
166 170
166 224
170 33
170 82
170 139
170 151
170 224
224 65
224 132
33 61
33 65
33 82
33 132
33 145
33 151
33 168
69 125
69 29
69 40
69 82
69 128
69 136
69 165
69 183
69 200
69 201
69 219
179 128
179 34
179 71
179 88
179 145
179 169
179 198
54 113
54 201
54 71
54 198
71 200
71 40
71 113
71 165
71 201
71 20
71 57
71 88
88 113
88 222
88 34
88 198
65 61
65 132
82 61
139 168
139 151
9 200
40 200
40 29
40 73
40 95
40 123
40 140
40 146
40 165
40 168
40 187
40 191
40 219
201 125
201 29
201 73
201 95
201 128
201 136
201 165
201 191
201 57
201 140
201 143
201 146
201 219
201 222
20 78
20 116
57 26
57 95
57 78
57 116
57 117
57 222
59 22
59 173
59 222
78 225
78 26
78 22
78 173
116 225
116 168
116 222
165 200
165 26
165 29
165 73
165 95
165 128
165 136
165 146
165 151
165 168
165 219
187 225
187 113
187 128
187 22
187 222
200 125
200 73
200 136
200 183
200 219
168 125
168 29
168 73
168 95
168 128
168 136
168 123
168 183
168 191
117 225
117 222
117 198
219 125
219 29
219 95
219 128
219 136
219 191
219 123
219 143
219 146
22 173
26 225
26 183
26 222
146 125
146 29
146 73
146 95
146 128
146 140
146 183
191 29
191 73
191 95
191 128
191 136
225 173
34 169
113 198
73 29
73 95
73 123
73 128
73 136
73 143
73 183
125 29
125 95
125 128
125 136
125 140
125 183
95 29
95 128
95 136
95 140
95 143
95 183
123 29
128 29
128 136
140 29
140 183
140 143
183 29
198 169
198 158
145 61
61 151
169 173
169 158
136 29
29 143
