895
800
233
752
429
375
456
73
690
297
382
890
133
773
850
309
108
839
84
577
563
696
169
168
515
79
555
225
238
915
477
910
766
391
267
733
533
992
436
30
340
116
567
677
58
801
17
763
220
182
738
23
175
704
535
360
996
20
202
998
508
574
138
803
531
721
948
585
92
754
568
608
981
542
183
47
755
319
868
487
430
652
527
663
648
146
860
370
841
576
821
279
409
817
909
624
822
525
134
790
564
154
681
499
361
54
827
246
68
772
313
332
718
214
969
545
580
792
209
167
777
404
338
798
70
322
106
223
951
37
991
590
48
180
374
271
472
285
495
737
598
990
198
479
368
781
38
396
56
966
287
422
476
392
855
1000
437
442
394
355
797
957
892
455
201
617
467
984
50
973
255
184
351
569
301
832
372
730
265
156
185
628
165
178
669
609
700
174
173
846
210
596
432
216
207
698
347
166
21
553
758
480
786
692
206
708
836
637
932
153
518
160
646
253
93
229
967
906
245
779
956
397
236
770
656
540
627
457
16
431
826
3
520
879
543
149
473
98
676
401
787
257
710
620
330
27
31
266
768
97
775
492
684
691
64
919
119
917
228
922
706
631
712
250
44
573
510
949
94
982
887
916
547
589
675
224
686
707
150
413
780
65
586
433
362
36
200
359
953
145
566
694
268
469
76
415
5
249
334
859
302
802
621
143
501
137
195
356
799
997
460
854
434
757
639
136
449
325
815
171
0
43
928
795
793
417
231
418
481
944
204
899
7
819
157
329
993
711
386
461
91
317
14
485
34
556
940
896
559
647
506
335
163
782
668
560
853
715
811
549
685
454
863
18
122
789
872
861
219
101
8
894
71
411
261
403
327
849
388
741
842
383
247
293
445
176
618
751
103
709
900
856
578
60
679
876
528
581
614
439
575
111
13
693
883
373
697
99
390
756
509
873
299
241
127
494
451
807
666
866
516
420
72
828
256
962
400
339
53
548
661
286
446
109
664
272
903
344
59
778
45
269
305
552
734
395
151
658
55
345
683
274
562
584
208
199
507
407
234
158
875
599
524
118
630
812
278
680
749
674
760
406
161
845
349
667
78
794
912
139
862
26
496
877
170
642
462
380
606
864
881
809
251
672
719
428
186
914
513
592
424
346
459
522
945
314
905
326
607
830
612
776
662
482
587
33
505
523
379
291
83
626
526
353
619
583
820
162
884
695
235
51
498
438
699
177
960
963
308
86
221
825
310
125
248
486
689
384
765
90
785
312
952
289
989
965
12
262
726
318
35
458
336
10
813
254
387
633
660
82
306
750
453
1001
32
52
731
389
365
29
651
493
735
277
764
840
497
378
882
102
419
615
217
427
342
295
748
466
114
623
886
280
720
869
671
847
307
638
213
517
444
665
113
452
604
968
398
490
324
931
87
89
541
954
252
484
714
311
218
276
857
100
333
448
62
565
958
22
904
971
649
635
290
478
808
85
976
611
408
939
521
243
929
632
425
975
503
194
96
226
172
491
925
350
742
343
529
447
49
641
315
858
282
816
595
244
296
75
831
105
191
740
132
298
110
152
239
25
348
464
381
74
67
450
745
844
823
514
288
80
181
196
947
703
475
888
260
889
688
736
264
273
558
270
316
188
41
959
571
913
104
6
358
141
650
943
725
678
682
532
190
369
999
159
366
964
488
121
670
504
66
994
657
240
796
367
128
570
354
144
788
126
463
891
320
806
594
69
687
148
717
783
746
377
582
625
579
24
115
259
197
117
292
215
655
557
321
227
147
95
142
537
530
242
946
40
11
1
502
88
833
920
323
237
57
112
9
193
192
28
4
852
77
130
120
465
46
371
829
705
135
838
870
107
300
972
258
636
416
470
281
468
187
232
729
19
474
871
901
591
732
610
880
155
713
423
341
927
727
140
129
471
645
791
399
205
818
950
402
551
597
352
728
722
918
885
385
911
759
936
2
814
393
977
534
926
605
554
263
131
179
412
771
601
588
426
222
723
63
921
600
39
500
443
644
275
435
189
164
303
629
230
561
546
15
81
923
364
724
837
61
42
328
