348
561
440
285
776
467
175
391
578
173
868
132
623
102
316
808
551
615
305
338
548
527
463
949
827
104
749
304
960
423
531
754
816
20
166
313
38
259
449
507
192
829
803
735
844
386
372
470
315
99
475
19
596
96
978
810
55
464
476
782
505
453
562
363
899
28
491
140
567
584
552
694
915
622
351
303
72
823
226
205
146
609
690
267
963
277
250
733
220
431
361
115
180
403
666
643
279
135
655
150
229
343
617
514
236
129
147
866
638
320
909
75
119
710
218
550
383
359
308
896
266
480
759
565
631
94
644
349
360
747
581
358
454
543
503
293
745
169
481
335
830
786
81
873
501
748
616
40
47
839
109
734
618
911
312
828
437
444
732
407
424
787
121
6
292
98
508
353
705
287
306
498
592
125
39
533
591
594
563
957
771
247
82
719
469
526
32
841
650
204
37
325
251
731
108
492
219
494
244
781
48
181
509
554
739
850
170
857
233
593
597
590
520
395
153
517
496
992
77
647
601
340
485
53
599
91
174
329
21
248
356
161
510
640
7
243
409
662
400
228
366
698
355
606
806
95
504
430
904
127
375
69
45
716
332
893
465
194
977
70
502
576
367
334
577
838
158
290
234
871
165
840
738
478
790
588
667
927
342
966
556
141
499
110
648
27
34
872
263
333
413
528
506
793
905
712
575
600
362
472
875
159
130
9
459
783
659
296
258
549
151
813
962
24
238
371
186
289
265
846
1002
519
347
557
458
128
780
876
545
490
51
495
680
92
613
683
404
740
779
341
530
373
661
583
222
704
870
742
321
436
500
675
83
706
224
897
849
432
402
535
765
183
880
546
825
370
401
242
883
736
435
635
63
612
330
484
626
513
677
398
89
93
264
821
143
693
861
262
215
172
80
532
670
4
393
598
645
232
610
397
299
237
940
815
443
344
580
274
589
317
445
246
314
425
231
804
50
275
426
889
394
439
587
131
25
646
831
624
429
837
862
741
193
892
97
434
681
191
245
642
198
460
522
654
374
302
579
728
628
713
737
239
547
282
139
88
474
369
448
682
746
954
877
516
213
195
752
152
652
493
345
461
420
417
450
799
950
668
350
709
611
890
607
555
901
553
946
582
768
111
468
595
471
678
462
886
278
832
286
925
833
318
