144
404
929
724
14
329
656
200
536
184
148
24
480
964
1120
4
22
1050
1067
75
922
836
360
79
69
1022
385
288
761
179
777
81
1043
180
259
773
556
965
335
426
608
1099
1033
1018
864
832
1014
71
655
577
333
351
343
589
217
1002
1072
624
1019
384
941
801
233
639
319
30
940
679
139
1106
242
211
992
198
1092
13
528
436
547
539
412
191
169
2
1020
188
105
116
226
239
757
494
189
972
587
359
926
686
662
187
230
454
85
358
466
732
872
568
398
468
1029
685
340
421
405
503
1118
623
435
578
54
315
345
195
881
800
695
236
247
584
309
767
135
154
1061
779
15
140
482
317
721
1116
772
560
638
448
901
150
25
523
282
830
1024
812
1013
804
406
470
253
11
927
805
735
1085
507
59
393
792
954
427
1039
220
235
321
981
403
664
980
687
731
684
87
840
688
586
102
78
411
39
72
531
883
630
43
382
162
963
425
522
582
1064
828
1126
417
155
1075
870
1095
401
362
716
197
618
332
627
473
306
855
58
495
571
202
67
895
606
637
826
445
302
431
704
1087
126
415
658
544
896
95
1119
276
504
1035
246
353
1047
756
36
647
534
204
821
814
509
5
839
705
918
1090
502
983
394
517
1008
153
764
228
397
942
375
46
798
88
945
683
605
1044
803
152
196
968
89
159
569
98
252
611
593
68
269
794
285
723
386
697
782
157
950
51
182
1038
324
486
1131
106
635
789
1052
450
273
921
419
326
631
572
281
400
978
268
1010
100
338
90
848
1046
283
94
959
990
573
293
924
210
379
948
689
520
860
442
1122
1076
40
439
455
467
970
165
461
755
640
982
825
453
566
615
788
846
726
64
783
1102
407
1083
275
261
1100
540
863
719
175
511
597
56
515
858
904
616
557
1060
518
1115
958
277
177
550
498
1009
1124
822
128
108
49
554
176
774
222
304
548
161
831
158
745
562
876
432
973
1059
1093
1049
514
700
842
585
666
452
914
599
292
733
1074
441
601
183
121
810
559
488
806
875
829
665
866
346
172
1012
827
70
9
1006
891
42
874
563
1058
1000
1132
808
909
120
149
648
464
399
287
763
691
561
604
99
1097
231
487
65
130
199
383
443
1110
388
728
878
76
225
621
533
97
1037
133
60
1105
391
218
710
961
893
748
449
104
1109
879
1108
947
408
936
1129
96
151
873
305
553
354
296
8
675
32
205
797
438
699
370
911
145
722
330
778
579
869
331
433
264
377
652
730
1070
984
1026
323
734
244
1094
696
131
1098
327
910
311
715
885
985
1123
28
110
698
541
396
714
619
50
485
851
549
740
751
1
725
762
524
249
62
248
692
336
750
758
373
462
420
957
816
82
986
113
884
931
707
887
194
967
820
538
581
260
975
537
678
459
447
1017
759
440
976
115
337
342
368
906
713
1015
350
316
673
718
312
481
123
661
744
596
892
898
240
1069
372
279
890
781
387
112
325
31
37
612
73
583
314
371
92
1130
771
10
937
1068
34
206
650
1040
529
672
1055
469
499
856
841
348
109
374
1042
907
807
263
278
894
221
951
670
125
186
416
352
657
156
693
483
18
867
322
63
739
943
310
720
849
1111
227
26
915
997
818
12
680
