257
31
338
80
475
264
596
409
496
84
57
600
289
235
484
620
595
630
692
686
499
506
47
207
444
173
41
252
243
359
528
100
360
649
271
474
4
551
419
281
216
27
314
688
1
83
568
81
16
502
540
331
24
676
536
588
677
641
601
266
222
54
184
388
336
632
210
558
182
410
77
613
93
7
109
288
279
364
585
431
324
350
152
658
650
2
370
535
130
428
519
422
545
377
5
706
232
456
231
52
251
340
248
150
45
582
3
663
448
455
112
701
49
619
12
261
543
345
546
347
627
164
172
217
689
447
0
636
299
468
290
329
10
420
335
62
221
284
166
249
644
39
442
277
618
211
356
28
544
376
312
325
366
358
505
693
25
124
64
48
29
227
137
679
634
493
9
224
523
577
508
317
355
612
14
197
96
390
478
179
522
53
556
672
372
26
607
327
241
581
219
303
467
539
8
212
572
171
322
276
357
268
11
548
229
239
363
470
571
59
22
660
315
258
30
15
670
170
214
554
13
188
228
469
589
653
283
407
270
343
220
67
570
354
305
333
391
263
393
246
615
82
19
114
295
511
55
417
294
20
438
386
6
352
21
74
215
311
387
480
35
700
153
531
411
654
384
639
42
489
441
70
520
427
37
687
538
272
435
69
65
265
412
344
430
462
287
487
426
201
225
223
690
594
33
488
34
36
563
460
326
98
38
367
244
280
583
304
88
40
99
576
368
405
490
75
606
671
275
375
414
473
190
342
175
118
482
50
58
43
167
44
46
617
127
525
76
129
492
205
298
603
262
452
623
353
362
149
454
483
213
341
529
530
209
624
63
446
236
18
351
476
604
78
497
32
162
60
665
143
465
71
662
185
328
278
445
586
242
425
512
176
491
392
79
91
250
168
515
592
320
408
206
564
580
705
683
477
560
575
61
302
637
674
642
240
144
66
440
501
308
547
186
479
424
541
68
395
398
669
245
443
330
399
403
695
181
569
237
450
675
562
269
495
708
267
139
72
553
73
486
273
169
459
291
321
195
645
51
587
504
573
406
373
472
136
371
500
684
306
466
86
664
17
282
307
697
23
97
85
542
449
633
557
471
87
253
682
593
608
89
90
56
92
521
94
332
234
616
464
463
439
691
95
189
629
101
561
102
