0 10
0 19
0 26
0 41
0 47
0 61
0 75
0 99
0 102
0 106
0 111
0 117
0 127
0 139
0 175
0 201
0 216
0 225
0 226
0 228
0 230
0 245
0 271
0 287
0 295
0 296
1 6
1 23
1 26
1 38
1 49
1 52
1 53
1 61
1 75
1 93
1 96
1 99
1 102
1 111
1 114
1 123
1 126
1 139
1 144
1 152
1 160
1 168
1 191
1 204
1 205
1 212
1 219
1 225
1 254
1 260
1 273
2 27
2 32
2 68
2 71
2 79
2 106
2 209
3 5
3 6
3 16
3 26
3 27
3 30
3 38
3 40
3 47
3 48
3 50
3 54
3 55
3 57
3 61
3 63
3 67
3 71
3 75
3 76
3 82
3 95
3 99
3 101
3 102
3 106
3 122
3 123
3 139
3 148
3 151
3 152
3 155
3 159
3 160
3 167
3 168
3 174
3 186
3 187
3 197
3 201
3 202
3 203
3 205
3 208
3 209
3 213
3 225
3 227
3 228
3 245
3 246
3 269
3 273
3 274
3 275
3 283
3 288
3 289
4 5
4 28
4 47
4 57
4 67
4 99
4 174
4 187
4 197
4 202
4 203
4 213
4 243
4 275
5 10
5 11
5 28
5 63
5 160
5 197
5 225
5 228
5 243
5 245
5 275
5 283
6 23
6 26
6 38
6 43
6 49
6 52
6 61
6 71
6 75
6 84
6 93
6 96
6 99
6 102
6 111
6 114
6 123
6 126
6 136
6 139
6 144
6 152
6 160
6 163
6 168
6 181
6 188
6 191
6 201
6 204
6 212
6 219
6 225
6 254
6 260
6 299
7 113
7 135
8 16
8 18
8 20
8 27
8 28
8 32
8 40
8 48
8 53
8 54
8 57
8 67
8 68
8 71
8 76
8 85
8 99
8 100
8 105
8 106
8 120
8 139
8 147
8 172
8 186
8 187
8 190
8 197
8 202
8 209
8 210
8 213
8 218
8 221
8 245
8 246
8 269
8 274
8 275
8 298
9 80
9 83
9 150
9 156
9 222
9 233
9 244
9 247
9 257
9 267
9 286
10 26
10 47
10 75
10 81
10 106
10 139
10 158
10 160
10 165
10 200
10 201
10 203
10 225
10 228
10 283
10 289
11 14
11 16
11 18
11 20
11 26
11 27
11 32
11 40
11 48
11 53
11 54
11 55
11 57
11 60
11 67
11 68
11 71
11 76
11 78
11 79
11 85
11 99
11 100
11 101
11 102
11 105
11 106
11 109
11 120
11 124
11 130
11 139
11 147
11 148
11 155
11 159
11 160
11 167
11 168
11 172
11 174
11 186
11 187
11 190
11 197
11 201
11 202
11 203
11 205
11 209
11 210
11 211
11 213
11 218
11 221
11 237
11 245
11 269
11 273
11 274
11 275
11 282
11 290
11 293
11 294
11 298
11 300
12 19
12 74
12 97
12 117
12 127
12 170
12 198
12 230
12 241
12 265
12 268
12 277
12 278
12 281
12 285
12 297
13 36
13 143
13 224
14 16
14 18
14 21
14 27
14 32
14 34
14 40
14 48
14 53
14 54
14 67
14 68
14 71
14 78
14 79
14 85
14 99
14 100
14 101
14 103
14 105
14 106
14 109
14 120
14 141
14 147
14 148
14 157
14 164
14 167
14 172
14 186
14 190
14 196
14 201
14 209
14 210
14 211
14 213
14 221
14 234
14 245
14 269
14 298
15 66
15 73
15 91
15 127
15 133
15 138
15 165
15 170
15 173
15 184
15 223
15 230
15 265
15 268
15 277
15 278
15 285
16 18
16 21
16 26
16 27
16 32
16 38
16 40
16 48
16 53
16 54
16 55
16 57
16 60
16 63
16 67
16 68
16 71
16 75
16 76
16 78
16 79
16 85
16 99
16 100
16 101
16 102
16 103
16 105
16 106
16 109
16 120
16 124
16 128
16 139
16 147
16 148
16 155
16 160
16 164
16 167
16 168
16 172
16 174
16 186
16 187
16 190
16 196
16 197
16 201
16 202
16 203
16 205
16 209
16 210
16 211
16 213
16 218
16 221
16 225
16 234
16 243
16 245
16 246
16 269
16 274
16 275
16 298
17 19
17 33
17 74
17 92
17 97
17 104
17 117
17 127
17 142
17 170
17 194
17 198
17 215
17 217
17 220
17 230
17 241
17 248
17 261
17 264
17 265
17 277
17 281
17 297
18 21
18 26
18 27
18 28
18 30
18 32
18 40
18 48
18 53
18 54
18 55
18 56
18 57
18 60
18 63
18 67
18 68
18 71
18 75
18 76
18 78
18 79
18 85
18 99
18 100
18 101
18 103
18 105
18 106
18 109
18 120
18 124
18 125
18 128
18 134
18 139
18 141
18 147
18 148
18 155
18 167
18 172
18 174
18 186
18 187
18 190
18 196
18 197
18 199
18 201
18 202
18 203
18 209
18 210
18 211
18 213
18 218
18 221
18 225
18 234
18 237
18 245
18 246
18 253
18 269
18 275
18 280
18 293
18 298
19 33
19 41
19 59
19 70
19 73
19 74
19 92
19 97
19 104
19 117
19 127
19 133
19 142
19 145
19 154
19 165
19 166
19 170
19 175
19 178
19 194
19 198
19 207
19 215
19 216
19 217
19 220
19 223
19 230
19 241
19 248
19 258
19 264
19 265
19 271
19 277
19 278
19 281
19 295
19 296
19 297
20 53
20 67
20 68
20 76
20 85
20 128
20 190
20 209
20 213
20 218
20 245
20 269
20 298
21 32
21 34
21 40
21 48
21 54
21 78
21 79
21 99
21 100
21 103
21 105
21 120
21 141
21 147
21 164
21 186
21 190
21 196
21 209
21 213
21 221
21 234
21 298
22 80
22 121
23 26
23 43
23 49
23 52
23 61
23 75
23 84
23 93
23 96
23 99
23 102
23 111
23 114
23 123
23 126
23 136
23 139
23 144
23 152
23 160
23 168
23 181
23 191
23 204
23 212
23 219
23 225
23 254
23 260
23 299
24 37
24 39
24 44
24 58
24 62
24 86
24 110
24 115
24 125
24 129
24 130
24 131
24 134
24 162
24 176
24 199
24 203
24 206
24 209
24 232
24 237
24 242
24 245
24 262
24 280
24 282
24 290
24 291
24 293
24 294
25 39
25 46
25 48
25 58
25 67
25 69
25 86
25 101
25 110
25 120
25 125
25 129
25 130
25 131
25 134
25 139
25 155
25 174
25 176
25 187
25 189
25 197
25 199
25 203
25 206
25 209
25 229
25 232
25 237
25 245
25 262
25 275
25 282
25 290
25 291
25 293
25 300
26 32
26 38
26 40
26 47
26 48
26 51
26 52
26 53
26 54
26 55
26 57
26 61
26 63
26 67
26 68
26 71
26 75
26 79
26 93
26 99
26 101
26 102
26 103
26 105
26 106
26 114
26 120
26 123
26 124
26 126
26 139
26 144
26 147
26 148
26 151
26 152
26 153
26 160
26 167
26 168
26 172
26 174
26 186
26 187
26 190
26 196
26 197
26 201
26 202
26 203
26 204
26 205
26 208
26 209
26 210
26 211
26 213
26 221
26 225
26 231
26 245
26 246
26 254
26 256
26 260
26 273
26 275
26 288
26 289
26 298
27 32
27 35
27 38
27 39
27 40
27 46
27 48
27 50
27 53
27 54
27 57
27 60
27 63
27 67
27 68
27 71
27 75
27 76
27 78
27 79
27 85
27 99
27 101
27 102
27 103
27 105
27 106
27 109
27 120
27 125
27 130
27 139
27 141
27 147
27 148
27 160
27 167
27 172
27 174
27 186
27 187
27 190
27 197
27 199
27 201
27 205
27 209
27 210
27 211
27 213
27 218
27 221
27 234
27 237
27 245
27 253
27 262
27 269
27 274
27 282
27 290
27 293
27 298
28 57
28 121
28 243
29 35
29 69
29 118
29 189
29 209
29 237
30 39
30 71
30 75
30 76
30 95
30 101
30 122
30 151
30 187
30 197
30 201
30 202
30 211
30 225
30 227
30 231
30 245
30 263
30 275
30 288
30 298
31 43
31 50
31 99
31 140
31 144
31 153
31 160
31 177
31 188
31 208
32 34
32 38
32 40
32 48
32 53
32 54
32 55
32 57
32 60
32 67
32 68
32 71
32 76
32 78
32 79
32 85
32 99
32 100
32 101
32 103
32 105
32 106
32 109
32 120
32 124
32 139
32 141
32 147
32 148
32 155
32 164
32 167
32 172
32 174
32 186
32 187
32 190
32 196
32 197
32 201
32 202
32 205
32 209
32 210
32 211
32 213
32 218
32 221
32 234
32 245
32 246
32 269
32 274
32 275
32 298
33 74
33 92
33 97
33 104
33 107
33 117
33 127
33 165
33 170
33 194
33 198
33 215
33 216
33 220
33 223
33 230
33 241
33 258
33 265
33 277
33 281
33 295
33 296
33 297
34 48
34 53
34 68
34 71
34 79
34 147
34 186
34 190
34 221
34 298
35 48
35 69
35 118
35 189
35 209
35 218
35 237
35 245
35 282
36 135
36 143
36 146
36 270
37 39
37 44
37 58
37 62
37 86
37 110
37 115
37 125
37 129
37 130
37 131
37 134
37 176
37 197
37 199
37 203
37 206
37 209
37 232
37 237
37 238
37 245
37 262
37 280
37 282
37 290
37 291
37 293
37 294
37 300
38 40
38 48
38 50
38 55
38 57
38 63
38 67
38 68
38 71
38 76
38 82
38 85
38 99
38 101
38 102
38 103
38 105
38 106
38 109
38 120
38 139
38 147
38 160
38 174
38 186
38 187
38 197
38 201
38 202
38 205
38 208
38 209
38 213
38 225
38 245
38 246
38 266
38 269
38 274
38 275
39 44
39 58
39 60
39 62
39 75
39 76
39 86
39 101
39 110
39 115
39 120
39 129
39 130
39 131
39 147
39 155
39 159
39 162
39 168
39 174
39 176
39 187
39 197
39 199
39 203
39 206
39 209
39 213
39 225
39 228
39 232
39 237
39 238
39 245
39 259
39 262
39 269
39 273
39 275
39 280
39 282
39 290
39 293
39 294
39 300
40 48
40 53
40 54
40 55
40 57
40 63
40 67
40 68
40 71
40 76
40 78
40 79
40 85
40 99
40 100
40 101
40 103
40 105
40 106
40 109
40 120
40 124
40 139
40 141
40 147
40 148
40 155
40 160
40 164
40 167
40 172
40 174
40 186
40 187
40 190
40 196
40 197
40 201
40 202
40 205
40 208
40 209
40 210
40 213
40 218
40 221
40 225
40 234
40 245
40 246
40 269
40 275
40 298
41 72
41 74
41 104
41 117
41 127
41 175
41 192
41 207
41 216
41 220
41 230
41 241
41 271
41 281
41 295
41 296
42 45
42 77
42 88
42 89
42 90
42 94
42 108
42 119
42 132
42 149
42 171
42 179
42 183
42 193
42 214
42 235
42 239
42 250
42 279
42 284
43 49
43 52
43 93
43 99
43 114
43 123
43 126
43 160
43 168
43 188
43 212
43 260
44 58
44 62
44 86
44 110
44 115
44 125
44 129
44 130
44 131
44 134
44 162
44 176
44 187
44 197
44 199
44 203
44 206
44 209
44 232
44 237
44 238
44 245
44 262
44 275
44 280
44 282
44 290
44 291
44 293
44 294
45 77
45 88
45 89
45 90
45 94
45 108
45 132
45 149
45 171
45 179
45 183
45 193
45 214
45 235
45 239
45 250
45 279
45 284
46 48
46 58
46 69
46 78
46 110
46 116
46 118
46 125
46 130
46 187
46 189
46 199
46 218
46 237
46 245
46 251
46 262
46 276
46 282
46 290
46 291
46 294
47 57
47 63
47 75
47 81
47 82
47 99
47 160
47 165
47 187
47 200
47 205
47 225
47 228
47 274
47 283
47 289
48 51
48 53
48 54
48 55
48 57
48 60
48 67
48 68
48 71
48 76
48 78
48 79
48 85
48 99
48 100
48 101
48 103
48 105
48 106
48 109
48 120
48 124
48 134
48 139
48 141
48 147
48 148
48 155
48 157
48 160
48 164
48 167
48 168
48 172
48 174
48 186
48 187
48 190
48 196
48 197
48 199
48 201
48 202
48 209
48 210
48 211
48 213
48 218
48 221
48 225
48 234
48 237
48 245
48 246
48 253
48 269
48 275
48 290
48 298
49 52
49 61
49 65
49 75
49 84
49 93
49 96
49 99
49 102
49 114
49 123
49 126
49 136
49 139
49 144
49 152
49 163
49 181
49 191
49 204
49 212
49 219
49 225
49 254
49 260
49 299
50 55
50 67
50 78
50 99
50 123
50 139
50 140
50 160
50 186
50 205
50 218
50 221
50 225
50 253
50 256
50 266
50 283
50 298
51 53
51 67
51 68
51 71
51 99
51 106
51 120
51 124
51 139
51 147
51 148
51 158
51 160
51 164
51 201
51 202
51 213
52 61
52 65
52 75
52 84
52 93
52 96
52 102
52 114
52 123
52 126
52 136
52 152
52 163
52 181
52 188
52 191
52 212
52 219
52 254
52 260
52 299
53 54
53 55
53 57
53 63
53 67
53 68
53 71
53 75
53 76
53 78
53 79
53 85
53 99
53 100
53 101
53 102
53 103
53 105
53 106
53 109
53 120
53 124
53 139
53 141
53 147
53 148
53 160
53 167
53 172
53 174
53 186
53 187
53 190
53 196
53 197
53 201
53 202
53 205
53 209
53 210
53 211
53 213
53 218
53 221
53 245
53 246
53 269
53 274
53 298
54 55
54 56
54 57
54 60
54 67
54 68
54 71
54 76
54 78
54 79
54 80
54 83
54 85
54 99
54 100
54 101
54 102
54 103
54 105
54 106
54 109
54 120
54 124
54 139
54 141
54 147
54 148
54 150
54 155
54 156
54 164
54 167
54 172
54 174
54 186
54 187
54 190
54 196
54 197
54 201
54 202
54 203
54 205
54 209
54 210
54 211
54 213
54 218
54 221
54 222
54 234
54 245
54 246
54 269
54 275
54 298
55 56
55 57
55 60
55 63
55 67
55 68
55 71
55 76
55 78
55 85
55 99
55 100
55 101
55 102
55 103
55 105
55 109
55 120
55 139
55 147
55 152
55 160
55 167
55 172
55 174
55 186
55 187
55 190
55 196
55 197
55 201
55 202
55 203
55 205
55 209
55 210
55 211
55 213
55 221
55 225
55 245
55 246
55 253
55 269
55 275
55 289
55 293
55 298
56 57
56 129
56 130
56 131
56 147
56 155
56 159
56 168
56 174
56 176
56 187
56 197
56 203
56 209
56 213
56 232
56 238
56 245
56 269
56 273
56 275
56 280
56 290
56 293
57 63
57 67
57 68
57 71
57 75
57 76
57 85
57 99
57 100
57 101
57 102
57 103
57 105
57 106
57 120
57 139
57 147
57 155
57 160
57 167
57 168
57 172
57 174
57 186
57 187
57 190
57 201
57 202
57 203
57 204
57 205
57 209
57 210
57 211
57 213
57 218
57 221
57 225
57 245
57 246
57 269
57 275
57 298
58 62
58 86
58 110
58 115
58 116
58 125
58 129
58 130
58 131
58 134
58 162
58 174
58 176
58 187
58 189
58 199
58 203
58 206
58 209
58 232
58 237
58 238
58 242
58 245
58 262
58 275
58 280
58 282
58 290
58 291
58 293
58 294
58 300
59 97
59 142
59 145
59 154
59 166
59 198
59 217
59 228
59 230
59 264
59 297
60 67
60 68
60 71
60 76
60 78
60 85
60 99
60 101
60 103
60 105
60 109
60 120
60 124
60 139
60 147
60 155
60 167
60 172
60 174
60 186
60 187
60 190
60 197
60 203
60 209
60 210
60 211
60 213
60 221
60 225
60 232
60 245
60 275
60 298
61 75
61 84
61 93
61 96
61 99
61 102
61 114
61 123
61 126
61 139
61 144
61 152
61 163
61 168
61 191
61 204
61 212
61 219
61 225
61 260
61 273
61 299
62 86
62 115
62 129
62 130
62 131
62 147
62 162
62 176
62 203
62 206
62 232
62 237
62 238
62 245
62 280
62 282
62 290
62 291
62 293
62 294
63 67
63 71
63 75
63 76
63 82
63 85
63 99
63 101
63 102
63 103
63 120
63 139
63 153
63 155
63 160
63 167
63 174
63 187
63 197
63 201
63 202
63 203
63 205
63 210
63 225
63 227
63 231
63 245
63 246
63 274
63 275
63 288
63 298
64 71
64 169
64 256
65 84
65 93
65 114
65 136
65 212
65 219
65 260
66 73
66 74
66 91
66 127
66 133
66 138
66 165
66 170
66 173
66 184
66 195
66 223
66 230
66 265
66 268
66 277
66 278
66 285
67 68
67 71
67 75
67 76
67 78
67 85
67 99
67 100
67 101
67 102
67 103
67 105
67 106
67 109
67 120
67 124
67 139
67 141
67 147
67 148
67 155
67 159
67 160
67 164
67 167
67 172
67 174
67 186
67 187
67 190
67 196
67 197
67 201
67 202
67 203
67 205
67 206
67 209
67 210
67 211
67 213
67 218
67 221
67 225
67 232
67 234
67 237
67 243
67 245
67 246
67 269
67 274
67 275
67 282
67 298
68 71
68 76
68 78
68 79
68 85
68 99
68 100
68 101
68 102
68 103
68 105
68 106
68 109
68 120
68 124
68 139
68 141
68 147
68 148
68 155
68 157
68 160
68 164
68 167
68 172
68 174
68 186
68 187
68 190
68 196
68 197
68 201
68 202
68 205
68 209
68 210
68 211
68 213
68 218
68 221
68 234
68 245
68 253
68 269
68 275
68 298
69 110
69 116
69 118
69 125
69 130
69 189
69 209
69 218
69 237
69 245
69 251
69 253
69 262
69 276
69 282
69 291
70 74
70 117
70 207
70 216
70 230
70 271
70 281
70 295
70 296
71 76
71 78
71 79
71 85
71 99
71 100
71 101
71 102
71 103
71 105
71 106
71 109
71 120
71 124
71 139
71 141
71 147
71 148
71 155
71 158
71 160
71 164
71 167
71 172
71 174
71 186
71 187
71 188
71 190
71 196
71 197
71 201
71 202
71 205
71 209
71 210
71 211
71 213
71 221
71 225
71 234
71 243
71 245
71 246
71 255
71 256
71 260
71 269
71 274
71 289
71 298
72 117
72 216
72 230
72 271
72 295
72 296
73 74
73 91
73 127
73 133
73 138
73 165
73 170
73 173
73 184
73 223
73 230
73 265
73 268
73 277
73 278
73 285
74 91
74 92
74 97
74 104
74 107
74 117
74 127
74 133
74 165
74 170
74 175
74 192
74 194
74 198
74 207
74 215
74 216
74 220
74 223
74 230
74 241
74 258
74 265
74 271
74 277
74 281
74 285
74 295
74 296
74 297
75 76
75 84
75 85
75 86
75 93
75 96
75 99
75 102
75 106
75 111
75 114
75 123
75 126
75 129
75 136
75 139
75 144
75 152
75 159
75 160
75 168
75 174
75 176
75 186
75 187
75 191
75 201
75 203
75 204
75 205
75 210
75 212
75 219
75 225
75 227
75 232
75 245
75 254
75 260
75 269
75 273
75 275
75 293
75 299
76 78
76 85
76 99
76 100
76 101
76 102
76 103
76 105
76 106
76 109
76 120
76 124
76 125
76 128
76 130
76 139
76 147
76 148
76 155
76 164
76 167
76 172
76 174
76 186
76 187
76 190
76 197
76 201
76 202
76 203
76 205
76 209
76 210
76 211
76 213
76 218
76 221
76 225
76 232
76 245
76 246
76 253
76 262
76 269
76 274
76 275
76 298
77 88
77 89
77 90
77 94
77 108
77 119
77 132
77 149
77 171
77 179
77 183
77 193
77 214
77 235
77 239
77 250
77 279
77 284
78 79
78 85
78 99
78 100
78 101
78 103
78 105
78 106
78 109
78 120
78 124
78 125
78 130
78 139
78 141
78 147
78 148
78 155
78 164
78 168
78 174
78 186
78 187
78 190
78 196
78 197
78 199
78 201
78 209
78 210
78 211
78 213
78 218
78 221
78 234
78 245
78 246
78 269
78 275
78 282
78 298
79 85
79 99
79 101
79 103
79 105
79 106
79 109
79 120
79 141
79 147
79 164
79 167
79 174
79 186
79 190
79 196
79 202
79 205
79 209
79 210
79 213
79 221
79 234
79 245
79 298
80 121
80 150
80 156
80 222
80 233
80 257
80 267
80 286
81 165
81 200
81 201
81 226
81 228
81 274
81 283
81 289
82 99
82 102
82 106
82 139
82 151
82 160
82 201
82 205
82 225
82 274
82 288
83 147
83 150
83 156
83 222
83 233
83 244
83 247
83 257
83 267
83 286
84 93
84 102
84 114
84 123
84 126
84 136
84 152
84 163
84 191
84 212
84 219
84 254
84 260
84 299
85 99
85 100
85 101
85 103
85 105
85 106
85 109
85 120
85 124
85 128
85 139
85 141
85 147
85 148
85 155
85 160
85 164
85 167
85 172
85 174
85 186
85 187
85 190
85 196
85 197
85 201
85 202
85 203
85 205
85 209
85 210
85 211
85 213
85 218
85 221
85 225
85 234
85 245
85 246
85 253
85 269
85 274
85 275
85 298
86 110
86 115
86 125
86 129
86 130
86 131
86 134
86 159
86 176
86 187
86 199
86 203
86 206
86 209
86 232
86 237
86 238
86 242
86 245
86 262
86 273
86 275
86 276
86 280
86 282
86 290
86 291
86 293
86 294
86 300
87 112
87 156
87 236
87 240
88 89
88 90
88 94
88 108
88 119
88 132
88 149
88 171
88 179
88 183
88 193
88 214
88 235
88 239
88 250
88 279
88 284
89 90
89 108
89 119
89 132
89 149
89 171
89 179
89 183
89 193
89 214
89 235
89 239
89 250
89 279
89 284
89 292
90 94
90 108
90 119
90 132
90 149
90 171
90 179
90 183
90 214
90 235
90 239
90 250
90 279
90 284
90 292
91 127
91 133
91 138
91 165
91 170
91 173
91 184
91 223
91 265
91 268
91 277
91 278
91 285
92 97
92 104
92 107
92 117
92 127
92 170
92 194
92 198
92 215
92 216
92 220
92 230
92 241
92 258
92 277
92 281
92 296
92 297
93 96
93 99
93 102
93 114
93 123
93 126
93 136
93 152
93 168
93 181
93 188
93 191
93 212
93 219
93 254
93 260
93 299
94 108
94 119
94 132
94 149
94 171
94 179
94 183
94 214
94 235
94 239
94 250
94 279
94 284
95 122
95 151
95 227
95 231
95 263
95 288
96 102
96 114
96 123
96 126
96 136
96 139
96 212
96 254
96 260
97 104
97 117
97 127
97 133
97 142
97 145
97 154
97 166
97 170
97 178
97 194
97 198
97 215
97 217
97 220
97 223
97 230
97 241
97 248
97 258
97 261
97 264
97 265
97 277
97 278
97 281
97 295
97 297
98 112
98 137
98 156
98 182
98 236
98 240
99 100
99 102
99 105
99 106
99 109
99 111
99 114
99 120
99 123
99 126
99 139
99 144
99 147
99 148
99 152
99 153
99 158
99 160
99 164
99 167
99 168
99 174
99 186
99 187
99 188
99 190
99 191
99 196
99 201
99 202
99 205
99 208
99 209
99 210
99 211
99 212
99 213
99 218
99 221
99 225
99 234
99 245
99 246
99 254
99 255
99 256
99 260
99 266
99 269
99 275
99 288
99 289
99 298
100 101
100 103
100 106
100 109
100 120
100 124
100 128
100 129
100 139
100 147
100 155
100 160
100 167
100 174
100 176
100 186
100 187
100 196
100 197
100 202
100 209
100 210
100 213
100 218
100 221
100 234
100 245
100 246
100 269
100 274
100 298
101 102
101 103
101 105
101 106
101 109
101 120
101 128
101 139
101 141
101 147
101 148
101 155
101 159
101 160
101 167
101 168
101 172
101 174
101 186
101 187
101 190
101 196
101 201
101 202
101 203
101 205
101 209
101 210
101 211
101 213
101 218
101 221
101 225
101 234
101 245
101 246
101 269
101 275
101 293
101 298
102 111
102 114
102 123
102 124
102 126
102 136
102 139
102 144
102 152
102 160
102 168
102 174
102 186
102 187
102 191
102 197
102 202
102 203
102 204
102 205
102 210
102 212
102 219
102 221
102 225
102 245
102 246
102 254
102 260
102 269
102 273
102 275
102 299
103 105
103 106
103 120
103 139
103 141
103 147
103 148
103 155
103 164
103 167
103 172
103 174
103 186
103 190
103 196
103 197
103 202
103 209
103 210
103 211
103 213
103 221
103 234
103 245
103 246
103 269
103 298
104 107
104 117
104 127
104 165
104 170
104 175
104 192
104 194
104 198
104 215
104 216
104 220
104 223
104 230
104 241
104 258
104 265
104 271
104 277
104 281
104 295
104 296
104 297
105 106
105 109
105 120
105 124
105 139
105 141
105 147
105 148
105 164
105 167
105 172
105 186
105 187
105 190
105 197
105 201
105 202
105 205
105 209
105 210
105 211
105 213
105 218
105 221
105 234
105 245
105 246
105 269
105 275
105 298
106 109
106 120
106 124
106 139
106 141
106 147
106 148
106 158
106 160
106 164
106 167
106 172
106 174
106 186
106 187
106 190
106 196
106 197
106 201
106 202
106 205
106 209
106 210
106 211
106 213
106 218
106 221
106 225
106 234
106 245
106 269
106 274
106 289
106 298
107 258
107 281
108 119
108 132
108 149
108 171
108 179
108 183
108 193
108 214
108 235
108 239
108 250
108 279
108 284
109 120
109 124
109 139
109 147
109 155
109 160
109 167
109 174
109 186
109 187
109 190
109 196
109 197
109 201
109 209
109 210
109 211
109 213
109 218
109 221
109 234
109 245
109 269
109 298
110 115
110 116
110 118
110 125
110 130
110 131
110 148
110 157
110 176
110 187
110 189
110 199
110 203
110 206
110 218
110 232
110 237
110 245
110 251
110 262
110 275
110 280
110 282
110 290
110 291
110 293
110 294
111 126
111 139
111 299
112 137
112 156
112 182
112 236
112 240
113 135
113 143
113 185
114 123
114 126
114 136
114 139
114 144
114 152
114 160
114 163
114 181
114 188
114 191
114 212
114 219
114 225
114 254
114 260
114 299
115 125
115 129
115 130
115 131
115 134
115 159
115 162
115 176
115 189
115 199
115 203
115 206
115 209
115 232
115 237
115 238
115 245
115 262
115 273
115 280
115 282
115 290
115 291
115 293
115 294
115 300
116 118
116 125
116 130
116 199
116 237
116 245
116 251
116 262
116 276
116 282
116 290
116 291
117 127
117 133
117 142
117 145
117 154
117 165
117 166
117 170
117 175
117 194
117 198
117 207
117 215
117 216
117 217
117 220
117 223
117 230
117 241
117 248
117 264
117 265
117 271
117 277
117 278
117 281
117 295
117 296
117 297
118 189
118 237
118 251
118 262
118 276
118 282
118 291
119 132
119 149
119 171
119 179
119 183
119 193
119 214
119 235
119 239
119 250
119 279
119 284
120 139
120 141
120 147
120 148
120 155
120 157
120 160
120 164
120 167
120 172
120 174
120 186
120 187
120 190
120 196
120 197
120 199
120 201
120 202
120 203
120 205
120 209
120 210
120 211
120 213
120 218
120 221
120 225
120 232
120 234
120 237
120 245
120 246
120 269
120 275
120 282
120 293
120 294
120 298
122 151
122 227
122 231
122 263
122 274
122 288
123 126
123 136
123 139
123 144
123 152
123 160
123 168
123 181
123 188
123 191
123 204
123 205
123 212
123 219
123 238
123 254
123 260
123 273
123 299
124 147
124 148
124 155
124 160
124 167
124 174
124 201
124 202
124 205
124 209
124 210
124 211
124 213
124 218
124 221
124 246
124 269
124 298
125 129
125 130
125 131
125 174
125 176
125 187
125 197
125 199
125 203
125 209
125 218
125 232
125 237
125 238
125 245
125 251
125 262
125 276
125 280
125 282
125 290
125 291
125 293
125 294
126 136
126 139
126 152
126 163
126 168
126 181
126 188
126 191
126 212
126 219
126 254
126 260
126 273
126 299
127 133
127 142
127 165
127 166
127 170
127 173
127 175
127 184
127 194
127 198
127 215
127 216
127 217
127 220
127 223
127 230
127 241
127 248
127 258
127 261
127 264
127 265
127 268
127 277
127 278
127 281
127 285
127 296
127 297
128 155
128 174
128 176
128 187
128 197
128 203
128 209
128 213
128 225
128 245
128 269
128 275
128 298
129 130
129 131
129 134
129 159
129 168
129 174
129 176
129 187
129 197
129 203
129 206
129 232
129 237
129 238
129 245
129 269
129 273
129 280
129 282
129 290
129 293
129 294
129 300
130 131
130 134
130 147
130 159
130 174
130 176
130 187
130 189
130 199
130 203
130 206
130 209
130 213
130 218
130 232
130 237
130 238
130 242
130 245
130 251
130 262
130 276
130 280
130 282
130 290
130 291
130 293
130 294
130 300
131 134
131 162
131 174
131 176
131 187
131 197
131 199
131 203
131 209
131 229
131 232
131 237
131 242
131 245
131 262
131 275
131 280
131 282
131 290
131 291
131 293
131 294
132 149
132 171
132 179
132 183
132 193
132 214
132 235
132 239
132 250
132 279
132 284
132 292
133 138
133 165
133 170
133 173
133 184
133 195
133 223
133 230
133 265
133 268
133 277
133 278
133 285
133 297
134 174
134 176
134 187
134 203
134 209
134 232
134 237
134 245
134 280
134 282
134 290
134 293
134 294
134 300
135 143
135 270
136 152
136 191
136 212
136 219
136 254
136 260
136 299
137 156
137 182
137 236
137 240
138 165
138 184
138 265
138 268
139 144
139 147
139 148
139 152
139 155
139 160
139 164
139 167
139 168
139 172
139 174
139 186
139 187
139 190
139 191
139 196
139 197
139 201
139 202
139 203
139 205
139 208
139 209
139 210
139 211
139 213
139 218
139 221
139 225
139 234
139 243
139 245
139 246
139 253
139 256
139 260
139 266
139 269
139 275
139 288
139 289
139 298
141 147
141 148
141 167
141 172
141 186
141 190
141 196
141 202
141 209
141 211
141 213
141 221
141 234
141 245
141 298
142 145
142 154
142 166
142 170
142 178
142 194
142 198
142 215
142 217
142 220
142 228
142 230
142 248
142 249
142 264
142 265
142 277
142 297
143 270
144 160
144 168
144 177
144 188
144 191
144 202
144 205
144 208
144 225
144 260
145 154
145 166
145 170
145 178
145 194
145 198
145 215
145 217
145 220
145 228
145 230
145 249
145 264
145 265
145 297
146 169
146 272
147 148
147 155
147 160
147 162
147 164
147 167
147 172
147 174
147 176
147 186
147 187
147 190
147 196
147 197
147 201
147 202
147 203
147 205
147 209
147 210
147 211
147 213
147 218
147 221
147 225
147 237
147 243
147 245
147 246
147 269
147 274
147 275
147 290
147 293
147 298
148 155
148 157
148 160
148 164
148 172
148 174
148 186
148 187
148 190
148 196
148 197
148 201
148 202
148 203
148 209
148 211
148 213
148 218
148 221
148 234
148 237
148 245
148 262
148 269
148 275
148 298
149 171
149 179
149 183
149 193
149 214
149 235
149 239
149 250
149 279
149 284
149 292
150 156
150 222
150 233
150 244
150 247
150 257
150 267
150 286
151 227
151 231
151 263
151 274
151 288
152 160
152 168
152 191
152 203
152 205
152 212
152 219
152 225
152 245
152 260
152 273
153 203
153 208
153 228
153 245
154 166
154 170
154 178
154 194
154 198
154 215
154 217
154 220
154 228
154 230
154 249
154 264
154 265
154 297
155 167
155 172
155 174
155 186
155 187
155 190
155 202
155 203
155 205
155 209
155 211
155 213
155 221
155 225
155 232
155 245
155 246
155 269
155 275
155 298
156 182
156 222
156 233
156 236
156 240
156 244
156 247
156 257
156 267
156 286
157 167
157 190
157 209
157 245
157 282
158 201
158 202
159 174
159 187
159 197
159 203
159 213
159 218
159 225
159 232
159 238
159 245
159 273
159 275
159 280
159 290
159 294
160 164
160 167
160 168
160 174
160 186
160 187
160 188
160 196
160 201
160 202
160 205
160 208
160 209
160 210
160 211
160 213
160 221
160 225
160 228
160 245
160 246
160 256
160 269
160 274
161 170
161 277
162 176
162 203
162 209
162 232
162 237
162 245
162 275
162 282
162 290
162 293
162 294
163 212
163 260
163 299
164 167
164 174
164 186
164 190
164 196
164 202
164 209
164 213
164 221
164 234
164 245
164 246
164 298
165 170
165 173
165 184
165 200
165 201
165 216
165 223
165 226
165 230
165 241
165 258
165 265
165 268
165 271
165 277
165 283
165 285
165 289
165 296
166 170
166 178
166 194
166 198
166 215
166 217
166 220
166 228
166 230
166 249
166 264
166 265
166 297
167 172
167 186
167 187
167 190
167 196
167 197
167 201
167 202
167 205
167 209
167 210
167 211
167 213
167 221
167 225
167 234
167 245
167 246
167 269
167 275
167 298
168 187
168 188
168 191
168 203
168 205
168 208
168 219
168 225
168 238
168 245
168 260
168 273
168 290
168 293
168 300
169 255
170 173
170 184
170 194
170 198
170 207
170 215
170 216
170 217
170 220
170 223
170 230
170 241
170 258
170 264
170 265
170 268
170 277
170 278
170 281
170 285
170 295
170 296
170 297
171 179
171 183
171 193
171 214
171 235
171 239
171 250
171 279
171 284
171 292
172 174
172 186
172 187
172 190
172 197
172 201
172 202
172 205
172 209
172 210
172 211
172 213
172 221
172 222
172 225
172 229
172 245
172 246
172 269
172 275
172 286
172 298
173 184
173 223
173 265
173 268
173 277
173 285
174 176
174 186
174 187
174 196
174 197
174 201
174 202
174 203
174 205
174 209
174 210
174 213
174 221
174 225
174 229
174 234
174 237
174 245
174 246
174 269
174 273
174 274
174 275
174 293
174 298
175 192
175 207
175 216
175 230
175 265
175 271
175 281
175 295
175 296
176 187
176 197
176 199
176 203
176 206
176 209
176 232
176 237
176 238
176 245
176 262
176 269
176 273
176 280
176 282
176 290
176 291
176 293
176 294
176 300
177 188
177 208
178 194
178 215
178 217
178 220
178 228
178 264
178 297
179 183
179 193
179 214
179 235
179 239
179 250
179 279
179 284
179 292
180 283
181 191
181 212
181 219
181 254
181 260
181 299
182 236
182 240
183 193
183 214
183 235
183 239
183 250
183 279
183 284
184 223
184 265
184 268
184 277
184 285
185 224
186 187
186 190
186 196
186 197
186 201
186 202
186 205
186 208
186 209
186 210
186 211
186 213
186 218
186 221
186 225
186 234
186 245
186 246
186 269
186 275
186 298
187 190
187 197
187 201
187 202
187 203
187 205
187 209
187 210
187 211
187 213
187 218
187 221
187 225
187 232
187 237
187 238
187 242
187 245
187 246
187 253
187 262
187 269
187 275
187 280
187 282
187 289
187 290
187 293
187 294
187 298
188 208
188 212
188 260
189 199
189 203
189 237
189 245
189 251
189 262
189 282
189 291
190 196
190 197
190 209
190 210
190 213
190 218
190 221
190 234
190 245
190 246
190 269
190 298
191 204
191 205
191 212
191 219
191 225
191 254
191 260
191 299
192 207
192 216
192 230
192 271
192 295
192 296
193 214
193 235
193 239
193 250
193 279
193 284
194 198
194 215
194 217
194 220
194 223
194 230
194 241
194 248
194 261
194 264
194 265
194 277
194 281
194 297
195 265
195 268
195 277
196 201
196 202
196 205
196 209
196 210
196 213
196 221
196 234
196 245
196 246
196 269
196 298
197 201
197 202
197 203
197 205
197 209
197 210
197 211
197 213
197 218
197 221
197 225
197 237
197 245
197 269
197 275
197 298
198 215
198 217
198 220
198 230
198 248
198 261
198 264
198 265
198 277
198 281
198 297
199 203
199 209
199 232
199 237
199 245
199 251
199 262
199 280
199 282
199 290
199 291
199 293
199 294
200 201
200 226
200 228
200 283
200 289
201 202
201 205
201 209
201 210
201 211
201 213
201 221
201 225
201 245
201 256
201 269
201 274
201 275
201 283
201 289
201 298
202 205
202 209
202 210
202 211
202 213
202 221
202 225
202 245
202 246
202 269
202 275
202 298
203 204
203 205
203 206
203 209
203 213
203 225
203 228
203 229
203 232
203 237
203 238
203 242
203 245
203 253
203 259
203 262
203 269
203 273
203 275
203 280
203 282
203 290
203 291
203 293
203 294
203 300
204 205
204 225
204 254
204 273
205 208
205 209
205 210
205 211
205 213
205 221
205 225
205 245
205 246
205 269
205 273
205 274
205 275
205 298
206 232
206 262
206 280
206 282
206 290
206 293
206 294
207 216
207 230
207 271
207 281
207 295
207 296
208 225
209 210
209 211
209 213
209 218
209 221
209 225
209 232
209 234
209 237
209 238
209 245
209 246
209 253
209 262
209 269
209 275
209 282
209 290
209 291
209 293
209 294
209 298
209 300
210 211
210 213
210 218
210 221
210 245
210 246
210 269
210 275
210 298
211 213
211 218
211 221
211 245
211 253
211 269
211 298
212 219
212 225
212 254
212 260
212 299
213 218
213 221
213 225
213 232
213 234
213 237
213 245
213 246
213 269
213 274
213 275
213 298
214 235
214 239
214 250
214 279
214 284
214 292
215 217
215 220
215 230
215 241
215 248
215 261
215 264
215 265
215 277
215 297
216 230
216 241
216 271
216 281
216 295
216 296
217 220
217 228
217 230
217 264
217 265
217 297
218 237
218 245
218 253
218 262
218 269
218 274
218 282
218 298
219 254
219 260
219 299
220 223
220 230
220 241
220 264
220 265
220 277
220 281
220 297
221 234
221 245
221 253
221 269
221 275
221 298
222 233
222 244
222 247
222 257
222 267
222 286
223 230
223 241
223 265
223 268
223 277
223 278
223 281
223 285
223 297
224 252
225 228
225 245
225 246
225 253
225 256
225 260
225 269
225 273
225 274
225 275
225 289
225 298
226 283
226 289
227 231
227 263
227 274
227 288
228 264
228 283
228 289
228 297
229 232
230 241
230 248
230 258
230 264
230 265
230 271
230 277
230 278
230 281
230 295
230 296
230 297
231 263
231 274
231 288
232 237
232 238
232 242
232 245
232 259
232 262
232 273
232 275
232 280
232 282
232 290
232 291
232 293
232 294
232 300
233 244
233 247
233 257
233 267
233 286
234 245
234 298
235 239
235 250
235 279
235 284
236 240
237 238
237 242
237 245
237 251
237 253
237 262
237 275
237 276
237 280
237 282
237 290
237 291
237 293
237 294
237 300
238 245
238 259
238 275
238 280
238 282
238 290
238 293
238 294
238 300
239 250
239 279
239 284
239 292
241 258
241 265
241 271
241 277
241 281
241 295
241 296
241 297
242 245
242 262
242 282
242 290
243 275
244 247
244 257
244 267
244 286
245 246
245 251
245 253
245 255
245 262
245 269
245 275
245 280
245 282
245 290
245 291
245 293
245 294
245 298
245 300
246 274
246 275
246 298
247 257
247 267
247 286
248 261
248 297
250 279
250 284
251 262
251 276
251 282
251 291
253 255
253 275
253 282
253 290
253 298
254 260
254 299
255 256
257 267
257 286
258 265
258 281
258 297
260 299
261 297
262 282
262 290
262 291
262 294
263 274
263 288
264 265
264 297
265 268
265 277
265 278
265 281
265 285
265 297
266 269
267 286
268 277
268 278
268 285
269 274
269 275
269 293
269 298
271 281
271 295
271 296
273 280
273 290
273 293
274 279
274 298
275 280
275 282
275 293
275 294
275 298
276 282
276 290
276 291
277 278
277 285
277 297
278 285
278 297
279 284
279 292
280 282
280 290
280 291
280 293
280 294
281 295
281 296
281 297
282 290
282 291
282 293
282 294
282 300
283 289
284 292
290 291
290 293
290 294
290 300
291 293
291 294
293 294
293 300
294 300
295 296
