82
146
34
317
297
95
208
125
215
166
121
321
57
105
94
72
68
347
354
32
329
157
363
31
93
174
113
115
148
168
92
260
335
84
151
149
320
78
145
143
75
103
184
118
214
356
239
256
7
302
104
188
167
235
359
69
132
325
126
234
4
119
212
220
65
185
211
86
210
129
6
141
135
5
66
9
41
171
98
332
116
22
261
273
130
238
270
16
144
114
319
348
74
64
39
257
303
264
346
365
134
331
12
219
358
299
318
351
169
338
17
140
298
23
70
13
230
352
155
25
109
117
159
244
353
357
337
51
87
96
83
133
161
203
80
179
213
79
293
97
20
340
90
307
339
91
49
247
142
334
330
29
343
306
269
333
50
204
217
355
258
350
366
110
367
67
131
292
21
0
178
112
107
85
71
177
296
233
99
124
127
290
183
262
216
209
123
147
349
