0 36
0 38
0 95
0 121
36 121
38 12
38 17
38 55
38 60
38 121
38 134
95 47
95 60
95 111
95 121
12 71
12 28
12 47
12 60
12 103
17 28
17 47
17 60
17 111
17 127
17 133
17 134
55 111
55 134
60 47
60 100
60 111
60 127
134 47
47 111
47 127
111 127
1 61
1 83
1 89
1 125
61 14
83 48
83 54
83 77
83 78
83 81
83 89
83 100
83 103
83 109
83 125
89 6
89 29
89 52
89 54
89 71
89 125
125 6
125 8
125 77
125 100
125 137
14 71
14 116
14 108
14 123
14 140
48 110
48 26
48 42
54 6
54 71
54 100
54 138
77 21
77 8
77 62
77 103
78 112
78 138
78 93
81 29
81 109
100 71
100 138
103 132
103 76
109 29
109 27
6 21
6 137
29 27
29 110
29 112
52 39
52 138
71 98
71 11
71 85
71 93
71 97
71 116
71 132
71 140
8 62
137 21
2 110
2 141
110 13
110 21
110 112
110 141
141 13
141 112
141 113
13 112
21 33
113 99
3 15
3 67
3 120
3 126
15 86
15 90
67 34
67 96
120 88
120 126
86 4
86 49
86 90
96 23
88 23
4 20
4 31
4 129
20 5
20 16
20 79
20 129
31 44
31 49
129 5
129 16
129 44
129 53
129 79
5 16
5 19
5 53
5 106
16 79
44 59
44 124
53 19
53 9
53 94
53 106
53 115
19 9
19 92
19 106
106 91
106 104
106 105
106 139
9 32
9 92
92 94
92 105
94 10
94 63
115 10
115 37
115 40
115 51
115 69
115 72
115 63
91 84
91 102
105 82
105 66
33 26
7 43
7 56
7 98
43 56
43 117
43 136
56 98
98 117
98 133
98 136
98 140
117 136
136 133
133 68
140 116
140 128
140 132
140 85
140 93
140 97
10 37
10 40
10 69
37 24
37 25
37 80
37 131
40 51
40 63
40 131
69 72
69 131
24 25
24 80
24 131
25 63
25 65
25 70
25 80
25 82
25 131
80 63
80 131
131 51
131 72
131 63
51 63
11 22
11 107
11 116
11 118
11 128
11 132
11 135
22 58
22 107
22 118
107 76
107 97
107 118
107 128
107 135
116 85
116 93
116 97
116 118
116 128
116 132
116 135
118 128
118 135
128 93
132 76
132 85
132 97
135 76
135 93
135 97
58 108
58 46
85 108
76 18
76 50
76 68
76 114
28 50
28 75
50 68
50 75
108 45
45 41
45 114
68 18
23 35
23 84
35 57
35 102
84 65
57 102
57 119
102 119
65 82
65 70
122 30
122 73
122 101
30 39
39 74
74 87
59 99
59 124
124 99
64 130
