0 3
0 5
0 13
0 16
0 18
0 22
0 28
0 32
0 33
3 13
3 28
3 32
3 33
5 16
5 18
13 28
13 32
13 33
16 18
16 22
18 22
28 32
28 33
32 1
32 7
32 9
32 11
32 25
32 33
32 34
32 35
1 2
1 7
1 9
1 25
1 26
1 31
1 34
1 35
7 9
7 11
7 25
7 34
9 11
9 25
9 34
9 35
11 25
11 34
11 35
25 34
25 35
34 35
2 17
2 26
26 6
26 17
26 21
26 23
26 27
26 31
31 6
31 8
31 10
31 14
31 15
31 17
31 21
31 23
31 27
6 21
6 23
6 27
21 20
21 24
23 27
27 10
27 14
27 15
8 4
8 14
8 19
8 29
8 30
10 14
10 15
14 15
4 19
4 30
4 36
19 30
20 12
20 24
24 12
