324
134
962
610
510
670
32
477
660
5
867
111
20
140
112
45
216
767
815
42
239
162
760
765
580
72
304
13
271
862
364
225
902
469
278
482
603
36
763
974
12
37
606
741
464
2
125
756
62
46
844
838
409
67
737
157
447
133
529
739
618
311
832
673
147
978
433
155
4
616
450
842
381
909
115
231
918
475
724
776
535
796
663
102
779
435
65
258
573
331
595
654
971
725
283
236
507
192
264
121
48
483
788
74
205
437
400
488
104
359
476
432
57
509
635
897
704
682
298
566
43
60
928
764
386
995
852
810
365
398
489
0
296
638
462
195
61
964
819
328
800
308
363
309
272
600
611
3
47
287
501
868
439
634
536
782
182
316
59
7
1001
821
424
75
639
373
975
458
368
491
199
785
861
421
31
8
497
105
123
100
93
845
730
68
284
50
537
831
401
770
370
749
754
300
700
90
423
630
685
747
382
434
523
211
440
802
81
550
187
863
466
295
840
194
240
574
643
361
137
420
503
991
793
885
233
923
659
553
220
996
575
811
333
414
808
774
932
183
443
684
860
158
965
9
581
548
846
204
399
527
114
914
622
570
533
214
73
716
1002
886
86
83
816
118
494
262
200
873
170
323
85
356
11
517
887
407
556
305
201
470
146
602
836
910
473
369
562
866
937
478
593
419
303
56
949
787
916
310
335
514
49
