0 22
0 66
22 66
22 82
22 134
66 7
66 50
66 82
66 93
66 123
66 134
82 134
134 18
134 50
134 112
7 31
7 81
7 93
7 104
7 107
50 5
50 18
50 23
50 38
50 57
50 60
50 105
50 112
50 141
18 57
18 80
18 85
18 112
112 29
112 40
112 90
1 9
1 28
1 56
1 132
9 20
9 21
9 26
9 49
9 56
9 67
9 132
28 4
28 132
56 6
56 20
56 49
56 67
56 86
132 4
132 49
132 67
20 21
20 26
20 49
20 67
20 72
21 26
21 49
21 67
26 49
26 67
26 72
49 67
49 72
67 83
6 86
6 115
6 120
6 122
86 83
86 101
86 115
86 122
86 126
86 137
86 140
2 37
2 48
2 129
37 92
37 129
48 60
48 94
48 118
48 141
129 12
129 32
129 39
92 70
92 47
60 85
60 59
60 23
60 40
60 62
60 118
60 124
94 39
94 114
94 64
94 79
118 59
118 36
118 114
118 90
141 53
141 38
141 103
141 124
141 125
12 52
12 111
32 8
32 36
32 69
32 78
3 53
3 89
3 110
3 121
53 62
53 89
89 110
121 16
121 88
62 103
62 125
16 91
16 75
16 87
88 115
88 106
88 63
23 59
23 113
38 70
38 11
38 55
38 100
57 59
57 80
57 85
57 90
105 81
105 97
115 106
115 120
115 122
115 140
120 122
122 106
122 140
83 17
83 25
83 135
83 140
101 126
101 135
101 95
137 61
137 42
137 106
140 106
140 58
106 58
31 27
31 104
31 116
81 19
81 97
81 104
81 116
104 65
104 116
107 113
27 116
19 59
97 59
97 113
65 59
65 117
8 68
8 70
70 11
70 47
70 71
70 77
70 128
36 34
36 133
69 78
78 138
11 33
11 109
11 128
71 109
71 102
77 30
77 102
128 100
10 13
13 24
13 44
13 75
13 98
24 75
24 98
75 91
75 98
75 139
91 87
33 55
33 109
109 96
55 127
100 52
52 43
52 29
52 111
139 25
14 17
14 46
14 54
14 61
17 54
17 73
17 131
17 136
46 54
46 73
46 136
54 73
54 119
54 136
61 74
73 131
73 136
119 63
119 95
42 51
15 30
30 102
80 85
85 40
59 40
59 103
59 114
59 117
59 124
40 76
103 108
103 45
103 124
124 108
124 45
124 79
124 130
34 35
133 35
125 45
125 79
125 130
64 76
64 79
79 130
41 84
84 108
58 99
45 130
