0
280
238
391
132
354
321
376
499
329
298
634
415
285
395
440
292
271
375
498
419
154
463
277
248
546
689
416
290
270
368
283
688
477
506
242
312
667
443
438
291
180
659
284
452
397
553
130
612
313
597
407
446
475
593
372
459
701
454
157
337
348
332
304
189
330
602
260
218
532
629
396
487
1
630
442
4
325
427
363
651
447
682
326
19
496
307
453
211
252
507
421
690
261
281
420
296
346
705
513
166
559
340
394
335
143
362
267
430
580
26
445
424
501
165
550
448
578
371
418
122
322
457
215
269
423
314
618
159
2
456
331
303
234
460
315
665
254
343
240
706
33
