820
28
54
863
19
453
803
296
660
356
319
383
618
74
681
766
619
275
93
631
50
335
717
837
563
700
490
264
222
358
24
502
611
786
7
444
736
215
430
327
173
499
51
590
204
401
615
360
491
29
158
157
152
813
57
295
728
379
303
316
505
199
671
839
581
277
347
720
644
706
977
234
318
147
470
170
600
187
646
556
485
200
498
246
458
110
175
629
279
582
821
25
461
218
182
516
214
748
517
599
612
100
343
478
680
420
500
353
73
694
191
729
596
530
128
495
552
628
704
844
733
675
132
493
265
779
710
247
471
436
45
317
352
462
468
790
248
754
66
531
553
838
731
4
407
463
583
862
75
300
647
652
668
782
577
133
47
662
324
226
83
285
312
666
787
233
712
620
153
121
205
393
703
165
371
807
562
30
956
546
738
513
623
431
140
97
565
504
860
617
391
219
464
417
920
111
476
567
206
592
465
5
866
734
443
172
99
721
333
561
670
89
98
395
82
403
595
815
244
555
580
448
523
115
143
460
308
576
457
434
127
533
492
607
501
609
510
674
707
400
243
372
20
776
141
174
262
310
508
274
594
80
169
373
94
6
806
35
469
488
526
554
509
354
745
507
315
503
459
667
259
437
494
850
735
874
78
338
906
591
394
551
355
48
223
528
183
231
386
545
548
587
606
56
645
584
466
635
718
88
808
