24
82
112
370
337
20
23
13
120
26
7
265
62
53
6
195
19
90
37
135
251
141
322
94
78
351
260
99
352
33
249
50
307
161
131
346
215
107
364
1
87
114
34
186
373
15
197
311
38
258
81
55
152
43
187
193
333
331
31
104
108
201
264
45
63
142
246
279
190
64
216
343
130
111
199
22
263
54
17
42
57
132
110
49
28
103
231
308
356
84
286
310
18
230
209
188
25
194
97
40
52
296
105
76
3
41
226
232
46
4
29
102
14
207
136
122
344
32
259
250
312
202
266
313
325
336
113
175
298
133
353
262
240
56
35
297
219
169
129
274
341
314
257
227
92
75
299
172
277
241
93
244
100
5
153
357
178
183
354
2
95
273
330
137
156
342
303
252
140
51
59
98
109
30
238
334
338
359
220
315
89
171
174
173
176
278
365
61
198
253
121
160
281
366
44
101
360
185
27
155
12
143
275
345
276
321
213
363
248
300
235
83
65
355
86
88
36
0
323
77
159
179
144
134
372
242
200
217
261
243
367
306
189
218
203
280
239
210
39
154
162
158
168
361
256
58
191
287
170
21
96
245
267
16
192
358
316
177
304
184
301
309
106
91
332
