493
541
447
600
580
622
554
114
79
55
556
58
61
593
507
326
101
395
456
321
660
67
296
560
544
356
414
317
497
662
460
425
584
170
543
297
611
225
273
471
403
505
404
334
635
444
66
105
522
466
14
468
329
528
402
426
123
85
501
50
241
419
145
589
515
613
525
640
306
479
710
521
387
70
228
570
610
553
617
415
372
451
534
694
374
237
523
246
354
299
390
598
54
362
337
483
676
207
527
181
428
172
618
62
30
701
18
56
511
315
358
465
696
503
601
365
591
705
649
53
445
34
300
500
265
429
592
386
330
104
89
454
704
293
582
357
248
205
472
502
338
266
