132
80
337
149
291
278
101
104
6
67
108
288
107
100
375
39
17
342
154
378
309
209
119
141
244
335
144
331
152
276
365
201
181
34
373
317
298
97
85
53
377
69
90
5
115
81
315
233
138
0
195
36
117
135
131
304
20
196
167
204
8
11
83
352
54
56
235
212
202
313
207
275
82
242
122
282
258
318
30
284
228
320
328
179
176
246
254
116
42
269
75
347
261
134
208
186
171
199
214
22
143
293
18
213
249
174
263
28
257
3
376
38
12
361
330
281
280
297
184
279
1
340
189
349
121
109
63
286
190
230
27
370
73
76
338
111
367
127
86
346
358
215
339
287
205
363
353
341
71
21
260
372
129
239
231
46
333
194
32
44
159
311
163
103
198
164
96
197
128
295
247
221
371
329
310
16
175
168
187
237
60
294
283
106
45
300
169
256
118
222
251
102
153
43
172
264
4
170
151
125
136
84
10
183
13
26
142
285
74
325
192
302
79
139
110
158
374
234
362
89
355
368
289
354
206
33
166
61
126
87
72
296
200
57
173
50
88
120
268
273
95
345
93
332
23
290
305
360
351
343
272
178
9
277
48
303
255
68
323
271
270
92
49
274
35
55
19
219
25
52
114
243
223
307
210
98
51
7
157
312
218
94
211
14
253
160
58
133
37
91
155
266
364
336
326
248
238
236
322
292
40
267
334
359
113
350
314
216
191
185
306
217
31
252
148
70
245
344
137
348
124
161
182
177
369
327
78
224
299
145
259
123
41
227
105
319
15
220
112
203
130
140
156
366
188
146
150
324
77
99
165
241
2
47
262
193
29
316
147
66
229
240
225
59
65
356
62
308
64
24
357
301
226
180
321
162
265
250
232
