895
440
165
514
503
341
116
453
1072
379
854
135
771
150
42
13
134
905
459
350
520
91
728
29
888
729
183
219
822
137
958
994
505
997
265
317
1111
1061
290
713
949
354
946
316
247
838
264
986
435
878
724
510
1104
327
406
387
738
1128
1119
263
559
616
935
489
279
342
277
551
595
142
483
10
996
650
153
632
615
678
414
516
621
620
604
745
908
213
26
246
1124
775
990
1090
177
896
530
529
293
361
399
784
936
329
332
922
1026
5
652
557
983
211
31
1040
12
470
707
596
338
403
275
32
1080
698
581
179
589
231
583
703
253
757
464
122
92
306
412
837
467
842
643
77
827
875
567
248
1031
159
967
499
1020
987
491
336
566
712
580
249
672
739
639
555
618
587
608
407
1081
867
806
766
945
802
606
883
561
1001
273
725
80
204
794
1003
461
233
378
1007
611
397
152
441
1010
22
756
714
769
288
460
426
50
1132
43
295
442
640
701
911
158
87
373
1101
647
1075
404
761
571
314
1120
302
909
438
1065
398
392
695
572
832
324
975
