0 15
0 20
0 28
0 30
0 32
0 41
0 42
0 50
0 52
0 58
0 59
0 60
0 62
15 17
15 30
15 41
15 45
15 62
20 14
20 29
20 38
20 47
20 50
20 58
20 62
28 5
28 9
28 11
28 27
28 42
28 44
28 49
28 56
28 63
30 2
30 8
30 25
30 38
30 41
30 42
30 45
30 60
32 25
32 33
32 41
32 58
32 61
41 2
41 4
41 8
41 17
41 21
41 38
41 42
41 45
41 58
42 11
42 13
42 25
42 29
42 38
42 45
42 48
42 50
42 57
42 60
50 14
50 16
50 25
50 29
50 39
50 43
50 57
52 61
58 1
58 8
58 36
58 38
58 61
58 62
59 5
59 11
59 12
59 19
59 27
59 40
59 49
59 56
59 63
60 45
60 8
60 13
60 33
60 61
60 62
62 2
62 45
62 8
62 13
62 17
62 29
62 36
62 38
62 43
62 49
2 6
2 13
2 19
2 43
2 45
6 5
6 7
6 9
6 10
6 16
6 18
6 34
6 55
6 64
13 11
13 33
13 48
19 4
19 10
19 11
19 18
19 23
19 24
19 26
19 34
19 35
19 40
19 44
19 51
19 55
19 64
43 35
43 14
43 16
43 25
43 29
43 57
45 8
45 17
17 8
14 12
14 47
14 54
14 16
14 57
29 11
29 57
38 55
38 25
38 57
47 1
47 22
47 39
47 46
47 44
47 54
5 9
5 11
5 37
5 49
5 56
5 27
5 31
9 12
9 35
9 4
9 24
9 37
9 49
9 53
9 55
11 12
11 8
11 4
11 23
11 26
11 37
11 44
11 49
11 53
11 56
11 63
27 49
27 55
27 56
44 35
44 7
44 4
44 10
44 24
44 26
44 31
44 34
44 51
44 55
44 64
49 8
49 35
49 26
49 36
49 56
49 63
56 21
56 37
56 63
56 4
63 12
63 3
8 4
25 16
25 33
25 57
33 48
4 12
4 10
4 23
4 24
4 26
4 55
4 64
21 3
21 7
21 36
21 37
48 55
39 1
39 22
39 53
1 12
1 22
1 46
1 54
12 22
12 24
12 54
40 35
40 10
40 24
40 26
40 31
40 55
40 64
22 35
22 46
54 53
24 35
24 10
24 23
24 26
24 55
24 64
35 7
35 10
35 23
35 26
35 31
35 55
35 64
53 3
53 7
53 37
53 10
7 3
7 18
7 23
7 26
7 31
7 37
7 51
7 55
7 64
10 18
10 26
10 31
10 51
10 55
10 64
18 55
18 64
18 31
34 26
34 64
34 51
55 37
55 31
55 51
55 64
64 26
64 31
64 51
23 26
3 37
