547
917
842
772
196
345
386
177
709
119
312
704
659
774
464
305
791
421
73
820
802
404
722
51
236
607
614
613
75
368
859
210
669
948
651
839
833
767
268
912
366
764
135
645
823
180
127
596
118
636
384
38
618
622
446
890
828
416
699
515
671
0
120
668
409
129
725
610
462
369
522
415
822
250
532
846
242
292
96
29
849
16
26
362
275
40
441
826
103
460
107
145
637
674
62
891
449
391
339
619
576
595
47
152
733
99
686
188
814
540
374
395
69
287
293
450
199
477
377
184
27
679
665
564
209
319
417
237
454
400
158
736
495
243
445
812
632
171
321
49
52
195
21
128
873
876
769
124
806
690
790
76
167
430
241
72
148
436
461
401
423
815
36
353
448
179
721
140
825
652
153
498
231
479
465
116
664
571
808
666
640
70
317
407
881
609
228
646
173
349
476
663
545
19
105
854
434
512
10
175
273
297
963
483
331
561
453
427
346
500
387
93
328
280
389
77
322
159
575
746
713
707
360
625
549
957
205
115
562
776
718
535
502
956
760
431
13
214
525
940
85
781
621
592
428
23
256
63
376
403
247
17
130
166
414
754
900
611
327
662
333
581
506
742
777
530
835
785
14
788
735
832
191
291
56
719
285
768
840
379
892
871
80
862
408
81
234
5
533
316
397
9
277
151
294
481
164
771
307
57
590
556
469
715
66
200
354
566
457
499
784
920
745
344
411
752
783
30
1000
673
426
149
470
485
497
761
240
949
233
698
829
257
252
458
655
222
763
568
867
334
58
885
631
371
282
627
910
623
864
182
211
855
582
123
141
482
381
642
351
309
601
399
255
60
41
739
570
213
432
882
32
992
266
444
207
694
276
821
552
730
786
65
480
880
723
951
787
302
97
258
372
834
146
879
811
569
1
559
271
872
584
299
544
517
361
635
741
813
731
831
630
447
770
869
473
254
757
629
269
794
810
597
216
487
133
508
286
907
189
878
841
848
197
706
728
226
375
616
459
263
230
836
528
193
799
902
541
478
53
45
98
591
265
330
991
364
565
394
138
489
22
198
803
393
61
176
329
539
524
55
382
468
169
337
223
519
653
503
682
536
775
219
359
853
136
692
603
315
780
542
260
617
685
429
144
12
501
37
521
100
620
46
380
335
580
212
78
644
643
84
31
658
131
701
139
557
915
896
693
931
683
435
932
997
11
267
42
142
25
579
650
259
961
154
347
320
370
378
615
314
357
437
588
24
916
336
170
950
192
420
239
290
94
438
818
303
550
729
505
126
132
313
691
513
8
278
156
670
424
870
560
92
114
708
183
163
830
279
201
232
253
554
484
48
215
35
838
74
675
740
413
419
363
827
1002
109
412
425
696
283
235
43
217
843
551
396
174
187
982
418
641
185
680
946
998
172
390
341
261
805
262
245
676
325
227
475
526
162
573
509
717
574
2
95
102
246
861
751
474
442
249
695
456
274
589
654
766
527
980
471
202
678
578
165
648
847
117
39
111
348
224
181
310
516
738
108
358
523
350
856
493
657
68
743
33
373
600
301
759
295
887
44
577
677
514
155
537
494
308
863
272
897
398
340
134
121
942
194
122
306
875
244
338
983
860
221
995
687
300
504
531
727
238
800
553
405
796
71
147
656
206
852
168
289
440
938
779
18
112
463
546
4
90
712
492
538
54
486
7
716
817
385
778
79
406
28
106
270
598
688
332
34
638
986
898
773
572
491
583
844
451
947
749
737
208
296
150
586
608
520
110
288
661
807
705
888
311
15
681
433
324
467
700
343
160
710
383
220
969
837
889
443
342
684
753
734
157
225
689
352
594
634
455
599
593
563
367
711
628
732
50
365
904
639
765
929
87
488
548
3
606
88
137
793
422
86
83
264
298
89
850
724
518
782
510
186
204
534
203
101
999
911
59
281
323
392
868
649
905
647
726
113
490
20
178
567
161
972
756
602
720
507
555
585
356
64
496
966
954
605
125
67
747
587
91
82
229
190
318
410
857
660
612
909
529
624
6
626
355
284
143
466
927
633
326
104
251
402
748
218
913
248
819
