125
23
259
105
213
129
347
377
152
138
215
72
258
204
193
124
336
106
247
121
206
333
343
352
209
348
144
289
196
79
322
220
112
272
135
68
265
141
286
314
339
203
151
365
267
164
261
349
118
297
221
340
201
197
56
117
353
222
42
154
210
262
266
21
371
69
34
223
176
71
226
290
45
233
166
29
87
273
12
236
245
227
219
281
128
14
142
22
230
53
75
212
165
312
122
205
50
194
24
104
35
249
323
354
254
55
0
102
214
65
32
25
218
168
44
313
325
288
284
46
3
378
274
66
70
355
127
119
134
41
113
84
80
4
114
109
107
13
237
228
229
145
31
20
224
235
275
231
175
99
366
26
67
329
73
238
101
232
350
216
335
244
51
302
139
255
239
167
211
256
367
178
287
126
54
15
276
74
195
49
198
311
111
100
110
169
143
163
103
