468
531
319
722
510
462
221
873
735
940
50
925
275
194
10
195
72
624
511
143
205
13
431
234
505
266
562
432
420
710
216
900
398
878
315
433
473
312
803
509
544
387
491
909
646
628
570
428
550
444
99
120
716
295
927
226
966
218
182
617
857
425
140
633
104
81
247
110
850
274
530
563
476
737
402
813
554
571
424
752
401
698
766
246
670
1
383
388
995
619
8
366
170
779
158
872
630
610
454
481
353
683
828
445
326
475
180
860
730
950
343
645
453
441
642
567
823
499
248
358
943
344
148
585
407
75
87
615
821
551
196
704
561
41
650
262
734
32
118
352
599
573
815
678
853
91
399
339
146
899
663
652
640
675
978
24
647
9
547
690
516
635
464
512
80
222
731
498
745
45
533
739
866
844
578
400
463
623
790
879
726
305
581
84
470
342
863
771
97
181
47
711
548
336
115
279
514
443
333
846
384
485
461
814
956
518
529
31
7
193
500
129
257
268
728
703
3
600
808
46
270
436
308
963
27
371
760
706
215
288
782
825
922
142
89
409
111
360
688
335
332
717
231
528
977
375
6
574
299
855
606
98
833
187
526
258
183
285
426
502
748
419
62
841
153
430
172
545
471
417
662
224
838
553
269
435
892
271
556
316
478
233
169
653
213
437
245
590
732
403
128
754
812
629
28
225
102
0
127
429
490
822
862
446
535
584
957
694
682
92
277
631
83
340
740
693
564
718
191
135
341
469
749
329
831
836
404
167
121
849
56
677
132
11
501
107
273
40
577
592
768
744
583
612
751
51
596
634
611
517
552
264
200
25
243
94
300
479
788
422
68
263
33
508
223
719
37
448
587
507
141
347
259
372
251
57
43
244
820
474
889
759
495
582
48
699
936
576
338
785
806
594
465
36
356
784
854
458
317
816
162
601
546
494
972
152
18
79
783
34
914
837
588
278
410
362
4
286
746
12
684
423
532
236
325
239
232
847
680
868
917
267
392
229
123
712
88
292
78
565
220
367
787
595
575
90
138
555
296
39
391
318
997
394
666
20
609
204
543
166
395
368
557
165
776
637
373
839
733
503
93
681
579
418
434
303
513
750
73
293
975
237
393
880
77
19
440
832
644
493
871
310
175
265
459
460
82
492
618
869
466
147
