336
96
180
236
142
145
303
42
0
291
77
195
52
125
176
65
315
337
188
227
98
348
257
359
225
372
261
91
158
282
173
81
247
235
68
357
70
97
93
105
273
118
171
161
20
181
355
331
329
354
23
11
160
168
86
78
365
3
178
199
222
134
54
130
102
224
349
185
279
369
361
297
128
17
103
316
45
358
166
364
214
352
34
2
31
57
121
219
229
36
30
72
237
116
76
159
256
310
200
62
362
266
172
15
187
101
113
163
74
309
292
194
87
155
350
129
39
186
123
288
202
284
154
46
127
115
179
51
47
274
201
324
290
280
221
133
228
298
152
104
308
260
193
233
346
79
198
258
319
267
88
347
66
107
144
253
203
270
370
248
120
343
164
83
230
289
243
99
100
333
209
108
71
182
84
311
135
241
360
64
252
246
67
19
85
327
263
167
367
126
50
264
183
332
69
218
339
317
110
208
307
378
207
363
184
16
220
61
59
242
335
58
223
318
177
283
268
313
111
211
8
80
299
37
276
306
14
94
25
204
213
138
328
49
334
169
226
157
271
7
212
4
165
300
326
117
90
132
239
321
322
262
40
351
119
124
232
139
41
265
131
56
55
162
63
140
43
89
141
304
48
293
32
314
296
215
320
210
18
13
254
330
112
323
340
28
12
146
73
29
60
143
251
216
174
75
35
33
353
44
377
302
153
373
149
106
245
95
175
338
150
231
114
312
148
249
255
170
109
151
356
10
275
22
368
217
366
21
9
147
244
269
82
156
259
1
240
122
53
92
238
