62
204
28
81
207
87
111
242
237
195
353
186
334
213
243
144
93
12
241
57
192
244
230
225
126
30
198
17
240
84
377
162
9
78
6
40
206
210
23
59
83
153
98
415
102
8
228
0
80
41
1
88
215
5
142
298
96
194
39
271
284
123
7
133
31
152
232
135
32
148
185
226
375
328
119
184
89
15
43
10
378
21
129
363
211
121
295
145
143
44
101
181
94
223
134
299
352
79
36
256
175
29
27
127
249
391
149
60
124
72
238
38
76
364
3
54
14
118
58
146
425
24
61
182
151
426
99
82
97
173
220
20
407
42
69
191
13
229
52
351
239
37
86
170
150
355
272
74
2
16
376
35
421
155
331
100
56
19
18
53
22
197
116
305
77
154
75
11
332
227
172
219
114
26
48
354
115
209
297
395
292
