0 1
0 4
0 19
0 26
0 31
0 33
0 60
0 67
0 94
0 100
0 127
0 209
0 219
0 228
0 267
0 273
0 275
0 283
1 4
1 66
1 67
1 91
1 100
1 161
1 209
1 283
2 4
2 7
2 16
2 26
2 31
2 33
2 40
2 46
2 47
2 51
2 63
2 64
2 67
2 68
2 69
2 71
2 94
2 95
2 100
2 101
2 104
2 113
2 127
2 140
2 141
2 147
2 153
2 157
2 158
2 181
2 183
2 187
2 193
2 209
2 219
2 227
2 230
2 233
2 238
2 239
2 241
2 248
2 256
2 258
2 260
2 263
2 265
2 273
2 278
2 283
2 285
2 291
2 308
2 310
2 313
3 128
3 196
3 203
3 209
3 238
3 250
3 280
4 9
4 17
4 31
4 51
4 52
4 71
4 74
4 77
4 79
4 95
4 101
4 115
4 127
4 142
4 155
4 172
4 178
4 183
4 184
4 201
4 209
4 210
4 218
4 235
4 236
4 238
4 243
4 249
4 253
4 258
4 266
4 268
4 279
4 283
4 295
4 307
4 311
4 312
5 24
5 67
5 92
5 100
5 157
5 193
6 44
6 196
6 228
6 267
6 280
6 300
7 183
7 310
8 94
8 138
8 193
8 285
8 305
9 67
9 100
9 184
9 283
9 297
10 33
10 124
10 180
10 233
10 268
10 281
10 286
11 31
11 33
11 85
11 233
11 238
11 269
12 24
12 26
12 83
12 127
12 209
12 299
13 15
13 33
13 86
13 87
13 89
13 123
13 176
13 190
13 209
13 233
14 22
14 25
14 135
14 156
14 185
14 228
14 267
14 289
14 315
15 23
15 33
15 38
15 41
15 75
15 86
15 87
15 89
15 92
15 94
15 146
15 176
15 190
15 209
15 233
15 306
16 33
16 51
16 52
16 67
16 94
16 100
16 104
16 206
16 209
16 219
16 254
17 138
17 209
17 238
17 253
17 283
18 33
18 53
18 94
18 117
18 209
19 24
19 26
19 228
19 267
19 275
20 82
20 209
20 304
21 31
21 39
21 148
21 209
21 314
22 135
22 191
22 196
22 228
22 280
23 31
23 75
23 92
23 208
23 209
24 26
24 31
24 47
24 66
24 83
24 95
24 127
24 157
24 166
24 193
24 200
24 209
24 228
24 238
24 259
24 266
24 267
24 275
24 290
24 296
25 183
25 228
25 229
25 238
25 289
26 31
26 33
26 96
26 127
26 193
26 209
26 233
26 241
26 275
26 299
27 89
27 171
27 190
27 209
27 252
27 275
28 94
28 180
28 308
29 33
29 145
29 233
30 31
30 51
30 94
30 148
30 175
30 181
30 209
30 246
31 32
31 33
31 39
31 46
31 47
31 48
31 52
31 54
31 60
31 63
31 64
31 66
31 67
31 68
31 69
31 71
31 72
31 76
31 80
31 81
31 85
31 88
31 91
31 94
31 95
31 99
31 100
31 104
31 107
31 109
31 122
31 124
31 127
31 130
31 132
31 141
31 143
31 150
31 166
31 175
31 187
31 188
31 189
31 193
31 202
31 208
31 209
31 219
31 221
31 228
31 230
31 233
31 238
31 241
31 246
31 250
31 255
31 258
31 262
31 263
31 264
31 265
31 267
31 273
31 274
31 279
31 283
31 285
31 287
31 289
31 291
31 293
31 301
31 308
31 311
31 314
32 76
32 209
32 213
32 284
33 46
33 51
33 55
33 60
33 63
33 64
33 65
33 66
33 69
33 71
33 79
33 81
33 85
33 88
33 92
33 94
33 95
33 97
33 99
33 104
33 108
33 109
33 117
33 118
33 121
33 122
33 123
33 126
33 127
33 130
33 136
33 141
33 142
33 145
33 148
33 152
33 158
33 162
33 163
33 168
33 171
33 174
33 179
33 181
33 187
33 188
33 189
33 193
33 194
33 202
33 209
33 211
33 217
33 219
33 221
33 224
33 228
33 230
33 233
33 237
33 238
33 241
33 250
33 255
33 262
33 263
33 264
33 265
33 267
33 268
33 269
33 273
33 280
33 281
33 284
33 286
33 287
33 291
33 294
33 295
33 296
33 306
33 308
33 312
33 316
34 37
34 67
34 100
34 134
34 209
35 36
35 173
35 192
36 120
36 137
36 173
36 192
36 199
36 281
36 308
37 196
37 209
37 280
37 296
38 41
38 146
38 199
38 306
39 72
39 221
39 264
39 279
39 314
40 94
40 209
40 227
40 253
40 259
41 60
41 146
41 216
41 226
42 56
42 209
42 242
42 270
43 209
43 220
43 302
44 165
44 196
44 209
44 280
45 94
45 181
45 240
46 104
46 202
46 209
46 233
46 291
47 101
47 183
47 209
48 67
48 100
48 107
48 125
48 130
48 151
48 152
48 166
48 209
49 53
49 209
49 276
50 98
50 196
50 228
50 267
50 280
50 303
51 52
51 60
51 94
51 104
51 127
51 181
51 209
51 219
51 233
51 283
52 60
52 64
52 67
52 100
52 127
52 209
52 219
52 273
52 283
52 293
52 309
53 209
53 276
54 63
54 64
54 209
54 245
55 162
55 233
56 119
56 136
56 209
56 242
56 270
57 67
57 100
57 228
57 257
57 267
57 288
58 85
58 144
59 94
59 217
59 265
60 64
60 93
60 94
60 120
60 186
60 209
60 216
60 219
60 226
60 228
60 233
60 267
60 271
60 273
60 289
60 293
60 311
61 67
61 100
61 159
61 228
61 255
61 267
62 66
62 67
62 100
62 157
62 172
62 193
62 204
62 209
62 228
62 253
62 260
62 267
62 274
62 282
62 311
63 64
63 68
63 88
63 104
63 127
63 209
63 233
63 238
64 88
64 94
64 97
64 104
64 109
64 127
64 158
64 183
64 189
64 209
64 219
64 233
64 263
64 273
64 293
64 302
65 125
65 148
65 151
65 166
65 181
65 219
65 233
65 243
66 81
66 91
66 95
66 122
66 157
66 160
66 161
66 193
66 204
66 209
66 230
66 233
66 241
66 244
66 253
66 290
67 74
67 75
67 82
67 92
67 100
67 101
67 104
67 110
67 114
67 118
67 127
67 131
67 134
67 140
67 142
67 149
67 159
67 165
67 166
67 169
67 170
67 172
67 182
67 183
67 184
67 197
67 198
67 203
67 205
67 207
67 209
67 210
67 212
67 214
67 215
67 228
67 235
67 236
67 238
67 245
67 249
67 255
67 257
67 258
67 261
67 263
67 268
67 272
67 274
67 282
67 300
67 303
67 310
67 311
68 88
68 183
68 209
68 238
68 258
69 95
69 122
69 141
69 233
69 240
69 291
69 309
70 193
70 210
70 238
70 299
71 95
71 123
71 168
71 233
71 265
71 283
71 290
72 94
72 148
72 181
72 209
72 219
72 221
72 246
73 139
73 200
73 209
73 238
74 100
74 193
74 236
74 238
74 283
75 92
75 94
75 100
75 108
75 166
75 209
75 247
75 272
76 94
76 209
76 278
77 143
77 209
77 283
77 295
78 191
78 209
78 212
78 228
79 178
79 233
79 269
79 283
80 132
80 209
81 204
81 209
81 233
81 241
82 100
82 209
83 95
83 99
83 209
83 221
84 297
85 94
85 144
85 233
85 238
86 176
86 209
87 179
87 190
87 209
87 281
88 94
88 97
88 219
89 171
89 190
89 209
89 252
89 275
90 196
90 209
90 280
90 298
91 127
91 209
91 299
92 100
92 142
92 166
92 233
93 120
93 226
93 271
94 97
94 99
94 104
94 117
94 118
94 123
94 138
94 139
94 154
94 158
94 166
94 180
94 181
94 197
94 209
94 211
94 217
94 219
94 222
94 228
94 230
94 240
94 253
94 259
94 265
94 267
94 268
94 278
94 280
94 296
94 305
94 308
94 313
95 99
95 122
95 127
95 209
95 233
95 240
95 283
95 290
95 291
95 309
96 127
96 129
96 193
96 209
96 275
97 219
97 302
98 196
98 198
98 209
98 280
99 209
100 101
100 104
100 110
100 114
100 118
100 127
100 131
100 134
100 140
100 142
100 149
100 159
100 165
100 166
100 169
100 170
100 172
100 182
100 183
100 184
100 197
100 198
100 203
100 205
100 207
100 209
100 210
100 212
100 214
100 215
100 228
100 235
100 236
100 238
100 245
100 249
100 255
100 257
100 258
100 261
100 263
100 268
100 272
100 274
100 282
100 300
100 303
100 310
100 311
101 142
101 183
101 283
102 153
102 157
102 193
102 229
102 238
102 315
103 127
103 209
103 277
104 127
104 158
104 181
104 183
104 193
104 209
104 219
104 230
104 233
104 238
104 285
104 291
104 308
104 313
105 204
105 253
106 127
106 201
106 209
106 238
106 256
107 130
107 143
107 209
108 166
108 224
108 233
108 247
109 189
109 202
109 233
109 238
110 140
110 209
110 298
111 196
111 218
111 228
111 280
111 292
111 296
112 133
112 196
112 209
112 257
112 280
113 157
113 183
113 193
113 248
114 147
114 149
114 238
115 155
115 225
115 283
116 131
116 196
116 223
116 228
116 267
116 280
117 171
117 233
118 182
118 209
118 219
118 228
118 296
119 136
119 209
119 242
119 270
120 226
121 211
121 233
122 230
122 233
122 291
123 127
123 163
123 168
123 209
123 233
123 290
124 180
124 209
124 268
124 301
125 151
125 152
125 166
126 174
126 233
127 129
127 152
127 158
127 163
127 183
127 193
127 209
127 219
127 221
127 233
127 238
127 256
127 264
127 275
127 277
127 279
127 283
127 285
127 286
127 290
127 299
127 302
127 308
127 313
127 314
128 169
128 196
128 228
128 267
128 280
129 193
129 209
130 188
130 193
130 209
130 233
131 165
131 228
131 267
132 209
132 312
133 134
133 196
133 228
133 267
133 280
134 228
134 267
135 228
135 229
135 238
135 248
136 209
136 233
136 268
137 173
137 192
138 238
138 305
139 181
139 313
140 183
140 209
140 260
141 187
141 233
142 233
142 283
143 209
145 194
145 233
146 199
146 306
147 183
147 238
148 175
148 209
148 221
148 233
148 314
149 209
149 232
150 209
150 274
151 152
151 166
151 243
152 166
152 209
152 219
152 233
152 294
152 312
153 157
153 183
153 193
153 239
154 181
154 197
154 238
154 306
155 283
156 193
156 228
156 229
156 238
156 267
157 183
157 193
157 248
157 256
158 209
158 219
159 195
159 209
160 204
160 209
160 244
160 253
162 204
162 233
162 253
163 179
163 209
163 233
164 209
164 228
164 234
164 263
164 267
165 209
166 167
166 200
166 235
166 247
166 259
166 294
167 294
168 174
168 233
168 262
168 290
169 215
169 228
169 267
170 209
170 251
170 303
171 190
171 233
171 252
172 183
172 209
172 234
172 238
172 283
172 311
173 192
174 233
175 209
175 246
176 209
177 272
178 205
178 209
178 228
178 267
178 283
179 190
179 209
179 233
179 237
179 281
180 211
180 268
180 308
181 197
181 209
181 219
181 230
181 240
181 313
182 207
182 209
183 209
183 229
183 238
183 239
183 248
183 256
183 258
183 260
183 263
183 283
183 310
184 209
184 258
184 283
185 195
185 196
185 228
185 280
185 315
186 216
186 226
186 271
187 233
188 233
188 295
189 233
189 240
189 302
190 209
190 252
190 275
190 281
191 196
191 209
191 280
193 209
193 229
193 233
193 238
193 248
193 260
193 263
193 275
193 285
193 299
193 313
194 233
195 196
195 209
195 280
196 209
196 218
196 223
196 235
196 238
196 250
196 251
196 268
196 280
196 288
196 296
196 298
196 302
196 311
197 245
198 209
198 300
199 281
199 306
199 308
200 209
200 238
200 259
201 209
201 279
201 283
202 233
202 238
203 205
203 209
204 209
204 244
204 253
204 274
205 209
205 228
205 267
206 209
206 254
208 209
209 212
209 215
209 219
209 220
209 221
209 223
209 224
209 225
209 226
209 227
209 228
209 230
209 231
209 232
209 233
209 234
209 236
209 238
209 239
209 242
209 244
209 245
209 248
209 249
209 251
209 253
209 254
209 256
209 257
209 258
209 263
209 264
209 267
209 268
209 270
209 272
209 273
209 274
209 275
209 276
209 277
209 278
209 279
209 280
209 281
209 282
209 283
209 286
209 290
209 291
209 293
209 298
209 299
209 301
209 302
209 304
209 307
209 309
209 311
209 314
209 316
210 249
210 283
211 233
211 308
212 228
212 261
213 284
214 238
214 285
214 310
215 223
216 226
217 219
217 265
217 284
218 266
218 280
218 283
219 221
219 228
219 233
219 267
219 273
219 284
219 293
219 294
219 296
219 302
219 312
220 302
221 233
221 246
221 314
222 268
222 308
223 280
224 231
224 233
224 316
225 226
226 271
228 232
228 233
228 238
228 248
228 250
228 255
228 261
228 263
228 266
228 267
228 273
228 282
228 287
228 288
228 289
228 292
228 296
228 300
228 303
228 304
228 311
228 315
229 238
229 248
229 315
230 233
231 316
232 248
232 267
233 237
233 238
233 241
233 250
233 255
233 262
233 263
233 264
233 265
233 268
233 269
233 273
233 281
233 286
233 287
233 291
233 294
233 295
233 306
233 308
233 312
233 316
235 268
235 280
235 283
235 294
236 248
236 283
238 243
238 248
238 250
238 253
238 255
238 256
238 261
238 266
238 280
238 283
238 296
238 299
238 306
238 307
238 310
238 315
239 249
240 302
240 309
242 270
243 283
243 307
244 253
248 267
248 304
249 283
250 280
250 287
251 280
251 288
253 259
253 274
253 283
253 310
255 261
255 267
258 283
263 267
263 282
264 279
264 286
264 306
266 283
266 296
267 273
267 282
267 288
267 300
267 303
267 304
268 280
268 283
268 308
273 278
273 289
273 293
273 311
279 283
280 288
280 296
280 298
280 302
280 311
281 308
282 302
283 295
283 307
283 311
283 312
285 313
289 311
292 296
293 302
302 311
312 316
