499
173
241
557
649
287
312
475
52
503
540
414
78
169
632
239
54
356
482
228
192
249
395
694
605
323
592
355
583
544
31
141
547
212
358
396
626
657
211
190
447
307
208
108
117
227
467
320
569
477
485
88
712
642
577
574
534
535
264
529
514
564
518
640
598
84
269
340
97
218
541
6
77
643
45
613
487
388
615
501
497
268
347
63
315
703
491
522
351
474
538
586
344
38
352
96
65
581
488
174
309
170
441
197
265
573
278
409
468
224
511
408
140
456
333
109
455
560
685
612
611
56
663
82
49
427
572
570
372
295
182
509
100
472
591
203
559
35
133
465
651
623
710
558
695
281
627
130
596
483
168
614
420
2
371
207
294
64
602
543
449
51
639
519
466
324
404
502
16
589
451
554
75
335
617
645
206
214
202
652
290
286
317
53
590
628
672
131
539
160
44
624
102
12
397
85
365
469
436
576
273
47
452
597
426
682
95
464
237
516
289
616
277
