633
997
202
432
499
207
641
604
394
75
214
363
218
1077
1125
467
541
790
828
53
212
33
307
350
845
303
10
291
25
24
81
249
423
836
899
777
1026
1
6
746
730
492
1080
591
684
15
191
44
910
737
888
4
632
89
880
104
479
108
810
751
1031
456
1037
924
59
921
382
450
925
1104
646
497
936
62
1078
124
521
360
101
183
221
460
345
52
257
61
203
196
224
55
850
1129
166
762
1051
107
272
366
622
1005
85
131
138
47
663
223
192
36
302
785
40
784
904
38
601
367
145
82
536
137
156
869
563
659
597
1103
608
403
130
975
1007
16
650
454
669
584
598
1128
11
172
13
468
402
989
97
91
67
846
60
779
313
462
237
334
276
540
783
848
255
395
844
1083
680
527
1092
66
1038
675
681
238
614
343
155
609
376
208
440
194
724
689
228
690
30
1066
162
268
799
1055
12
564
400
573
280
331
786
222
28
391
225
286
263
820
250
358
274
634
148
120
98
501
424
818
607
882
336
553
333
595
800
49
115
1047
180
330
230
735
