0 3
0 14
0 35
0 37
0 40
0 53
0 107
0 126
0 127
0 133
0 140
0 144
0 208
0 212
0 215
0 237
0 239
0 262
0 305
0 308
0 331
0 334
0 351
0 373
0 385
0 388
0 407
0 408
0 422
0 450
0 459
0 460
0 487
0 488
0 523
0 538
0 550
0 579
0 583
0 613
0 618
0 628
0 645
0 660
3 14
3 37
3 40
3 41
3 49
3 53
3 56
3 58
3 59
3 91
3 97
3 107
3 127
3 133
3 141
3 161
3 168
3 193
3 197
3 208
3 215
3 237
3 239
3 252
3 254
3 262
3 265
3 276
3 277
3 291
3 305
3 308
3 331
3 333
3 334
3 343
3 351
3 355
3 357
3 380
3 382
3 385
3 387
3 388
3 407
3 408
3 414
3 416
3 421
3 422
3 444
3 450
3 453
3 459
3 460
3 466
3 484
3 487
3 499
3 500
3 532
3 538
3 546
3 571
3 579
3 583
3 589
3 600
3 605
3 613
3 614
3 617
3 618
3 626
3 636
3 647
3 650
3 652
3 660
3 692
3 699
14 29
14 35
14 37
14 41
14 53
14 56
14 96
14 103
14 133
14 144
14 168
14 175
14 193
14 208
14 212
14 215
14 237
14 239
14 262
14 277
14 291
14 305
14 308
14 322
14 324
14 331
14 334
14 343
14 357
14 373
14 378
14 385
14 388
14 407
14 408
14 414
14 422
14 450
14 459
14 460
14 484
14 487
14 505
14 523
14 538
14 546
14 583
14 600
14 613
14 614
14 628
14 645
14 647
14 660
14 666
14 692
35 37
35 45
35 53
35 91
35 101
35 104
35 107
35 119
35 126
35 127
35 141
35 144
35 168
35 182
35 208
35 212
35 215
35 239
35 242
35 262
35 275
35 276
35 291
35 294
35 305
35 308
35 334
35 357
35 372
35 373
35 387
35 388
35 399
35 400
35 407
35 408
35 414
35 422
35 450
35 453
35 459
35 462
35 488
35 523
35 535
35 538
35 540
35 579
35 583
35 596
35 600
35 605
35 613
35 628
35 645
35 647
35 648
35 651
35 677
35 683
35 692
37 41
37 53
37 72
37 91
37 101
37 126
37 140
37 141
37 144
37 168
37 193
37 208
37 215
37 237
37 239
37 242
37 262
37 276
37 291
37 308
37 333
37 334
37 343
37 357
37 385
37 387
37 388
37 407
37 408
37 409
37 422
37 444
37 445
37 450
37 453
37 459
37 460
37 462
37 487
37 488
37 532
37 583
37 589
37 596
37 600
37 605
37 610
37 613
37 628
37 645
37 647
37 660
37 666
37 692
37 699
40 80
40 91
40 96
40 103
40 107
40 127
40 141
40 144
40 168
40 182
40 212
40 215
40 237
40 239
40 262
40 277
40 291
40 308
40 334
40 343
40 357
40 373
40 387
40 407
40 414
40 417
40 422
40 453
40 487
40 488
40 546
40 549
40 550
40 600
40 613
40 614
40 628
40 645
40 647
40 660
40 678
40 692
53 41
53 56
53 96
53 101
53 103
53 107
53 127
53 133
53 140
53 141
53 182
53 193
53 208
53 212
53 215
53 228
53 237
53 239
53 244
53 251
53 262
53 276
53 277
53 291
53 331
53 334
53 343
53 351
53 357
53 385
53 387
53 400
53 407
53 408
53 417
53 421
53 422
53 442
53 453
53 459
53 484
53 487
53 488
53 523
53 546
53 583
53 589
53 600
53 613
53 618
53 628
53 636
53 639
53 645
53 647
53 651
53 660
53 682
53 692
53 697
53 699
107 29
107 41
107 45
107 46
107 58
107 59
107 72
107 88
107 91
107 96
107 97
107 101
107 103
107 123
107 126
107 137
107 140
107 141
107 144
107 146
107 168
107 182
107 190
107 193
107 197
107 208
107 237
107 239
107 242
107 244
107 252
107 253
107 254
107 262
107 265
107 276
107 277
107 291
107 302
107 305
107 308
107 322
107 331
107 333
107 334
107 343
107 372
107 373
107 382
107 385
107 387
107 388
107 400
107 407
107 408
107 414
107 416
107 417
107 422
107 444
107 445
107 450
107 453
107 460
107 466
107 487
107 489
107 499
107 520
107 523
107 526
107 532
107 538
107 546
107 576
107 579
107 582
107 583
107 600
107 610
107 613
107 617
107 618
107 626
107 628
107 639
107 645
107 647
107 650
107 660
107 666
107 697
107 699
126 29
126 41
126 91
126 101
126 103
126 123
126 127
126 133
126 137
126 141
126 168
126 182
126 193
126 200
126 208
126 212
126 215
126 239
126 242
126 244
126 252
126 253
126 262
126 276
126 291
126 302
126 305
126 308
126 331
126 333
126 343
126 351
126 357
126 358
126 373
126 380
126 382
126 385
126 387
126 388
126 408
126 414
126 421
126 422
126 442
126 445
126 450
126 460
126 466
126 488
126 489
126 520
126 523
126 525
126 532
126 546
126 583
126 600
126 613
126 626
126 628
126 639
126 645
126 647
126 651
126 652
126 660
126 666
126 682
126 692
126 699
127 41
127 63
127 78
127 88
127 101
127 103
127 123
127 130
127 144
127 146
127 158
127 173
127 182
127 200
127 212
127 215
127 242
127 262
127 275
127 276
127 277
127 291
127 294
127 305
127 308
127 311
127 331
127 333
127 337
127 357
127 372
127 373
127 385
127 387
127 388
127 392
127 399
127 408
127 412
127 417
127 422
127 450
127 453
127 459
127 464
127 488
127 492
127 503
127 538
127 560
127 583
127 594
127 596
127 600
127 605
127 613
127 647
127 660
127 662
127 668
127 677
127 692
127 699
133 41
133 46
133 95
133 137
133 140
133 175
133 190
133 215
133 357
133 407
133 442
133 583
133 613
133 645
133 697
133 699
140 95
140 96
140 103
140 137
140 141
140 161
140 168
140 215
140 242
140 253
140 254
140 262
140 265
140 302
140 308
140 331
140 333
140 334
140 343
140 351
140 387
140 388
140 407
140 408
140 414
140 421
140 422
140 442
140 459
140 462
140 487
140 488
140 489
140 538
140 579
140 589
140 600
140 610
140 628
140 645
140 647
140 660
140 692
140 697
144 32
144 41
144 91
144 182
144 212
144 239
144 242
144 262
144 276
144 277
144 291
144 308
144 322
144 333
144 334
144 343
144 357
144 373
144 385
144 387
144 388
144 399
144 408
144 414
144 417
144 450
144 453
144 460
144 487
144 488
144 500
144 523
144 538
144 550
144 583
144 589
144 591
144 600
144 605
144 613
144 618
144 628
144 645
144 651
144 660
144 666
144 683
144 692
208 168
208 41
208 76
208 96
208 103
208 212
208 237
208 239
208 242
208 305
208 331
208 334
208 343
208 357
208 373
208 387
208 388
208 407
208 414
208 417
208 460
208 487
208 488
208 523
208 538
208 546
208 583
208 589
208 600
208 618
208 628
208 645
212 141
212 168
212 46
212 91
212 96
212 103
212 130
212 182
212 193
212 215
212 237
212 239
212 242
212 262
212 267
212 277
212 308
212 333
212 334
212 343
212 351
212 357
212 373
212 378
212 385
212 400
212 407
212 408
212 414
212 417
212 422
212 439
212 450
212 453
212 462
212 487
212 488
212 500
212 523
212 538
212 540
212 546
212 550
212 575
212 583
212 589
212 596
212 600
212 605
212 613
212 618
212 619
212 628
212 645
212 647
212 651
212 660
212 666
212 677
212 692
215 141
215 41
215 63
215 91
215 101
215 103
215 119
215 123
215 130
215 175
215 182
215 197
215 234
215 236
215 239
215 242
215 262
215 275
215 276
215 291
215 305
215 308
215 322
215 330
215 331
215 333
215 334
215 335
215 343
215 348
215 351
215 357
215 372
215 373
215 385
215 386
215 388
215 392
215 400
215 407
215 408
215 409
215 412
215 414
215 422
215 450
215 453
215 487
215 501
215 523
215 538
215 540
215 546
215 575
215 579
215 583
215 589
215 591
215 600
215 605
215 628
215 645
215 647
215 662
215 666
215 668
215 676
215 677
215 692
215 699
237 141
237 59
237 96
237 103
237 193
237 239
237 262
237 277
237 308
237 322
237 331
237 334
237 343
237 351
237 357
237 373
237 378
237 385
237 387
237 407
237 408
237 414
237 422
237 453
237 484
237 487
237 488
237 523
237 538
237 575
237 583
237 600
237 618
237 628
237 660
237 692
239 141
239 59
239 103
239 242
239 254
239 262
239 308
239 322
239 333
239 334
239 343
239 373
239 385
239 387
239 388
239 407
239 414
239 450
239 453
239 459
239 460
239 487
239 488
239 489
239 500
239 538
239 575
239 583
239 605
239 628
239 645
239 660
239 692
262 141
262 168
262 96
262 101
262 103
262 182
262 251
262 277
262 291
262 305
262 308
262 331
262 334
262 343
262 351
262 357
262 373
262 378
262 385
262 388
262 399
262 400
262 407
262 408
262 414
262 417
262 422
262 450
262 459
262 500
262 523
262 538
262 550
262 579
262 583
262 589
262 600
262 618
262 645
262 660
262 666
262 668
305 168
305 242
305 38
305 41
305 70
305 91
305 101
305 119
305 123
305 146
305 173
305 175
305 219
305 241
305 276
305 277
305 291
305 308
305 331
305 343
305 357
305 373
305 407
305 408
305 414
305 450
305 459
305 460
305 462
305 492
305 538
305 583
305 591
305 600
305 613
305 628
305 645
305 647
305 660
305 666
305 692
308 141
308 168
308 41
308 91
308 103
308 182
308 193
308 276
308 291
308 331
308 343
308 357
308 373
308 387
308 388
308 400
308 407
308 408
308 414
308 450
308 453
308 459
308 460
308 462
308 484
308 487
308 488
308 523
308 538
308 575
308 579
308 583
308 589
308 600
308 605
308 613
308 628
308 645
308 660
308 692
308 697
331 141
331 168
331 242
331 96
331 101
331 103
331 182
331 251
331 277
331 291
331 334
331 343
331 351
331 357
331 373
331 385
331 387
331 388
331 408
331 414
331 450
331 459
331 500
331 523
331 538
331 566
331 583
331 600
331 613
331 626
331 647
331 660
331 666
334 141
334 168
334 242
334 41
334 91
334 96
334 101
334 103
334 182
334 193
334 210
334 276
334 277
334 322
334 343
334 351
334 357
334 373
334 385
334 388
334 407
334 414
334 453
334 459
334 460
334 462
334 487
334 500
334 523
334 532
334 538
334 546
334 575
334 579
334 583
334 589
334 600
334 610
334 613
334 628
334 645
334 647
334 660
334 692
334 699
351 141
351 242
351 91
351 103
351 193
351 251
351 277
351 291
351 357
351 373
351 385
351 387
351 388
351 407
351 408
351 414
351 422
351 450
351 453
351 459
351 460
351 487
351 488
351 523
351 538
351 546
351 600
351 613
351 645
351 647
351 692
373 141
373 168
373 242
373 333
373 357
373 32
373 56
373 91
373 96
373 103
373 137
373 148
373 175
373 182
373 193
373 197
373 251
373 276
373 291
373 322
373 343
373 380
373 385
373 387
373 388
373 399
373 408
373 414
373 417
373 422
373 442
373 450
373 453
373 459
373 460
373 462
373 487
373 488
373 500
373 516
373 523
373 546
373 550
373 575
373 583
373 589
373 600
373 610
373 613
373 618
373 626
373 645
373 647
373 660
373 666
373 692
373 699
385 168
385 242
385 333
385 357
385 27
385 32
385 46
385 63
385 88
385 91
385 101
385 103
385 119
385 123
385 130
385 146
385 158
385 173
385 175
385 182
385 193
385 236
385 275
385 276
385 291
385 311
385 330
385 335
385 337
385 347
385 348
385 372
385 386
385 387
385 392
385 399
385 400
385 407
385 408
385 417
385 453
385 484
385 487
385 495
385 501
385 538
385 540
385 546
385 575
385 583
385 589
385 591
385 596
385 600
385 613
385 619
385 628
385 645
385 647
385 660
385 668
385 683
385 692
388 242
388 357
388 387
388 32
388 41
388 72
388 91
388 96
388 97
388 103
388 193
388 197
388 276
388 302
388 407
388 408
388 414
388 421
388 442
388 444
388 445
388 525
388 532
388 538
388 546
388 589
388 600
388 605
388 613
388 617
388 628
388 645
388 647
388 651
388 666
388 692
388 699
407 168
407 242
407 357
407 387
407 72
407 96
407 101
407 103
407 137
407 161
407 175
407 182
407 253
407 254
407 265
407 291
407 343
407 382
407 421
407 422
407 442
407 462
407 488
407 523
407 546
407 575
407 579
407 583
407 589
407 605
407 618
407 628
407 645
408 141
408 242
408 333
408 357
408 387
408 41
408 103
408 123
408 137
408 161
408 193
408 252
408 291
408 302
408 382
408 414
408 442
408 450
408 459
408 462
408 487
408 488
408 499
408 523
408 538
408 546
408 583
408 600
408 613
408 628
408 645
408 647
408 660
408 666
408 682
408 692
408 699
422 357
422 41
422 96
422 123
422 182
422 197
422 276
422 277
422 291
422 302
422 343
422 414
422 417
422 450
422 453
422 460
422 487
422 488
422 523
422 532
422 538
422 546
422 575
422 583
422 600
422 618
422 628
422 645
422 647
422 651
422 660
422 666
422 682
422 692
422 699
450 168
450 242
450 387
450 27
450 63
450 91
450 96
450 101
450 119
450 123
450 146
450 173
450 175
450 182
450 193
450 200
450 247
450 276
450 291
450 340
450 412
450 417
450 453
450 459
450 462
450 487
450 495
450 500
450 523
450 540
450 558
450 591
450 596
450 600
450 613
450 619
450 647
450 660
450 666
450 676
450 692
459 141
459 357
459 387
459 190
459 193
459 291
459 399
459 414
459 460
459 523
459 538
459 546
459 583
459 600
459 628
459 645
459 647
459 660
459 666
460 141
460 168
460 242
460 357
460 387
460 41
460 72
460 182
460 193
460 197
460 343
460 380
460 414
460 417
460 444
460 487
460 488
460 523
460 532
460 538
460 546
460 583
460 600
460 605
460 645
460 660
460 692
460 699
487 141
487 168
487 242
487 387
487 41
487 56
487 91
487 96
487 101
487 103
487 175
487 193
487 276
487 291
487 322
487 324
487 343
487 378
487 400
487 412
487 414
487 417
487 484
487 488
487 500
487 538
487 546
487 549
487 575
487 579
487 600
487 605
487 613
487 614
487 618
487 628
487 645
487 647
487 660
487 666
487 692
488 141
488 168
488 242
488 357
488 387
488 41
488 44
488 96
488 103
488 251
488 277
488 322
488 343
488 378
488 414
488 417
488 453
488 462
488 484
488 500
488 523
488 546
488 550
488 575
488 579
488 583
488 589
488 600
488 613
488 614
488 618
488 645
488 647
488 660
488 692
523 168
523 242
523 357
523 387
523 41
523 59
523 103
523 182
523 193
523 267
523 276
523 277
523 343
523 417
523 453
523 538
523 546
523 575
523 583
523 600
523 613
523 618
523 645
523 647
523 660
523 692
538 141
538 242
538 357
538 387
538 41
538 56
538 103
538 193
538 277
538 291
538 316
538 341
538 343
538 414
538 417
538 444
538 453
538 484
538 546
538 575
538 583
538 589
538 596
538 600
538 613
538 618
538 628
538 645
538 647
538 660
538 666
538 692
538 699
538 700
550 357
550 387
550 322
550 343
550 583
550 618
550 647
550 660
579 41
579 182
579 343
579 600
579 613
579 626
579 660
579 692
583 141
583 168
583 242
583 357
583 387
583 546
583 41
583 59
583 91
583 96
583 103
583 193
583 322
583 343
583 378
583 400
583 414
583 500
583 589
583 600
583 610
583 613
583 618
583 628
583 645
583 660
583 692
613 141
613 242
613 357
613 387
613 546
613 600
613 41
613 91
613 103
613 146
613 175
613 182
613 193
613 276
613 291
613 343
613 417
613 453
613 605
613 645
613 660
613 677
613 682
613 692
613 699
618 141
618 242
618 357
618 387
618 600
618 56
618 103
618 277
618 343
618 414
618 453
618 484
618 575
618 628
618 647
618 660
618 692
628 141
628 168
628 242
628 357
628 41
628 103
628 322
628 343
628 414
628 417
628 484
628 575
628 645
628 660
628 692
645 141
645 168
645 242
645 357
645 387
645 546
645 41
645 72
645 91
645 101
645 103
645 161
645 193
645 254
645 276
645 291
645 322
645 417
645 421
645 500
645 532
645 589
645 605
645 610
645 647
645 651
645 666
645 692
645 699
660 141
660 168
660 242
660 357
660 387
660 546
660 600
660 647
660 32
660 41
660 91
660 96
660 103
660 161
660 193
660 251
660 276
660 302
660 322
660 343
660 380
660 399
660 417
660 442
660 444
660 453
660 462
660 484
660 532
660 575
660 589
660 605
660 614
660 626
660 692
660 699
41 141
41 242
41 333
41 357
41 387
41 546
41 651
41 32
41 58
41 91
41 97
41 101
41 182
41 247
41 252
41 276
41 291
41 358
41 380
41 416
41 417
41 442
41 444
41 466
41 489
41 532
41 589
41 639
41 652
41 666
41 682
49 58
49 98
49 137
49 148
49 161
49 244
49 252
49 358
49 380
49 416
49 421
49 442
49 489
49 571
49 576
49 617
49 636
49 650
49 652
49 682
49 699
56 141
56 242
56 387
56 600
56 647
56 96
56 103
56 277
56 291
56 322
56 414
56 484
56 575
56 614
56 692
58 333
58 600
58 72
58 97
58 98
58 233
58 252
58 380
58 416
58 435
58 442
58 445
58 650
58 682
58 699
59 387
59 137
91 168
91 242
91 387
91 600
91 647
91 119
91 182
91 276
91 400
91 409
91 412
91 414
91 417
91 462
91 500
91 540
91 605
91 666
91 668
91 692
97 333
97 72
97 161
97 197
97 244
97 252
97 254
97 291
97 380
97 416
97 421
97 444
97 445
97 466
97 489
97 520
97 571
97 617
97 636
97 639
97 650
97 682
97 699
141 103
141 123
141 137
141 175
141 193
141 242
141 253
141 277
141 291
141 322
141 333
141 343
141 357
141 414
141 421
141 546
141 575
141 636
141 647
161 333
161 600
161 95
161 137
161 197
161 244
161 252
161 253
161 254
161 291
161 302
161 358
161 364
161 380
161 382
161 416
161 444
161 445
161 466
161 489
161 499
161 520
161 525
161 526
161 571
161 582
161 617
161 650
161 652
161 682
161 699
168 32
168 45
168 101
168 103
168 123
168 182
168 193
168 200
168 228
168 291
168 357
168 387
168 400
168 417
168 492
168 589
168 605
168 647
168 666
168 678
168 692
193 242
193 333
193 357
193 387
193 600
193 647
193 291
193 343
193 414
193 453
193 462
193 525
193 532
193 575
193 692
197 242
197 333
197 387
197 72
197 95
197 137
197 148
197 244
197 253
197 254
197 380
197 382
197 416
197 421
197 442
197 445
197 466
197 489
197 499
197 527
197 576
197 636
197 682
197 699
252 242
252 333
252 72
252 244
252 98
252 148
252 253
252 254
252 302
252 364
252 382
252 416
252 421
252 442
252 445
252 489
252 499
252 525
252 571
252 617
252 636
252 639
252 652
252 682
252 699
254 333
254 72
254 95
254 134
254 148
254 253
254 380
254 382
254 442
254 445
254 466
254 489
254 520
254 526
254 571
254 576
254 617
254 650
254 652
254 699
265 387
265 95
265 137
265 134
265 355
265 442
265 576
276 242
276 357
276 600
276 647
276 651
276 63
276 130
276 347
276 386
276 45
276 101
276 119
276 123
276 175
276 182
276 219
276 247
276 275
276 302
276 311
276 335
276 340
276 372
276 392
276 412
276 417
276 462
276 503
276 532
276 540
276 591
276 596
276 605
276 662
276 668
276 676
276 677
276 692
276 699
277 242
277 357
277 387
277 600
277 103
277 291
277 322
277 343
277 378
277 414
277 453
277 484
277 575
277 625
277 692
291 333
291 357
291 387
291 546
291 600
291 647
291 72
291 244
291 32
291 101
291 302
291 309
291 322
291 416
291 417
291 442
291 444
291 445
291 453
291 462
291 503
291 525
291 527
291 532
291 575
291 605
291 666
333 12
333 72
333 95
333 123
333 137
333 182
333 244
333 294
333 302
333 309
333 372
333 380
333 421
333 442
333 444
333 445
333 466
333 489
333 525
333 605
333 639
333 647
333 650
333 652
333 682
333 699
343 242
343 387
343 600
343 647
343 96
343 103
343 322
343 414
343 453
343 484
343 549
343 575
343 692
355 134
355 442
355 576
357 103
357 175
357 182
357 190
357 322
357 378
357 400
357 414
357 417
357 462
357 532
357 546
357 549
357 575
357 589
357 600
357 610
357 647
357 651
357 692
380 546
380 72
380 137
380 244
380 358
380 98
380 101
380 364
380 382
380 416
380 421
380 442
380 444
380 445
380 489
380 499
380 503
380 525
380 527
380 636
380 650
380 652
380 682
380 699
382 600
382 72
382 137
382 244
382 98
382 123
382 156
382 253
382 302
382 416
382 421
382 444
382 466
382 489
382 499
382 503
382 520
382 525
382 582
382 617
382 636
382 639
382 652
382 682
387 103
387 123
387 244
387 253
387 289
387 344
387 378
387 399
387 442
387 453
387 484
387 546
387 575
387 589
387 600
387 605
387 614
387 636
387 647
387 692
414 242
414 546
414 600
414 647
414 251
414 324
414 378
414 417
414 453
414 484
414 575
414 589
416 72
416 137
416 358
416 98
416 148
416 253
416 364
416 421
416 442
416 445
416 466
416 489
416 499
416 525
416 576
416 617
416 636
416 639
416 650
416 652
416 682
416 699
421 95
421 137
421 156
421 253
421 442
421 445
421 489
421 525
421 526
421 617
421 636
421 639
421 652
421 699
444 600
444 358
444 123
444 309
444 503
444 525
444 639
444 682
453 242
453 600
453 647
453 80
453 103
453 322
453 417
453 104
453 484
453 575
453 692
466 72
466 137
466 244
466 445
466 98
466 101
466 148
466 302
466 364
466 499
466 503
466 520
466 525
466 571
466 617
466 636
466 639
466 650
484 600
484 103
484 322
484 378
484 575
484 625
484 692
499 137
499 244
499 358
499 445
499 123
499 617
499 682
499 699
500 600
500 462
500 589
500 610
532 699
546 72
546 210
546 600
546 699
571 137
571 442
571 445
571 98
571 156
571 213
571 489
571 526
571 582
571 617
571 636
571 650
571 652
571 699
589 600
589 647
589 103
589 417
589 228
589 400
589 462
589 692
600 242
600 44
600 72
600 96
600 98
600 103
600 251
600 316
600 378
600 399
600 417
600 442
600 647
600 692
600 699
605 647
605 651
605 417
605 101
605 119
605 120
605 123
605 146
605 173
605 175
605 200
605 247
605 302
605 340
605 392
605 412
605 462
605 464
605 507
605 540
605 594
605 663
605 666
605 677
605 692
605 697
605 699
614 96
614 103
614 575
614 692
617 72
617 244
617 358
617 442
617 445
617 98
617 148
617 364
617 489
617 636
617 639
617 650
617 652
617 682
617 699
626 242
636 242
636 72
636 137
636 442
636 253
636 364
636 489
636 526
636 576
636 582
636 639
636 652
636 699
647 242
647 96
647 101
647 103
647 119
647 294
647 322
647 324
647 372
647 399
647 402
647 462
647 575
647 677
647 683
647 692
650 72
650 137
650 244
650 442
650 445
650 98
650 148
650 489
650 520
650 525
650 639
650 652
650 682
652 72
652 358
652 442
652 445
652 98
652 148
652 489
652 639
692 242
692 103
692 322
692 417
692 575
692 182
692 412
699 242
699 72
699 137
699 244
699 358
699 442
699 445
699 682
699 32
699 88
699 98
699 101
699 123
699 146
699 148
699 182
699 294
699 302
699 311
699 340
699 364
699 489
699 492
699 503
699 520
699 527
699 639
29 67
29 185
96 242
96 103
96 289
96 575
103 242
103 322
103 378
103 417
103 549
103 575
103 610
175 275
175 495
175 663
322 242
322 417
322 575
324 172
666 48
666 63
666 78
666 93
666 130
666 337
666 347
666 386
666 236
666 101
666 119
666 146
666 158
666 173
666 177
666 182
666 219
666 234
666 329
666 330
666 335
666 348
666 372
666 392
666 492
666 501
666 503
666 591
666 596
666 662
666 668
666 676
45 72
45 340
45 648
45 123
45 101
45 223
45 311
45 362
45 492
45 542
101 651
101 48
101 63
101 78
101 93
101 347
101 386
101 552
101 682
101 236
101 372
101 507
101 123
101 173
101 501
101 540
101 200
101 146
101 158
101 177
101 182
101 294
101 302
101 311
101 329
101 330
101 332
101 335
101 348
101 392
101 492
101 503
101 525
101 591
101 596
101 668
119 594
119 200
119 462
182 242
182 417
182 236
182 507
182 594
182 200
182 247
182 88
182 210
182 311
182 560
242 137
242 190
242 399
242 442
242 549
242 575
242 682
275 46
275 439
294 340
294 283
294 372
294 200
294 247
294 535
294 663
294 677
294 683
372 340
372 71
372 301
372 359
372 23
372 111
372 171
372 200
372 285
372 330
372 392
372 470
372 596
372 690
399 516
400 210
462 417
462 317
462 464
462 507
462 200
462 560
535 283
535 102
535 677
540 48
540 63
540 337
540 347
540 386
540 552
540 123
540 501
540 55
540 158
540 177
540 219
540 234
540 270
540 329
540 330
540 335
540 348
540 392
540 481
540 591
540 596
540 619
540 662
540 668
540 676
596 48
596 63
596 78
596 130
596 347
596 72
596 123
596 501
596 676
596 55
596 146
596 158
596 177
596 234
596 270
596 329
596 330
596 335
596 348
596 392
596 503
596 662
596 668
648 340
648 19
648 110
648 255
648 283
648 64
648 178
648 200
648 663
648 677
651 24
651 72
651 120
651 300
651 317
651 464
651 507
651 560
651 594
677 340
677 283
677 200
677 663
677 285
72 98
72 123
72 137
72 148
72 302
72 358
72 442
72 445
72 489
72 525
72 639
72 682
445 137
445 244
445 358
445 98
445 148
445 525
445 639
445 682
228 17
228 32
244 137
244 309
244 364
244 442
244 639
442 95
442 137
442 358
442 98
442 134
442 210
442 213
442 253
442 364
442 520
442 526
442 582
442 639
639 137
639 358
639 682
639 525
639 489
639 98
639 148
682 137
682 358
682 98
682 123
682 148
682 309
682 489
682 503
682 525
46 563
46 637
46 11
46 296
46 544
123 130
123 552
123 358
123 27
123 146
123 173
123 311
123 392
123 412
123 501
123 503
123 525
123 558
123 591
123 619
123 662
123 668
123 676
137 95
137 98
137 134
137 156
137 253
137 358
137 364
137 489
137 520
137 525
137 526
137 576
137 582
146 48
146 63
146 78
146 130
146 347
146 386
146 173
146 501
146 676
146 503
146 174
146 177
146 307
146 335
146 348
146 392
146 502
146 662
146 693
253 95
253 134
253 156
253 576
253 582
302 358
302 525
302 503
489 95
489 134
489 148
489 213
489 526
489 576
489 582
526 95
526 576
526 134
526 156
526 292
526 582
576 95
576 134
582 95
582 134
582 156
200 340
200 320
200 32
200 178
200 214
200 218
200 272
200 456
200 633
200 689
358 98
525 148
63 1
63 48
63 55
63 78
63 93
63 130
63 158
63 173
63 177
63 234
63 270
63 299
63 329
63 335
63 337
63 347
63 348
63 386
63 392
63 501
63 552
63 591
63 619
63 662
63 668
63 676
78 48
78 27
78 55
78 93
78 130
78 158
78 177
78 234
78 270
78 329
78 337
78 339
78 347
78 348
78 386
78 392
78 397
78 552
78 619
78 662
78 668
78 676
130 1
130 48
130 93
130 27
130 55
130 158
130 173
130 177
130 236
130 270
130 329
130 337
130 339
130 348
130 386
130 392
130 397
130 501
130 552
130 591
130 619
130 662
130 668
130 676
158 337
158 347
158 552
158 236
158 173
158 501
158 492
158 234
158 270
158 329
158 348
158 662
158 668
173 48
173 337
173 347
173 386
173 552
173 27
173 177
173 219
173 234
173 270
173 348
173 392
173 481
173 501
173 503
173 591
173 662
173 668
173 676
311 492
311 542
311 668
337 1
337 48
337 93
337 27
337 234
337 236
337 270
337 335
337 347
337 348
337 386
337 392
337 662
337 668
337 676
392 552
392 501
392 676
392 177
392 335
392 348
392 234
392 481
392 591
392 662
392 668
412 495
412 619
412 591
412 167
464 70
464 24
464 300
464 317
464 118
464 120
464 507
464 560
492 386
492 236
492 676
492 219
492 335
492 348
492 627
492 662
503 501
560 300
560 507
560 594
560 118
560 120
594 70
594 297
594 572
594 24
594 300
594 317
594 507
594 118
594 120
662 386
662 552
662 501
662 619
662 676
662 219
662 55
662 177
662 329
662 335
662 348
662 234
662 270
662 591
662 668
668 347
668 386
668 552
668 236
668 501
668 676
668 219
668 177
668 335
668 348
668 234
668 591
668 330
668 481
95 134
95 156
575 625
32 247
591 236
591 495
591 619
591 676
591 335
591 167
591 548
76 700
76 81
76 82
76 191
76 367
76 418
76 486
76 511
76 580
76 641
76 649
267 593
267 153
267 624
439 544
619 347
619 27
619 495
619 501
619 167
619 348
619 548
234 93
234 347
234 386
234 236
234 501
234 676
234 219
234 348
236 93
236 386
236 38
236 219
236 241
236 293
236 299
236 332
236 501
236 676
330 501
330 676
335 48
335 93
335 347
335 386
335 552
335 501
335 676
335 177
335 329
335 270
335 481
348 48
348 93
348 347
348 386
348 552
348 501
348 177
348 329
348 270
386 1
386 93
386 347
386 27
386 55
386 177
386 270
386 299
386 329
386 501
386 552
386 676
501 48
501 93
501 552
501 27
501 55
501 177
501 219
501 329
501 339
501 397
501 676
676 347
676 552
676 27
676 219
676 270
676 299
38 219
38 241
70 9
70 297
70 346
70 428
70 506
70 507
70 654
219 332
566 504
566 139
566 156
566 109
566 449
566 452
566 531
12 18
12 47
12 61
12 75
12 165
12 224
12 320
12 528
12 611
12 640
12 688
148 98
27 347
27 495
347 55
347 329
347 552
495 89
495 167
289 206
289 454
289 595
289 661
247 340
247 663
340 11
340 115
340 122
340 298
340 368
340 539
340 663
558 154
316 33
316 81
316 82
316 191
316 367
316 418
316 486
316 511
316 580
316 641
316 649
341 700
341 33
341 81
341 82
341 191
341 365
341 367
341 486
341 511
341 580
341 641
341 649
700 17
700 415
700 530
700 81
700 82
700 367
700 486
700 511
700 580
700 641
24 317
24 507
120 317
120 507
300 118
300 507
507 572
507 118
1 48
1 93
1 552
48 55
48 93
48 177
48 329
48 552
93 329
93 552
552 329
552 339
55 329
329 270
270 339
270 397
339 397
2 57
2 266
2 288
2 290
2 384
2 420
2 433
2 695
57 52
57 60
57 198
57 290
57 420
57 433
57 545
57 564
57 695
266 52
266 198
266 286
266 288
266 290
266 384
266 420
266 433
266 695
288 52
288 73
288 198
288 286
288 60
288 145
288 227
288 384
288 433
288 477
288 695
290 52
290 73
290 198
290 286
290 384
290 433
384 52
384 73
384 198
384 286
384 420
384 433
384 536
384 695
420 73
420 198
420 433
420 695
433 52
433 73
433 198
433 286
433 695
695 52
695 73
695 198
695 286
52 73
52 198
52 286
73 198
73 286
73 410
198 286
286 160
286 306
286 426
286 430
286 434
286 465
286 496
286 561
286 588
286 634
60 474
60 238
60 585
60 634
60 686
545 345
545 22
545 363
545 238
545 279
545 585
545 674
545 686
564 189
564 671
564 321
564 474
564 74
564 222
564 238
564 279
564 342
564 352
564 389
564 446
564 541
564 553
564 686
410 109
410 631
160 20
160 184
160 250
160 258
160 306
160 406
160 430
160 434
160 472
160 496
160 588
160 658
306 85
306 105
306 184
306 189
306 194
306 250
306 258
306 281
306 84
306 310
306 327
306 353
306 393
306 398
306 406
306 430
306 434
306 465
306 472
306 476
306 496
306 504
306 551
306 588
306 598
306 604
306 609
306 643
306 658
426 438
430 20
430 184
430 250
430 406
430 465
430 472
430 496
430 588
430 609
430 658
434 20
434 250
434 258
434 406
434 465
434 472
434 504
434 588
434 658
465 184
465 250
465 406
465 472
465 504
465 588
465 609
465 658
496 20
496 184
496 250
496 258
496 406
496 472
496 370
496 504
496 588
496 609
496 658
561 152
561 187
561 261
561 478
561 569
588 20
588 184
588 250
588 258
588 406
588 472
588 504
588 370
588 609
588 658
634 541
634 74
634 150
634 152
634 261
634 279
634 342
634 352
634 389
634 427
634 446
634 473
634 478
634 553
634 569
634 573
634 586
634 620
634 686
145 475
145 477
227 411
227 529
227 656
536 226
536 323
536 374
536 437
536 479
536 491
536 494
536 514
536 621
536 638
536 642
536 701
536 474
134 156
156 504
156 128
156 213
156 635
663 283
663 102
663 282
663 664
4 8
4 138
4 229
4 269
4 274
4 326
4 424
4 515
4 559
4 593
4 601
4 637
8 138
8 229
8 269
8 274
8 424
8 515
8 563
8 601
8 637
8 684
138 229
138 326
138 424
138 515
138 563
138 684
229 269
229 274
229 326
229 424
229 515
229 559
229 563
229 593
229 601
229 637
229 684
269 274
269 326
269 424
269 515
269 563
269 601
269 684
274 326
274 424
274 515
274 563
274 593
274 601
274 684
326 424
326 515
326 559
326 563
326 593
326 601
326 637
326 684
424 515
424 563
424 593
424 601
424 684
515 563
515 593
515 601
515 637
515 684
559 684
593 563
593 16
593 153
593 154
593 283
593 295
593 567
593 684
601 563
637 684
563 684
153 154
153 243
153 567
283 19
283 66
283 71
283 83
283 125
283 171
283 178
283 179
283 188
283 230
283 285
283 301
283 349
283 356
283 359
283 457
283 482
283 490
283 524
283 567
283 584
283 592
283 603
283 607
283 615
283 690
567 110
567 188
567 28
567 30
567 125
567 349
567 178
567 592
567 607
567 669
5 240
5 443
5 471
5 597
5 644
240 471
240 597
240 665
443 186
443 597
443 644
443 665
471 186
471 597
471 644
471 665
597 644
597 665
644 665
256 604
604 428
604 20
604 184
604 258
604 281
604 354
604 361
604 393
604 398
604 436
604 504
604 452
6 13
6 77
6 92
6 108
6 113
6 131
6 136
6 142
6 166
6 278
6 391
6 405
6 493
6 518
6 521
6 577
6 578
6 659
13 77
13 87
13 92
13 113
13 131
13 136
13 142
13 166
13 405
13 447
13 451
13 518
13 521
13 522
13 577
13 578
77 26
77 87
77 92
77 108
77 113
77 131
77 136
77 142
77 278
77 318
77 447
77 493
77 518
77 522
77 577
77 578
77 701
92 26
92 108
92 131
92 136
92 142
92 278
92 318
92 391
92 405
92 493
92 521
92 522
92 577
92 578
92 659
108 26
108 113
108 131
108 136
108 142
108 166
108 278
108 318
108 391
108 405
108 447
108 451
108 521
108 522
108 577
108 578
108 659
113 26
113 87
113 131
113 136
113 142
113 166
113 278
113 318
113 391
113 405
113 447
113 451
113 493
113 518
113 521
113 577
113 578
113 659
131 136
131 166
131 278
131 391
131 451
131 493
131 518
131 521
131 578
131 659
136 26
136 87
136 142
136 166
136 318
136 391
136 405
136 447
136 451
136 518
136 521
136 522
136 578
136 659
136 701
142 26
142 87
142 166
142 278
142 318
142 374
142 391
142 405
142 447
142 451
142 521
142 577
142 578
142 638
142 659
142 701
166 26
166 278
166 318
166 391
166 405
166 451
166 493
166 518
166 521
166 577
166 578
278 318
278 391
278 451
278 493
278 518
278 521
278 522
278 577
278 578
278 659
391 26
391 318
391 87
391 447
391 451
391 493
391 521
391 522
391 577
391 578
391 659
405 26
405 447
405 493
405 521
405 522
405 577
405 578
405 659
493 318
493 447
493 451
493 87
493 518
493 521
493 522
493 577
493 578
493 659
518 26
518 318
518 447
518 451
518 87
518 522
518 577
518 659
521 318
521 451
521 87
521 522
521 577
521 578
521 659
577 26
577 318
577 447
577 451
577 87
577 578
578 26
578 447
578 451
578 522
578 659
578 701
659 26
659 318
659 87
659 522
87 26
87 318
87 447
87 451
87 374
87 437
87 701
447 26
447 318
447 451
451 26
451 318
451 522
522 26
26 318
318 374
318 638
318 701
701 7
701 226
701 323
701 371
701 374
701 383
701 437
701 458
701 479
701 491
701 494
701 514
701 621
701 667
374 225
374 226
374 323
374 371
374 338
374 383
374 458
374 479
374 491
374 494
374 514
374 612
374 621
374 638
374 642
374 667
638 7
638 226
638 323
638 383
638 437
638 479
638 491
638 494
638 514
638 612
638 621
638 338
638 642
7 36
7 225
7 226
7 383
7 437
7 479
7 494
7 514
7 612
7 621
36 226
36 371
36 437
36 458
36 494
36 514
36 612
36 642
36 667
225 226
225 458
225 491
225 667
226 323
226 383
226 458
226 479
226 491
226 514
226 612
226 621
226 642
226 667
383 323
383 437
383 479
383 491
383 494
383 514
383 612
383 621
437 371
437 479
437 491
437 494
437 514
437 612
437 621
437 642
437 667
479 323
479 491
479 494
479 621
494 323
494 491
494 612
494 642
514 323
514 491
514 612
514 621
514 642
612 323
612 371
612 491
612 338
612 621
621 323
621 491
621 338
621 642
371 458
371 491
371 667
458 323
458 491
458 642
642 323
642 491
642 667
667 491
323 338
11 296
296 257
544 224
544 640
9 297
9 346
9 428
9 654
297 346
297 401
297 428
297 506
297 572
297 654
346 428
346 572
346 654
428 506
428 572
428 654
654 506
401 696
10 176
10 431
10 432
176 431
176 432
431 432
431 599
431 681
432 599
432 681
599 681
681 649
681 498
115 21
115 71
115 112
115 116
115 162
115 179
115 298
115 301
115 368
115 376
115 425
115 539
115 565
115 584
115 685
115 694
115 698
122 21
122 71
122 112
122 90
122 162
122 179
122 188
122 298
122 312
122 368
122 376
122 425
122 524
122 565
122 584
122 694
298 21
298 71
298 112
298 116
298 162
298 312
298 539
298 565
298 694
368 71
368 112
368 162
368 179
368 312
368 376
368 539
368 694
368 698
368 143
539 21
539 71
539 112
539 116
539 162
539 188
539 301
539 376
539 524
539 90
539 694
539 698
18 47
18 165
18 611
18 630
18 688
47 79
47 220
47 280
61 264
61 463
61 568
61 670
75 102
75 139
75 611
165 79
165 248
165 403
165 630
224 602
320 43
320 214
320 456
528 264
640 264
640 497
688 79
688 102
688 205
688 220
688 280
630 79
630 403
630 691
79 205
220 221
264 670
568 109
568 157
568 271
139 369
139 452
248 467
43 218
43 272
43 456
43 689
214 218
214 272
214 456
214 689
456 218
456 272
456 633
456 689
67 185
15 345
345 201
201 22
201 363
201 674
243 99
243 570
17 415
17 530
415 530
81 33
81 82
81 191
81 365
81 367
81 486
81 511
81 580
81 649
82 33
82 365
82 367
82 418
82 486
82 511
82 580
82 641
82 649
367 33
367 191
367 365
367 486
367 511
367 580
367 641
367 649
486 33
486 191
486 365
486 511
486 641
486 649
511 33
511 191
511 365
511 580
511 641
580 33
580 191
580 418
580 151
580 419
580 606
580 623
580 641
641 33
641 191
641 365
641 649
19 110
19 480
110 285
110 325
110 455
110 581
480 325
480 455
480 581
285 255
325 455
66 21
66 30
66 39
66 83
66 106
66 116
66 149
66 162
66 179
66 188
66 216
66 230
66 303
66 349
66 379
66 457
66 490
66 524
66 565
66 584
66 603
66 607
66 615
66 616
66 669
66 685
66 694
66 698
71 31
71 23
71 30
71 39
71 111
71 112
71 143
71 149
71 162
71 163
71 181
71 188
71 211
71 230
71 301
71 312
71 356
71 359
71 376
71 457
71 470
71 482
71 490
71 512
71 524
71 574
71 584
71 603
71 615
71 672
71 694
71 698
83 301
83 457
83 615
83 30
83 106
83 125
83 349
83 616
83 669
125 179
125 301
125 457
125 524
125 28
125 30
125 106
125 303
125 349
125 607
125 669
171 31
171 179
171 359
171 490
171 574
171 603
171 615
171 23
171 132
171 169
171 181
171 284
171 470
171 512
171 672
171 690
179 21
179 31
179 112
179 116
179 149
179 162
179 23
179 30
179 39
179 111
179 117
179 132
179 169
179 181
179 188
179 284
179 301
179 312
179 356
179 359
179 379
179 457
179 470
179 482
179 490
179 524
179 565
179 574
179 584
179 607
179 615
179 685
179 690
179 694
179 698
188 21
188 31
188 112
188 116
188 162
188 28
188 30
188 106
188 111
188 143
188 211
188 230
188 301
188 312
188 349
188 376
188 379
188 457
188 482
188 490
188 616
188 685
188 694
188 698
230 31
230 116
230 301
230 356
230 376
230 457
230 470
230 482
230 490
230 565
230 584
230 603
230 615
230 685
230 690
230 694
230 698
301 21
301 31
301 116
301 149
301 162
301 28
301 30
301 39
301 106
301 111
301 143
301 163
301 195
301 211
301 304
301 312
301 356
301 359
301 376
301 379
301 457
301 482
301 490
301 524
301 565
301 574
301 584
301 603
301 607
301 615
301 616
301 669
301 685
301 694
301 698
349 457
349 28
349 30
349 106
349 211
349 39
349 303
349 607
349 616
349 669
356 149
356 359
356 490
356 524
356 574
356 603
356 23
356 111
356 181
356 246
356 284
356 169
356 512
356 690
359 116
359 111
359 117
359 470
359 574
359 584
359 603
359 690
359 694
457 31
457 116
457 376
457 28
457 30
457 106
457 211
457 490
457 524
457 584
457 603
457 607
457 615
457 616
457 669
457 694
482 31
482 149
482 490
482 524
482 603
482 615
482 694
482 196
490 31
490 116
490 376
490 23
490 39
490 181
490 304
490 565
490 574
490 584
490 603
490 615
490 685
490 690
490 694
524 21
524 31
524 112
524 116
524 162
524 312
524 28
524 30
524 39
524 106
524 211
524 216
524 284
524 470
524 565
524 584
524 603
524 616
524 690
524 694
524 698
584 21
584 112
584 116
584 162
584 312
584 376
584 565
584 574
584 23
584 39
584 111
584 163
584 169
584 181
584 211
584 284
584 379
584 470
584 512
584 615
584 685
584 690
584 698
603 21
603 116
603 149
603 376
603 565
603 574
603 23
603 111
603 132
603 470
603 615
603 685
603 690
603 694
603 698
607 28
607 30
607 211
607 616
615 31
615 149
615 376
615 565
615 574
615 23
615 28
615 30
615 106
615 181
615 284
615 470
615 512
615 685
615 694
615 698
690 31
690 149
690 574
690 23
690 111
690 181
690 246
690 284
690 512
690 672
690 132
690 169
64 199
20 42
20 85
20 105
20 184
20 189
20 194
20 250
20 281
20 310
20 327
20 354
20 361
20 393
20 398
20 406
20 436
20 476
20 504
20 551
20 598
20 609
20 643
20 658
42 84
42 85
42 105
42 184
42 189
42 194
42 310
42 327
42 476
42 643
85 84
85 105
85 184
85 194
85 258
85 281
85 310
85 353
85 354
85 361
85 393
85 398
85 476
85 551
85 598
85 643
105 84
105 184
105 189
105 258
105 327
105 353
105 551
184 84
184 189
184 194
184 250
184 281
184 310
184 361
184 393
184 436
184 472
184 476
184 504
184 551
184 609
184 643
184 658
189 84
189 258
189 310
189 327
189 353
189 476
194 84
194 222
194 258
194 327
194 353
194 360
194 474
194 476
194 551
194 643
250 406
250 472
250 504
250 609
281 258
281 354
281 361
281 393
281 398
281 476
281 598
310 258
310 84
310 327
310 353
310 476
310 541
310 643
327 258
327 353
327 476
327 643
354 258
354 361
354 393
354 398
354 476
354 598
361 258
361 398
361 476
361 598
393 258
393 398
393 436
393 476
393 598
398 258
398 476
398 598
406 472
406 504
406 609
436 258
476 258
476 353
476 551
476 598
476 643
504 258
504 128
504 370
504 452
504 609
504 658
551 258
551 353
551 84
551 643
598 258
609 258
609 472
609 370
609 658
643 353
643 84
658 258
84 353
258 353
258 472
472 370
222 155
222 389
222 461
222 468
222 541
222 686
474 34
474 321
474 74
474 238
474 260
474 279
474 342
474 389
474 446
474 541
541 671
541 321
541 249
541 279
541 342
541 352
541 427
541 446
541 573
541 620
128 509
128 624
452 679
452 449
452 232
452 635
21 31
21 112
21 116
21 149
21 162
21 312
21 376
21 533
21 565
21 574
21 685
21 698
31 39
31 111
31 116
31 149
31 181
31 284
31 470
31 512
31 574
31 685
31 687
31 694
31 698
112 90
112 162
112 312
112 376
112 565
116 149
116 162
116 163
116 195
116 312
116 376
116 685
116 694
116 698
149 196
149 376
149 694
149 698
162 90
162 163
162 312
162 376
162 425
162 565
162 685
162 694
162 698
312 376
312 425
312 565
312 694
312 698
376 143
376 163
376 195
376 211
376 565
376 694
376 698
565 143
565 163
565 195
565 379
565 685
565 694
565 698
574 23
574 132
574 246
574 284
574 672
685 425
685 163
685 195
685 694
685 698
698 694
698 163
698 195
39 694
111 23
111 117
111 132
111 181
111 284
181 23
181 246
181 284
181 672
284 23
284 246
284 132
284 470
284 512
470 694
470 23
470 246
470 132
470 169
470 512
470 672
512 23
512 672
694 425
694 163
694 195
694 211
694 379
30 28
30 106
30 211
30 616
30 669
106 28
106 211
106 616
106 669
616 28
616 669
669 28
23 672
143 425
211 28
22 363
22 674
363 655
363 671
674 671
674 336
655 238
671 336
238 155
238 292
238 537
279 686
279 74
279 249
279 287
279 342
279 352
279 389
279 427
279 446
279 473
279 553
279 573
279 586
279 620
585 259
585 292
585 336
585 537
686 74
686 342
686 446
336 502
336 693
336 653
336 315
336 377
25 147
25 273
25 395
25 679
25 680
147 273
147 395
273 109
273 635
679 635
109 449
109 534
109 631
109 635
109 673
635 449
218 272
218 633
218 689
272 633
272 689
633 689
33 191
33 365
33 418
191 365
191 649
365 649
649 51
649 498
151 54
151 180
151 429
151 623
419 54
419 429
419 606
606 429
606 623
623 180
51 313
498 510
498 519
498 657
321 389
321 461
389 74
389 249
389 342
389 352
389 155
389 446
389 473
389 573
389 586
461 468
74 249
74 287
74 352
74 427
74 446
74 473
74 553
74 573
74 620
342 249
342 287
342 352
342 427
342 446
342 473
342 553
342 573
342 586
342 620
446 249
446 287
446 352
446 427
446 473
446 553
446 573
446 586
446 620
352 249
352 427
352 473
352 573
352 586
553 249
553 287
553 473
553 573
553 586
553 620
223 362
223 542
362 448
174 314
174 315
174 502
174 543
174 554
174 556
174 562
174 653
174 693
502 86
502 314
502 315
502 377
502 440
502 543
502 556
502 653
502 693
693 86
693 315
693 377
693 440
693 543
693 554
693 556
693 562
50 510
510 657
183 204
183 441
204 164
204 170
657 519
54 180
180 429
155 537
468 366
468 375
468 381
292 537
292 587
249 287
249 427
249 473
249 573
249 586
249 620
427 287
427 573
427 586
427 620
573 287
573 473
573 150
573 152
573 187
573 478
573 569
573 586
573 608
573 620
620 287
620 473
620 586
150 152
150 187
150 261
150 569
152 187
152 261
152 478
152 485
152 569
261 473
261 478
473 287
473 569
478 187
478 569
569 485
586 287
157 271
271 192
271 268
271 404
271 413
271 557
62 68
62 231
62 319
62 396
62 469
62 513
62 547
62 590
62 629
68 207
68 209
68 231
68 319
68 396
68 423
68 469
68 513
68 547
68 629
231 69
231 396
231 423
231 469
231 513
231 629
319 69
319 207
319 209
319 469
396 69
396 207
396 209
396 423
396 469
396 513
396 547
396 629
469 69
469 209
469 513
469 547
469 590
469 629
513 69
513 209
513 423
513 547
513 555
513 590
547 69
547 207
547 209
547 423
547 629
590 69
590 207
590 209
590 423
590 629
629 69
629 423
207 69
207 209
207 423
209 69
423 69
555 531
65 369
187 485
86 263
86 350
314 653
314 315
314 377
314 440
314 543
314 556
315 653
315 377
315 440
315 543
315 556
543 653
543 440
543 377
543 556
556 653
556 440
556 377
562 653
653 377
653 440
94 217
206 114
206 203
206 390
206 454
454 203
454 390
454 661
454 632
595 159
595 624
595 531
661 114
661 390
661 632
99 124
100 159
159 483
159 624
624 232
232 622
114 203
114 390
203 390
203 632
390 632
121 135
135 129
135 517
129 245
129 517
517 192
517 413
517 508
517 646
245 328
192 268
192 508
192 557
192 646
413 508
413 404
508 404
508 557
508 646
475 235
411 656
268 404
404 557
404 675
202 587
366 375
366 381
375 381
675 394
