698
613
324
155
91
325
110
12
284
113
82
354
222
593
505
551
149
265
306
587
2
54
166
186
499
143
243
402
577
356
117
52
90
247
161
98
699
386
26
611
558
344
707
97
412
456
167
394
114
347
112
522
46
406
418
679
583
597
316
207
414
438
75
220
636
309
491
80
37
51
79
481
592
615
41
422
693
483
581
30
201
206
42
632
392
128
334
489
482
601
67
160
84
544
70
458
548
269
34
254
633
122
267
22
105
276
195
389
464
571
229
27
109
85
415
19
515
523
586
617
301
66
500
319
690
144
168
58
674
337
81
40
57
649
514
158
0
187
512
20
315
292
77
55
620
310
124
580
180
146
408
48
454
53
74
183
227
121
697
493
659
39
163
260
224
1
175
352
541
503
258
295
353
286
136
137
200
547
326
584
108
457
405
384
579
329
255
444
256
24
152
202
139
404
672
618
543
385
663
682
442
159
119
339
396
317
660
131
460
17
78
639
447
115
150
388
264
33
60
196
374
50
372
111
568
562
299
554
537
73
340
528
553
165
419
237
235
569
285
624
676
351
527
424
302
99
304
176
598
193
101
398
123
209
345
695
59
88
635
277
266
465
294
459
246
466
513
507
232
336
492
56
162
251
133
619
348
397
628
61
140
69
89
651
208
