178
163
404
756
823
203
33
628
482
399
763
928
652
985
344
490
426
257
3
255
336
721
987
616
821
939
260
849
792
243
759
310
641
337
662
869
959
553
801
261
368
678
34
918
787
347
523
438
846
379
927
179
171
836
419
587
80
855
14
915
961
165
51
101
158
306
904
313
675
561
431
966
373
740
571
305
89
542
820
198
660
685
16
734
536
817
166
950
99
254
983
614
367
844
462
154
900
52
349
230
940
372
780
436
594
388
699
947
638
326
22
802
150
335
549
263
883
314
1001
722
449
287
66
219
402
280
193
194
108
769
650
352
262
932
708
607
494
360
75
120
779
156
871
747
920
307
996
224
945
248
786
456
125
148
276
666
207
201
83
2
464
497
635
237
204
687
716
710
354
235
534
274
146
49
271
949
585
92
988
188
79
67
943
413
862
750
214
997
20
767
533
611
476
448
622
680
713
147
483
853
358
18
461
903
217
232
973
29
794
311
382
199
723
467
832
796
173
702
677
43
149
576
737
103
63
246
98
696
994
532
581
279
603
37
240
180
516
231
703
234
137
783
56
169
38
579
251
591
445
960
77
151
429
118
386
119
94
233
889
610
858
325
211
948
861
312
221
554
917
110
167
322
668
789
583
692
729
27
563
333
25
406
292
320
828
258
444
818
302
575
843
545
208
813
55
618
19
346
962
639
222
733
654
824
701
686
481
268
155
854
812
422
479
595
9
485
565
580
340
963
859
798
715
357
86
435
229
415
11
714
329
1
106
676
535
293
892
424
135
1000
720
447
393
848
184
432
609
835
170
361
181
526
466
627
152
577
682
765
164
338
391
61
923
50
799
469
272
629
17
788
109
657
493
529
82
384
474
978
93
400
115
491
90
852
770
505
315
508
753
465
428
621
285
265
72
68
153
631
182
498
547
656
645
834
223
674
405
369
430
712
775
602
885
537
36
355
91
711
74
592
541
31
499
748
695
735
348
478
643
728
795
69
1003
842
70
88
480
183
341
6
894
567
200
671
921
540
239
551
625
517
375
434
85
879
552
116
501
951
644
365
144
359
840
190
281
439
330
57
888
659
647
935
81
742
392
97
772
837
185
648
191
107
663
905
105
503
977
500
626
882
345
681
522
471
766
624
389
873
141
407
601
886
398
421
895
187
377
327
709
60
694
414
138
661
867
504
450
46
259
192
749
102
589
556
887
860
633
225
615
331
746
683
226
288
286
781
827
267
65
617
543
111
898
159
826
334
197
803
752
658
8
679
530
706
730
863
777
878
544
506
289
32
472
495
269
58
929
47
964
470
53
774
815
984
596
374
731
236
186
209
743
126
241
539
881
205
296
582
113
303
816
343
833
39
175
12
944
825
700
954
161
732
140
738
132
588
385
457
48
44
30
220
653
4
937
797
15
160
35
808
252
557
0
564
992
87
760
507
527
688
459
584
418
301
202
42
773
253
806
548
726
800
114
899
134
423
562
124
981
468
139
443
725
916
41
390
290
100
96
128
768
593
64
597
965
776
958
218
655
909
872
870
718
318
811
277
387
510
242
956
831
807
864
363
489
513
793
401
877
420
758
477
578
790
605
324
487
868
453
891
727
649
59
739
264
366
822
189
227
791
273
598
28
612
304
73
283
463
249
309
893
841
95
850
383
266
427
40
370
475
244
736
321
531
54
45
339
317
651
538
247
669
270
484
210
979
912
525
838
646
670
754
206
460
637
356
168
586
890
278
316
353
129
395
62
408
446
514
143
550
364
172
162
698
417
707
967
215
724
10
667
342
26
946
174
509
403
942
23
213
486
425
874
308
378
606
751
608
741
295
24
195
745
250
518
839
381
778
922
412
123
664
319
957
282
896
632
555
623
819
502
245
394
636
865
496
599
697
71
640
299
785
704
216
810
122
515
913
291
528
914
558
521
7
455
362
228
771
323
121
492
857
409
437
911
275
256
284
196
665
117
458
876
693
590
78
380
76
600
351
691
328
130
5
784
145
782
866
719
127
300
21
84
238
642
524
845
566
136
157
847
332
104
473
112
13
396
673
133
931
488
411
371
