0 269
0 279
0 283
0 390
0 403
269 134
269 283
279 16
279 24
279 26
279 46
279 69
279 80
279 129
279 133
279 323
279 335
279 403
279 413
279 554
283 134
283 24
283 26
283 80
283 118
283 129
283 133
283 323
283 390
283 403
283 554
283 594
283 600
390 323
390 24
390 26
390 118
390 129
390 133
390 403
390 594
403 323
403 594
134 2
134 12
134 16
134 124
134 148
134 210
134 226
134 240
134 250
134 271
134 274
134 277
134 345
134 357
134 411
134 429
134 469
134 494
134 501
2 124
2 277
2 284
2 597
12 240
16 46
16 67
16 69
16 148
16 207
16 227
16 274
16 277
16 335
16 411
16 486
16 540
124 196
124 227
124 277
124 284
124 357
124 507
124 521
124 540
124 552
124 564
124 597
148 67
148 411
210 277
210 335
210 389
210 408
210 271
226 274
226 45
226 48
226 142
226 230
226 295
226 300
226 306
226 357
226 429
226 431
226 506
226 559
226 598
240 314
240 524
240 71
240 89
240 149
240 162
240 177
240 195
240 249
240 285
240 309
240 322
240 427
240 429
240 442
240 444
240 453
240 494
240 497
240 618
240 630
250 152
250 343
250 123
250 191
250 278
250 345
250 455
250 462
250 511
250 542
250 617
271 277
271 389
274 357
274 429
277 46
277 67
277 69
277 196
277 357
277 517
277 520
277 540
345 207
345 172
345 556
345 152
345 343
345 90
345 123
345 156
345 164
345 191
345 216
345 501
345 617
357 129
357 46
357 411
357 486
357 540
357 205
357 307
357 196
357 326
357 520
411 129
411 220
411 300
429 129
429 524
429 486
429 86
429 71
429 152
429 439
429 453
429 598
429 618
469 284
469 456
469 227
469 333
469 363
469 535
494 126
494 162
494 303
494 441
494 486
501 172
501 191
24 594
24 80
24 380
24 629
26 129
26 133
46 67
46 69
46 205
46 307
46 335
46 486
46 554
69 67
69 335
80 323
80 594
80 554
80 600
129 323
129 118
129 627
129 3
129 79
129 133
129 327
129 451
129 483
129 522
129 529
129 554
129 583
129 635
133 82
133 63
133 103
133 168
133 293
133 300
133 317
133 529
323 88
323 118
323 229
323 340
323 348
323 490
323 554
323 594
335 67
335 389
335 408
335 486
413 594
413 217
554 594
554 118
554 483
118 594
118 1
118 281
118 316
118 483
118 506
594 145
594 233
594 341
594 380
600 82
600 417
600 63
600 369
88 524
88 628
88 603
88 225
88 229
88 332
88 340
88 490
229 550
229 348
229 575
229 490
229 504
340 550
340 261
340 603
340 348
340 490
348 496
348 524
348 550
348 261
348 603
348 77
348 225
348 263
348 355
348 422
348 560
490 603
145 266
145 634
145 102
233 166
233 287
233 569
380 82
380 369
380 629
1 32
1 173
1 260
1 280
1 314
1 325
1 533
1 627
32 228
32 260
32 454
32 533
173 29
173 314
173 497
260 228
260 280
260 470
280 228
280 454
280 533
314 29
314 70
314 95
314 96
314 98
314 153
314 222
314 288
314 289
314 294
314 415
314 418
314 445
314 497
314 551
314 609
325 395
325 595
533 454
228 95
228 177
228 454
228 491
454 595
281 209
281 302
316 383
316 522
316 103
316 209
316 174
316 286
316 394
483 529
506 295
506 63
506 91
506 154
506 230
506 300
506 310
506 559
506 598
29 153
497 153
497 415
497 95
497 611
95 389
95 457
95 491
95 231
95 558
177 456
177 552
177 309
177 84
177 152
177 213
177 397
177 596
177 618
491 309
491 49
470 383
70 395
70 22
70 289
70 457
70 615
96 149
96 180
96 206
96 235
96 351
96 418
96 479
96 541
96 549
96 608
96 609
98 368
153 415
222 522
222 247
222 379
222 167
222 488
288 609
288 50
288 211
288 294
288 584
289 457
289 442
294 609
294 584
294 59
294 176
294 211
294 312
294 492
294 498
294 519
418 609
445 479
445 604
445 609
445 185
445 559
445 141
445 167
445 598
551 74
551 522
609 285
609 23
609 351
609 444
609 479
609 604
609 149
609 185
609 195
609 209
609 211
609 531
609 549
609 559
609 598
609 640
395 7
395 149
395 209
395 234
395 285
395 292
395 423
395 611
595 51
595 54
595 81
595 84
595 128
595 193
595 219
595 234
595 255
595 276
595 291
595 456
595 475
595 602
595 612
51 255
51 128
51 276
51 432
84 53
84 255
84 276
84 193
84 291
84 393
84 433
84 570
128 241
193 556
193 433
219 255
219 556
219 291
219 112
219 132
219 212
219 248
219 536
234 87
234 202
234 334
234 621
234 221
234 97
234 292
234 330
234 350
234 448
234 565
234 606
234 613
255 30
255 309
255 179
255 204
255 212
255 276
255 333
255 360
255 393
255 430
255 432
255 433
255 556
255 596
276 90
276 152
276 278
276 432
291 556
291 112
291 132
291 164
291 248
291 265
291 272
291 536
291 593
456 216
456 309
456 343
456 393
456 552
475 516
475 574
602 556
602 596
602 298
612 212
284 363
284 375
284 521
284 564
284 597
597 564
67 408
207 90
207 123
207 227
207 617
227 156
227 190
227 196
227 318
227 333
227 521
486 126
486 143
486 162
486 214
486 300
486 303
486 310
486 326
486 363
486 381
486 408
486 487
486 540
486 552
486 572
486 598
540 307
196 502
196 86
196 262
196 441
196 520
507 552
507 309
521 552
521 309
521 631
521 363
521 375
521 542
552 309
552 392
564 631
517 220
517 546
517 121
517 566
517 359
517 116
517 535
517 605
363 220
363 101
363 52
363 99
363 375
363 535
363 605
375 220
375 101
375 52
216 343
216 123
309 21
309 163
309 308
309 198
309 300
309 343
309 392
309 393
309 598
343 556
343 152
343 123
343 157
343 393
343 430
343 433
343 617
343 625
393 556
393 430
393 433
393 625
333 132
333 179
333 204
333 430
333 619
535 546
535 566
535 605
535 116
535 534
535 571
631 40
631 484
631 191
631 278
631 542
327 583
451 436
451 437
522 35
522 50
522 59
522 141
522 154
522 172
522 174
522 209
522 247
522 379
522 584
529 296
529 317
529 464
4 169
4 252
4 349
4 372
169 252
169 299
169 349
169 371
169 407
169 416
252 199
252 349
252 435
349 242
349 407
372 371
299 33
299 243
299 531
371 567
407 361
407 425
407 446
407 607
416 243
416 591
435 531
435 313
435 361
435 399
435 410
435 516
5 117
5 266
5 502
5 527
117 9
117 230
117 266
117 422
117 502
117 527
266 9
266 102
266 214
266 217
266 502
266 550
502 9
502 37
502 151
502 237
502 262
502 527
527 9
527 37
9 37
9 186
9 347
9 496
9 524
186 63
186 142
186 467
186 526
186 580
186 598
347 25
347 136
347 214
347 524
347 550
496 384
496 263
496 524
496 560
524 384
524 25
524 86
524 162
524 225
524 332
524 434
524 453
230 93
230 295
230 489
230 238
230 422
230 142
230 431
230 598
422 384
422 93
422 77
102 550
102 217
102 580
214 306
214 142
214 370
214 598
217 467
217 477
217 526
217 580
217 582
217 585
217 633
550 25
550 142
550 225
550 332
550 355
550 504
151 262
237 322
237 126
237 162
237 178
237 200
237 262
237 346
237 366
237 414
237 441
237 447
237 575
237 634
262 447
6 17
6 202
6 400
17 30
17 285
17 297
17 471
17 614
202 198
202 297
202 334
202 613
400 87
400 258
30 480
30 614
30 53
30 198
30 308
30 311
30 402
30 457
30 510
30 546
30 624
285 235
285 399
285 531
297 89
297 200
614 7
614 11
614 75
614 480
614 590
614 457
614 510
87 350
350 468
350 282
350 221
350 292
198 480
198 42
198 100
198 144
198 213
198 220
198 342
198 392
198 442
198 476
198 546
334 155
334 83
334 244
334 443
334 613
613 621
258 468
468 11
7 75
7 104
7 480
7 590
75 11
75 104
75 442
75 480
104 11
104 442
104 590
480 11
480 392
480 546
480 586
590 442
442 329
442 246
442 457
442 342
442 100
442 579
442 586
442 615
149 154
209 427
209 243
209 383
209 50
209 103
209 154
209 141
209 379
209 559
292 621
292 97
392 546
392 342
392 100
392 144
546 163
546 220
546 100
546 342
546 571
457 615
8 115
8 203
8 354
8 458
115 68
115 344
203 10
203 365
458 61
458 150
458 253
458 257
458 592
61 62
61 140
61 215
61 478
62 373
62 135
62 44
62 622
140 19
140 344
215 41
215 438
215 622
478 472
478 505
478 525
68 201
68 38
68 139
68 344
68 548
344 376
344 599
10 127
10 545
365 114
365 599
150 15
150 557
150 114
150 44
253 557
253 232
253 508
592 127
592 508
592 44
592 275
592 561
63 245
142 384
142 295
142 306
142 489
142 251
142 370
142 431
142 467
142 503
142 585
142 598
467 477
467 526
467 585
526 245
526 585
580 245
598 295
598 306
598 549
598 559
598 300
384 93
384 428
93 105
93 261
93 263
93 355
93 428
263 355
86 444
86 27
86 71
86 92
86 105
86 126
86 162
86 178
86 322
86 346
86 359
86 366
86 382
86 414
86 427
86 434
86 441
86 453
86 481
86 566
86 575
86 581
86 634
162 322
162 434
162 303
162 581
162 71
162 326
162 346
162 414
162 441
162 453
162 487
225 332
434 329
434 444
434 27
434 105
434 322
434 382
434 92
434 126
434 346
434 353
434 481
434 618
453 261
453 71
127 270
127 452
127 561
270 187
270 374
270 636
452 192
561 553
561 636
71 261
71 92
71 238
71 367
71 539
71 603
71 618
89 220
89 538
89 566
89 200
89 259
195 49
195 154
249 427
249 630
322 329
322 444
322 27
322 105
322 31
322 55
322 126
322 200
322 303
322 346
322 382
322 427
322 575
322 581
427 389
427 444
427 31
427 126
427 92
427 103
427 154
427 200
427 224
427 326
427 359
427 414
427 441
427 481
427 575
427 581
444 23
444 261
444 353
444 382
444 493
444 549
444 618
618 238
618 326
618 353
618 367
618 487
126 303
126 326
126 346
126 359
126 414
126 441
126 581
303 31
303 326
303 414
303 581
441 200
441 346
441 359
13 36
13 43
13 557
43 336
43 573
557 114
557 159
557 194
557 315
557 336
557 337
557 482
15 114
15 201
15 373
15 508
114 352
114 421
114 508
114 599
201 44
201 315
373 44
373 58
373 120
373 315
373 466
373 548
508 108
508 20
508 239
508 320
508 336
508 421
508 576
336 20
336 338
336 421
336 573
108 20
108 239
108 254
20 239
239 111
239 460
239 623
254 544
376 38
38 73
38 139
38 548
159 576
159 459
159 273
315 139
315 44
315 72
337 599
482 72
14 42
42 53
42 56
42 85
42 282
42 342
42 530
42 624
53 56
53 402
53 461
53 570
53 601
53 624
56 624
56 530
56 601
342 100
342 144
342 331
342 401
342 476
342 530
342 579
530 624
530 360
530 461
624 402
624 360
624 461
421 338
44 73
44 548
44 120
44 466
44 576
232 273
58 139
58 466
120 548
466 139
548 139
548 304
320 623
320 338
205 245
205 307
307 94
307 634
408 389
408 381
90 123
90 157
90 455
90 511
90 542
90 617
123 130
617 152
617 122
156 556
156 132
156 190
156 318
156 577
156 619
190 318
190 616
318 577
389 231
389 326
231 326
326 353
326 487
220 163
220 101
300 295
300 431
143 310
143 296
310 91
310 171
487 92
487 353
487 367
487 588
308 21
308 163
308 175
308 339
308 397
308 589
311 99
235 206
235 119
399 244
531 243
200 566
200 178
200 346
200 359
200 414
200 575
18 106
18 290
106 290
106 479
106 547
479 351
479 267
479 368
479 492
479 559
479 604
479 610
547 206
111 623
111 460
460 450
623 76
623 109
623 405
623 450
21 163
163 47
163 101
47 101
175 112
175 339
175 589
339 556
339 589
397 189
397 386
397 440
589 556
589 132
589 223
22 329
329 305
329 55
329 246
329 382
329 538
615 538
615 319
246 28
246 57
246 137
246 301
246 538
246 566
382 27
382 105
382 474
538 57
538 121
538 137
538 259
538 319
538 566
23 541
23 604
541 351
541 610
604 351
604 167
604 398
206 138
549 154
549 119
608 426
261 27
261 218
261 238
261 264
261 370
261 603
353 238
353 367
267 398
267 492
267 515
267 559
267 167
267 637
368 41
368 448
492 59
492 509
492 515
559 306
559 158
559 218
559 500
559 637
610 138
167 185
398 50
185 50
211 176
211 498
640 426
629 417
82 103
82 168
82 293
82 369
82 437
103 49
103 154
103 168
168 245
437 436
504 575
27 105
27 628
628 74
628 465
92 238
92 367
92 481
92 588
178 566
178 634
346 581
346 566
359 566
359 366
566 57
566 137
566 259
566 534
566 571
581 31
634 94
634 245
634 632
634 181
634 619
218 603
238 588
238 603
370 503
603 367
603 74
603 77
603 465
513 74
74 77
74 465
28 301
57 121
461 360
570 152
100 144
100 579
144 605
213 596
179 556
179 204
204 556
204 433
204 430
204 625
212 404
430 433
430 625
432 556
433 625
556 60
556 362
556 112
556 132
556 223
556 248
556 412
556 536
556 625
596 378
99 324
99 268
99 358
99 605
571 534
154 50
154 49
154 224
224 49
152 172
152 122
152 130
152 278
152 542
33 243
33 383
383 286
34 66
66 555
66 632
555 632
35 50
50 247
50 379
50 584
247 379
379 141
59 485
59 515
172 40
172 122
172 436
172 462
172 484
172 511
172 514
139 304
39 94
94 107
94 181
94 245
40 356
40 364
40 378
40 436
40 484
40 587
356 587
364 420
364 484
378 189
436 420
436 484
484 420
587 157
587 455
587 511
587 542
511 157
511 278
511 455
511 542
514 191
189 188
189 386
157 455
157 542
542 278
191 387
41 135
41 155
41 377
41 396
41 438
41 578
135 321
155 578
396 165
396 113
396 183
396 438
396 512
578 567
321 165
165 113
165 622
113 622
113 183
113 512
622 147
622 183
622 406
448 330
448 518
567 446
72 328
45 295
45 306
45 489
295 306
295 431
295 489
306 251
306 503
306 543
489 431
251 503
91 171
259 116
485 509
485 519
125 160
160 197
312 78
312 244
312 385
312 523
312 537
312 639
519 509
112 132
112 146
112 164
112 265
112 272
112 536
112 593
132 223
132 248
132 265
132 412
132 593
132 626
248 265
248 593
472 505
472 525
505 192
505 525
147 391
406 208
406 388
388 473
64 324
324 358
65 76
65 182
65 197
65 459
76 131
76 182
76 273
76 459
182 197
197 170
131 109
131 419
328 473
419 553
405 450
405 374
405 636
78 385
78 523
523 119
244 639
119 138
119 409
119 591
83 621
621 110
621 443
443 110
443 330
386 440
164 265
164 272
164 593
265 272
447 532
447 638
619 268
619 184
97 565
97 568
565 568
138 562
409 591
477 582
582 585
192 187
374 256
636 256
553 528
464 161
616 463
287 569
607 516
424 495
424 499
424 563
495 563
236 638
620 449
