5
200
78
87
115
249
34
284
119
84
101
211
109
33
279
2
241
130
266
190
281
270
95
68
218
272
122
4
192
268
40
70
160
112
242
161
79
251
232
184
27
159
41
267
66
107
171
193
53
283
205
143
261
81
91
116
288
151
47
245
152
226
174
149
176
73
236
177
144
280
113
201
156
269
10
37
63
204
317
103
32
7
29
77
238
15
88
98
124
244
92
99
94
127
230
140
118
250
274
114
214
31
276
199
248
6
318
169
252
49
170
246
111
137
257
166
275
271
132
80
105
69
11
136
135
235
86
213
180
158
185
35
203
227
110
215
138
48
231
96
121
50
243
304
133
3
296
155
179
150
18
314
207
139
44
265
21
299
206
30
145
165
125
