126
168
47
58
252
258
166
357
60
290
265
1
123
86
287
148
48
285
37
51
170
62
109
40
156
41
21
158
191
82
33
39
317
152
237
96
67
242
227
342
201
94
254
127
202
131
225
323
31
42
8
300
292
246
229
363
52
74
220
315
205
235
326
260
303
358
219
9
256
240
103
359
163
266
221
15
66
281
81
12
11
149
59
334
218
375
269
189
187
125
129
278
169
248
49
233
352
5
228
83
57
93
70
264
90
142
133
192
378
249
22
174
177
102
85
111
10
19
88
64
138
350
136
344
32
176
241
271
190
251
143
355
92
73
182
210
367
351
61
314
204
160
282
277
366
370
114
29
194
291
63
135
150
172
171
50
338
77
214
232
268
286
162
121
356
167
75
6
348
95
257
153
55
98
132
7
78
364
261
65
330
122
45
118
18
13
89
270
298
329
311
322
30
312
130
284
188
71
255
200
181
234
159
212
302
253
56
213
106
2
353
164
274
374
372
313
327
296
283
273
154
346
275
91
349
104
276
69
115
331
16
377
343
68
244
245
3
23
319
110
293
288
35
354
335
124
361
299
105
341
316
100
333
337
360
297
99
332
199
211
373
345
243
193
207
179
336
97
365
87
134
165
0
113
301
112
180
328
28
198
226
20
76
324
128
38
161
43
307
120
79
318
54
175
84
304
173
279
203
46
320
247
310
4
25
339
72
144
347
139
44
178
239
325
236
238
141
222
108
340
223
289
371
231
262
321
209
230
14
224
267
263
376
140
80
107
17
34
53
206
101
