784
625
354
681
816
64
397
705
120
45
308
769
642
27
191
624
20
956
648
776
269
337
355
731
322
780
820
125
446
214
513
403
56
573
649
10
29
184
230
102
124
374
884
232
196
88
936
732
585
838
161
923
416
653
399
655
545
693
663
250
511
991
815
542
92
909
516
259
830
396
16
594
211
3
683
492
742
339
405
149
162
500
833
613
90
323
274
72
166
597
70
870
768
173
350
709
965
876
17
871
212
570
582
650
273
335
865
741
145
915
342
621
748
676
292
367
494
752
226
839
584
129
697
183
904
318
799
853
470
370
426
128
278
476
353
714
141
219
395
82
695
960
793
30
343
122
293
551
760
813
190
941
96
885
393
751
9
807
549
575
487
901
794
248
880
997
157
686
873
562
164
576
685
4
836
224
187
646
729
115
862
790
89
863
565
834
154
468
112
798
553
209
841
253
840
754
390
272
673
24
850
289
453
109
265
179
467
23
429
294
383
596
661
564
35
675
574
641
221
861
21
80
143
539
808
874
848
239
629
951
514
824
222
260
765
410
857
677
101
288
305
490
777
627
172
379
877
106
110
823
371
251
41
486
609
587
386
309
496
707
437
6
976
502
192
356
77
903
541
207
360
859
189
22
864
698
324
844
69
715
198
983
381
555
57
529
935
866
984
948
932
401
336
203
295
883
365
814
146
680
459
158
263
699
438
165
822
85
59
518
994
520
750
580
501
992
87
73
49
13
966
670
554
175
256
658
118
749
180
692
195
725
25
296
62
452
946
428
619
182
95
733
812
488
526
98
254
800
525
506
67
919
275
475
391
668
38
54
669
51
578
660
377
510
169
606
854
380
638
457
1
26
985
469
1001
827
561
801
384
687
635
197
495
244
990
332
385
623
975
431
702
291
79
644
372
928
944
436
39
55
270
589
522
225
479
819
130
557
419
894
789
493
618
846
423
415
205
916
174
108
368
362
389
400
645
285
766
547
435
878
364
135
535
898
726
408
328
505
620
241
463
617
802
614
893
713
809
245
957
1000
32
512
972
44
312
223
334
348
728
474
837
43
456
828
612
359
958
872
963
123
818
711
912
78
940
398
666
530
8
537
722
887
657
943
267
628
743
615
791
914
771
736
279
977
636
220
563
503
806
261
905
581
531
559
703
590
942
333
735
271
448
277
770
996
706
432
276
36
781
740
168
484
358
607
404
968
546
595
58
674
717
138
255
91
194
973
721
746
330
68
234
134
104
967
869
647
81
204
464
40
229
433
757
242
424
152
249
778
127
543
519
783
313
592
126
534
724
418
63
959
392
74
759
7
856
858
782
442
720
307
34
139
178
378
425
803
825
317
99
758
911
461
947
299
159
482
357
132
890
478
15
772
954
755
208
93
678
155
100
560
608
881
19
290
247
181
287
310
150
517
346
406
422
233
193
591
785
170
462
524
952
237
745
18
536
804
286
33
97
444
60
147
544
325
787
14
481
303
447
651
995
579
556
610
439
264
465
835
586
504
140
694
710
53
142
66
688
630
999
315
282
131
236
730
84
953
719
682
76
151
921
103
351
577
427
300
875
434
937
75
600
316
598
811
11
443
744
228
252
114
712
215
52
527
227
407
727
480
243
314
136
262
515
268
320
738
633
821
704
656
978
700
171
266
601
938
532
388
153
632
202
528
832
491
48
773
240
882
723
892
548
788
133
691
671
340
572
886
231
206
605
420
394
779
900
345
445
352
246
2
583
311
708
637
366
868
329
499
201
31
662
906
458
786
375
361
485
199
186
950
65
121
71
327
12
454
61
981
326
105
119
163
552
46
829
376
369
216
37
701
988
567
763
568
107
156
5
338
652
200
497
86
684
523
417
344
167
899
538
931
387
775
718
852
402
917
257
411
341
696
111
373
47
451
210
321
217
302
450
306
137
913
466
879
631
969
509
0
473
734
810
498
472
477
409
460
471
667
213
599
817
918
28
319
756
588
927
347
508
860
855
412
94
533
761
889
449
611
982
571
507
185
566
926
430
218
382
679
50
42
896
1003
762
413
83
831
521
238
113
258
737
148
849
