908
585
354
681
816
64
397
705
40
45
308
769
642
27
191
624
20
956
648
776
269
357
355
731
456
829
820
125
266
65
513
403
73
432
649
13
35
184
230
102
124
374
884
232
196
88
936
732
586
838
161
923
416
653
466
655
545
693
663
250
511
991
815
542
92
909
516
259
830
396
16
594
211
3
683
492
637
339
405
217
162
500
833
888
90
323
274
72
166
597
131
870
768
173
350
709
796
489
17
871
376
570
582
650
273
335
348
741
145
915
342
621
748
676
302
325
494
752
226
839
584
129
845
183
904
318
292
853
470
370
426
128
278
476
353
953
141
219
395
82
695
979
793
30
343
122
293
551
760
813
190
795
96
885
393
751
9
807
549
575
487
901
794
248
880
965
157
665
873
562
164
576
685
4
433
346
187
646
729
115
862
790
89
863
565
834
154
468
112
851
553
209
841
113
840
754
671
272
673
24
850
289
453
109
265
179
467
23
429
294
383
596
661
564
29
675
573
365
221
861
21
80
143
993
808
897
848
239
629
605
514
919
222
101
765
572
857
677
149
288
305
490
777
627
172
411
877
106
110
823
371
251
41
486
609
587
386
240
496
931
437
6
976
502
192
356
77
761
176
249
360
859
189
22
569
698
324
844
38
715
69
640
381
555
57
529
935
866
984
948
932
401
385
203
295
907
566
814
194
680
459
158
263
699
438
165
822
85
59
107
994
520
750
580
501
992
87
56
49
10
966
670
554
175
256
658
12
749
180
692
195
725
25
296
62
962
946
922
560
182
95
733
812
488
526
98
70
800
525
506
67
824
275
475
391
568
254
66
669
51
578
660
378
510
169
606
854
390
638
206
1
26
985
469
1001
827
561
974
384
177
635
197
495
244
990
329
336
623
975
431
702
291
79
644
372
928
944
436
39
55
270
589
522
225
479
819
130
557
419
894
559
493
618
846
423
415
205
916
174
282
368
362
389
400
645
285
952
547
435
986
364
135
535
898
726
379
328
505
620
241
463
617
802
775
955
929
809
245
541
1000
32
512
972
44
312
223
334
298
728
474
837
43
534
828
612
359
958
872
963
123
801
711
912
78
940
700
666
530
8
537
722
887
657
767
267
628
743
615
791
914
771
764
279
977
636
220
563
503
806
126
905
581
531
687
703
590
942
333
735
271
448
277
770
996
706
630
276
36
781
740
168
540
358
607
404
842
546
595
261
674
717
138
255
91
147
973
721
746
321
68
234
134
104
967
869
647
81
204
464
120
229
836
451
242
424
152
207
778
127
543
519
783
742
592
58
322
724
418
63
971
392
100
759
7
856
747
782
910
720
307
34
139
178
377
425
803
924
317
99
758
847
461
947
299
159
482
337
132
440
478
15
818
902
755
208
93
678
155
74
788
608
881
19
290
247
181
287
310
150
517
237
406
422
233
193
591
785
170
462
524
766
224
745
18
536
1002
286
33
97
444
60
146
544
367
787
14
481
303
447
651
995
579
556
610
439
264
465
835
625
504
140
694
710
53
142
54
688
684
999
315
108
198
236
730
31
714
719
682
76
186
921
103
351
577
427
300
875
434
937
75
600
316
598
811
11
443
744
686
252
114
712
215
52
454
227
407
727
480
243
558
136
262
515
268
320
738
633
821
704
656
978
398
171
446
601
878
532
388
153
632
202
528
832
491
48
980
309
882
641
892
548
757
133
691
408
340
410
886
231
457
964
420
394
779
900
345
445
352
246
2
583
311
708
626
366
868
332
499
201
84
662
634
458
989
375
361
485
199
151
950
86
121
71
327
118
527
61
981
326
105
119
163
552
46
780
212
369
216
37
701
690
567
763
639
518
156
5
338
652
200
497
214
574
523
417
344
167
895
538
707
387
614
718
852
402
917
257
380
341
441
111
373
47
349
210
330
260
799
450
455
137
913
399
879
631
969
509
0
473
734
810
498
472
477
409
460
471
934
213
599
817
918
28
319
756
588
927
347
508
860
855
412
94
533
539
889
449
611
949
571
507
185
723
926
430
218
382
679
50
42
896
1003
945
413
83
831
521
238
253
258
737
148
987
