0 25
0 36
0 113
0 143
0 249
0 298
0 335
0 362
0 391
25 162
25 333
25 357
25 362
25 391
25 431
36 143
36 298
36 333
36 391
113 143
113 333
113 357
113 391
143 112
143 245
143 249
143 297
143 333
143 357
143 391
143 475
249 31
249 479
335 30
335 156
335 162
335 245
335 333
335 357
335 362
335 379
335 391
335 431
362 30
362 140
362 156
362 245
362 333
362 357
362 379
362 409
362 431
391 333
162 37
162 331
162 30
162 220
162 333
162 357
162 431
333 138
333 156
333 165
333 357
333 379
333 431
357 37
357 331
357 30
357 138
357 156
357 220
357 245
357 379
357 431
431 287
431 365
431 122
431 156
431 231
431 260
431 379
112 297
112 475
245 297
245 30
245 430
297 4
297 6
297 167
297 215
297 234
297 32
297 189
297 235
297 475
297 479
475 479
31 438
31 24
31 58
31 400
31 477
479 138
479 219
479 328
30 232
30 84
30 127
30 252
30 448
156 409
156 140
156 379
140 409
409 3
409 344
409 37
409 63
409 83
409 84
409 91
409 127
409 148
409 153
409 157
409 158
409 253
409 380
409 401
1 180
1 402
1 468
180 5
180 172
180 175
180 402
180 468
402 106
402 388
402 468
468 5
468 306
468 358
468 376
5 388
5 19
5 22
5 142
5 172
5 175
5 348
5 354
5 358
5 432
172 22
172 75
172 175
172 334
172 493
175 46
175 78
175 106
175 233
175 358
106 306
106 388
106 33
106 414
388 2
388 306
388 61
388 142
388 348
388 397
306 2
306 211
306 40
306 142
306 251
306 259
306 317
306 348
306 397
306 464
358 348
358 376
376 428
2 114
2 207
2 211
2 250
2 412
2 454
114 33
114 137
114 250
114 257
114 302
114 412
207 26
207 110
207 211
211 74
211 61
211 250
211 361
211 454
250 74
250 102
250 179
250 412
250 419
412 102
412 137
454 74
454 61
454 137
454 178
454 179
454 264
454 354
454 397
454 404
454 419
74 61
74 137
61 404
61 137
61 419
137 102
33 102
33 302
33 414
257 398
302 251
302 397
26 236
110 360
361 464
361 494
102 264
40 317
142 178
142 230
251 348
251 375
259 19
259 230
259 444
259 490
317 95
317 88
348 375
348 397
397 178
397 464
464 494
178 354
178 398
178 72
178 78
178 124
354 77
354 86
354 124
354 300
354 343
354 355
354 383
354 491
404 45
404 72
404 238
3 42
3 123
3 145
3 201
3 204
3 205
3 278
3 304
3 321
3 344
3 417
3 421
3 482
42 145
42 205
42 278
42 417
42 421
42 439
123 93
123 96
123 204
123 232
123 263
123 321
123 337
123 399
123 417
123 421
123 447
145 305
145 321
145 439
201 59
201 196
201 206
201 304
204 344
204 421
204 482
205 296
205 304
205 309
205 321
205 367
205 377
205 387
205 417
205 421
205 439
205 446
278 54
278 194
278 321
278 393
278 417
278 421
278 443
278 447
304 136
304 196
304 206
304 213
304 255
304 288
304 307
304 340
304 342
304 367
304 387
304 423
304 446
304 466
304 476
321 29
321 126
321 132
321 134
321 157
321 309
321 377
321 393
321 417
321 421
321 439
321 443
321 447
344 10
344 399
344 421
344 482
417 54
417 421
421 54
421 134
421 194
421 447
93 399
93 232
93 96
93 263
93 279
93 337
96 232
96 448
96 263
232 217
232 161
232 21
232 32
232 150
232 237
232 263
232 284
232 291
232 324
232 326
232 337
232 460
232 473
263 399
263 194
263 337
263 459
263 488
337 399
399 10
399 134
399 370
399 443
447 54
447 134
447 194
447 443
305 296
305 253
305 446
305 132
305 367
59 206
59 213
59 340
59 342
196 206
196 213
196 340
196 342
196 476
206 136
206 271
206 483
206 104
206 213
206 340
206 342
206 476
296 15
296 69
296 57
296 164
296 240
296 288
296 309
296 323
296 342
296 374
309 359
309 446
309 132
309 476
309 126
309 152
309 367
309 393
367 377
367 446
377 215
377 248
377 370
377 430
377 400
377 227
377 41
377 52
377 60
377 49
377 76
377 132
377 346
377 393
377 395
377 458
387 497
387 446
387 213
446 41
446 82
446 89
446 208
446 307
446 342
446 393
446 423
54 134
54 194
194 134
194 488
393 443
393 307
393 323
443 370
443 134
136 52
136 213
136 255
136 271
136 338
136 483
213 483
213 340
213 342
213 476
255 483
255 338
288 466
307 323
340 342
340 476
342 82
342 476
423 132
423 246
423 459
423 466
476 271
29 10
29 85
29 91
29 191
29 253
29 262
29 370
126 359
132 148
132 227
132 177
132 48
132 56
132 152
132 181
132 198
132 246
132 486
134 370
157 148
157 282
157 129
157 452
157 84
157 48
157 63
157 170
157 185
157 258
157 400
10 91
10 248
10 262
10 438
37 18
37 91
37 63
37 127
37 220
37 227
37 328
37 331
37 380
37 429
37 452
37 497
63 153
63 380
83 148
83 401
84 350
84 452
84 73
84 127
84 153
84 158
84 220
84 328
84 403
91 158
91 248
91 253
91 262
127 350
127 452
127 380
127 430
148 4
148 107
148 48
148 121
148 129
148 171
148 185
148 228
148 234
148 258
148 266
148 272
148 275
148 282
148 311
148 312
148 314
148 320
148 434
148 462
148 473
153 58
153 430
153 400
153 125
153 189
153 243
153 299
153 318
153 347
153 390
153 472
158 248
158 331
158 452
158 73
158 220
158 328
158 403
158 429
158 469
158 497
253 248
253 216
253 285
253 403
253 497
380 429
401 320
401 384
4 6
4 18
4 68
4 107
4 167
4 215
4 217
4 228
4 234
4 242
4 256
4 270
4 272
4 282
4 314
4 320
4 350
4 368
4 384
4 470
4 478
4 492
4 498
6 215
6 217
6 234
18 434
68 185
68 228
68 282
68 320
68 418
68 465
68 470
68 492
107 147
107 185
107 192
107 228
107 242
107 270
107 272
107 275
107 320
107 384
107 418
107 465
107 470
107 492
107 498
167 121
167 135
167 141
167 150
167 189
167 217
167 284
167 295
167 339
167 382
167 460
215 76
217 125
217 234
217 382
217 422
228 48
228 129
228 147
228 170
228 185
228 192
228 256
228 258
228 270
228 275
228 282
228 350
228 369
228 418
228 465
228 470
228 478
234 135
242 210
242 266
242 272
242 311
242 418
242 456
242 470
256 39
256 155
256 258
256 267
256 282
256 303
256 369
256 478
270 48
270 135
270 147
270 214
270 258
270 282
270 349
270 369
270 422
272 266
272 282
272 384
272 465
272 469
272 470
272 498
282 138
282 170
282 185
282 192
282 266
282 327
282 384
282 403
282 456
282 465
282 470
282 478
282 487
282 498
320 185
320 312
320 350
320 384
320 452
320 465
320 492
320 498
350 48
350 99
350 258
350 267
350 369
350 452
350 465
384 185
384 248
384 418
384 465
384 470
384 498
470 465
470 138
470 381
470 418
470 498
492 465
498 465
498 185
434 76
434 171
434 198
434 473
185 129
185 452
185 267
185 258
185 170
185 418
418 465
418 266
418 456
147 135
147 312
147 71
147 295
192 275
275 426
275 324
275 349
48 267
48 303
48 155
48 258
48 369
121 135
121 462
129 24
129 168
129 170
129 225
129 258
129 287
129 294
129 364
129 365
129 477
171 473
171 79
171 89
171 187
171 437
258 267
258 303
258 155
258 170
258 260
258 349
266 285
266 445
266 469
266 146
266 311
266 351
266 407
266 408
266 411
266 456
311 469
311 312
311 407
311 210
312 60
312 487
312 65
312 92
312 202
312 212
312 396
312 407
462 135
462 473
462 35
462 62
462 315
462 339
473 133
473 183
473 161
473 21
473 135
473 35
473 79
473 89
473 187
473 202
473 223
473 226
473 295
473 324
473 339
473 366
473 437
473 480
135 133
135 183
135 436
135 21
135 47
135 62
135 189
135 203
135 214
135 226
135 241
135 345
135 422
141 53
141 62
141 441
150 441
189 133
189 239
189 400
189 125
189 235
189 299
189 472
189 203
189 345
284 183
284 416
284 450
295 487
295 339
295 202
339 164
339 199
382 9
382 21
382 237
382 291
382 326
382 436
382 460
460 161
460 326
76 198
125 400
125 38
125 299
125 390
125 392
125 472
422 400
422 226
422 103
170 349
369 267
369 303
210 315
210 268
456 138
39 267
39 303
155 267
155 303
155 260
267 303
303 260
303 349
214 386
214 226
214 176
214 203
214 345
349 287
349 426
349 122
469 248
469 216
469 269
469 328
469 44
469 99
469 445
469 408
469 411
138 252
138 165
138 330
138 219
403 497
403 73
403 197
487 41
487 193
487 290
487 202
235 452
235 38
235 472
452 191
452 331
452 38
452 85
452 99
452 131
452 220
452 227
452 328
452 405
452 430
99 191
99 85
99 44
99 60
99 346
248 191
248 227
248 370
248 458
248 497
381 197
19 444
22 20
22 75
22 273
22 334
22 428
444 20
444 88
444 95
444 442
20 90
20 95
20 490
75 334
75 493
273 77
273 130
273 489
273 493
334 493
230 490
46 233
78 109
78 200
375 481
375 496
77 394
86 491
86 489
86 144
124 343
343 310
343 238
343 72
343 406
355 13
355 118
355 109
355 491
383 13
383 118
383 23
383 489
491 13
491 415
491 489
7 17
17 191
17 216
17 269
17 485
191 85
191 216
191 285
191 370
216 269
269 44
269 60
269 71
269 283
269 346
269 395
269 485
485 41
485 44
485 346
51 420
8 168
8 225
8 287
8 365
168 287
168 365
225 58
225 70
225 122
225 182
225 287
225 294
225 365
225 438
287 122
287 231
287 260
287 364
287 365
287 385
365 231
365 260
24 364
24 426
24 477
294 477
294 182
294 117
364 224
364 477
477 159
477 182
477 341
477 385
58 108
58 131
58 299
58 318
58 347
58 400
58 463
58 472
70 438
70 165
70 182
122 231
122 260
182 165
182 159
182 197
182 341
231 260
385 426
385 299
385 197
385 341
9 12
9 133
9 183
9 386
12 133
12 161
12 239
12 386
12 436
12 461
133 203
133 239
133 372
133 400
133 436
183 21
183 94
183 184
183 241
183 291
183 436
183 450
386 203
386 226
386 345
161 326
239 163
239 203
239 450
436 241
203 226
203 103
203 176
203 345
203 450
372 169
372 199
372 223
372 274
400 430
400 131
400 299
400 318
400 347
400 425
400 472
21 241
21 291
94 241
184 450
184 173
184 389
450 289
450 163
450 221
450 389
226 35
226 50
226 47
226 176
226 345
345 176
85 370
85 405
370 227
370 458
370 497
227 395
227 458
458 497
458 395
497 188
11 398
398 72
398 160
398 261
398 481
72 481
72 325
72 115
72 149
72 200
72 406
13 111
13 118
13 363
111 23
111 336
363 115
363 495
23 130
23 489
109 218
109 325
14 471
471 80
471 190
471 244
471 308
80 244
80 308
80 119
190 16
190 67
190 244
190 308
190 356
244 101
244 53
244 87
244 308
244 484
308 449
15 69
15 280
15 313
69 280
69 356
69 449
280 27
280 313
280 449
356 67
449 62
449 98
27 16
57 82
57 104
57 455
164 281
164 268
164 154
164 199
164 274
164 319
164 433
240 56
240 181
240 198
240 427
240 486
374 120
374 265
67 484
62 53
62 441
285 411
285 445
44 41
44 60
44 116
44 283
44 290
44 346
44 445
60 41
60 65
60 116
60 246
60 268
60 283
60 290
60 451
71 146
71 209
71 351
71 407
71 467
283 116
283 395
346 52
346 49
346 405
395 290
395 116
41 52
41 193
41 290
41 315
41 332
41 352
41 359
220 331
220 229
220 330
328 229
328 330
331 429
198 56
198 181
198 366
198 427
198 486
38 474
131 108
131 222
131 463
430 243
430 318
430 347
88 90
88 95
88 440
88 453
95 90
35 289
35 50
79 89
79 187
79 480
89 366
187 480
223 289
366 56
366 181
366 486
426 299
426 413
108 222
108 463
108 472
318 243
318 347
318 425
347 243
347 390
347 472
463 222
463 472
472 222
472 243
472 390
472 425
413 286
159 197
341 197
28 289
28 424
289 50
289 424
50 378
252 330
448 279
330 229
243 390
219 100
441 53
34 218
34 325
218 325
378 103
315 174
315 268
315 373
188 277
474 392
52 43
52 49
52 177
52 271
193 92
193 97
193 212
193 290
193 316
193 396
290 92
290 97
290 212
290 316
332 352
332 359
352 186
352 195
352 329
352 451
359 195
359 208
359 353
116 329
116 435
116 451
445 139
445 408
445 411
43 128
43 177
177 152
177 457
271 483
268 174
451 186
451 292
451 329
451 353
451 435
92 97
92 212
92 316
92 396
97 396
212 396
316 373
316 396
174 55
174 281
174 373
373 55
373 281
186 329
186 353
195 329
195 208
329 208
329 435
82 66
82 104
82 455
128 457
457 152
152 459
435 154
411 408
139 351
139 407
45 81
45 169
45 310
81 310
169 105
169 120
169 406
169 410
105 406
120 484
410 484
238 64
238 247
56 181
56 427
56 486
181 301
181 427
181 486
338 483
87 484
87 119
281 154
154 319
104 455
407 146
407 351
247 360
247 494
146 351
440 416
416 173
199 274
274 433
151 371
151 496
389 173
166 277
322 276
254 293
