133
140
167
16
300
13
325
155
303
125
20
341
270
142
141
321
154
181
230
31
190
356
363
210
104
72
338
247
149
318
342
51
213
130
206
297
304
257
298
219
23
144
317
209
360
134
273
263
6
358
214
139
182
106
264
188
115
301
157
269
7
169
306
371
204
64
29
132
43
319
376
5
73
127
123
200
82
59
357
262
179
109
225
21
171
48
375
135
296
217
117
71
25
329
320
105
168
174
116
99
216
40
67
261
220
66
242
9
22
107
96
374
12
240
110
129
211
194
143
203
221
212
343
39
75
180
3
228
65
17
41
145
159
233
8
299
58
193
103
50
205
258
177
166
61
333
124
281
293
79
78
