0 3
0 18
0 27
0 32
0 38
0 44
0 87
0 100
0 123
0 153
0 171
0 173
0 175
0 177
0 231
0 249
0 251
3 5
3 12
3 18
3 20
3 27
3 28
3 32
3 43
3 80
3 99
3 121
3 123
3 158
3 175
3 190
3 212
3 251
3 259
18 8
18 12
18 27
18 32
18 43
18 59
18 73
18 99
18 135
18 172
18 190
18 199
18 249
27 28
27 32
27 36
27 37
27 38
27 40
27 44
27 52
27 73
27 85
27 87
27 95
27 96
27 98
27 114
27 123
27 129
27 134
27 144
27 158
27 160
27 172
27 173
27 174
27 177
27 184
27 190
27 194
27 200
27 209
27 212
27 216
27 218
27 225
27 229
27 251
32 8
32 12
32 43
32 44
32 73
32 80
32 98
32 102
32 114
32 135
32 158
32 167
32 175
32 177
32 190
32 200
32 213
32 218
38 12
38 80
38 110
38 144
38 158
38 174
38 190
38 236
38 248
38 251
44 12
44 28
44 29
44 37
44 85
44 99
44 114
44 123
44 132
44 172
44 174
44 209
44 219
44 236
44 249
44 250
44 254
87 7
87 11
87 95
87 249
87 257
100 1
100 4
100 21
100 25
100 41
100 46
100 56
100 59
100 64
100 74
100 78
100 89
100 98
100 117
100 122
100 136
100 137
100 139
100 169
100 184
100 185
100 187
100 204
100 208
100 221
100 223
100 229
100 232
100 234
100 235
100 239
100 245
100 256
123 8
123 10
123 11
123 12
123 17
123 22
123 26
123 53
123 70
123 73
123 83
123 95
123 97
123 102
123 103
123 106
123 113
123 117
123 129
123 145
123 151
123 153
123 163
123 168
123 173
123 175
123 192
123 197
123 199
123 209
123 214
123 217
123 244
123 245
123 247
123 249
123 250
123 253
123 259
123 260
153 8
153 11
153 37
153 53
153 70
153 73
153 95
153 113
153 115
153 120
153 134
153 145
153 151
153 158
153 163
153 168
153 173
153 184
153 194
153 200
153 214
153 221
153 225
153 232
153 244
153 248
153 254
153 259
171 15
171 16
171 22
171 50
171 52
171 56
171 66
171 77
171 86
171 89
171 93
171 107
171 108
171 112
171 117
171 122
171 126
171 131
171 143
171 147
171 159
171 185
171 187
171 197
171 210
171 232
171 234
171 242
171 243
173 8
173 11
173 37
173 40
173 53
173 95
173 110
173 126
173 134
173 145
173 158
173 160
173 168
173 177
173 190
173 200
173 212
173 214
173 225
173 244
173 247
173 248
173 254
173 259
175 99
175 10
175 83
175 135
175 142
175 144
175 172
175 177
175 184
175 212
175 236
177 72
177 80
177 11
177 30
177 55
177 69
177 83
177 94
177 98
177 135
177 146
177 158
177 160
177 172
177 190
177 200
177 208
177 212
177 218
177 249
177 254
231 9
231 17
231 19
231 31
231 54
231 67
231 79
231 81
231 91
231 96
231 104
231 106
231 133
231 150
231 165
231 196
231 198
231 205
231 211
231 258
249 72
249 114
249 17
249 26
249 28
249 29
249 30
249 34
249 37
249 84
249 132
249 135
249 144
249 151
249 155
249 161
249 174
249 209
249 212
249 218
249 236
249 241
249 251
249 255
251 72
251 244
251 8
251 11
251 12
251 37
251 53
251 73
251 95
251 97
251 124
251 129
251 134
251 146
251 158
251 160
251 163
251 168
251 184
251 200
251 209
251 214
251 221
251 247
251 248
251 254
5 80
5 26
5 193
5 10
5 13
5 30
5 60
5 83
5 84
5 85
5 102
5 113
5 115
5 132
5 148
5 161
5 188
5 200
5 209
5 217
5 241
12 72
12 114
12 190
12 61
12 189
12 11
12 85
12 115
12 129
12 135
12 158
12 172
12 174
12 214
20 1
20 6
20 14
20 21
20 26
20 52
20 59
20 66
20 101
20 107
20 152
20 183
20 193
20 201
20 238
28 52
28 135
28 144
28 172
28 218
28 236
43 102
43 129
43 236
43 257
80 98
80 135
80 158
80 174
80 212
99 72
99 37
99 85
99 102
99 135
99 158
99 174
99 182
99 190
99 236
99 254
121 1
121 6
121 15
121 21
121 41
121 48
121 59
121 62
121 71
121 17
121 131
121 147
121 184
121 193
121 206
121 230
121 232
121 234
121 238
121 242
121 259
158 72
158 114
158 244
158 213
158 36
158 90
158 98
158 219
158 233
158 10
158 11
158 29
158 40
158 53
158 55
158 93
158 95
158 97
158 102
158 111
158 115
158 120
158 124
158 129
158 135
158 144
158 145
158 146
158 151
158 160
158 163
158 168
158 184
158 192
158 199
158 200
158 207
158 208
158 214
158 215
158 217
158 225
158 247
158 250
190 72
190 114
190 11
190 40
190 55
190 83
190 102
190 135
190 144
190 160
190 172
190 174
190 236
190 244
190 259
212 72
212 172
212 192
212 7
212 60
212 218
212 248
212 250
259 244
259 131
259 37
259 39
259 40
259 53
259 73
259 95
259 120
259 124
259 134
259 145
259 151
259 168
259 184
259 207
259 225
259 247
259 248
259 258
8 244
8 6
8 206
8 23
8 37
8 221
8 234
8 161
8 200
8 11
8 53
8 73
8 95
8 124
8 129
8 134
8 184
8 199
8 207
8 214
8 247
8 248
8 254
59 72
59 1
59 6
59 14
59 15
59 16
59 21
59 25
59 41
59 48
59 62
59 64
59 101
59 131
59 152
59 154
59 193
59 201
59 204
59 246
59 256
73 244
73 26
73 101
73 37
73 105
73 136
73 221
73 234
73 132
73 200
73 7
73 11
73 95
73 97
73 106
73 124
73 134
73 145
73 146
73 160
73 163
73 168
73 194
73 199
73 207
73 214
73 225
73 247
135 72
135 114
135 37
135 83
135 209
135 254
135 198
135 236
135 218
172 72
172 66
172 132
172 138
172 144
172 255
199 213
199 250
199 161
199 200
199 209
199 134
199 225
199 53
199 95
199 124
199 168
199 194
199 86
199 151
199 160
199 207
199 248
36 213
36 23
36 33
36 35
36 40
36 49
36 54
36 56
36 61
36 69
36 90
36 98
36 102
36 105
36 110
36 125
36 133
36 150
36 159
36 162
36 170
36 176
36 178
36 180
36 181
36 189
36 192
36 196
36 205
36 222
36 224
36 226
36 227
36 228
36 233
36 237
36 238
36 240
36 252
36 257
37 244
37 26
37 89
37 230
37 7
37 11
37 19
37 53
37 55
37 70
37 78
37 91
37 95
37 97
37 102
37 104
37 106
37 110
37 120
37 124
37 129
37 130
37 132
37 146
37 151
37 160
37 168
37 194
37 200
37 209
37 225
37 236
37 247
37 253
40 63
40 237
40 130
40 30
40 83
40 102
40 184
40 134
40 11
40 53
40 124
40 145
40 168
40 19
40 120
40 142
40 146
40 165
52 179
52 4
52 50
52 56
52 64
52 78
52 102
52 117
52 119
52 122
52 126
52 128
52 136
52 137
52 139
52 159
52 169
52 185
52 211
52 221
52 223
52 242
52 245
52 246
85 72
85 26
85 131
85 221
85 246
85 30
85 34
85 19
85 102
85 132
85 150
85 155
85 161
85 174
85 181
85 215
85 217
85 225
85 253
95 41
95 49
95 180
95 34
95 200
95 209
95 184
95 134
95 53
95 70
95 120
95 129
95 145
95 146
95 214
95 247
95 254
96 72
96 213
96 2
96 35
96 42
96 49
96 61
96 63
96 69
96 90
96 7
96 9
96 19
96 65
96 81
96 91
96 98
96 113
96 157
96 162
96 167
96 170
96 176
96 178
96 180
96 189
96 191
96 216
96 222
96 225
96 226
96 227
96 240
96 252
96 257
98 152
98 213
98 23
98 35
98 42
98 49
98 69
98 90
98 7
98 11
98 34
98 57
98 58
98 105
98 148
98 149
98 159
98 162
98 167
98 178
98 180
98 181
98 189
98 195
98 202
98 216
98 219
98 226
98 227
98 228
98 237
98 252
98 257
114 72
114 10
114 11
114 115
114 144
114 165
114 218
129 184
129 134
129 11
134 161
134 200
134 184
134 256
134 7
134 11
134 53
134 70
134 97
134 124
134 151
134 168
134 225
134 247
144 72
144 233
144 236
160 23
160 30
160 83
160 102
160 184
160 53
160 207
160 247
160 254
160 120
160 55
174 250
184 6
184 14
184 26
184 189
184 245
184 13
184 34
184 148
184 209
184 11
184 53
184 92
184 97
184 120
184 142
184 145
184 163
184 225
184 247
184 248
184 254
194 244
194 21
194 101
194 193
194 176
194 221
194 200
194 225
194 53
194 124
194 145
194 120
194 146
194 151
194 214
194 247
194 254
200 72
200 244
200 26
200 105
200 78
200 221
200 234
200 9
200 11
200 55
200 75
200 120
200 124
200 146
200 168
200 225
200 247
200 248
200 254
209 72
209 14
209 26
209 250
209 10
209 13
209 29
209 30
209 34
209 82
209 102
209 148
209 155
209 188
209 11
209 97
209 145
209 236
209 241
209 253
209 255
209 260
216 23
216 35
216 42
216 61
216 63
216 69
216 90
216 105
216 170
216 178
216 180
216 219
216 227
216 228
216 240
216 252
216 115
216 7
216 191
216 65
216 94
216 222
216 257
218 72
218 228
218 84
225 14
225 179
225 63
225 237
225 136
225 232
225 258
225 7
225 11
225 19
225 22
225 53
225 70
225 104
225 106
225 214
225 254
225 257
229 16
229 179
229 204
229 226
229 4
229 24
229 78
229 117
229 126
229 137
229 139
229 185
229 187
229 203
229 208
229 221
229 223
229 45
229 102
229 118
229 122
229 127
229 242
229 246
102 244
102 14
102 26
102 213
102 233
102 64
102 126
102 208
102 221
102 250
102 10
102 13
102 29
102 30
102 34
102 84
102 7
102 19
102 31
102 53
102 55
102 115
102 132
102 142
102 146
102 148
102 159
102 161
102 163
102 188
102 207
102 217
102 254
102 255
102 260
167 213
167 35
167 90
167 105
167 219
167 233
167 235
167 192
167 136
167 149
167 222
167 9
167 51
167 58
167 81
167 88
167 92
167 94
167 109
167 125
167 150
167 156
167 68
167 75
167 76
167 103
167 164
167 165
167 181
167 182
167 198
167 211
213 1
213 14
213 16
213 48
213 152
213 2
213 7
213 39
213 49
213 58
213 61
213 69
213 75
213 77
213 90
213 105
213 111
213 148
213 155
213 156
213 159
213 162
213 170
213 180
213 189
213 191
213 202
213 219
213 222
213 226
213 227
213 228
213 233
213 237
213 240
213 252
213 257
110 6
110 14
110 180
110 228
110 237
110 60
110 113
110 255
110 19
110 50
110 58
110 81
110 91
110 106
110 116
110 138
110 165
110 181
110 205
110 220
110 224
110 258
236 10
236 29
236 97
236 145
248 131
248 29
248 115
248 258
248 11
248 53
248 124
248 163
248 168
248 207
248 247
248 31
248 55
248 120
248 146
248 151
248 254
29 226
29 250
29 10
29 13
29 17
29 31
29 34
29 82
29 83
29 84
29 115
29 124
29 132
29 148
29 150
29 155
29 157
29 161
29 188
29 217
29 255
29 260
132 72
132 26
132 197
132 250
132 13
132 30
132 83
132 115
132 155
132 188
132 217
132 253
132 254
132 260
219 42
219 49
219 61
219 63
219 69
219 90
219 105
219 170
219 178
219 189
219 195
219 202
219 7
219 65
219 181
219 191
219 222
219 226
219 227
219 228
219 237
219 252
219 257
250 16
250 4
250 221
250 10
250 30
250 31
250 34
250 83
250 84
250 115
250 124
250 148
250 155
250 157
250 188
250 217
250 241
250 254
250 255
250 260
254 244
254 11
254 124
254 168
254 207
254 214
254 247
254 17
254 120
72 7
72 26
72 63
72 67
72 69
72 81
72 86
72 104
72 115
72 116
72 125
72 148
72 161
72 214
72 215
72 226
7 26
7 33
7 42
7 61
7 63
7 69
7 90
7 162
7 189
7 202
7 227
7 228
7 237
7 240
7 64
7 260
7 149
7 166
7 191
7 222
26 1
26 6
26 25
26 4
26 10
26 13
26 58
26 83
26 92
26 108
26 117
26 125
26 155
26 159
26 161
26 180
26 188
26 217
26 238
26 253
26 255
26 260
63 21
63 131
63 23
63 33
63 42
63 49
63 61
63 65
63 81
63 90
63 105
63 115
63 124
63 162
63 166
63 169
63 170
63 176
63 178
63 180
63 191
63 192
63 195
63 222
63 226
63 227
63 235
63 237
63 240
63 247
67 117
67 113
67 258
67 19
67 106
67 17
67 31
67 91
69 2
69 23
69 49
69 61
69 106
69 162
69 180
69 189
69 191
69 202
69 226
69 240
69 252
69 257
81 235
81 113
81 258
81 9
81 19
81 54
81 104
81 122
86 15
86 16
86 201
86 117
86 234
86 159
86 50
86 210
86 22
86 108
86 112
86 116
86 140
86 147
86 243
104 228
104 113
104 53
104 9
104 31
104 91
104 198
104 224
115 41
115 23
115 189
115 237
115 240
115 192
115 221
115 234
115 34
115 82
115 83
115 11
115 124
115 146
115 156
115 159
115 161
115 188
115 207
115 211
115 217
115 241
115 260
116 16
116 143
116 192
116 39
116 74
116 117
116 136
116 109
116 156
116 215
116 159
116 220
116 22
116 140
116 238
125 89
125 33
125 90
125 176
125 233
125 235
125 192
125 136
125 234
125 149
125 9
125 58
125 92
125 118
125 22
125 57
125 103
125 156
125 164
125 181
125 198
125 215
125 220
125 238
148 202
148 161
148 188
148 217
148 241
148 253
148 255
161 226
161 13
161 30
161 34
161 60
161 82
161 155
161 53
161 188
161 217
161 253
161 255
214 244
214 11
214 53
214 124
214 145
214 163
214 168
214 151
214 247
215 176
215 235
215 252
215 9
215 51
215 88
215 118
215 150
215 156
215 196
215 57
215 75
215 76
215 103
215 182
215 220
215 238
226 2
226 23
226 35
226 42
226 49
226 61
226 90
226 170
226 189
226 195
226 92
226 120
226 166
226 191
226 222
226 227
226 237
226 240
226 252
11 189
11 228
11 155
11 53
11 70
11 120
11 124
11 145
11 159
11 163
11 168
257 33
257 42
257 49
257 61
257 90
257 162
257 178
257 189
257 195
257 227
257 237
257 157
257 191
257 91
257 94
257 106
182 176
182 233
182 235
182 192
182 149
182 157
182 51
182 58
182 94
182 111
182 118
182 150
182 196
182 198
182 75
182 76
182 164
182 186
1 6
1 14
1 15
1 21
1 25
1 41
1 66
1 71
1 89
1 101
1 107
1 131
1 143
1 152
1 154
1 179
1 183
1 193
1 204
1 206
1 230
4 25
4 179
4 24
4 39
4 46
4 64
4 74
4 78
4 117
4 119
4 128
4 130
4 136
4 185
4 187
4 197
4 203
4 208
4 221
4 223
4 234
4 242
4 245
4 246
21 6
21 14
21 41
21 71
21 101
21 119
21 159
21 183
21 193
21 204
21 230
21 234
21 242
21 256
25 6
25 14
25 15
25 16
25 23
25 45
25 56
25 62
25 74
25 78
25 89
25 101
25 112
25 117
25 119
25 122
25 126
25 127
25 130
25 131
25 136
25 137
25 139
25 143
25 169
25 179
25 185
25 197
25 203
25 204
25 223
25 239
25 241
25 245
25 246
41 14
41 48
41 62
41 66
41 101
41 130
41 152
41 193
41 203
41 207
41 208
41 221
41 230
41 232
41 239
41 246
41 256
46 56
46 60
46 122
46 139
46 185
46 197
46 221
46 234
56 179
56 105
56 24
56 64
56 74
56 78
56 122
56 126
56 127
56 128
56 130
56 136
56 137
56 139
56 169
56 185
56 197
56 210
56 223
56 234
56 239
64 89
64 24
64 74
64 77
64 117
64 119
64 126
64 127
64 136
64 139
64 169
64 197
64 203
64 207
64 221
64 223
64 234
64 239
64 242
64 243
64 245
64 246
74 131
74 179
74 105
74 24
74 45
74 126
74 127
74 136
74 139
74 169
74 185
74 197
74 208
74 221
74 223
74 234
74 245
78 33
78 119
78 126
78 128
78 130
78 139
78 147
78 159
78 187
78 197
78 203
78 207
78 208
78 211
78 221
78 223
78 239
78 242
78 245
78 246
78 258
89 6
89 15
89 16
89 48
89 39
89 47
89 77
89 101
89 108
89 112
89 113
89 119
89 131
89 139
89 140
89 152
89 159
89 193
89 207
89 210
89 221
89 233
89 243
89 246
117 237
117 252
117 24
117 45
117 106
117 119
117 127
117 130
117 136
117 137
117 139
117 140
117 169
117 185
117 187
117 203
117 207
117 208
117 210
117 221
117 232
117 238
117 242
117 245
117 246
122 101
122 107
122 119
122 126
122 128
122 137
122 169
122 187
122 221
122 234
122 242
122 245
122 45
136 6
136 14
136 154
136 179
136 47
136 195
136 240
136 192
136 24
136 39
136 119
136 22
136 77
136 127
136 137
136 159
136 185
136 187
136 191
136 220
136 221
136 223
136 234
136 239
136 242
136 247
136 256
137 16
137 179
137 193
137 230
137 24
137 126
137 139
137 185
137 187
137 203
137 239
137 242
137 245
139 179
139 24
139 119
139 130
139 50
139 185
139 187
139 197
139 208
139 221
139 223
139 234
139 242
139 245
139 246
169 179
169 24
169 126
169 128
169 45
169 185
169 197
169 221
169 223
169 242
169 245
169 246
185 6
185 16
185 179
185 24
185 119
185 126
185 45
185 127
185 197
185 211
185 221
185 223
185 234
185 242
185 243
185 246
187 179
187 24
187 119
187 45
187 197
187 208
187 223
187 234
187 239
187 245
187 246
187 256
204 6
204 15
204 16
204 48
204 62
204 71
204 101
204 131
204 152
204 183
204 193
204 201
204 112
204 221
204 256
208 179
208 119
208 128
208 130
208 197
208 203
208 221
208 234
208 239
208 242
208 245
208 246
221 154
221 201
221 24
221 119
221 128
221 203
221 10
221 45
221 57
221 77
221 127
221 147
221 155
221 156
221 159
221 168
221 211
221 217
221 223
221 234
221 239
221 242
221 245
221 247
221 256
223 24
223 119
223 126
223 128
223 197
223 239
223 242
223 245
232 15
232 16
232 66
232 71
232 101
232 131
232 143
232 39
232 203
232 22
232 50
232 51
232 77
232 93
232 111
232 112
232 140
232 147
232 159
232 198
232 211
232 234
232 242
232 243
232 245
234 6
234 14
234 15
234 131
234 152
234 201
234 24
234 126
234 128
234 130
234 197
234 203
234 10
234 17
234 53
234 77
234 127
234 156
234 165
234 168
234 242
234 245
235 6
235 2
235 176
235 202
235 227
235 228
235 233
235 58
235 75
235 91
235 92
235 94
235 111
235 118
235 149
235 150
235 156
235 157
235 196
235 198
235 211
235 220
235 238
239 14
239 179
239 24
239 130
239 197
239 203
239 127
239 242
239 245
239 246
245 14
245 228
245 24
245 119
245 128
245 197
245 242
245 50
245 53
245 106
245 210
245 246
256 6
256 48
256 62
256 66
256 152
256 154
256 201
256 130
256 197
256 140
10 13
10 30
10 83
10 113
10 145
10 155
10 188
10 207
10 217
10 255
10 260
165 152
165 258
165 149
165 106
165 50
165 91
165 133
165 205
165 224
165 54
165 211
17 15
17 113
17 155
17 106
17 198
17 75
17 31
17 79
17 91
17 103
17 133
17 142
17 205
17 224
22 16
22 143
22 183
22 192
22 39
22 109
22 159
22 220
22 147
22 243
53 244
53 252
53 130
53 19
53 120
53 146
53 151
53 163
53 164
53 168
53 181
53 247
70 247
83 13
83 30
83 34
83 55
83 84
83 124
83 142
83 156
83 188
83 207
83 217
83 241
83 253
97 252
97 255
103 176
103 228
103 233
103 192
103 113
103 149
103 157
103 51
103 58
103 88
103 92
103 94
103 109
103 111
103 156
103 181
103 196
103 198
103 75
103 68
103 76
103 238
106 170
106 39
106 258
106 207
106 9
106 19
106 31
106 79
106 91
106 205
106 224
113 19
113 31
113 54
113 138
113 150
113 155
145 24
145 155
145 255
145 120
145 151
145 168
145 207
145 247
151 244
151 206
151 13
151 124
151 92
151 45
151 146
163 244
163 124
163 168
168 244
168 48
168 90
168 105
168 252
168 130
168 124
168 146
168 247
192 90
192 176
192 195
192 202
192 233
192 9
192 39
192 51
192 57
192 58
192 68
192 75
192 76
192 91
192 94
192 109
192 111
192 118
192 149
192 157
192 164
192 181
192 186
192 198
192 211
192 220
192 238
197 71
197 131
197 152
197 179
197 24
197 39
197 126
197 128
197 130
197 45
197 127
197 147
197 188
197 242
197 246
217 13
217 30
217 34
217 82
217 155
217 188
217 58
217 241
217 255
217 260
244 84
244 124
244 146
244 207
244 227
244 247
247 143
247 189
247 93
247 124
253 30
253 34
253 155
260 13
260 30
260 34
260 155
260 188
260 241
120 124
120 55
15 6
15 16
15 47
15 48
15 62
15 66
15 77
15 93
15 101
15 108
15 131
15 143
15 147
15 154
15 157
15 210
15 230
15 242
16 6
16 39
16 47
16 48
16 50
16 71
16 77
16 93
16 112
16 143
16 147
16 159
16 179
16 210
16 243
50 131
50 47
50 24
50 39
50 242
50 140
50 147
66 6
66 14
66 48
66 62
66 24
66 101
66 108
66 118
66 131
66 152
66 201
66 206
66 210
77 131
77 152
77 201
77 47
77 39
77 246
77 93
77 159
77 210
77 112
77 140
77 243
93 14
93 143
93 47
93 39
93 243
107 6
107 14
107 71
107 152
107 159
107 203
107 206
108 131
108 143
108 47
108 159
108 210
112 131
112 39
112 159
112 210
112 147
126 179
126 119
126 45
126 79
126 128
126 130
126 203
126 242
131 6
131 14
131 48
131 24
131 39
131 47
131 143
131 147
131 159
143 6
143 14
143 48
143 39
143 47
143 140
143 147
143 159
143 210
147 39
147 130
147 159
147 140
159 152
159 201
159 47
159 180
159 228
159 240
159 39
159 246
159 255
159 109
159 140
159 210
210 14
210 47
210 228
210 243
242 154
242 179
242 105
242 24
242 119
242 128
242 45
242 127
242 140
242 246
243 39
142 30
142 91
142 224
30 13
30 34
30 55
30 84
30 155
30 188
30 241
55 34
55 207
55 156
55 146
94 61
94 176
94 180
94 149
94 157
94 9
94 51
94 58
94 92
94 68
94 75
94 111
94 150
94 164
94 181
94 186
94 196
94 198
94 211
94 220
94 238
146 124
9 176
9 252
9 157
9 166
9 19
9 58
9 88
9 111
9 118
9 150
9 196
9 198
19 179
19 193
19 258
19 31
19 54
19 57
19 79
19 91
19 205
31 79
31 91
54 258
54 133
54 138
79 258
79 205
91 90
91 228
91 258
91 157
91 150
91 68
91 205
133 222
133 138
150 48
150 90
150 178
150 228
150 233
150 149
150 157
150 166
150 51
150 58
150 88
150 109
150 118
150 68
150 75
150 76
150 156
150 181
150 196
150 198
150 238
196 42
196 90
196 176
196 149
196 157
196 92
196 109
196 111
196 181
196 68
196 75
196 76
196 186
196 198
196 211
196 220
198 35
198 176
198 228
198 252
198 166
198 58
198 88
198 92
198 111
198 118
198 156
198 68
198 75
198 164
198 186
198 211
198 238
205 35
205 258
205 157
211 201
211 176
211 233
211 149
211 157
211 58
211 92
211 109
211 118
211 156
211 181
211 220
211 186
258 138
258 224
258 238
84 13
84 34
84 155
84 188
84 241
227 2
227 23
227 42
227 49
227 162
227 178
227 180
227 189
227 195
227 202
227 65
227 191
227 222
227 240
34 240
34 82
34 241
155 13
155 82
155 188
155 241
241 13
241 255
255 252
255 188
255 191
6 14
6 48
6 101
6 152
6 154
6 179
6 183
6 193
6 206
14 2
14 39
14 48
14 71
14 101
14 127
14 152
14 181
14 201
14 206
14 222
14 230
71 62
71 101
71 152
71 193
71 206
71 230
101 48
101 62
101 39
101 47
101 119
101 152
101 183
101 193
101 201
101 206
101 230
152 111
152 201
154 128
154 179
154 183
154 201
179 24
179 130
179 203
183 193
183 201
183 230
193 47
193 201
193 206
193 230
206 140
230 48
230 62
230 47
230 130
230 140
48 47
48 62
2 35
2 42
2 47
2 105
2 162
2 170
2 176
2 189
2 195
2 233
2 237
2 240
2 252
39 47
39 189
39 92
39 119
39 246
127 119
127 128
127 246
127 45
181 33
181 90
181 176
181 202
181 233
181 149
181 157
181 191
181 92
181 109
181 111
181 118
181 76
181 186
201 141
222 33
222 42
222 49
222 61
222 90
222 162
222 170
222 180
222 195
222 228
222 240
222 188
222 166
222 191
157 170
157 149
157 51
157 58
157 68
157 75
157 92
157 109
157 111
157 118
157 156
157 186
157 220
157 238
238 176
238 202
238 228
238 149
238 51
238 58
238 109
238 118
238 156
238 220
238 57
238 164
119 130
119 246
23 42
23 49
23 61
23 65
23 90
23 105
23 166
23 170
23 180
23 191
23 195
23 228
23 240
23 252
45 24
45 128
130 203
130 246
203 252
203 140
203 191
203 246
246 24
13 60
13 82
13 188
58 90
58 176
58 149
58 57
58 75
58 109
58 111
58 118
58 156
58 164
58 220
92 228
92 149
92 109
92 111
92 118
92 156
92 164
92 220
180 33
180 42
180 49
180 61
180 90
180 162
180 170
180 65
180 166
180 189
180 191
180 195
180 202
180 224
180 240
188 82
118 33
118 90
118 176
118 149
118 166
118 88
118 68
118 76
118 156
118 164
233 90
233 176
233 202
233 51
233 75
233 109
233 111
111 90
111 202
111 149
111 51
111 109
111 68
111 76
111 156
111 164
49 42
49 162
49 166
49 170
49 191
49 195
49 202
49 228
49 237
49 252
61 33
61 42
61 90
61 105
61 162
61 170
61 178
61 189
61 191
61 202
61 228
61 237
61 252
75 33
75 90
75 176
75 149
75 51
75 109
75 156
75 186
90 33
90 35
90 42
90 82
90 105
90 162
90 166
90 176
90 178
90 202
90 228
90 237
90 240
90 252
105 35
105 42
105 178
105 189
105 202
105 240
156 202
156 149
156 109
156 57
156 164
156 186
156 220
162 35
162 42
162 191
162 195
162 228
162 237
162 252
170 33
170 42
170 166
170 178
170 189
170 202
170 237
170 252
189 35
189 42
189 65
189 166
189 191
189 195
189 202
189 228
189 237
189 240
189 252
191 33
191 202
191 228
191 237
191 240
191 166
191 65
202 35
202 42
202 176
202 178
202 149
202 166
202 228
202 237
202 252
228 35
228 42
228 195
228 51
228 57
228 65
228 166
228 224
228 237
228 240
228 252
237 33
237 35
237 42
237 178
237 195
237 65
237 166
240 33
240 35
240 42
240 195
240 166
252 33
252 35
252 42
252 176
252 178
252 65
35 33
35 65
42 65
42 176
176 33
176 51
176 57
176 68
176 88
176 220
65 33
166 88
82 60
57 51
57 109
57 220
149 76
149 88
149 164
149 220
51 220
88 76
88 186
220 109
220 164
76 186
