32
26
151
62
442
593
529
593
646
5
45
22
27
96
5
81
274
35
75
75
32
625
214
32
117
116
77
231
37
447
32
279
551
481
5
65
221
62
593
388
134
442
305
625
268
468
455
221
250
35
185
331
221
503
32
112
300
454
478
272
66
709
49
22
137
550
68
89
116
133
388
59
98
122
7
262
240
148
260
454
90
481
62
499
505
65
240
4
667
604
491
442
445
389
344
81
59
455
74
62
27
551
62
81
483
51
246
535
231
62
223
66
308
32
331
255
344
235
554
441
605
148
27
122
369
4
328
137
447
97
66
328
262
278
151
388
582
709
116
210
605
75
272
27
81
604
547
136
188
308
390
224
74
344
221
675
143
96
524
354
47
70
513
552
46
344
22
328
98
564
133
210
55
130
81
62
324
268
623
447
670
97
81
151
18
505
606
265
328
602
210
388
249
392
524
566
10
331
62
109
26
81
126
623
268
502
625
512
344
82
65
133
625
210
543
27
344
177
392
77
26
81
6
455
96
210
384
308
442
504
210
116
55
22
324
103
32
384
369
137
27
137
221
26
278
53
55
66
442
625
250
74
49
551
137
45
137
442
478
165
709
447
49
551
623
53
211
246
289
46
605
444
240
622
210
19
116
151
535
116
62
223
75
139
172
240
240
231
116
49
82
455
130
45
279
442
126
502
238
27
116
466
466
116
444
22
97
535
582
593
37
512
133
49
80
27
455
49
492
246
265
444
137
107
268
90
4
20
515
96
37
492
444
10
27
74
38
26
513
74
20
148
502
260
260
75
10
548
62
143
22
32
96
107
331
328
