305
375
201
644
289
237
145
247
31
158
199
527
50
147
21
160
71
148
10
9
204
298
288
181
311
248
378
228
361
206
212
61
351
152
528
191
23
98
372
30
38
156
213
194
183
133
602
513
189
103
107
137
161
398
229
164
249
209
28
258
197
157
650
200
239
308
495
170
112
227
121
231
108
226
159
348
322
168
97
27
222
195
182
211
146
315
138
12
250
51
169
240
225
307
162
235
208
347
185
134
230
399
202
22
272
426
155
190
11
36
4
205
439
186
79
293
143
358
357
136
46
601
207
90
72
217
101
198
192
187
407
173
487
111
405
80
651
648
406
438
324
267
