167
812
946
183
96
220
37
115
637
864
960
769
851
28
145
918
754
405
81
895
540
104
322
255
765
267
676
68
739
670
454
8
716
564
907
184
34
320
509
199
932
867
396
188
578
134
719
982
699
214
62
196
632
280
210
643
250
102
323
127
88
605
965
659
15
981
521
248
206
713
148
44
313
289
136
303
368
556
19
227
52
763
842
251
161
514
170
25
539
857
284
853
496
1003
375
13
770
216
116
392
414
589
808
174
159
580
872
154
697
82
299
753
189
841
192
84
361
265
912
42
898
30
122
681
582
99
263
877
524
142
961
111
614
665
90
686
482
182
986
334
616
35
281
308
429
83
74
110
95
65
800
258
602
112
100
7
364
17
455
164
515
430
640
9
459
244
253
262
474
66
163
191
185
132
150
677
692
679
204
21
342
784
415
344
229
3
558
910
24
395
370
26
231
386
139
94
155
968
786
331
158
639
382
648
457
61
636
684
337
76
49
779
795
22
285
464
129
890
425
939
329
358
270
85
678
435
2
460
235
641
219
292
57
494
547
33
987
603
175
38
349
98
152
75
332
756
601
205
767
481
268
4
178
310
226
908
902
687
650
693
735
60
447
105
792
419
445
680
550
962
283
354
279
272
529
775
173
594
133
522
565
314
980
335
311
506
348
319
448
305
106
151
617
438
357
742
181
591
963
826
484
86
36
240
16
156
428
97
929
741
621
271
443
663
301
725
266
785
259
228
586
543
77
723
64
465
137
171
483
273
107
345
330
120
91
169
32
54
478
296
46
887
406
128
328
654
642
984
695
302
377
698
572
740
160
413
566
660
450
951
854
172
909
237
201
59
816
202
819
476
924
664
777
118
362
316
186
144
622
759
774
916
321
56
63
378
891
449
834
456
338
711
811
434
135
339
964
489
789
53
771
47
831
954
633
534
197
788
45
575
426
92
571
381
200
538
275
138
696
835
983
475
947
23
437
747
412
286
168
312
114
504
117
387
518
653
366
384
367
523
39
241
157
309
208
746
593
721
130
876
43
48
363
365
317
93
125
400
193
325
166
531
213
12
821
542
527
131
29
595
304
883
418
979
897
745
778
882
691
326
179
836
421
584
27
121
424
374
67
871
162
256
11
153
651
799
549
6
209
579
439
80
