32
104
94
222
104
73
119
204
149
211
8
148
290
65
51
307
347
340
144
96
222
267
72
359
32
97
302
154
127
205
127
268
209
362
228
117
97
31
122
360
32
340
270
204
245
42
168
321
193
115
359
127
158
9
158
209
21
23
8
74
182
68
240
104
250
144
36
54
259
194
369
166
104
105
118
40
268
8
97
40
69
255
158
99
232
242
127
232
339
40
347
269
71
52
182
209
349
292
75
115
369
377
159
14
67
42
158
204
182
121
320
265
377
265
79
144
122
277
259
319
289
42
159
148
92
363
154
222
208
259
50
94
21
20
247
217
319
228
266
47
217
32
23
259
377
158
319
359
42
181
80
159
219
328
293
29
206
65
182
209
222
55
307
290
154
127
53
97
259
158
97
306
32
206
340
284
108
70
49
213
349
259
154
66
42
217
158
169
22
