0 29
0 35
0 36
0 39
0 42
0 49
0 70
0 113
0 120
0 121
0 144
0 149
0 151
0 158
29 21
29 25
29 36
29 38
29 39
29 47
29 48
29 54
29 79
29 84
29 88
29 89
29 97
29 113
29 114
29 117
29 149
29 150
29 152
29 156
35 1
35 2
35 7
35 19
35 36
35 38
35 53
35 58
35 76
35 82
35 85
35 89
35 92
35 102
35 108
35 119
35 121
35 137
35 138
35 151
35 155
35 161
36 6
36 21
36 38
36 39
36 48
36 62
36 66
36 88
36 113
36 114
36 117
36 121
36 131
36 138
36 149
36 156
36 158
39 2
39 6
39 21
39 25
39 48
39 54
39 63
39 66
39 70
39 79
39 97
39 114
39 131
39 149
39 150
39 156
42 19
42 43
42 60
42 65
42 76
42 80
42 85
42 89
42 95
42 102
42 108
42 119
42 126
42 131
42 148
42 151
42 155
42 156
49 10
49 25
49 38
49 66
49 88
49 95
49 114
49 131
49 144
49 152
49 158
70 6
70 21
70 38
70 44
70 79
70 88
70 95
70 113
70 152
70 156
70 158
113 21
113 25
113 38
113 62
113 66
113 67
113 87
113 95
113 97
113 114
113 119
113 129
113 133
113 135
113 158
120 24
120 58
120 63
120 121
120 139
120 151
120 162
121 1
121 24
121 25
121 30
121 32
121 37
121 55
121 63
121 73
121 77
121 80
121 81
121 82
121 88
121 89
121 95
121 107
121 108
121 111
121 114
121 122
121 134
121 137
121 139
121 148
121 151
121 159
121 162
144 21
144 25
144 38
144 48
144 62
144 89
144 97
144 131
149 6
149 10
149 21
149 38
149 44
149 48
149 54
149 57
149 61
149 66
149 79
149 88
149 117
149 124
149 153
149 158
151 15
151 19
151 58
151 60
151 61
151 77
151 89
151 91
151 108
151 126
151 137
151 152
151 155
158 79
158 117
158 131
158 152
21 92
21 88
21 25
21 97
21 38
21 48
21 131
25 4
25 41
25 88
25 89
25 38
25 66
25 79
25 131
25 133
25 145
25 156
25 162
38 43
38 92
38 88
38 89
38 118
38 156
38 6
38 97
38 99
38 48
38 61
38 66
38 87
38 114
38 124
38 131
38 133
38 155
47 32
47 127
47 141
47 12
47 18
47 22
47 26
47 27
47 44
47 33
47 50
47 54
47 57
47 67
47 84
47 99
47 106
47 136
47 150
47 153
48 88
48 54
48 150
48 62
48 84
48 114
48 124
48 131
48 133
48 152
48 153
48 157
48 160
54 32
54 88
54 5
54 9
54 12
54 26
54 44
54 61
54 79
54 90
54 94
54 99
54 110
54 124
54 125
54 136
54 143
79 88
79 89
79 156
79 61
79 57
79 76
79 114
79 117
79 124
79 153
84 14
84 30
84 74
84 135
84 104
84 141
84 6
84 18
84 50
84 67
84 123
84 125
84 150
84 16
84 23
84 33
84 46
84 57
84 68
84 105
84 106
84 153
88 2
88 4
88 61
88 62
88 76
88 97
88 109
88 114
88 117
88 124
88 131
88 156
89 2
89 6
89 7
89 23
89 60
89 61
89 76
89 77
89 80
89 85
89 95
89 102
89 110
89 111
89 119
89 126
89 134
89 137
89 138
89 146
89 155
97 5
97 156
97 87
97 95
97 114
97 117
97 131
114 6
114 87
114 131
117 27
117 131
150 32
150 141
150 5
150 9
150 18
150 26
150 50
150 123
150 125
150 10
150 33
150 46
150 51
150 57
150 68
150 105
150 124
150 153
150 160
152 135
152 34
152 8
152 6
152 123
152 125
152 62
152 131
152 133
156 15
156 130
156 148
156 16
156 23
156 27
156 61
156 62
156 87
156 131
1 13
1 15
1 28
1 30
1 69
1 71
1 74
1 78
1 86
1 107
1 135
1 159
2 3
2 4
2 11
2 14
2 30
2 32
2 34
2 41
2 45
2 52
2 65
2 82
2 93
2 108
2 118
2 128
2 129
2 130
2 135
2 141
2 146
7 108
7 19
7 23
7 31
7 33
7 60
7 95
7 100
7 119
7 126
7 137
7 155
19 108
19 143
19 61
19 23
19 58
19 60
19 76
19 77
19 85
19 91
19 102
19 119
19 122
19 126
19 155
53 41
53 108
53 143
53 61
53 23
53 58
53 76
53 85
53 91
53 95
53 102
53 138
53 155
58 108
58 136
58 61
58 60
58 76
58 119
58 126
58 138
58 155
76 30
76 43
76 18
76 61
76 23
76 55
76 77
76 85
76 95
76 119
76 137
76 138
76 139
76 155
82 15
82 107
82 135
82 3
82 4
82 11
82 17
82 34
82 41
82 45
82 52
82 5
82 16
82 22
82 31
82 68
82 80
82 104
82 109
82 116
82 119
82 128
82 129
82 141
82 142
82 143
85 30
85 135
85 108
85 136
85 61
85 80
85 83
85 91
85 95
85 102
85 119
92 14
92 15
92 28
92 30
92 71
92 81
92 86
92 4
92 5
92 8
92 12
92 40
92 41
92 59
92 65
92 80
92 95
92 109
92 135
92 142
92 147
92 159
102 11
102 61
102 131
102 23
102 60
102 119
102 126
102 91
102 154
108 159
108 5
108 6
108 50
108 57
108 59
108 61
108 63
108 72
108 91
108 95
108 98
108 106
108 109
108 123
108 126
108 130
108 134
108 137
108 138
108 142
108 143
108 155
119 30
119 135
119 109
119 67
119 143
119 61
119 124
119 60
119 91
119 138
137 30
137 23
137 60
138 61
138 23
138 60
138 95
138 91
138 145
138 157
155 15
155 30
155 135
155 11
155 136
155 61
155 60
155 95
155 126
155 77
155 91
161 13
161 78
161 135
161 159
161 34
161 116
161 115
161 101
161 140
161 31
161 96
6 61
6 62
6 124
6 131
6 133
62 131
62 133
66 131
131 61
131 87
131 133
63 30
63 64
63 74
63 135
63 95
63 77
63 103
63 122
63 24
63 73
63 80
63 134
63 145
43 13
43 15
43 4
43 5
43 11
43 40
43 59
43 69
43 71
43 74
43 86
43 101
43 107
43 109
43 112
43 128
43 130
43 140
43 142
43 159
60 30
60 61
60 23
60 95
60 122
60 157
65 15
65 64
65 71
65 3
65 4
65 11
65 83
65 104
65 118
65 130
65 142
65 146
80 40
80 127
80 50
80 95
80 77
80 162
80 122
80 24
80 55
80 134
80 139
95 74
95 143
95 61
95 24
95 55
95 57
95 73
95 91
95 157
95 162
126 61
148 4
148 5
148 12
148 37
148 55
148 68
148 73
148 77
148 122
148 139
148 143
148 162
10 123
10 125
10 160
10 57
10 106
44 112
44 5
44 9
44 12
44 22
44 27
44 94
44 99
44 105
44 122
44 143
67 32
67 18
67 50
67 33
67 106
67 123
67 125
67 140
67 143
87 81
129 71
129 3
129 4
129 11
129 17
129 40
129 45
129 52
129 93
129 104
129 116
129 118
129 98
129 100
129 115
129 130
129 140
129 142
129 146
135 13
135 14
135 15
135 30
135 69
135 71
135 74
135 81
135 112
135 4
135 11
135 16
135 17
135 20
135 31
135 34
135 40
135 41
135 45
135 52
135 59
135 101
135 109
135 115
135 127
135 128
135 147
135 159
24 77
24 162
24 122
24 37
24 55
24 73
24 134
24 139
139 77
139 162
139 122
139 55
139 73
139 134
162 37
162 72
162 73
162 122
162 134
162 145
30 13
30 14
30 15
30 11
30 16
30 40
30 41
30 45
30 52
30 55
30 64
30 69
30 71
30 74
30 86
30 96
30 101
30 103
30 107
30 109
30 112
30 128
30 146
30 147
30 159
32 13
32 18
32 33
32 46
32 50
32 57
32 68
32 105
32 106
32 124
32 127
32 141
32 143
32 153
32 160
37 77
37 122
37 55
37 73
37 134
55 41
55 146
55 77
55 122
55 134
55 145
73 77
73 122
73 134
77 11
77 104
77 122
77 134
81 13
81 69
81 71
81 74
81 20
81 86
81 91
81 96
81 107
81 109
81 112
81 115
81 147
107 14
107 28
107 71
107 86
107 8
107 112
107 128
107 147
111 157
122 140
122 134
159 14
159 15
159 28
159 64
159 71
159 74
159 59
159 109
57 127
57 141
57 101
57 22
57 27
57 123
57 125
57 124
57 33
57 160
57 51
57 46
57 68
57 105
57 106
57 153
61 15
61 104
61 12
61 27
61 140
61 91
124 127
124 18
124 33
124 51
124 106
153 11
153 127
153 141
153 18
153 50
153 123
153 125
153 143
153 33
153 105
15 13
15 14
15 17
15 28
15 40
15 45
15 46
15 59
15 69
15 71
15 86
15 101
15 103
15 109
15 118
15 125
15 127
15 130
15 140
15 147
91 23
91 154
91 157
13 14
13 28
13 40
13 59
13 69
13 71
13 74
13 109
28 14
28 20
28 40
28 59
28 74
28 109
28 112
69 11
69 31
69 40
69 59
69 71
69 74
69 118
69 147
71 14
71 4
71 8
71 11
71 31
71 40
71 74
71 103
71 104
71 132
71 142
71 147
74 14
74 4
74 45
74 59
74 86
74 112
74 128
74 146
74 147
78 14
78 31
78 34
78 40
78 75
78 96
78 100
78 101
78 115
78 146
86 14
86 40
86 45
86 109
86 112
86 147
3 4
3 11
3 17
3 40
3 52
3 104
3 115
3 118
3 130
3 146
4 5
4 8
4 11
4 17
4 41
4 52
4 98
4 101
4 104
4 109
4 118
4 128
4 130
4 146
11 64
11 8
11 33
11 52
11 59
11 104
11 128
11 130
14 45
14 109
14 118
14 147
34 64
34 17
34 5
34 16
34 45
34 75
34 93
34 116
34 143
41 17
41 52
41 104
41 128
45 8
45 52
45 98
45 116
45 130
45 132
45 142
45 146
52 17
52 40
52 96
52 116
52 128
52 130
93 64
93 16
93 31
93 83
93 103
93 115
93 116
93 140
93 143
93 146
118 17
118 104
118 116
118 8
118 23
118 98
118 109
118 143
118 146
128 17
128 116
128 8
128 98
128 142
128 146
128 147
128 157
130 17
130 104
130 116
130 98
130 115
130 132
130 140
130 142
130 146
141 127
141 18
141 46
141 50
141 68
141 106
141 110
141 123
141 125
141 136
141 160
146 17
146 40
146 104
146 27
146 59
146 125
146 132
146 140
146 160
40 112
40 17
40 59
40 109
40 115
40 136
40 140
40 147
59 112
59 17
59 127
59 5
59 109
59 26
59 110
59 140
109 17
109 16
109 26
109 140
147 112
147 20
17 8
17 100
17 104
17 110
17 115
46 127
46 50
46 125
46 33
46 160
46 51
46 105
46 68
101 64
101 16
101 31
101 96
101 103
103 64
103 115
103 140
103 96
103 75
125 127
125 18
125 50
125 56
125 123
125 33
125 68
125 94
125 105
125 143
125 160
127 18
127 33
127 50
127 68
127 106
127 123
140 64
140 116
140 8
140 115
140 5
140 110
140 16
140 31
140 75
140 83
140 100
140 143
112 8
16 64
16 116
16 100
16 96
64 31
64 75
96 115
96 31
5 12
5 18
5 22
5 26
5 27
5 50
5 56
5 90
5 99
5 110
5 123
5 136
5 143
31 104
31 116
31 27
31 75
31 83
75 116
75 115
75 83
8 104
104 106
104 116
104 132
132 98
100 116
100 115
100 83
115 116
115 83
12 9
12 22
12 26
12 56
12 90
12 94
12 99
12 143
33 18
33 22
33 27
33 110
33 51
33 105
33 106
33 160
110 9
110 22
110 26
110 27
110 90
110 99
110 136
18 68
18 105
18 123
50 68
50 123
50 143
50 160
68 160
68 106
105 27
105 123
105 51
105 106
106 123
106 143
106 51
143 9
143 22
143 26
143 27
143 90
143 99
143 123
143 136
143 94
143 160
160 9
160 123
160 51
116 83
136 27
136 56
136 90
136 99
83 23
22 9
22 27
22 56
22 99
72 145
72 154
27 26
27 99
26 9
26 99
56 94
56 99
90 9
90 94
99 9
99 94
