0 4
0 12
0 17
0 19
0 72
0 73
0 75
0 83
0 86
0 87
0 89
0 97
4 12
4 15
4 17
4 19
4 20
4 21
4 28
4 42
4 51
4 53
4 72
4 73
4 75
4 83
4 86
4 87
4 89
4 94
4 95
4 97
12 15
12 17
12 20
12 21
12 28
12 42
12 51
12 53
12 72
12 73
12 75
12 83
12 86
12 89
12 94
12 97
17 2
17 6
17 15
17 20
17 21
17 28
17 38
17 42
17 45
17 51
17 53
17 61
17 65
17 71
17 72
17 73
17 77
17 83
17 86
17 87
17 89
17 97
19 72
19 75
19 86
19 89
19 97
72 53
72 15
72 20
72 21
72 28
72 51
72 73
72 75
72 83
72 86
72 87
72 94
72 97
73 53
73 15
73 20
73 21
73 28
73 38
73 42
73 51
73 75
73 83
73 86
73 87
73 89
73 94
73 97
75 20
75 83
75 86
75 87
75 89
75 97
83 53
83 15
83 20
83 21
83 42
83 51
83 86
83 89
83 94
83 95
86 15
86 20
86 21
86 28
86 38
86 42
86 45
86 51
86 77
86 87
86 89
86 94
86 95
86 97
87 53
87 89
87 97
89 15
89 20
89 21
89 28
89 42
89 51
89 94
89 97
97 53
97 15
97 21
97 28
97 42
97 51
15 53
15 20
15 21
15 28
15 42
15 51
15 94
15 95
20 53
20 21
20 28
20 42
20 51
20 94
20 95
21 53
21 42
21 51
21 94
28 53
28 42
28 51
28 94
42 51
42 95
51 53
51 94
53 94
53 95
94 84
94 27
94 49
94 54
94 82
2 3
2 6
2 10
2 13
2 25
2 33
2 45
2 46
2 52
2 61
2 62
2 65
2 68
2 70
2 71
2 76
2 77
2 85
2 90
2 92
6 3
6 7
6 10
6 13
6 25
6 33
6 38
6 46
6 52
6 61
6 65
6 66
6 68
6 70
6 76
6 77
6 85
6 90
6 92
38 3
38 13
38 25
38 45
38 46
38 52
38 58
38 61
38 65
38 66
38 70
38 71
38 76
38 77
38 92
38 27
38 49
45 3
45 7
45 10
45 13
45 25
45 33
45 46
45 52
45 58
45 61
45 62
45 65
45 66
45 68
45 70
45 71
45 76
45 85
45 90
45 92
61 3
61 7
61 13
61 25
61 33
61 46
61 52
61 58
61 62
61 66
61 68
61 70
61 71
61 76
61 77
61 85
61 90
61 92
65 3
65 7
65 10
65 13
65 25
65 33
65 46
65 52
65 58
65 62
65 66
65 68
65 70
65 71
65 76
65 85
65 90
65 92
71 3
71 7
71 10
71 13
71 25
71 33
71 46
71 52
71 58
71 62
71 66
71 68
71 70
71 76
71 77
71 85
71 90
71 92
77 3
77 10
77 25
77 46
77 52
77 58
77 62
77 66
77 68
77 70
77 76
77 85
77 90
77 92
1 9
1 26
1 64
1 78
1 84
1 93
1 99
9 16
9 18
9 22
9 26
9 34
9 49
9 54
9 64
9 74
9 78
9 82
9 84
9 99
26 64
26 78
26 93
64 78
64 84
64 93
64 99
78 14
78 18
78 22
78 29
78 43
78 47
78 54
78 59
78 74
78 84
78 99
84 14
84 16
84 18
84 22
84 27
84 29
84 43
84 49
84 54
84 74
84 82
84 93
84 99
93 99
99 8
99 14
99 18
99 22
99 29
99 43
99 47
99 54
99 74
16 18
16 27
16 49
16 54
16 82
18 22
18 27
18 29
18 43
18 49
18 54
18 59
18 74
18 82
22 14
22 29
22 43
22 47
22 54
22 59
22 74
34 57
34 91
49 27
49 54
49 82
54 14
54 27
54 29
54 43
54 47
54 59
54 74
54 82
74 29
74 43
74 47
74 59
82 27
14 29
14 47
29 47
43 59
8 11
8 98
3 7
3 10
3 13
3 33
3 46
3 52
3 62
3 66
3 70
3 85
3 90
3 92
10 7
10 13
10 33
10 46
10 52
10 58
10 62
10 66
10 68
10 70
10 76
10 85
10 90
13 25
13 33
13 46
13 52
13 58
13 66
13 68
13 70
13 76
13 85
13 90
13 92
25 7
25 33
25 46
25 52
25 58
25 62
25 66
25 70
25 85
25 90
33 7
33 46
33 52
33 58
33 62
33 66
33 70
33 76
33 85
33 90
33 92
46 7
46 52
46 58
46 62
46 66
46 68
46 70
46 76
46 85
46 90
46 92
52 58
52 62
52 66
52 68
52 70
52 76
52 85
52 90
52 92
62 7
62 58
62 66
62 68
62 76
62 90
62 92
68 7
68 58
68 66
68 70
68 76
68 85
70 7
70 58
70 66
70 76
70 90
70 92
76 7
76 58
76 66
76 85
76 90
85 7
85 58
85 90
85 92
90 7
90 58
90 66
90 92
92 58
92 66
7 58
7 66
66 58
5 23
5 24
5 32
5 36
5 37
5 41
5 44
5 50
5 55
5 56
5 63
5 67
5 69
5 79
5 80
5 81
5 88
5 96
23 24
23 32
23 36
23 37
23 41
23 44
23 50
23 55
23 67
23 69
23 79
23 81
23 88
23 96
24 36
24 37
24 50
24 55
24 63
24 67
24 88
32 36
32 37
32 41
32 50
32 55
32 56
32 63
32 67
32 79
32 81
32 96
36 37
36 41
36 50
36 55
36 67
36 79
36 80
36 81
36 88
37 50
37 55
37 63
37 67
37 81
37 88
41 56
41 79
41 80
41 81
41 96
44 69
44 81
50 55
50 63
50 67
50 81
50 88
55 63
56 79
56 81
56 96
63 67
63 88
67 88
69 81
79 39
79 80
79 81
79 96
80 81
80 96
81 88
39 98
39 30
39 40
11 98
98 30
98 40
30 40
57 91
91 48
31 60
60 35
60 48
