365
356
156
125
45
147
17
219
99
207
16
129
127
366
330
184
372
351
187
235
12
263
172
228
359
131
162
77
101
130
238
357
339
4
57
134
13
230
15
19
358
65
260
277
198
193
43
340
333
128
244
94
303
251
36
173
146
257
329
100
181
344
52
282
371
299
345
140
370
126
46
246
297
201
112
326
61
258
203
211
132
298
0
346
373
289
324
18
44
331
325
312
152
252
239
332
278
231
58
322
188
273
171
180
249
292
323
256
367
352
283
109
264
75
133
136
236
39
310
248
199
14
301
232
175
300
234
313
76
281
202
245
11
3
90
111
114
113
311
91
174
153
170
78
353
48
293
200
354
355
151
