0 60
0 92
0 194
0 250
0 434
0 474
0 529
0 547
0 562
0 580
0 593
60 22
60 53
60 103
60 161
60 166
60 208
60 225
60 250
60 267
60 291
60 347
60 408
60 429
60 434
60 474
60 541
60 548
60 663
92 70
92 182
92 185
92 214
92 250
92 262
92 269
92 470
92 474
92 547
92 562
92 564
92 593
92 610
92 664
194 48
194 53
194 123
194 141
194 182
194 250
194 262
194 434
194 445
194 588
194 593
194 643
194 646
194 652
250 70
250 434
250 547
250 562
250 593
250 657
434 22
434 127
434 136
434 164
434 182
434 193
434 208
434 216
434 225
434 229
434 244
434 257
434 337
434 347
434 380
434 408
434 422
434 429
434 464
434 505
434 541
434 560
434 593
434 625
434 636
474 70
474 140
474 161
474 216
474 269
474 347
474 408
474 440
474 470
474 532
474 562
474 593
474 657
474 664
529 114
529 214
529 257
529 280
529 459
529 481
529 588
547 70
547 78
547 140
547 208
547 214
547 280
547 347
547 459
547 495
547 534
547 541
547 560
547 562
547 586
547 588
547 593
547 657
547 664
547 671
562 53
562 70
562 140
562 216
562 358
562 593
580 50
580 262
580 337
580 470
580 537
580 593
580 667
593 18
593 21
593 70
593 83
593 136
593 164
593 205
593 231
593 244
593 257
593 342
593 347
593 350
593 405
593 425
593 428
593 445
593 456
593 467
593 481
593 517
593 533
593 576
593 577
593 602
593 617
593 646
593 657
593 667
22 674
22 68
22 553
22 279
22 617
22 66
22 83
22 103
22 158
22 161
22 166
22 180
22 196
22 225
22 343
22 348
22 428
22 429
22 514
22 535
22 597
53 485
53 523
53 159
53 387
53 557
53 480
53 617
53 229
53 376
53 465
53 442
53 105
53 106
53 131
53 139
53 142
53 445
53 636
103 542
103 537
103 606
103 27
103 173
103 193
103 229
103 336
103 514
103 527
103 534
103 554
103 561
103 571
103 588
103 590
103 597
103 601
103 627
103 656
161 505
161 553
161 48
161 216
161 228
161 225
161 267
161 303
161 384
161 408
161 445
161 494
161 623
161 643
161 647
166 314
166 625
166 578
166 228
166 57
166 59
166 99
166 164
166 240
166 267
166 347
166 384
166 429
166 470
166 534
166 595
166 623
166 624
166 636
166 643
166 647
208 347
225 481
225 674
225 634
225 68
225 505
225 553
225 216
225 231
225 209
225 332
225 343
225 494
225 675
267 625
267 269
267 164
267 440
267 643
267 57
267 59
267 99
267 172
267 70
267 74
267 262
267 595
267 623
267 647
291 233
291 625
291 322
291 422
291 560
291 216
291 649
291 384
291 416
291 81
291 143
291 386
291 478
291 482
347 463
347 228
347 590
347 28
347 278
347 70
347 198
347 408
347 541
347 586
347 588
347 664
408 663
408 149
408 182
408 384
408 440
408 467
408 595
408 647
429 625
429 192
429 560
429 196
429 52
429 164
429 316
429 462
429 543
429 643
429 664
541 663
541 28
541 278
541 453
541 532
541 586
548 451
548 487
548 523
548 488
548 499
548 617
548 85
548 354
548 462
548 383
548 75
548 235
548 522
548 678
663 12
663 28
663 278
663 586
70 140
70 588
70 532
70 459
182 667
182 215
182 440
182 643
182 219
182 652
185 1
185 16
185 224
185 326
185 370
185 549
185 564
185 578
185 610
185 643
185 667
214 634
214 588
214 532
214 459
214 248
214 280
262 625
262 216
262 240
262 636
262 623
262 652
262 141
262 344
269 8
269 282
269 542
269 31
269 52
269 68
269 72
269 94
269 108
269 183
269 207
269 226
269 227
269 234
269 316
269 540
269 640
269 675
470 116
470 625
470 496
470 350
470 523
470 549
470 557
470 576
470 342
470 228
470 77
470 119
470 135
470 142
470 244
470 283
470 284
470 326
470 330
470 337
470 346
470 363
470 392
470 442
470 462
470 467
470 525
470 564
470 584
470 587
470 602
470 610
470 643
564 224
564 299
564 542
564 549
564 407
564 514
564 610
564 363
564 254
564 393
564 215
564 337
564 77
564 128
610 224
610 299
610 481
610 542
610 463
610 549
610 158
610 62
610 74
610 95
610 326
610 363
610 446
664 588
664 643
664 636
48 422
48 164
48 228
48 384
48 440
48 442
48 456
48 588
48 643
123 625
123 489
123 279
123 667
123 228
123 173
123 85
141 440
141 643
445 461
445 322
445 413
445 523
445 463
445 502
445 617
445 228
445 597
445 392
445 173
445 290
445 232
445 363
445 602
445 416
445 534
445 400
445 67
445 249
445 257
445 274
445 421
445 566
445 612
445 646
588 314
588 657
588 634
588 535
588 597
588 140
588 591
588 164
588 114
588 172
588 280
588 316
588 459
588 627
588 653
643 667
643 164
643 65
643 74
643 400
643 636
646 544
646 461
646 322
646 433
646 464
646 553
646 387
646 576
646 173
646 601
646 472
646 229
646 363
646 602
646 577
646 442
646 257
646 143
646 335
646 432
646 471
646 618
646 642
646 645
646 78
646 251
646 373
646 380
646 412
646 458
652 215
652 320
652 82
657 140
657 218
657 413
657 532
657 634
657 653
314 35
314 164
314 169
314 215
314 440
314 578
314 625
314 650
35 332
35 534
164 625
164 542
164 456
164 667
164 57
164 59
164 65
164 74
164 99
164 149
164 172
164 623
164 636
169 1
169 10
169 62
169 66
169 386
169 552
169 658
215 451
215 578
215 549
215 247
215 416
215 47
215 317
215 591
215 628
440 625
440 179
440 667
440 57
440 65
440 99
440 172
440 595
440 623
440 624
440 647
440 671
578 62
578 85
578 173
578 177
578 212
578 256
578 455
578 463
578 499
578 513
578 517
578 527
578 581
578 641
578 656
625 1
625 57
625 59
625 74
625 99
625 172
625 231
625 342
625 420
625 463
625 595
625 623
625 671
650 299
650 485
650 10
650 279
127 116
127 24
127 43
127 108
127 81
127 143
127 145
127 191
127 204
127 277
127 284
127 319
127 378
127 402
127 437
127 589
127 604
127 669
136 674
136 505
136 553
136 216
136 83
136 170
136 209
136 316
136 535
136 618
136 675
193 350
193 433
193 487
193 492
193 627
193 114
216 560
216 463
216 667
216 170
216 228
216 384
216 647
229 295
229 481
229 203
229 322
229 118
229 456
229 502
229 617
229 83
229 173
229 31
229 54
229 89
229 143
229 257
229 363
229 380
229 389
229 418
229 467
229 483
229 527
229 538
229 573
229 602
229 655
244 322
244 577
244 442
244 326
244 337
244 573
244 133
244 281
257 461
257 322
257 350
257 576
257 667
257 83
257 180
257 428
257 602
257 534
257 442
257 54
257 249
257 367
257 454
257 458
257 573
257 612
337 576
337 441
337 363
337 254
337 517
337 584
337 54
337 326
337 67
337 77
337 89
337 128
337 478
380 485
380 173
380 477
422 677
422 313
422 55
422 62
422 143
422 256
422 332
422 381
422 386
422 387
422 416
422 418
422 419
422 455
422 476
422 480
422 498
422 499
422 500
422 513
422 538
422 549
422 552
422 560
422 566
422 600
422 673
464 350
464 382
464 433
464 17
464 18
464 38
464 78
464 104
464 128
464 134
464 246
464 255
464 256
464 288
464 346
464 373
464 489
464 508
464 522
464 523
464 570
464 619
464 660
505 674
505 15
505 68
505 66
505 83
505 237
505 240
505 514
505 535
505 553
505 627
505 675
560 674
560 10
560 149
560 256
560 275
560 381
560 386
560 404
560 441
560 472
560 520
560 527
560 587
560 649
560 675
636 595
636 616
140 532
532 635
532 57
532 653
114 481
114 576
114 514
114 535
114 627
280 591
280 459
280 653
459 591
459 122
459 148
459 653
481 116
481 299
481 3
481 115
481 121
481 284
481 292
481 443
481 466
481 576
481 577
481 614
481 667
78 350
78 413
78 487
78 104
78 441
78 363
78 134
78 536
78 316
78 607
78 419
78 255
78 427
78 133
78 175
78 256
78 339
78 430
78 436
78 504
78 508
78 552
78 633
78 639
495 179
495 382
495 487
495 104
495 19
495 390
495 205
495 321
495 339
495 504
495 552
495 607
495 639
534 461
534 322
534 387
534 279
534 249
534 538
534 678
586 28
586 87
671 485
671 622
671 236
671 350
671 385
671 159
671 667
671 390
671 343
671 535
671 354
671 330
671 521
671 533
671 373
671 97
671 132
671 391
671 493
358 6
358 346
358 452
358 553
358 611
50 224
537 10
537 492
537 58
537 443
537 535
537 597
537 627
667 18
667 342
667 83
667 170
667 384
667 405
667 647
18 203
18 96
18 152
18 279
18 407
18 441
21 228
21 247
83 542
83 622
83 68
83 518
83 29
83 54
83 89
83 95
83 173
83 209
83 240
83 251
83 362
83 363
83 367
83 405
83 517
83 535
83 602
83 627
83 675
205 435
205 427
205 522
205 107
205 222
231 34
231 180
231 265
231 491
231 535
231 584
342 385
342 119
342 284
342 354
342 428
342 467
342 491
342 518
342 602
350 634
350 10
350 322
350 47
350 71
350 80
350 104
350 119
350 128
350 222
350 251
350 255
350 256
350 283
350 286
350 316
350 317
350 326
350 335
350 343
350 373
350 382
350 390
350 399
350 400
350 413
350 433
350 463
350 487
350 508
350 539
350 549
350 557
350 577
350 584
405 502
405 173
405 573
405 258
405 491
425 661
425 498
428 179
428 68
428 152
428 330
428 341
428 446
428 462
428 506
428 521
428 565
428 602
428 604
456 677
456 16
456 313
456 414
456 104
456 159
456 455
456 160
456 177
456 180
456 240
456 286
456 363
456 386
456 400
456 467
456 476
456 478
456 502
467 159
467 101
467 617
467 514
467 239
517 110
517 617
517 36
517 251
533 455
533 180
533 142
576 16
576 387
576 549
576 31
576 90
576 95
576 128
576 135
576 195
576 363
576 397
576 400
576 602
576 673
577 322
577 489
577 621
577 173
577 590
577 232
577 38
577 77
577 346
577 373
577 436
577 666
577 673
602 485
602 322
602 31
602 135
602 332
602 442
602 491
602 587
617 288
617 20
617 294
617 370
617 450
617 479
617 480
617 90
617 137
617 235
617 261
617 344
617 400
617 465
617 500
617 587
617 612
413 10
413 236
413 382
413 80
413 104
413 238
413 333
413 390
413 484
413 493
413 523
413 570
413 639
634 168
634 308
634 496
634 110
634 313
634 542
634 56
634 91
634 134
634 203
634 222
634 253
634 293
634 403
634 594
634 675
1 233
1 271
1 295
1 299
1 451
1 485
1 503
1 635
1 677
233 98
233 223
233 386
233 446
233 471
233 612
271 47
271 58
271 107
271 132
271 242
271 246
271 253
271 287
271 484
271 591
295 54
295 109
295 241
295 322
295 463
295 485
299 13
299 406
299 557
299 614
299 678
451 158
451 302
451 349
451 453
451 640
485 116
485 25
485 29
485 62
485 394
485 431
485 441
485 442
485 568
485 678
503 248
503 296
503 328
503 583
503 594
503 596
503 630
635 80
635 112
635 210
635 238
635 287
635 343
635 433
635 436
635 647
677 73
677 98
677 168
677 184
677 261
677 357
677 377
677 381
677 419
677 441
677 469
677 498
677 665
23 661
661 118
661 473
661 228
661 167
661 212
661 362
661 442
661 498
661 655
116 24
116 43
116 80
116 139
116 240
116 264
116 326
116 400
116 443
116 482
116 486
116 530
116 550
116 566
24 98
24 398
24 431
24 604
24 640
43 81
43 93
43 156
43 284
43 402
43 443
80 433
80 523
80 151
80 287
80 584
80 326
80 607
80 255
80 436
80 201
80 202
80 325
80 559
139 288
139 406
139 640
139 316
139 84
139 264
139 482
139 530
240 310
240 27
240 31
240 95
240 232
240 254
240 362
240 363
240 442
240 443
240 476
264 406
264 156
264 402
264 84
326 549
326 442
326 54
326 128
326 255
400 461
400 124
400 239
400 486
443 523
443 514
443 98
443 137
443 143
443 198
443 241
443 274
443 297
443 344
443 377
443 418
443 500
443 530
443 566
482 98
482 406
482 601
482 566
482 143
482 471
482 412
482 589
482 277
482 478
486 561
486 102
486 263
486 287
486 333
486 559
486 146
486 453
486 628
530 81
530 284
530 402
550 168
550 159
550 665
550 106
550 73
550 312
550 357
550 381
550 469
550 498
566 441
566 98
566 582
566 402
566 669
566 442
566 256
566 412
566 432
566 454
566 477
566 520
566 672
566 678
10 179
10 236
10 322
10 382
10 414
10 433
10 487
10 489
10 492
10 523
10 621
62 392
62 466
62 678
66 542
66 674
66 553
66 237
66 535
66 597
66 627
66 675
386 308
386 98
386 392
386 290
386 656
386 472
386 384
386 416
386 316
386 100
386 143
386 432
386 357
386 255
386 235
386 655
386 149
386 177
386 198
386 366
386 418
386 612
386 668
552 607
552 256
552 436
552 504
552 109
552 633
658 433
658 210
658 253
658 189
658 47
658 484
658 660
658 102
658 242
658 263
658 287
658 119
658 238
658 453
658 475
658 603
658 628
16 76
16 5
16 159
16 288
16 323
16 387
16 455
16 473
16 502
16 549
16 557
224 109
224 424
370 496
370 557
370 20
370 120
370 206
370 289
370 501
549 463
549 128
549 135
549 525
549 619
109 322
109 100
109 454
424 104
424 64
424 659
98 200
98 143
98 298
98 418
98 419
98 513
98 582
98 618
223 100
223 315
223 417
446 158
446 315
471 85
471 67
471 143
471 177
471 198
471 371
471 538
471 618
471 655
612 332
612 416
612 143
612 520
612 641
612 458
612 600
47 236
47 414
47 433
47 487
47 39
47 102
47 134
47 151
47 242
47 263
47 333
47 484
47 519
47 536
47 591
47 660
58 433
58 487
58 390
107 390
107 412
107 493
132 406
132 431
132 484
132 134
132 242
132 263
132 570
132 522
132 509
242 210
242 253
242 484
242 134
242 222
242 263
242 426
242 509
242 536
242 628
246 414
246 523
246 484
246 134
246 660
246 256
246 346
246 508
253 414
253 433
253 14
253 287
253 484
253 603
253 660
287 433
287 487
287 210
287 484
287 660
287 263
287 302
287 333
287 436
287 453
287 628
484 382
484 414
484 433
484 104
484 390
484 39
484 77
484 119
484 263
484 317
484 321
484 333
484 493
484 660
591 407
591 247
591 219
591 320
54 322
54 407
54 573
241 480
241 419
322 461
322 154
322 67
322 128
322 173
322 335
322 362
322 363
322 382
322 392
322 423
322 454
322 487
322 554
322 573
322 584
322 668
463 13
463 74
463 119
463 133
463 249
463 508
463 623
13 435
406 544
406 236
406 433
406 93
406 238
406 277
406 284
406 335
406 412
406 539
406 568
406 607
406 640
406 642
557 435
557 17
557 119
557 190
557 254
557 279
557 283
557 317
614 365
614 259
614 292
614 402
614 466
678 392
678 442
678 181
678 306
678 568
158 248
158 309
158 320
158 497
158 565
302 433
302 210
302 112
302 436
302 559
302 317
349 34
349 381
349 409
453 263
453 333
453 647
453 321
453 628
640 582
640 84
640 156
640 316
640 402
640 590
25 365
25 392
29 551
394 449
394 466
394 121
394 301
394 568
431 382
431 135
441 95
441 173
441 274
441 418
441 419
441 442
441 462
441 472
441 491
441 500
441 514
441 587
442 313
442 407
442 173
442 55
442 142
442 235
442 256
442 381
442 419
442 579
442 587
442 673
568 313
568 392
568 121
568 292
568 526
248 328
248 497
248 594
296 180
296 596
296 328
296 583
296 594
328 497
328 545
328 199
583 329
583 199
583 594
583 630
594 391
594 630
596 153
596 391
596 516
596 630
630 508
57 65
57 99
57 172
57 624
59 65
59 74
59 99
59 172
59 595
59 624
74 247
74 196
74 595
74 624
74 623
74 647
99 172
99 595
99 624
420 237
595 228
595 384
595 624
623 179
623 518
623 198
623 647
112 104
112 210
112 436
112 519
112 559
210 236
210 523
210 14
210 44
210 134
210 256
210 402
238 236
238 433
238 343
238 519
238 333
238 493
238 222
238 286
343 39
343 357
343 522
433 544
433 382
433 44
433 64
433 119
433 156
433 191
433 277
433 335
433 402
433 487
433 508
433 522
433 523
433 607
433 618
433 619
433 642
433 660
436 536
436 175
436 339
647 179
647 104
647 321
647 475
73 159
73 665
73 316
73 184
73 312
168 2
168 72
168 159
168 479
168 665
184 105
184 381
184 498
261 144
261 465
261 137
261 251
261 579
357 496
357 159
357 665
357 115
357 265
357 362
357 105
357 469
357 498
377 159
377 469
377 417
381 310
381 232
381 87
381 476
381 95
381 367
381 167
381 483
381 498
381 587
381 655
419 154
419 236
419 376
419 316
419 100
419 69
419 222
419 235
419 251
419 272
419 668
469 144
498 101
498 232
498 472
498 245
498 160
498 305
498 270
498 335
498 476
498 367
498 174
665 605
665 265
665 312
665 316
2 129
2 310
72 187
72 544
72 31
72 67
72 85
72 156
72 234
72 316
72 376
72 412
159 312
159 316
159 363
159 383
479 20
479 294
479 318
479 276
479 500
3 63
3 76
3 79
3 308
3 449
3 496
63 90
63 125
63 200
63 213
63 273
63 289
63 369
63 411
63 490
63 496
63 501
76 323
76 360
76 490
76 496
76 499
79 20
79 150
79 606
308 353
308 449
449 157
449 289
449 490
496 490
496 20
496 150
496 200
496 252
496 273
496 289
496 316
496 323
496 360
496 374
496 383
496 430
496 499
496 501
496 538
496 558
496 569
496 572
496 672
90 118
90 30
90 137
90 501
90 506
125 490
125 200
125 334
125 606
125 289
125 637
200 266
200 17
200 138
200 252
200 273
200 374
200 450
200 480
200 501
200 538
200 558
200 587
213 40
213 272
273 266
273 450
289 334
289 450
289 606
289 528
289 206
289 501
289 217
289 230
289 411
289 571
289 632
289 662
369 323
369 606
369 572
411 294
411 598
411 206
490 323
490 344
501 323
501 606
501 268
501 217
501 383
323 251
323 421
323 538
323 632
360 499
360 306
360 538
360 572
499 20
499 150
499 254
499 361
499 410
499 572
499 587
499 632
20 120
20 294
20 318
20 334
20 480
20 598
150 206
150 366
150 421
150 632
606 450
606 27
606 157
606 173
606 189
606 196
606 217
606 372
606 520
606 527
606 554
606 569
606 590
606 601
606 632
353 88
157 266
157 372
157 439
157 613
157 41
157 336
115 203
115 179
115 395
115 71
115 311
115 317
115 338
115 393
115 584
121 438
121 375
284 604
284 590
284 81
284 156
284 145
284 402
292 466
292 454
292 259
466 392
252 374
252 558
316 544
316 542
316 675
316 234
316 363
316 327
316 105
316 227
316 270
316 276
374 266
374 17
374 538
374 558
383 126
383 604
383 85
383 462
383 423
383 105
383 95
383 183
383 366
383 430
383 540
430 604
430 254
430 265
430 462
430 105
430 137
430 274
430 95
538 450
538 561
538 512
558 266
558 17
558 40
558 421
572 439
572 41
4 266
266 40
266 138
266 450
266 637
40 450
138 364
637 217
637 632
5 8
5 187
5 282
5 313
5 351
5 544
8 130
8 313
187 110
187 31
187 130
187 151
187 190
187 243
187 282
187 313
187 544
187 626
282 190
282 234
282 243
282 626
313 110
313 31
313 106
313 130
313 177
313 234
313 243
313 311
313 351
313 401
313 587
351 110
351 31
351 148
351 234
351 311
351 363
351 401
544 67
544 102
544 133
544 143
544 192
544 270
544 335
544 345
544 418
544 432
544 618
544 642
544 668
130 110
130 106
130 237
288 290
288 306
288 387
288 390
288 427
288 508
288 632
387 461
387 67
387 88
387 143
387 359
387 393
387 472
387 480
387 600
387 601
387 642
455 45
455 89
455 142
455 153
455 155
455 195
455 364
455 397
455 418
455 654
473 367
502 212
502 274
502 275
502 366
502 500
502 575
110 85
110 192
85 36
85 100
85 143
85 448
192 26
192 171
192 189
192 211
192 290
192 307
192 334
192 372
192 516
192 571
192 592
192 605
31 234
31 243
31 363
31 376
151 134
151 202
151 457
243 234
243 401
626 234
234 388
106 105
106 177
106 391
106 418
177 143
177 618
177 418
311 611
587 414
587 173
587 472
587 465
587 137
587 618
587 418
587 641
587 167
587 491
587 500
148 226
363 542
363 232
363 52
363 251
363 327
363 462
67 461
67 488
67 601
67 472
67 156
67 402
67 607
67 143
67 270
67 335
67 359
67 432
67 565
67 618
67 642
67 645
102 414
102 133
102 135
102 146
102 221
102 628
133 255
133 135
133 525
133 567
143 461
143 472
143 274
143 520
143 642
270 461
270 488
270 189
270 156
270 402
270 94
270 137
270 69
270 170
270 359
270 432
270 618
335 607
335 359
335 454
418 480
418 105
418 142
418 520
418 149
418 212
432 167
432 412
432 618
432 645
618 488
618 649
618 222
618 412
618 642
618 645
642 461
642 601
642 472
642 359
642 191
642 274
668 154
668 403
668 364
668 483
6 542
6 622
6 674
542 279
542 346
542 376
542 535
542 651
542 674
622 330
622 488
622 515
674 68
674 209
674 237
674 279
674 494
674 514
674 535
674 553
674 597
674 627
674 651
674 675
346 444
553 15
553 68
553 170
553 209
553 514
553 675
279 535
279 627
376 487
376 86
376 222
535 68
535 514
535 597
535 675
651 97
651 146
651 399
330 152
330 51
330 162
330 521
330 609
488 108
488 427
488 619
515 152
515 51
515 329
515 497
515 521
68 15
68 565
68 605
68 619
68 675
209 348
209 494
237 494
514 675
597 348
597 131
597 531
7 126
7 461
126 183
126 297
126 506
461 359
461 491
183 462
183 506
183 511
183 546
183 297
183 507
183 540
183 574
297 506
297 507
297 545
506 189
506 462
506 507
359 601
359 472
359 274
359 645
491 472
26 334
26 528
26 33
26 290
26 372
26 554
26 561
171 334
171 33
171 111
171 189
171 290
171 372
171 395
171 513
171 601
189 196
189 173
189 554
189 186
189 197
189 341
189 462
189 546
189 571
189 590
189 601
189 609
189 673
211 195
211 389
290 334
290 196
290 173
290 372
290 458
290 554
290 571
290 590
290 592
307 45
334 111
334 304
334 372
334 571
334 601
372 561
372 571
516 364
516 654
516 545
571 196
571 173
571 554
571 601
571 186
571 395
592 196
592 554
592 27
605 196
605 33
605 144
605 439
605 95
605 197
605 336
52 226
94 551
94 46
94 160
108 44
108 93
108 398
108 582
108 604
207 480
207 55
207 500
227 355
540 167
56 228
91 96
91 510
91 648
134 487
134 523
134 104
134 398
134 582
134 44
134 263
134 475
134 607
134 660
203 9
203 105
203 196
203 251
203 274
222 236
222 156
222 263
222 448
222 522
154 86
154 312
154 364
154 528
154 554
86 364
312 367
364 397
364 89
364 88
364 543
364 654
554 196
554 173
554 27
554 590
554 601
554 656
105 232
105 362
105 95
105 276
105 655
196 101
196 27
196 111
196 232
196 254
196 483
196 527
196 601
251 390
251 144
251 362
251 331
251 274
251 666
274 235
274 415
274 478
274 520
179 198
179 371
179 414
236 42
236 104
236 198
236 255
236 256
236 265
236 286
236 382
236 390
236 402
236 414
236 508
382 390
382 414
382 487
382 523
382 621
414 44
414 104
414 128
414 175
414 317
414 333
414 444
414 489
414 508
414 522
414 523
414 621
487 255
487 256
487 390
487 454
487 508
487 590
487 621
489 39
489 135
489 255
489 256
489 317
489 402
492 390
492 402
492 522
492 523
492 639
523 14
523 42
523 64
523 318
523 354
523 390
523 398
523 444
523 454
523 504
523 522
523 559
523 582
523 607
523 619
523 628
523 639
523 660
621 38
621 255
621 628
621 669
198 655
198 478
198 135
198 371
371 508
371 633
371 249
104 14
104 44
104 64
104 390
104 522
104 582
255 584
255 607
255 77
255 256
255 339
255 373
256 354
256 263
256 584
256 427
256 239
256 317
256 339
256 373
256 454
256 520
256 522
256 633
256 639
265 480
265 36
265 500
265 508
286 333
286 603
390 19
390 321
390 333
390 493
390 628
402 582
402 590
402 156
402 84
402 191
402 277
402 319
402 412
402 437
402 438
402 477
402 607
508 444
508 660
508 570
508 666
128 570
128 379
173 439
173 458
173 527
173 545
173 573
173 590
173 601
173 656
362 37
362 483
392 365
392 590
454 590
454 119
584 202
71 165
71 283
71 539
119 519
119 65
119 607
119 135
119 165
119 396
283 539
373 135
373 239
373 504
399 263
399 493
539 504
333 263
333 146
333 221
333 559
333 628
570 639
639 590
639 522
44 398
44 582
44 604
44 64
44 660
175 263
175 607
175 339
175 628
444 660
522 607
522 339
55 331
55 510
55 648
332 281
332 416
416 600
476 144
476 298
476 69
476 95
476 655
480 319
480 478
480 500
500 294
500 278
500 235
500 478
673 232
673 462
673 137
673 545
64 582
156 398
156 582
156 604
156 81
156 88
156 145
156 191
156 378
156 412
156 437
156 608
156 669
191 589
277 412
277 477
607 61
607 239
607 457
607 504
607 608
660 263
660 536
660 574
660 603
590 27
590 147
590 527
590 601
39 519
135 393
135 235
318 176
318 633
354 36
354 249
354 393
354 645
398 319
559 221
628 263
628 146
628 221
472 30
472 338
472 458
520 89
520 235
649 384
581 478
581 113
656 27
656 111
656 336
669 81
669 93
669 460
669 608
11 385
385 144
385 188
385 518
144 101
144 33
144 230
518 228
518 524
28 163
28 278
28 303
28 388
249 670
170 384
228 163
306 120
306 254
306 217
306 88
306 366
427 77
427 88
427 324
632 206
421 598
88 180
88 324
393 180
393 395
393 36
601 561
601 336
601 395
45 153
45 389
45 397
89 142
89 122
89 155
89 235
142 180
142 397
142 352
153 122
153 155
153 543
153 654
155 122
155 543
160 551
160 46
160 638
180 178
180 356
180 574
478 100
478 644
367 232
366 598
366 512
254 32
254 117
254 167
254 324
254 555
95 101
95 232
95 137
95 174
95 655
152 341
152 521
407 247
341 521
341 609
521 329
247 320
247 631
462 36
462 100
19 61
120 41
120 206
120 294
294 598
598 206
41 206
41 268
176 232
176 276
176 117
304 629
276 585
319 81
319 536
319 355
361 410
410 300
137 465
465 620
163 524
34 245
34 327
34 556
320 348
320 77
320 219
320 616
336 186
336 439
336 613
336 197
561 147
561 563
497 545
303 219
303 616
624 65
356 100
356 415
356 666
574 329
574 162
232 69
232 483
543 122
77 368
131 599
167 305
167 412
167 644
655 556
81 93
81 437
93 437
93 608
145 147
204 84
204 378
412 438
412 285
365 259
33 186
33 395
33 439
33 613
186 197
439 197
439 676
613 197
545 199
197 546
546 100
546 511
546 609
609 162
219 82
219 616
616 82
87 32
551 389
327 447
327 556
32 220
555 645
676 536
100 511
519 396
272 268
272 352
438 526
477 644
146 97
457 468
426 49
426 305
509 375
49 305
124 670
331 82
510 648
258 340
340 615
526 375
285 644
325 260
615 615
