301
307
299
220
239
0
78
260
90
262
180
148
259
24
278
75
191
314
14
19
198
120
263
245
142
310
149
116
110
292
16
293
64
240
22
266
109
163
140
184
218
295
137
279
182
213
117
38
76
135
316
146
36
93
49
129
323
104
162
297
72
296
228
294
178
302
37
312
322
196
97
300
9
45
317
321
222
187
152
285
192
108
308
65
153
223
326
94
306
238
305
151
309
42
319
11
291
157
183
281
131
197
215
134
3
194
171
114
128
320
225
85
264
207
13
315
59
150
124
1
67
26
100
123
290
43
165
113
217
318
53
20
219
6
58
144
226
275
304
57
54
71
325
303
52
283
250
112
132
289
298
201
211
88
324
155
233
106
186
267
185
224
169
