190
343
182
854
799
344
1100
413
149
193
108
85
399
944
291
187
816
491
551
219
279
959
1130
642
270
474
560
808
1101
892
761
1027
652
720
901
606
776
504
533
400
814
792
471
805
290
5
300
638
994
826
893
618
1099
204
1076
354
839
31
612
541
78
641
175
611
702
940
1129
145
637
561
157
655
782
1103
242
679
476
1040
146
802
615
408
247
952
528
727
1037
395
472
171
540
341
268
762
866
610
852
177
779
710
988
828
908
257
896
660
1003
1064
740
689
142
697
236
755
486
135
596
1089
262
1033
562
698
460
109
840
841
865
1057
508
992
872
822
949
694
878
511
1013
886
461
999
232
972
603
832
410
246
570
44
189
199
521
448
748
362
223
957
906
1021
564
788
922
665
673
845
292
72
116
207
639
885
685
1088
750
703
798
416
846
863
289
769
927
990
882
494
600
875
228
1110
910
398
757
214
350
1128
670
898
423
104
838
134
1081
256
401
370
729
544
333
1075
60
1077
303
666
188
13
107
386
153
453
724
700
978
620
130
421
681
391
64
701
647
744
862
526
598
507
593
375
861
682
482
274
765
58
859
879
311
420
118
28
1095
155
833
368
586
196
977
139
136
336
226
1097
253
497
574
293
205
1102
1010
794
39
848
696
1079
680
989
314
359
688
272
49
498
35
74
353
1041
1073
185
1123
95
326
1109
48
602
578
96
912
446
909
75
313
241
51
830
249
1012
614
348
1069
855
183
389
843
237
405
644
468
973
296
571
911
851
331
50
1068
907
623
33
591
706
176
65
948
891
517
349
721
1098
88
686
733
592
1015
943
305
167
950
842
180
70
764
745
1107
221
510
280
1066
40
463
366
431
558
210
1091
56
884
230
1052
380
1023
294
18
173
945
924
346
316
649
77
939
143
643
789
369
537
708
772
45
753
536
1085
297
1
29
111
174
962
991
546
965
559
812
322
166
275
69
669
37
527
250
483
931
447
954
955
465
758
127
672
138
815
821
936
382
663
650
415
773
307
1118
737
426
538
996
84
1124
455
318
941
734
3
469
385
299
179
930
1114
430
287
791
1093
419
960
388
211
767
890
123
178
41
800
871
71
373
1120
254
1007
394
17
818
509
98
264
1116
436
621
1001
298
883
374
631
946
263
1020
425
57
165
630
201
732
535
30
590
636
810
429
573
925
276
117
876
412
1046
76
285
565
105
661
899
168
59
585
771
770
595
695
766
784
690
970
738
731
61
796
159
956
678
361
99
324
240
887
904
522
795
220
23
152
83
902
428
1024
110
550
1054
449
860
1026
406
824
20
265
283
309
961
787
687
396
194
926
86
520
895
282
306
549
473
47
255
462
248
492
817
233
803
10
43
964
1104
340
1111
986
806
411
424
735
1105
1108
1043
1004
958
186
234
1029
0
170
325
1045
481
967
739
372
16
780
358
995
1009
529
14
756
158
557
963
1016
547
587
849
499
723
662
935
100
493
1067
1086
42
320
609
853
579
809
163
968
658
364
94
881
691
542
480
1132
502
524
659
251
1042
599
192
619
588
1039
563
778
467
834
46
837
781
79
953
616
260
456
530
516
790
736
337
1022
1047
15
403
634
971
329
1090
484
38
490
278
1048
648
317
271
671
981
938
457
330
243
102
338
726
942
829
1017
512
515
393
387
1032
81
903
32
12
1080
213
917
1000
1058
712
2
101
1031
133
844
392
4
261
439
356
200
144
90
87
402
1117
351
604
1056
1084
162
1028
477
1131
106
1121
342
435
836
500
452
332
22
730
608
548
983
125
68
947
442
617
459
728
645
148
553
26
198
501
92
1036
319
1055
323
743
951
873
581
218
345
997
1083
54
25
580
622
640
684
1008
91
53
707
827
506
870
654
980
397
646
867
124
273
975
651
928
786
440
864
151
675
379
576
597
383
1119
495
635
302
55
9
668
1005
1087
933
212
1113
1078
514
1002
583
172
584
441
112
464
357
693
918
919
224
572
607
206
409
760
355
195
451
288
742
1125
277
310
976
627
725
150
335
267
404
1065
713
140
934
97
390
797
525
519
656
352
820
52
923
63
987
556
222
438
422
774
532
589
197
19
488
632
328
121
8
1096
1106
704
407
1049
785
835
1014
801
979
929
1019
759
181
73
699
626
129
215
1061
1050
819
1063
653
1071
454
