0 4
0 11
0 12
0 35
0 38
0 47
0 82
0 83
0 96
0 97
0 108
0 111
0 113
0 119
0 126
0 129
0 140
0 141
0 143
0 150
0 163
0 166
0 172
0 173
0 192
0 207
0 222
0 243
0 244
0 256
0 274
0 279
0 292
4 9
4 11
4 21
4 47
4 83
4 96
4 126
4 129
4 141
4 163
4 172
4 177
4 193
4 256
4 279
4 292
11 9
11 21
11 35
11 38
11 47
11 55
11 73
11 83
11 107
11 108
11 111
11 119
11 120
11 126
11 129
11 140
11 141
11 142
11 143
11 150
11 163
11 166
11 172
11 173
11 177
11 203
11 206
11 238
11 255
11 256
11 279
11 292
12 9
12 21
12 35
12 36
12 47
12 82
12 83
12 96
12 106
12 108
12 111
12 113
12 116
12 117
12 119
12 126
12 129
12 141
12 143
12 150
12 153
12 166
12 169
12 172
12 173
12 177
12 193
12 221
12 255
12 256
12 279
12 292
35 9
35 21
35 38
35 47
35 73
35 82
35 83
35 96
35 108
35 111
35 113
35 119
35 126
35 129
35 140
35 150
35 153
35 163
35 166
35 172
35 173
35 177
35 192
35 193
35 203
35 222
35 256
35 257
35 276
35 279
35 292
38 9
38 21
38 47
38 73
38 88
38 97
38 113
38 123
38 140
38 143
38 150
38 166
38 173
38 193
38 203
38 222
38 255
38 256
38 262
38 279
47 21
47 19
47 25
47 39
47 46
47 55
47 75
47 83
47 91
47 107
47 108
47 111
47 113
47 119
47 126
47 129
47 140
47 141
47 150
47 159
47 166
47 172
47 177
47 184
47 192
47 193
47 200
47 202
47 203
47 204
47 217
47 221
47 222
47 249
47 256
47 258
47 262
47 266
47 279
82 21
82 73
82 53
82 97
82 108
82 111
82 113
82 119
82 126
82 129
82 140
82 141
82 143
82 150
82 163
82 172
82 173
82 192
82 193
82 203
82 221
82 222
82 249
82 255
82 256
82 265
82 279
83 21
83 73
83 89
83 108
83 111
83 113
83 117
83 119
83 126
83 129
83 141
83 143
83 150
83 163
83 166
83 172
83 177
83 192
83 203
83 222
83 255
83 256
83 279
83 292
96 9
96 21
96 73
96 36
96 51
96 71
96 108
96 111
96 119
96 126
96 129
96 143
96 150
96 163
96 172
96 177
96 192
96 193
96 202
96 203
96 222
96 264
96 271
96 279
96 292
97 73
97 19
97 52
97 87
97 89
97 92
97 103
97 106
97 116
97 117
97 123
97 126
97 140
97 141
97 149
97 150
97 182
97 187
97 193
97 208
97 220
97 227
97 228
97 243
97 252
97 256
97 261
97 271
108 9
108 21
108 44
108 57
108 99
108 111
108 119
108 126
108 129
108 140
108 141
108 150
108 153
108 173
108 177
108 189
108 194
108 203
108 218
108 221
108 222
108 256
108 266
108 292
111 9
111 21
111 73
111 46
111 52
111 74
111 99
111 118
111 119
111 126
111 129
111 135
111 140
111 141
111 143
111 150
111 153
111 155
111 172
111 177
111 196
111 203
111 222
111 255
111 256
111 278
111 279
111 292
111 293
113 9
113 73
113 16
113 122
113 126
113 140
113 143
113 150
113 166
113 172
113 173
113 177
113 189
113 192
113 193
113 208
113 210
113 222
113 226
113 239
113 255
113 256
113 274
113 279
119 21
119 19
119 52
119 118
119 126
119 129
119 140
119 150
119 153
119 163
119 172
119 177
119 192
119 193
119 203
119 206
119 214
119 221
119 222
119 255
119 256
119 279
119 285
119 292
126 9
126 21
126 73
126 44
126 70
126 94
126 106
126 114
126 116
126 129
126 140
126 141
126 142
126 143
126 150
126 153
126 160
126 163
126 164
126 166
126 172
126 173
126 177
126 184
126 187
126 192
126 193
126 198
126 199
126 203
126 204
126 216
126 219
126 222
126 223
126 243
126 255
126 256
126 279
126 289
126 291
126 292
129 9
129 73
129 25
129 51
129 117
129 120
129 140
129 141
129 143
129 150
129 172
129 173
129 177
129 189
129 192
129 193
129 203
129 217
129 243
129 256
129 264
129 271
129 288
129 292
140 9
140 21
140 73
140 89
140 92
140 123
140 141
140 149
140 165
140 172
140 173
140 179
140 182
140 184
140 188
140 189
140 193
140 203
140 208
140 216
140 220
140 222
140 244
140 248
140 255
140 266
140 271
140 274
140 279
140 292
141 9
141 21
141 143
141 150
141 153
141 163
141 166
141 172
141 192
141 193
141 217
141 222
141 241
141 242
141 256
141 274
141 279
141 292
143 9
143 21
143 73
143 19
143 77
143 122
143 150
143 166
143 172
143 173
143 177
143 192
143 193
143 203
143 204
143 222
143 255
143 256
143 279
150 9
150 16
150 89
150 106
150 107
150 116
150 117
150 123
150 135
150 142
150 149
150 157
150 163
150 172
150 173
150 177
150 187
150 192
150 193
150 203
150 207
150 208
150 217
150 222
150 244
150 255
150 256
150 266
150 271
150 274
150 279
150 292
163 21
163 73
163 153
163 172
163 177
163 193
163 220
163 222
163 256
163 274
163 279
163 292
166 9
166 21
166 73
166 146
166 153
166 172
166 173
166 187
166 192
166 193
166 203
166 222
166 255
166 279
166 289
166 292
172 9
172 21
172 73
172 19
172 75
172 116
172 142
172 153
172 155
172 173
172 177
172 193
172 199
172 203
172 222
172 238
172 239
172 255
172 256
172 257
172 279
172 292
173 9
173 21
173 73
173 88
173 117
173 149
173 153
173 177
173 184
173 192
173 193
173 203
173 222
173 224
173 242
173 256
173 262
173 292
192 9
192 21
192 177
192 153
192 193
192 222
192 255
192 279
207 10
207 32
207 50
207 52
207 72
207 75
207 86
207 98
207 142
207 157
207 175
207 188
207 214
207 216
207 217
207 219
207 223
222 21
222 73
222 177
222 203
222 20
222 54
222 85
222 89
222 106
222 109
222 116
222 123
222 124
222 135
222 146
222 149
222 153
222 176
222 178
222 181
222 182
222 194
222 208
222 213
222 215
222 220
222 238
222 239
222 242
222 243
222 244
222 255
222 256
222 279
222 281
222 286
222 292
243 9
243 73
243 44
243 51
243 52
243 66
243 72
243 84
243 86
243 89
243 92
243 94
243 106
243 117
243 123
243 146
243 149
243 156
243 158
243 181
243 182
243 184
243 187
243 220
243 228
243 229
243 244
243 248
243 253
243 263
243 264
243 266
243 271
243 274
243 289
244 203
244 1
244 6
244 30
244 39
244 41
244 46
244 53
244 55
244 57
244 61
244 62
244 74
244 76
244 77
244 85
244 87
244 88
244 98
244 102
244 103
244 104
244 106
244 107
244 114
244 118
244 122
244 124
244 132
244 135
244 144
244 149
244 152
244 158
244 160
244 165
244 174
244 178
244 180
244 182
244 185
244 189
244 197
244 198
244 201
244 204
244 206
244 208
244 212
244 215
244 218
244 227
244 239
244 249
244 256
244 257
244 258
244 262
244 264
244 266
244 278
244 280
244 284
244 288
256 9
256 73
256 177
256 193
256 203
256 232
256 255
256 274
256 276
256 279
256 292
274 21
274 203
274 19
274 25
274 32
274 36
274 44
274 51
274 52
274 89
274 92
274 93
274 106
274 123
274 124
274 146
274 149
274 159
274 164
274 170
274 181
274 184
274 188
274 208
274 210
274 220
274 228
274 229
274 252
274 255
274 264
274 271
274 289
274 291
279 9
279 21
279 193
279 203
279 19
279 49
279 55
279 70
279 191
279 200
279 255
279 292
292 9
292 21
292 73
292 193
292 153
292 184
292 221
292 284
9 19
9 21
9 22
9 44
9 49
9 52
9 73
9 86
9 88
9 117
9 137
9 157
9 175
9 177
9 184
9 193
9 203
9 216
9 255
9 262
21 10
21 25
21 49
21 51
21 52
21 73
21 86
21 94
21 117
21 149
21 153
21 177
21 188
21 193
21 203
21 206
21 216
21 221
21 223
21 249
177 73
177 77
177 153
177 176
177 193
177 200
177 203
177 204
177 221
177 255
177 258
177 266
193 73
193 55
193 122
193 153
193 203
193 236
193 255
193 278
19 73
19 149
19 92
19 228
19 106
19 187
19 44
19 52
19 117
19 123
19 146
19 164
19 170
19 181
19 182
19 184
19 208
19 220
19 229
19 248
19 252
19 263
19 264
19 266
19 271
19 289
19 291
22 175
22 24
22 50
22 57
22 70
22 72
22 75
22 86
22 94
22 95
22 98
22 112
22 128
22 137
22 138
22 142
22 214
22 216
22 219
22 223
22 270
44 92
44 228
44 89
44 61
44 168
44 106
44 187
44 51
44 52
44 117
44 137
44 146
44 155
44 176
44 181
44 182
44 184
44 208
44 220
44 235
44 248
44 252
44 264
44 266
44 271
44 289
44 291
49 100
49 203
49 13
49 5
49 6
49 15
49 29
49 41
49 42
49 45
49 46
49 53
49 55
49 61
49 62
49 74
49 77
49 79
49 85
49 104
49 107
49 118
49 124
49 131
49 137
49 142
49 162
49 165
49 185
49 189
49 190
49 191
49 197
49 201
49 204
49 206
49 209
49 211
49 215
49 233
49 239
49 249
49 257
49 287
49 293
52 73
52 149
52 64
52 92
52 23
52 228
52 89
52 57
52 106
52 51
52 117
52 146
52 164
52 181
52 184
52 208
52 216
52 220
52 229
52 235
52 248
52 263
52 266
52 271
73 89
73 117
73 146
73 149
73 181
73 182
73 184
73 187
73 188
73 203
73 238
73 255
73 266
73 271
86 199
86 32
86 92
86 175
86 89
86 72
86 217
86 10
86 25
86 50
86 51
86 70
86 94
86 123
86 128
86 142
86 157
86 211
86 214
86 216
86 219
86 223
88 203
88 16
88 26
88 28
88 36
88 40
88 68
88 79
88 116
88 120
88 147
88 154
88 225
88 236
88 239
88 261
88 262
88 18
88 23
88 125
88 139
88 151
88 156
88 224
88 33
88 56
88 109
88 176
88 200
88 210
88 223
88 237
88 253
117 149
117 92
117 156
117 228
117 89
117 106
117 51
117 123
117 137
117 164
117 170
117 181
117 182
117 184
117 208
117 220
117 229
117 235
117 248
117 255
117 263
117 264
117 266
117 271
117 289
117 291
137 199
137 102
137 175
137 201
137 215
137 72
137 217
137 24
137 25
137 70
137 75
137 80
137 95
137 98
137 128
137 142
137 157
137 188
137 214
137 216
137 219
137 270
157 199
157 32
157 175
157 10
157 25
157 70
157 75
157 98
157 188
157 223
175 199
175 2
175 32
175 6
175 10
175 24
175 25
175 41
175 50
175 61
175 70
175 75
175 81
175 95
175 112
175 128
175 142
175 187
175 188
175 206
175 216
175 217
175 219
175 223
175 227
175 270
184 149
184 92
184 282
184 89
184 81
184 187
184 25
184 123
184 138
184 146
184 181
184 182
184 208
184 216
184 235
184 248
184 252
184 264
184 266
184 271
184 289
203 53
203 95
203 98
203 109
203 116
203 123
203 124
203 147
203 151
203 153
203 208
203 220
203 227
203 242
203 262
203 271
203 282
216 199
216 32
216 46
216 92
216 72
216 10
216 24
216 25
216 70
216 75
216 80
216 94
216 95
216 98
216 112
216 123
216 128
216 142
216 214
216 223
216 266
255 36
255 116
255 61
255 204
255 215
255 43
255 105
255 106
255 124
255 242
255 271
262 2
262 16
262 26
262 28
262 36
262 63
262 64
262 68
262 71
262 76
262 79
262 120
262 147
262 225
262 18
262 20
262 23
262 56
262 156
262 159
262 200
262 224
262 242
262 253
262 282
55 100
55 249
55 26
55 92
55 116
55 201
55 225
55 3
55 18
55 6
55 39
55 41
55 42
55 43
55 57
55 66
55 69
55 99
55 101
55 103
55 115
55 130
55 135
55 136
55 138
55 155
55 165
55 167
55 179
55 181
55 183
55 191
55 202
55 204
55 213
55 223
55 232
55 238
55 246
55 266
55 280
107 100
107 102
107 32
107 201
107 239
107 261
107 61
107 74
107 204
107 6
107 39
107 85
107 80
107 135
107 162
107 165
107 180
107 185
107 189
107 212
107 218
107 223
107 246
107 284
107 288
120 100
120 2
120 7
120 16
120 26
120 28
120 36
120 40
120 63
120 64
120 68
120 71
120 76
120 79
120 14
120 18
120 84
120 90
120 110
120 125
120 128
120 139
120 144
120 147
120 151
120 154
120 155
120 187
120 188
120 190
120 196
120 198
120 200
120 201
120 205
120 210
120 214
120 215
120 226
120 236
120 237
120 240
120 245
120 254
120 261
120 267
120 268
120 275
120 277
120 282
142 100
142 199
142 197
142 32
142 46
142 151
142 202
142 185
142 14
142 81
142 10
142 24
142 25
142 80
142 95
142 98
142 90
142 135
142 188
142 208
142 213
142 214
142 219
142 223
142 235
142 242
142 271
142 273
206 100
206 249
206 36
206 46
206 62
206 78
206 239
206 84
206 61
206 74
206 204
206 215
206 227
206 257
206 278
206 6
206 39
206 85
206 165
206 178
206 185
206 189
206 25
206 29
206 41
206 42
206 70
206 75
206 94
206 98
206 122
206 162
206 213
206 214
206 223
206 242
206 258
206 284
206 288
238 158
238 249
238 151
238 202
238 61
238 57
238 75
238 136
238 260
238 29
238 41
238 90
238 103
238 115
238 130
238 135
238 138
238 155
238 161
238 169
238 179
238 183
238 191
238 194
238 232
238 246
238 252
238 273
36 100
36 2
36 16
36 26
36 18
36 34
36 40
36 64
36 68
36 71
36 75
36 76
36 78
36 79
36 81
36 90
36 93
36 101
36 114
36 116
36 122
36 125
36 133
36 134
36 144
36 147
36 153
36 154
36 161
36 176
36 190
36 210
36 226
36 235
36 237
36 242
36 245
36 250
36 251
36 254
36 258
36 261
36 266
36 267
36 275
36 277
36 281
36 282
106 149
106 92
106 224
106 89
106 8
106 70
106 164
106 170
106 181
106 187
106 208
106 248
106 263
106 291
116 2
116 26
116 3
116 18
116 23
116 27
116 33
116 60
116 84
116 90
116 91
116 93
116 101
116 109
116 110
116 114
116 135
116 139
116 148
116 151
116 154
116 155
116 156
116 159
116 171
116 176
116 190
116 198
116 201
116 202
116 204
116 224
116 239
116 241
116 247
116 252
116 259
116 268
116 281
116 286
153 266
169 13
169 102
169 215
169 257
169 57
169 165
169 180
169 260
169 29
169 31
169 66
169 99
169 103
169 135
169 138
169 155
169 179
169 183
169 194
169 232
169 246
10 199
10 87
10 215
10 165
10 217
10 24
10 70
10 80
10 94
10 95
10 98
10 112
10 123
10 128
10 136
10 188
10 213
10 219
10 223
10 280
25 249
25 275
25 24
25 51
25 70
25 94
25 95
25 188
25 223
51 239
51 94
51 123
51 188
51 266
51 181
51 182
51 208
51 248
51 252
51 264
51 271
51 289
94 199
94 249
94 46
94 288
94 24
94 75
94 98
94 188
94 223
94 242
94 266
94 270
149 1
149 87
149 89
149 123
149 135
149 146
149 164
149 168
149 181
149 182
149 187
149 208
149 220
149 229
149 235
149 248
149 266
188 199
188 46
188 156
188 215
188 72
188 217
188 24
188 70
188 75
188 95
188 112
188 123
188 182
188 213
188 214
188 223
188 229
188 270
223 199
223 104
223 249
223 46
223 245
223 87
223 288
223 105
223 24
223 70
223 219
223 29
223 50
223 161
223 214
223 270
223 291
249 1
249 13
249 77
249 102
249 104
249 158
249 197
249 29
249 41
249 53
249 57
249 62
249 66
249 75
249 90
249 121
249 128
249 131
249 139
249 151
249 155
249 160
249 181
249 191
249 194
249 198
249 211
249 232
249 258
249 264
249 276
249 293
257 100
257 46
257 62
257 201
257 5
257 61
257 74
257 204
257 215
257 227
257 6
257 39
257 53
257 69
257 118
257 122
257 135
257 162
257 165
257 174
257 178
257 180
257 185
257 191
257 195
257 212
257 219
257 258
257 280
257 288
276 1
276 13
276 77
276 102
276 104
276 158
276 29
276 42
276 85
276 124
276 131
276 138
276 191
276 211
276 215
276 283
276 287
123 92
123 228
123 89
123 57
123 210
123 20
123 187
123 24
123 29
123 146
123 164
123 170
123 181
123 208
123 229
123 235
123 248
123 252
123 264
123 266
123 270
123 271
123 289
39 62
39 201
39 239
39 61
39 74
39 204
39 227
39 278
39 6
39 57
39 85
39 165
39 168
39 174
39 178
39 189
39 212
39 218
39 242
39 284
39 288
46 100
46 13
46 158
46 2
46 6
46 61
46 62
46 74
46 85
46 87
46 98
46 122
46 135
46 155
46 159
46 165
46 168
46 180
46 185
46 189
46 191
46 204
46 212
46 214
46 215
46 218
46 227
46 232
46 239
46 258
46 261
46 278
46 280
46 283
46 284
46 288
75 199
75 201
75 151
75 198
75 53
75 168
75 72
75 24
75 29
75 33
75 41
75 50
75 95
75 121
75 161
75 214
75 252
91 63
91 226
91 261
91 18
91 27
91 84
91 145
91 251
91 134
91 8
91 15
91 20
91 43
91 56
91 59
91 65
91 69
91 37
91 67
91 105
91 127
91 148
91 195
91 205
91 233
91 242
91 250
91 253
91 272
159 26
159 64
159 171
159 225
159 226
159 236
159 3
159 18
159 23
159 27
159 58
159 60
159 87
159 145
159 156
159 6
159 8
159 14
159 20
159 29
159 48
159 54
159 81
159 89
159 93
159 110
159 132
159 161
159 210
159 224
159 227
159 230
159 233
159 237
159 242
159 247
159 260
159 268
159 281
159 286
200 7
200 16
200 26
200 40
200 78
200 133
200 147
200 154
200 190
200 196
200 225
200 236
200 245
200 261
200 277
200 282
200 18
200 125
200 14
200 210
200 237
200 240
200 275
202 3
202 31
202 57
202 66
202 99
202 103
202 135
202 136
202 155
202 183
202 191
202 194
202 232
202 246
202 260
202 271
202 280
204 77
204 104
204 62
204 239
204 74
204 42
204 53
204 85
204 118
204 152
204 160
204 165
204 168
204 174
204 178
204 185
204 189
204 191
204 213
204 215
204 218
204 227
204 278
204 288
217 32
217 8
217 72
217 24
217 50
217 98
258 62
258 144
258 201
258 239
258 286
258 61
258 74
258 215
258 227
258 278
258 6
258 85
258 168
258 178
258 185
258 189
258 212
258 122
258 132
258 152
258 162
258 284
258 288
266 92
266 144
266 228
266 89
266 215
266 293
266 30
266 187
266 90
266 146
266 164
266 176
266 205
266 220
266 229
266 235
266 241
266 248
266 252
266 263
266 264
266 271
266 291
89 92
89 156
89 228
89 93
89 146
89 164
89 170
89 181
89 182
89 208
89 220
89 229
89 235
89 248
89 252
89 263
89 264
89 271
89 289
89 291
146 92
146 187
146 181
146 182
146 220
146 235
146 271
146 289
146 291
181 26
181 92
181 228
181 180
181 187
181 90
181 161
181 182
181 208
181 220
181 235
181 248
181 252
181 263
181 264
181 271
181 289
181 291
182 84
182 228
182 187
182 109
182 164
182 170
182 208
182 229
182 252
182 264
182 289
187 92
187 201
187 228
187 90
187 155
187 164
187 167
187 208
187 235
187 248
187 264
187 289
187 291
271 92
271 242
271 164
271 170
271 220
271 229
271 248
271 252
271 263
271 29
53 100
53 77
53 102
53 158
53 209
53 76
53 239
53 6
53 42
53 80
53 85
53 124
53 160
53 162
53 180
53 185
53 189
53 232
53 246
53 283
265 198
265 215
265 136
265 213
265 115
265 135
265 155
265 191
265 31
265 246
265 164
265 273
265 29
265 232
265 41
71 2
71 26
71 28
71 40
71 68
71 18
71 69
71 76
71 84
71 98
71 110
71 133
71 148
71 154
71 161
71 196
71 236
71 245
71 261
71 277
71 282
264 92
264 164
264 170
264 220
264 229
264 235
264 248
264 263
264 90
264 232
87 7
87 26
87 63
87 76
87 78
87 133
87 154
87 196
87 201
87 236
87 282
87 3
87 23
87 27
87 58
87 60
87 20
87 54
87 56
87 101
87 105
87 109
87 110
87 114
87 139
87 145
87 151
87 156
87 161
87 176
87 224
87 230
87 247
87 259
87 268
87 281
87 286
92 26
92 32
92 33
92 98
92 125
92 133
92 144
92 154
92 168
92 190
92 208
92 220
92 225
92 228
92 235
92 248
92 252
92 263
92 289
92 291
103 26
103 215
103 57
103 260
103 280
103 17
103 66
103 115
103 138
103 155
103 183
103 191
103 194
103 29
103 99
103 130
103 179
103 208
103 232
103 246
208 228
208 155
208 167
208 220
208 229
208 235
208 248
208 252
208 289
208 291
220 72
220 242
220 164
220 229
220 248
220 263
220 289
227 100
227 102
227 239
227 5
227 61
227 74
227 215
227 6
227 8
227 30
227 45
227 85
227 122
227 165
227 168
227 185
227 189
227 218
227 284
227 288
228 261
228 3
228 229
228 235
228 248
228 252
228 288
228 289
252 201
252 219
252 121
252 235
252 90
252 161
252 289
252 291
261 2
261 7
261 40
261 63
261 68
261 76
261 78
261 79
261 147
261 154
261 171
261 196
261 225
261 226
261 236
261 245
261 43
261 69
261 145
261 156
261 189
261 251
261 277
261 282
261 288
100 32
100 42
100 62
100 80
100 85
100 102
100 122
100 124
100 138
100 152
100 162
100 165
100 180
100 185
100 201
100 209
100 212
100 232
100 246
32 199
32 104
32 2
32 18
32 42
32 98
32 109
32 214
32 219
32 281
42 13
42 77
42 104
42 158
42 197
42 185
42 288
42 293
42 30
42 29
42 131
42 160
42 232
42 283
62 13
62 77
62 197
62 2
62 26
62 5
62 6
62 61
62 74
62 85
62 122
62 162
62 165
62 174
62 178
62 189
62 191
62 215
62 239
62 278
62 284
62 288
80 199
80 201
80 61
80 72
80 135
80 219
80 246
80 270
85 77
85 158
85 201
85 239
85 61
85 278
85 6
85 41
85 72
85 131
85 135
85 138
85 152
85 162
85 165
85 168
85 174
85 180
85 185
85 189
85 191
85 218
85 232
85 284
85 288
102 1
102 13
102 77
102 17
102 30
102 45
102 124
102 131
102 135
102 136
102 160
102 162
102 180
102 185
102 197
102 211
102 269
102 283
102 284
122 26
122 201
122 239
122 18
122 156
122 74
122 215
122 278
122 165
122 168
122 174
122 178
122 180
122 185
122 189
122 212
122 218
122 288
122 56
122 195
122 45
122 66
122 124
122 155
122 284
122 162
122 214
122 232
124 13
124 104
124 158
124 197
124 209
124 26
124 239
124 281
124 278
124 285
124 293
124 30
124 135
124 160
124 211
138 13
138 158
138 26
138 286
138 61
138 215
138 57
138 178
138 293
138 136
138 260
138 280
138 17
138 66
138 115
138 135
138 29
138 31
138 130
138 191
138 194
138 232
138 246
152 215
152 165
152 219
152 66
152 232
162 201
162 61
162 178
162 180
162 185
162 218
162 288
162 246
162 284
165 26
165 239
165 18
165 84
165 61
165 278
165 6
165 118
165 168
165 174
165 185
165 189
165 211
165 284
165 288
180 201
180 239
180 135
180 218
180 246
180 288
185 277
185 74
185 278
185 6
185 168
185 178
185 189
185 195
185 284
185 288
185 293
201 2
201 196
201 41
201 69
201 135
201 168
201 178
201 189
201 214
201 239
201 246
201 278
201 280
201 284
201 288
209 1
209 13
209 158
209 30
209 31
209 61
209 131
209 160
209 215
209 246
209 269
209 280
209 283
212 197
212 26
212 239
212 168
212 189
212 135
212 284
212 288
232 156
232 57
232 189
232 288
232 136
232 213
232 280
232 66
232 115
232 135
232 155
232 191
232 194
232 31
232 130
232 246
232 29
232 41
232 99
232 179
246 158
246 215
246 57
246 213
246 260
246 280
246 17
246 66
246 115
246 135
246 155
246 183
246 191
246 130
246 99
246 179
57 13
57 269
57 196
57 215
57 6
57 17
57 29
57 66
57 72
57 98
57 99
57 115
57 130
57 135
57 136
57 155
57 179
57 183
57 194
57 213
57 260
57 280
99 215
99 136
99 260
99 280
99 66
99 115
99 135
99 155
99 183
99 191
99 194
99 31
99 130
99 41
189 26
189 239
189 18
189 74
189 215
189 278
189 6
189 168
189 174
189 178
189 20
189 194
189 284
194 13
194 74
194 178
194 288
194 136
194 260
194 66
194 115
194 135
194 155
194 191
194 29
194 41
194 130
194 273
218 239
218 198
218 61
218 6
218 174
218 288
74 251
74 5
74 61
74 168
74 178
74 205
74 215
74 278
74 284
74 288
118 13
118 135
118 211
135 13
135 26
135 76
135 190
135 196
135 277
135 215
135 285
135 24
135 260
135 280
135 17
135 66
135 115
135 131
135 31
135 41
135 130
135 179
135 191
135 242
135 270
155 13
155 28
155 236
155 239
155 145
155 61
155 215
155 278
155 54
155 81
155 136
155 213
155 280
155 17
155 66
155 115
155 29
155 31
155 41
155 130
155 167
155 179
155 191
196 7
196 26
196 28
196 40
196 63
196 64
196 68
196 76
196 79
196 133
196 147
196 154
196 190
196 18
196 37
196 210
196 225
196 226
196 233
196 237
196 247
196 254
196 267
196 277
196 281
196 282
278 26
278 239
278 18
278 5
278 61
278 215
278 6
278 45
278 81
278 272
278 284
278 288
293 13
293 197
293 6
293 30
293 45
293 160
16 2
16 7
16 18
16 26
16 28
16 64
16 68
16 76
16 78
16 114
16 133
16 190
16 210
16 225
16 226
16 234
16 236
16 237
16 245
16 254
16 268
16 275
16 277
16 282
210 7
210 26
210 28
210 63
210 64
210 76
210 78
210 133
210 225
210 226
210 236
210 245
210 277
210 18
210 125
210 151
210 268
210 33
210 90
210 234
210 237
210 240
210 267
226 2
226 7
226 28
226 40
226 63
226 64
226 68
226 76
226 79
226 133
226 147
226 154
226 190
226 225
226 8
226 18
226 34
226 48
226 84
226 110
226 125
226 151
226 161
226 198
226 236
226 237
226 240
226 245
226 254
226 259
226 267
226 268
226 277
239 26
239 6
239 61
239 136
239 156
239 168
239 284
239 288
214 199
214 215
214 43
214 72
214 24
214 95
214 112
214 128
214 219
214 176
214 50
214 270
285 5
285 30
285 45
70 199
70 26
70 72
70 24
70 95
70 98
70 112
70 219
70 270
114 171
114 3
114 23
114 27
114 60
114 84
114 48
114 59
114 90
114 93
114 110
114 121
114 132
114 139
114 145
114 151
114 156
114 161
114 224
114 230
114 242
114 268
114 286
160 104
160 158
160 287
160 24
160 17
160 31
164 170
164 229
164 235
164 291
198 147
198 171
198 3
198 23
198 139
198 93
198 110
198 132
198 161
198 268
199 72
199 95
199 128
199 215
199 219
199 270
219 168
219 72
219 24
219 95
219 98
219 128
289 56
289 235
291 26
291 101
291 151
291 235
291 93
288 26
288 147
288 61
288 215
288 174
288 178
288 179
288 260
288 284
179 136
179 213
179 280
179 115
179 183
179 191
179 31
179 130
179 273
179 41
248 79
248 27
248 229
248 263
241 144
241 18
241 151
241 251
241 134
241 237
241 15
241 56
241 69
241 105
241 253
241 121
241 33
241 34
241 37
241 148
241 67
241 167
241 231
241 250
242 147
242 225
242 236
242 18
242 23
242 27
242 156
242 251
242 14
242 134
242 230
242 267
242 15
242 43
242 54
242 56
242 59
242 65
242 81
242 127
242 233
242 253
242 272
242 191
242 259
242 176
242 33
242 93
242 109
242 132
242 148
242 161
242 167
242 186
242 250
77 1
77 5
77 29
77 45
77 104
77 158
77 197
77 215
224 236
224 3
224 23
224 60
224 101
224 139
224 145
224 151
224 156
224 14
224 20
224 43
224 48
224 56
224 93
224 109
224 132
224 161
224 176
224 235
224 247
224 259
224 268
224 281
224 286
176 28
176 63
176 154
176 171
176 225
176 18
176 23
176 139
176 151
176 156
176 247
176 281
176 286
176 168
176 14
176 230
176 56
176 195
176 259
176 110
176 29
176 90
176 132
176 161
236 7
236 28
236 40
236 63
236 64
236 68
236 76
236 78
236 154
236 225
236 18
236 20
236 23
236 54
236 56
236 59
236 60
236 125
236 156
236 183
236 233
236 245
236 247
236 253
236 254
236 267
236 275
236 277
236 282
236 286
236 290
72 13
72 23
72 215
72 8
72 24
72 50
72 95
72 98
72 112
72 128
95 215
95 50
95 112
95 128
128 24
128 112
215 13
215 158
215 133
215 144
215 147
215 5
215 61
215 31
215 37
215 66
215 115
215 121
215 136
215 168
215 174
215 191
215 205
215 211
215 213
215 260
215 270
215 284
270 24
270 112
270 170
98 24
109 144
109 225
109 18
109 27
109 101
109 247
109 251
109 281
109 15
109 54
109 56
109 69
109 81
109 105
109 127
109 195
109 233
109 253
109 272
109 33
109 148
109 167
147 2
147 7
147 26
147 28
147 40
147 63
147 68
147 76
147 79
147 14
147 18
147 61
147 151
147 154
147 156
147 190
147 225
147 237
147 240
147 254
147 275
147 282
151 79
151 171
151 225
151 3
151 18
151 23
151 58
151 84
151 139
151 145
151 24
151 48
151 90
151 93
151 132
151 161
151 230
151 247
151 253
151 254
151 259
151 268
151 281
151 286
282 13
282 2
282 7
282 26
282 28
282 63
282 68
282 76
282 79
282 133
282 154
282 190
282 225
282 245
282 3
282 18
282 20
282 29
282 48
282 54
282 61
282 69
282 84
282 125
282 211
282 233
282 234
282 237
282 251
282 254
282 259
282 275
50 277
20 26
20 28
20 68
20 76
20 144
20 154
20 251
20 286
20 8
20 15
20 43
20 54
20 65
20 69
20 81
20 127
20 195
20 233
20 250
20 253
20 272
20 290
54 144
54 245
54 27
54 156
54 286
54 8
54 15
54 43
54 34
54 56
54 59
54 65
54 67
54 69
54 81
54 105
54 148
54 167
54 195
54 205
54 233
54 250
54 253
54 290
178 139
178 6
178 168
178 45
178 191
178 284
213 13
213 133
213 17
213 29
213 31
213 41
213 66
213 115
213 130
213 183
213 191
213 260
213 280
213 284
281 26
281 40
281 76
281 154
281 171
281 3
281 18
281 23
281 58
281 60
281 84
281 101
281 139
281 145
281 156
281 247
281 268
281 93
281 110
281 132
281 230
281 286
286 79
286 171
286 245
286 23
286 60
286 84
286 101
286 156
286 247
286 14
286 48
286 65
286 81
286 90
286 110
286 121
286 132
286 161
286 233
286 254
286 259
66 13
66 225
66 136
66 260
66 280
66 41
66 115
66 183
84 26
84 28
84 144
84 3
84 18
84 27
84 8
84 14
84 48
84 56
84 65
84 69
84 93
84 110
84 121
84 132
84 139
84 156
84 161
84 186
84 230
84 247
84 259
156 26
156 63
156 171
156 3
156 18
156 23
156 27
156 58
156 60
156 101
156 139
156 145
156 6
156 14
156 29
156 48
156 56
156 90
156 93
156 110
156 132
156 134
156 161
156 230
156 233
156 247
156 259
156 268
158 1
158 13
158 104
158 45
158 191
158 197
158 260
158 283
158 287
229 131
229 170
229 235
229 263
253 26
253 79
253 144
253 23
253 27
253 60
253 134
253 8
253 15
253 56
253 59
253 65
253 81
253 105
253 127
253 195
253 233
253 33
253 34
253 48
253 205
253 231
253 250
253 290
263 170
1 13
1 104
1 197
1 269
1 287
6 197
6 61
6 168
6 174
30 13
30 197
30 287
30 8
30 45
30 131
30 136
30 167
30 211
41 104
41 136
41 260
41 115
41 183
41 191
41 283
41 31
61 5
61 8
61 81
61 110
61 130
61 191
61 205
76 2
76 7
76 26
76 28
76 63
76 68
76 69
76 134
76 154
76 205
76 225
76 254
104 13
104 29
104 197
104 211
104 269
104 280
132 23
132 101
132 247
132 81
132 93
132 48
144 2
144 26
144 15
144 27
144 33
144 34
144 37
144 43
144 56
144 67
144 69
144 81
144 105
144 134
144 167
144 205
144 225
144 233
144 251
174 191
174 284
197 211
197 269
280 13
280 269
280 26
280 133
280 225
280 18
280 134
280 17
280 31
280 34
280 115
280 130
280 183
284 17
284 211
93 23
93 58
93 101
93 145
93 268
93 48
191 13
191 269
191 136
191 260
191 183
191 29
191 31
191 130
13 17
13 45
13 115
13 131
13 134
13 168
13 183
13 211
13 259
13 269
13 283
13 287
269 45
269 131
269 283
269 287
287 190
17 24
17 136
17 31
17 115
17 130
17 183
45 233
45 131
45 211
115 225
115 136
115 260
115 31
115 130
115 183
131 29
131 211
131 283
134 7
134 26
134 68
134 245
134 15
134 33
134 34
134 56
134 67
134 110
134 127
134 167
134 205
134 231
134 233
168 130
168 240
168 272
183 136
183 260
183 29
211 268
259 18
259 23
259 60
259 101
259 247
259 268
259 14
259 230
259 48
259 161
259 186
15 26
15 18
15 27
15 34
15 56
15 65
15 69
15 81
15 105
15 148
15 195
15 205
15 233
29 26
29 79
29 154
29 136
29 31
79 2
79 7
79 26
79 28
79 63
79 64
79 68
79 3
79 18
79 69
79 125
79 139
79 154
79 190
79 225
79 237
79 245
79 254
79 267
79 277
190 2
190 7
190 26
190 40
190 63
190 64
190 133
190 154
190 14
190 167
190 205
190 237
190 245
190 254
190 268
190 275
233 154
233 23
233 251
233 8
233 43
233 56
233 59
233 69
233 81
233 105
233 195
233 33
233 34
233 37
233 167
233 205
233 231
233 250
233 290
136 105
136 31
136 130
136 273
235 130
235 90
235 161
260 26
260 139
260 195
260 130
31 24
90 60
90 268
90 230
90 110
90 121
90 161
90 67
90 48
121 171
121 23
121 139
121 247
121 268
121 14
121 230
121 48
121 67
121 161
121 250
139 171
139 3
139 18
139 23
139 58
139 60
139 101
139 14
139 33
139 56
139 110
139 145
139 161
139 230
139 247
139 268
2 7
2 26
2 28
2 40
2 63
2 64
2 68
2 78
2 133
2 154
2 171
2 245
2 277
7 14
7 18
7 26
7 40
7 63
7 64
7 68
7 125
7 225
7 230
7 237
7 240
7 245
7 251
7 267
7 268
7 275
7 277
26 3
26 18
26 28
26 33
26 34
26 40
26 56
26 63
26 64
26 68
26 69
26 78
26 101
26 125
26 133
26 148
26 154
26 161
26 171
26 225
26 230
26 234
26 237
26 240
26 247
26 267
26 268
26 275
26 277
28 18
28 63
28 64
28 68
28 78
28 125
28 133
28 154
28 225
28 234
28 237
28 254
40 63
40 64
40 78
40 125
40 154
40 225
40 237
40 240
40 254
40 275
40 277
63 18
63 56
63 64
63 68
63 125
63 154
63 237
63 267
63 275
63 277
64 18
64 68
64 78
64 125
64 133
64 225
64 237
64 240
64 267
64 275
64 277
68 18
68 78
68 125
68 133
68 154
68 225
68 237
68 245
68 254
68 268
68 275
68 277
78 18
78 34
78 125
78 133
78 225
78 234
78 237
78 240
78 267
78 275
78 277
133 18
133 33
133 34
133 125
133 148
133 225
133 234
133 237
133 240
133 267
133 275
154 18
154 37
154 69
154 101
154 125
154 225
154 237
154 254
154 267
171 3
171 8
171 14
171 23
171 48
171 58
171 60
171 101
171 110
171 161
171 225
171 230
171 268
245 225
245 34
245 43
245 81
245 110
245 125
245 167
245 237
245 254
245 277
277 225
277 59
277 125
277 234
277 237
277 240
277 251
277 254
277 267
277 268
277 275
14 60
14 101
14 268
14 110
14 237
18 3
18 8
18 33
18 59
18 69
18 101
18 105
18 125
18 234
18 237
18 247
18 267
18 268
18 275
125 3
125 81
125 234
125 237
125 240
125 254
125 275
225 23
225 65
225 81
225 205
225 234
225 237
225 240
225 251
225 254
225 267
225 268
230 23
230 60
230 101
230 247
230 251
230 48
230 161
230 237
237 27
237 234
237 205
237 240
237 254
237 267
237 275
240 130
240 267
251 3
251 8
251 33
251 34
251 56
251 65
251 67
251 69
251 81
251 105
251 110
251 148
251 167
251 195
251 205
251 231
251 290
267 275
268 3
268 27
268 58
268 60
268 101
268 145
268 247
268 105
268 110
268 148
268 161
268 275
275 234
275 254
275 56
275 148
234 273
254 43
254 105
3 23
3 27
3 60
3 101
3 145
3 247
33 27
33 43
33 56
33 69
33 81
33 195
33 37
33 67
33 148
33 167
33 205
34 23
34 27
34 56
34 59
34 81
34 127
34 37
34 67
34 167
34 205
34 231
34 250
56 23
56 27
56 8
56 43
56 37
56 59
56 65
56 67
56 69
56 81
56 105
56 127
56 148
56 167
56 195
56 205
56 231
56 250
56 272
56 290
69 27
69 8
69 43
69 59
69 65
69 67
69 81
69 105
69 148
69 195
69 205
69 231
69 290
101 23
101 27
101 48
101 145
101 161
101 247
148 59
148 65
148 81
148 105
148 127
148 195
148 272
148 37
148 205
161 27
161 60
161 247
161 81
161 110
161 48
247 58
247 60
81 23
81 27
81 8
81 43
81 67
81 105
81 127
81 167
81 205
81 231
250 43
250 105
250 127
250 37
250 205
250 67
250 167
250 231
110 43
110 272
110 186
205 27
205 59
205 65
205 105
205 195
205 272
205 290
205 37
205 67
205 167
23 8
23 27
23 43
23 58
23 59
23 60
23 145
23 290
27 37
27 43
27 59
27 65
27 67
27 105
27 127
27 145
27 167
27 186
27 272
27 290
60 58
60 59
37 67
43 8
43 59
43 65
43 67
43 105
43 195
43 272
43 290
67 127
67 272
67 290
67 167
67 231
105 8
105 167
105 195
105 231
105 272
167 195
8 59
8 127
8 195
8 290
58 24
24 112
24 273
65 59
65 127
65 195
65 272
65 290
59 127
59 195
59 272
290 195
290 272
127 195
127 231
127 272
272 195
130 273
