0 11
0 57
0 98
0 137
11 57
11 98
11 178
57 98
57 178
98 137
137 34
137 178
34 315
1 83
1 86
1 204
1 286
1 311
83 68
83 39
83 54
83 55
83 86
83 92
83 176
83 204
83 205
83 225
83 311
83 391
86 68
86 286
86 311
204 88
204 50
204 143
204 252
204 316
204 375
204 387
286 311
311 68
68 15
68 225
68 391
15 76
15 172
15 27
15 39
15 54
15 55
15 89
15 105
15 129
15 155
15 171
15 176
15 188
15 196
15 225
15 266
15 325
15 327
15 355
225 341
225 39
225 54
225 55
225 89
225 171
225 173
225 176
225 188
225 205
225 116
225 325
225 355
225 391
391 205
391 30
391 382
391 92
39 76
39 172
39 30
39 54
39 89
39 105
39 129
39 155
39 171
39 175
39 176
39 188
39 196
39 205
39 325
54 27
54 55
54 89
54 176
54 188
54 205
54 355
55 341
55 92
55 116
55 205
92 382
92 182
92 251
176 76
176 89
176 105
176 129
176 155
176 171
176 175
176 30
176 188
176 196
176 205
176 327
205 27
205 173
205 30
205 70
205 132
205 243
88 50
88 143
88 252
88 316
88 387
88 395
50 328
50 350
50 143
50 154
50 221
50 252
50 260
50 316
50 375
50 387
50 395
143 260
143 387
143 395
252 328
252 154
252 260
252 316
252 387
316 328
316 350
316 154
316 221
316 260
316 375
316 387
387 328
387 260
387 375
387 395
395 260
395 375
375 328
375 260
2 28
2 33
2 79
2 109
2 123
2 150
2 160
2 177
2 198
2 234
2 259
2 288
2 331
2 336
2 348
2 356
2 367
2 376
2 388
28 33
28 74
28 79
28 109
28 123
28 131
28 149
28 150
28 160
28 166
28 198
28 259
28 283
28 288
28 336
28 348
28 356
28 367
28 376
33 79
33 109
33 123
33 131
33 149
33 150
33 160
33 166
33 177
33 198
33 218
33 259
33 283
33 288
33 331
33 336
33 348
33 356
33 363
33 367
33 376
33 388
33 390
79 74
79 109
79 123
79 131
79 149
79 150
79 160
79 166
79 177
79 234
79 259
79 283
79 288
79 336
79 348
79 356
79 367
109 74
109 149
109 160
109 166
109 177
109 234
109 259
109 283
109 288
109 331
109 348
109 356
109 363
109 367
109 376
123 131
123 149
123 177
123 198
123 234
123 259
123 288
123 331
123 336
123 348
123 356
123 367
123 388
150 131
150 74
150 149
150 160
150 177
150 234
150 259
150 283
150 288
150 331
150 336
150 348
150 356
150 367
150 376
150 388
160 131
160 74
160 149
160 166
160 177
160 198
160 234
160 259
160 283
160 288
160 331
160 336
160 348
160 356
160 367
160 376
160 388
177 131
177 74
177 198
177 234
177 288
177 331
177 348
177 356
177 376
198 131
198 166
198 74
198 149
198 234
198 259
198 331
198 336
198 348
198 367
198 376
198 388
234 131
234 166
234 74
234 149
234 259
234 283
234 288
234 331
234 336
234 348
234 367
234 376
234 388
259 131
259 74
259 149
259 283
259 331
259 336
259 356
259 363
259 367
259 376
259 388
288 131
288 166
288 74
288 149
288 283
288 331
288 348
288 356
288 367
288 376
288 388
331 166
331 74
331 149
331 283
331 336
331 348
331 356
331 376
331 388
336 131
336 74
336 149
336 348
336 356
336 363
336 367
336 376
336 388
348 131
348 74
348 283
348 356
348 367
348 376
348 388
356 131
356 166
356 74
356 149
356 218
356 363
356 367
356 376
356 388
367 131
367 166
367 74
367 149
367 283
367 388
376 131
376 166
376 74
376 149
388 74
388 149
388 283
74 131
74 166
74 149
74 283
131 149
131 166
131 283
131 363
131 390
149 166
149 283
283 218
283 340
283 248
283 339
283 363
218 22
218 151
218 24
218 70
218 100
218 104
218 132
218 142
218 212
218 232
218 240
218 265
218 267
218 279
218 323
218 340
218 363
218 381
218 383
218 390
363 151
363 187
363 233
363 265
363 383
363 142
363 212
363 279
363 381
363 390
363 70
363 104
363 267
363 317
390 151
390 187
390 383
390 24
390 212
390 232
390 279
390 340
390 381
390 100
390 104
390 130
390 267
390 323
3 114
3 193
3 236
3 308
114 12
114 18
114 58
114 62
114 67
114 99
114 112
114 115
114 119
114 120
114 124
114 126
114 179
114 193
114 194
114 222
114 227
114 231
114 243
114 264
114 269
114 308
114 314
114 318
114 354
114 372
114 393
193 12
193 13
193 18
193 46
193 56
193 58
193 62
193 67
193 112
193 115
193 119
193 120
193 126
193 167
193 179
193 194
193 222
193 227
193 231
193 236
193 243
193 264
193 266
193 269
193 308
193 314
193 354
193 393
193 397
236 12
236 13
236 18
236 56
236 62
236 67
236 99
236 115
236 119
236 120
236 124
236 167
236 170
236 194
236 227
236 231
236 243
236 266
236 269
236 308
236 314
236 372
236 393
236 397
308 18
308 67
308 112
308 119
308 124
308 156
308 170
308 183
308 227
308 372
308 393
12 13
12 56
12 58
12 62
12 99
12 167
12 168
12 170
12 179
12 189
12 194
12 269
12 318
12 397
18 393
18 266
18 67
18 115
18 119
18 120
18 124
18 126
18 222
18 227
18 231
18 243
18 264
18 314
18 354
18 372
58 56
58 61
58 99
58 112
58 167
58 194
58 226
58 269
58 318
58 335
58 397
62 13
62 56
62 99
62 167
62 170
62 179
62 269
62 318
62 397
67 393
67 112
67 119
67 124
67 227
67 372
99 13
99 56
99 112
99 167
99 170
99 194
99 269
99 318
99 397
112 13
112 56
112 46
112 115
112 119
112 120
112 124
112 126
112 167
112 170
112 179
112 194
112 222
112 227
112 243
112 266
112 269
112 314
112 318
112 372
112 397
115 46
115 120
115 126
115 222
115 231
115 243
115 314
119 393
119 124
119 227
119 264
119 372
120 266
120 126
120 222
120 231
120 243
120 264
120 314
120 354
124 227
124 264
124 372
126 46
126 222
126 243
126 264
126 314
126 354
179 73
179 210
179 56
179 170
179 23
179 53
179 82
179 116
179 146
179 269
179 287
179 341
179 343
179 397
194 13
194 56
194 170
194 269
194 318
194 397
222 266
222 46
222 231
222 243
222 264
222 314
222 354
227 393
227 372
231 266
231 46
231 243
231 264
231 314
231 354
243 173
243 266
243 46
243 264
243 314
243 354
264 393
264 266
264 46
264 314
264 354
264 372
269 56
269 167
269 170
269 189
269 397
314 266
314 46
314 354
318 56
318 167
318 170
318 397
354 266
354 46
372 393
13 56
13 167
46 266
56 167
56 170
56 189
56 397
167 170
167 189
167 397
397 170
397 189
170 145
170 183
170 189
170 300
156 31
156 63
156 215
156 347
156 386
156 399
183 140
183 180
183 207
183 145
183 41
4 31
4 36
4 63
4 128
4 148
4 165
4 224
4 359
4 368
4 379
31 63
31 215
31 333
31 386
31 399
36 8
36 9
36 21
36 29
36 35
36 37
36 42
36 48
36 49
36 66
36 77
36 78
36 81
36 87
36 91
36 108
36 134
36 152
36 153
36 165
36 206
36 209
36 211
36 217
36 219
36 224
36 238
36 244
36 246
36 247
36 249
36 258
36 263
36 270
36 272
36 278
36 281
36 282
36 290
36 294
36 295
36 299
36 301
36 303
36 322
36 332
36 338
36 344
36 358
36 359
36 360
36 361
36 362
36 368
36 374
36 377
36 389
36 392
36 400
63 333
63 347
63 368
63 386
63 399
128 368
148 44
148 152
148 244
148 247
148 249
148 258
148 290
148 332
148 377
165 8
165 21
165 44
165 48
165 65
165 78
165 81
165 87
165 107
165 152
165 217
165 224
165 238
165 244
165 247
165 249
165 250
165 270
165 281
165 282
165 290
165 294
165 303
165 306
165 332
165 338
165 344
165 358
165 359
165 360
165 377
165 400
224 8
224 29
224 35
224 44
224 65
224 78
224 87
224 152
224 206
224 217
224 219
224 238
224 249
224 250
224 270
224 281
224 282
224 290
224 294
224 299
224 301
224 303
224 332
224 344
224 350
224 358
224 359
224 373
224 379
224 400
359 8
359 9
359 21
359 29
359 37
359 42
359 44
359 47
359 48
359 65
359 66
359 69
359 78
359 87
359 91
359 93
359 96
359 107
359 108
359 113
359 121
359 122
359 127
359 134
359 138
359 139
359 141
359 153
359 162
359 206
359 211
359 219
359 229
359 238
359 244
359 246
359 247
359 249
359 250
359 258
359 263
359 270
359 272
359 273
359 278
359 281
359 290
359 293
359 294
359 295
359 303
359 306
359 322
359 334
359 338
359 344
359 350
359 358
359 360
359 361
359 364
359 374
359 377
359 379
359 400
368 297
379 8
379 9
379 16
379 19
379 21
379 29
379 35
379 37
379 44
379 47
379 48
379 49
379 66
379 69
379 78
379 81
379 91
379 93
379 107
379 108
379 113
379 121
379 134
379 138
379 139
379 141
379 152
379 153
379 162
379 217
379 219
379 229
379 238
379 239
379 244
379 246
379 247
379 258
379 270
379 272
379 273
379 278
379 282
379 290
379 293
379 294
379 295
379 296
379 301
379 303
379 322
379 338
379 344
379 350
379 358
379 361
379 362
379 374
379 377
379 380
379 389
379 400
215 347
215 386
215 399
333 386
333 399
386 347
386 399
399 347
8 37
8 306
8 19
8 29
8 35
8 42
8 44
8 48
8 65
8 66
8 78
8 81
8 87
8 91
8 107
8 108
8 113
8 121
8 138
8 162
8 206
8 217
8 219
8 229
8 239
8 244
8 246
8 247
8 249
8 250
8 258
8 270
8 273
8 276
8 278
8 290
8 294
8 301
8 322
8 332
8 338
8 344
8 358
8 362
8 377
8 389
9 306
9 35
9 290
9 344
9 362
9 377
9 47
9 134
9 141
9 152
9 153
9 211
9 374
21 37
21 306
21 29
21 42
21 44
21 48
21 66
21 77
21 78
21 81
21 87
21 91
21 93
21 96
21 107
21 108
21 145
21 152
21 162
21 219
21 229
21 238
21 239
21 244
21 247
21 249
21 250
21 258
21 263
21 272
21 273
21 278
21 293
21 294
21 301
21 303
21 332
21 334
21 344
21 360
21 361
21 377
21 389
21 400
29 37
29 306
29 42
29 48
29 66
29 78
29 81
29 87
29 91
29 96
29 107
29 113
29 121
29 138
29 162
29 206
29 217
29 219
29 244
29 250
29 258
29 263
29 270
29 272
29 273
29 276
29 278
29 290
29 293
29 294
29 297
29 301
29 303
29 322
29 332
29 334
29 338
29 358
29 360
29 361
29 377
35 306
35 16
35 47
35 69
35 80
35 118
35 127
35 134
35 141
35 152
35 153
35 184
35 209
35 211
35 214
35 246
35 257
35 270
35 290
35 294
35 295
35 296
35 346
35 350
35 362
35 364
35 374
35 380
35 384
35 392
37 6
37 42
37 49
37 78
37 81
37 87
37 91
37 96
37 107
37 113
37 121
37 138
37 217
37 219
37 229
37 238
37 239
37 244
37 247
37 272
37 273
37 276
37 293
37 294
37 301
37 306
37 322
37 332
37 338
37 358
37 360
37 361
37 377
37 389
42 19
42 44
42 48
42 49
42 65
42 66
42 77
42 78
42 81
42 93
42 107
42 108
42 113
42 121
42 138
42 162
42 206
42 217
42 219
42 229
42 239
42 244
42 247
42 249
42 250
42 263
42 270
42 272
42 273
42 276
42 278
42 293
42 294
42 297
42 301
42 303
42 322
42 332
42 334
42 338
42 358
42 360
42 361
42 377
42 389
42 400
48 306
48 19
48 44
48 49
48 65
48 78
48 91
48 93
48 96
48 107
48 113
48 138
48 144
48 162
48 206
48 217
48 219
48 228
48 229
48 238
48 239
48 244
48 247
48 249
48 250
48 258
48 272
48 273
48 276
48 278
48 281
48 290
48 293
48 294
48 301
48 303
48 309
48 312
48 322
48 332
48 334
48 338
48 358
48 360
48 361
48 377
48 389
49 78
49 81
49 87
49 96
49 107
49 108
49 113
49 138
49 206
49 217
49 219
49 229
49 239
49 244
49 247
49 272
49 276
49 278
49 293
49 301
49 332
49 334
49 358
49 360
49 361
49 377
49 389
66 19
66 44
66 77
66 78
66 81
66 87
66 91
66 93
66 96
66 108
66 113
66 121
66 122
66 138
66 139
66 162
66 206
66 217
66 219
66 229
66 238
66 239
66 247
66 249
66 250
66 258
66 263
66 270
66 272
66 273
66 276
66 278
66 301
66 303
66 334
66 338
66 344
66 358
66 361
66 389
66 400
77 306
77 19
77 44
77 81
77 87
77 91
77 93
77 107
77 108
77 121
77 217
77 219
77 247
77 258
77 273
77 278
77 293
77 294
77 322
77 334
77 338
77 358
77 361
77 377
78 306
78 19
78 44
78 65
78 32
78 43
78 60
78 81
78 87
78 91
78 93
78 96
78 103
78 107
78 108
78 113
78 121
78 138
78 139
78 147
78 152
78 157
78 162
78 200
78 203
78 206
78 216
78 217
78 228
78 229
78 238
78 242
78 244
78 247
78 249
78 250
78 255
78 256
78 258
78 261
78 263
78 270
78 272
78 273
78 274
78 276
78 278
78 281
78 289
78 290
78 293
78 294
78 303
78 304
78 305
78 309
78 312
78 313
78 322
78 332
78 334
78 338
78 344
78 350
78 361
78 366
78 373
78 377
78 378
78 389
78 400
81 306
81 44
81 16
81 87
81 91
81 93
81 96
81 107
81 121
81 139
81 152
81 162
81 206
81 217
81 219
81 229
81 238
81 239
81 244
81 247
81 249
81 250
81 258
81 263
81 272
81 273
81 276
81 278
81 293
81 294
81 297
81 301
81 303
81 322
81 332
81 334
81 338
81 344
81 358
81 360
81 361
81 377
81 389
87 306
87 19
87 44
87 65
87 93
87 96
87 107
87 108
87 121
87 138
87 139
87 152
87 162
87 206
87 217
87 244
87 247
87 249
87 258
87 263
87 272
87 273
87 278
87 281
87 290
87 294
87 297
87 301
87 303
87 305
87 322
87 332
87 338
87 358
87 360
87 377
87 389
87 400
91 306
91 19
91 44
91 65
91 93
91 96
91 103
91 108
91 121
91 138
91 144
91 217
91 229
91 238
91 239
91 242
91 247
91 249
91 250
91 263
91 270
91 272
91 273
91 276
91 281
91 290
91 293
91 294
91 297
91 301
91 303
91 322
91 332
91 334
91 338
91 358
91 360
91 361
91 377
91 389
91 400
108 19
108 44
108 96
108 107
108 93
108 113
108 121
108 138
108 162
108 206
108 217
108 219
108 229
108 238
108 239
108 244
108 249
108 250
108 258
108 263
108 270
108 272
108 276
108 278
108 293
108 294
108 303
108 322
108 332
108 338
108 360
108 361
108 377
108 389
108 400
134 344
134 362
134 69
134 80
134 127
134 153
134 209
134 211
134 214
134 257
134 295
134 346
134 374
134 380
134 392
152 44
152 107
152 121
152 244
152 246
152 250
152 290
152 294
152 301
152 303
152 344
152 358
152 362
152 16
152 47
152 141
152 69
152 80
152 144
152 147
152 153
152 209
152 211
152 257
152 281
152 295
152 299
152 309
152 346
152 350
152 364
152 373
152 374
152 380
152 384
152 392
152 400
153 306
153 246
153 290
153 344
153 362
153 16
153 47
153 141
153 69
153 80
153 118
153 211
153 214
153 257
153 295
153 296
153 350
153 364
153 374
153 384
153 392
206 19
206 44
206 65
206 107
206 121
206 138
206 43
206 60
206 93
206 217
206 219
206 229
206 238
206 239
206 242
206 244
206 249
206 250
206 263
206 270
206 272
206 273
206 276
206 278
206 281
206 290
206 293
206 294
206 297
206 301
206 303
206 305
206 309
206 322
206 332
206 334
206 338
206 358
206 361
206 373
206 389
206 400
209 246
209 344
209 362
209 16
209 47
209 211
209 374
209 69
209 118
209 127
209 80
209 214
209 257
209 295
209 296
209 346
209 380
209 384
209 392
211 246
211 290
211 344
211 362
211 16
211 47
211 69
211 80
211 118
211 127
211 257
211 295
211 346
211 350
211 374
211 380
211 384
211 392
217 306
217 44
217 65
217 107
217 113
217 138
217 162
217 93
217 219
217 229
217 238
217 239
217 244
217 247
217 249
217 250
217 263
217 270
217 272
217 273
217 278
217 290
217 301
217 303
217 322
217 332
217 334
217 338
217 360
217 377
217 389
217 400
219 44
219 107
219 113
219 121
219 138
219 162
219 60
219 93
219 122
219 203
219 228
219 229
219 239
219 244
219 247
219 250
219 256
219 258
219 263
219 272
219 273
219 276
219 278
219 289
219 293
219 294
219 303
219 322
219 332
219 334
219 358
219 360
219 361
219 377
219 389
238 306
238 19
238 44
238 96
238 107
238 121
238 229
238 122
238 242
238 244
238 247
238 249
238 258
238 263
238 270
238 272
238 273
238 278
238 281
238 290
238 293
238 294
238 301
238 303
238 332
238 338
238 344
238 350
238 358
238 360
238 361
238 377
238 389
238 400
244 19
244 44
244 96
244 107
244 113
244 121
244 139
244 162
244 229
244 239
244 60
244 93
244 122
244 144
244 200
244 228
244 242
244 247
244 258
244 263
244 272
244 273
244 276
244 278
244 281
244 289
244 290
244 293
244 294
244 301
244 303
244 305
244 322
244 332
244 334
244 338
244 358
244 360
244 361
244 377
244 389
244 400
246 306
246 16
246 47
246 69
246 80
246 141
246 184
246 214
246 257
246 281
246 290
246 294
246 299
246 346
246 350
246 361
246 362
246 374
246 380
246 384
246 392
247 19
247 44
247 65
247 96
247 107
247 113
247 121
247 138
247 139
247 162
247 239
247 93
247 122
247 249
247 258
247 263
247 273
247 276
247 278
247 290
247 293
247 294
247 297
247 301
247 303
247 305
247 322
247 332
247 334
247 338
247 358
247 360
247 361
247 377
247 389
247 400
249 44
249 96
249 107
249 162
249 32
249 93
249 200
249 242
249 250
249 258
249 263
249 270
249 272
249 273
249 278
249 281
249 290
249 301
249 303
249 322
249 334
249 338
249 344
249 358
249 360
249 361
249 366
249 373
249 377
249 389
249 400
258 306
258 19
258 44
258 65
258 96
258 107
258 121
258 250
258 93
258 276
258 278
258 293
258 294
258 301
258 322
258 332
258 338
258 361
258 377
263 19
263 65
263 107
263 121
263 162
263 229
263 239
263 250
263 272
263 276
263 278
263 290
263 294
263 301
263 303
263 322
263 332
263 334
263 338
263 360
263 361
263 377
263 389
263 400
270 306
270 44
270 107
270 121
270 139
270 250
270 16
270 272
270 290
270 293
270 294
270 297
270 303
270 332
270 334
270 338
270 344
270 358
270 360
270 377
270 400
272 306
272 19
272 65
272 107
272 113
272 121
272 138
272 229
272 239
272 250
272 43
272 60
272 93
272 103
272 122
272 147
272 157
272 200
272 203
272 228
272 242
272 255
272 273
272 276
272 278
272 281
272 289
272 290
272 293
272 294
272 301
272 303
272 305
272 309
272 312
272 313
272 322
272 332
272 338
272 358
272 360
272 361
272 366
272 377
272 378
272 389
278 19
278 44
278 65
278 96
278 107
278 121
278 250
278 273
278 43
278 93
278 144
278 203
278 281
278 293
278 294
278 297
278 299
278 301
278 303
278 312
278 332
278 334
278 338
278 344
278 358
278 361
278 373
278 377
278 389
278 400
281 19
281 44
281 65
281 107
281 121
281 290
281 303
281 332
281 338
281 344
281 358
281 299
281 350
281 32
281 43
281 45
281 60
281 103
281 122
281 144
281 157
281 228
281 242
281 255
281 289
281 304
281 305
281 309
281 312
281 366
281 373
281 400
282 306
282 297
282 303
290 19
290 44
290 65
290 107
290 121
290 47
290 118
290 141
290 297
290 301
290 303
290 305
290 332
290 338
290 344
290 350
290 362
290 373
290 374
290 377
290 400
294 306
294 107
294 121
294 239
294 250
294 293
294 301
294 303
294 322
294 332
294 334
294 338
294 358
294 361
294 377
294 400
295 344
295 362
295 16
295 47
295 141
295 374
295 69
295 118
295 127
295 257
295 80
295 214
295 296
295 299
295 346
295 350
295 364
295 380
295 384
299 344
299 16
299 374
299 144
299 147
299 203
299 242
299 309
299 350
299 378
301 306
301 19
301 44
301 65
301 96
301 107
301 113
301 121
301 138
301 162
301 229
301 239
301 250
301 273
301 276
301 293
301 93
301 322
301 332
301 338
301 344
301 358
301 360
301 361
301 377
301 389
301 400
303 306
303 19
303 44
303 96
303 107
303 121
303 162
303 229
303 250
303 293
303 32
303 43
303 60
303 93
303 122
303 144
303 147
303 157
303 203
303 216
303 242
303 261
303 289
303 305
303 309
303 322
303 332
303 338
303 344
303 358
303 361
303 377
303 389
303 400
322 306
322 65
322 96
322 107
322 113
322 121
322 138
322 229
322 239
322 250
322 276
322 60
322 93
322 157
322 332
322 358
322 360
322 361
322 389
322 400
332 306
332 19
332 44
332 65
332 96
332 107
332 113
332 121
332 229
332 239
332 250
332 273
332 276
332 293
332 93
332 144
332 305
332 334
332 358
332 360
332 361
332 373
332 377
332 389
332 400
338 19
338 44
338 65
338 96
338 107
338 113
338 121
338 138
338 162
338 229
338 239
338 250
338 273
338 276
338 293
338 297
338 334
338 60
338 93
338 309
338 312
338 344
338 358
338 360
338 361
338 373
338 377
338 389
338 400
344 306
344 44
344 121
344 250
344 69
344 118
344 127
344 141
344 257
344 346
344 350
344 358
344 361
344 362
344 374
344 377
344 380
344 384
358 306
358 19
358 44
358 65
358 96
358 121
358 138
358 229
358 250
358 293
358 297
358 32
358 43
358 144
358 305
358 360
358 361
358 373
358 377
358 400
360 19
360 65
360 107
360 113
360 121
360 138
360 229
360 239
360 250
360 276
360 334
360 361
360 377
361 44
361 65
361 96
361 107
361 113
361 121
361 138
361 162
361 229
361 239
361 250
361 273
361 276
361 293
361 334
361 93
361 242
361 377
361 389
361 400
362 16
362 47
362 69
362 80
362 118
362 127
362 141
362 214
362 257
362 346
362 350
362 374
362 380
362 384
362 392
374 16
374 47
374 141
374 69
374 80
374 118
374 127
374 257
374 346
374 350
374 392
377 306
377 44
377 65
377 107
377 121
377 138
377 139
377 162
377 229
377 273
377 276
377 334
377 400
389 19
389 65
389 107
389 113
389 121
389 138
389 162
389 229
389 239
389 250
389 276
389 293
389 93
392 16
392 47
392 141
392 69
392 118
392 127
392 257
392 350
392 380
392 80
392 214
392 296
392 346
400 19
400 65
400 96
400 107
400 121
400 162
400 309
400 32
400 60
400 103
400 144
400 147
400 305
400 312
400 373
44 19
44 43
44 65
44 93
44 96
44 107
44 121
44 122
44 138
44 157
44 162
44 200
44 250
44 273
44 297
44 305
44 309
44 334
65 96
65 107
65 121
65 229
65 273
65 293
65 305
65 309
65 334
107 306
107 19
107 96
107 93
107 113
107 121
107 138
107 162
107 229
107 239
107 250
107 273
107 276
107 293
107 297
107 305
250 306
250 19
250 96
250 113
250 121
250 162
250 229
250 239
250 43
250 60
250 93
250 122
250 157
250 200
250 203
250 216
250 256
250 276
250 293
250 297
250 312
250 334
306 6
306 16
306 121
306 138
306 273
306 293
306 296
306 297
350 328
350 16
350 47
350 141
350 69
350 257
350 346
350 384
373 309
373 93
373 43
373 147
373 203
373 378
47 16
47 69
47 118
47 127
47 214
47 257
47 296
47 346
47 380
47 384
69 16
69 80
69 118
69 127
69 214
69 257
69 346
69 380
69 384
93 121
93 162
93 229
93 273
93 293
93 297
93 334
93 122
93 157
93 200
93 216
93 256
93 312
93 313
96 19
96 43
96 121
96 138
96 216
96 228
96 229
96 239
96 273
96 276
96 293
96 312
96 334
113 138
113 229
113 239
113 273
113 276
113 293
121 144
121 162
121 229
121 239
121 242
121 273
121 293
121 297
121 305
122 60
122 203
122 312
122 313
127 16
127 118
127 380
127 384
138 229
138 239
138 334
139 162
141 16
141 118
141 214
141 257
141 380
141 384
162 273
162 297
162 334
229 276
229 293
273 239
273 293
273 305
273 334
293 19
293 239
293 334
334 19
334 239
334 276
364 80
16 118
16 257
16 380
19 309
239 276
296 118
380 257
380 80
380 214
380 346
380 384
5 230
5 285
5 353
230 353
285 353
353 164
164 140
164 180
164 207
7 163
7 328
163 101
163 195
328 154
328 221
328 260
101 195
221 75
221 280
309 32
309 60
309 103
309 147
309 157
309 200
309 203
309 228
309 242
309 289
309 304
309 312
309 366
309 378
145 207
145 41
145 174
145 300
80 118
80 184
80 214
80 346
80 384
118 214
118 257
118 346
118 384
214 257
257 346
43 32
43 45
43 60
43 85
43 144
43 147
43 157
43 200
43 203
43 216
43 228
43 242
43 255
43 274
43 289
43 300
43 304
43 312
43 313
43 366
43 378
157 32
157 60
157 147
157 84
157 85
157 200
157 216
157 228
157 255
157 274
157 304
157 312
157 313
200 32
200 60
200 144
200 147
200 85
200 203
200 228
200 255
200 274
200 300
200 304
200 312
200 366
200 378
144 32
144 60
144 103
144 147
144 203
144 228
144 242
144 255
144 289
144 304
144 366
144 378
228 32
228 147
228 203
228 216
228 274
228 304
228 312
312 32
312 60
312 103
312 147
312 203
312 255
312 289
312 304
312 45
312 84
312 85
312 274
312 300
312 313
312 366
32 103
32 147
32 203
32 242
32 255
32 289
32 304
32 366
32 378
60 45
60 84
60 147
60 191
60 203
60 216
60 255
60 256
60 274
60 289
60 292
60 300
60 304
60 313
60 366
103 255
147 45
147 255
147 289
147 300
147 304
147 366
203 85
203 216
203 255
203 289
203 300
203 304
203 366
203 378
216 304
216 85
216 84
216 261
216 274
216 275
216 300
216 313
255 289
255 304
255 378
256 313
256 191
261 275
261 349
274 304
274 85
274 84
274 251
274 300
274 313
289 45
289 366
289 378
304 84
304 85
304 292
304 300
304 313
304 378
313 300
313 84
313 191
313 292
366 45
366 378
223 207
223 271
207 20
207 180
207 307
207 324
207 357
271 241
10 73
10 76
10 158
10 172
10 185
10 210
10 245
10 342
73 76
73 158
73 172
73 210
73 245
76 89
76 105
76 129
76 158
76 171
76 172
76 175
76 185
76 188
76 196
76 210
76 245
76 325
76 342
158 172
158 192
158 210
158 245
158 342
172 27
172 89
172 105
172 129
172 155
172 171
172 175
172 185
172 188
172 196
172 210
172 245
172 325
172 327
172 342
185 210
185 245
185 342
210 192
210 129
210 245
210 342
245 342
342 192
342 129
89 27
89 30
89 155
89 173
89 175
89 188
89 196
89 325
89 355
105 27
105 129
105 155
105 171
105 188
105 196
105 325
105 327
129 27
129 171
129 188
129 196
129 325
129 327
171 27
171 155
171 175
171 188
171 196
171 325
171 327
175 27
175 155
175 188
175 196
175 325
175 327
188 27
188 155
188 196
188 325
188 327
196 27
196 325
196 327
325 27
325 155
325 327
27 155
155 327
61 72
61 226
61 335
226 335
300 180
300 85
300 292
23 52
23 53
23 71
23 287
23 343
23 82
53 14
53 52
53 25
53 40
53 71
53 82
53 97
53 106
53 116
53 125
53 146
53 235
53 248
53 284
53 287
53 319
53 321
53 337
53 343
53 371
82 52
82 71
82 125
82 146
82 287
82 343
82 116
116 71
116 125
116 146
116 287
116 341
116 17
116 106
116 133
116 208
116 220
116 235
116 248
116 254
116 284
116 298
116 320
116 339
146 52
146 287
146 343
287 14
287 71
287 125
287 341
287 343
341 14
341 52
341 71
341 25
341 40
341 59
341 106
341 133
341 173
341 235
341 237
341 343
341 352
341 371
343 14
343 52
343 71
343 125
343 25
343 40
343 59
343 106
343 133
343 235
343 319
343 324
343 371
14 52
14 71
14 125
52 71
71 125
25 40
25 59
25 106
25 352
40 59
40 133
40 235
40 352
40 371
97 371
97 213
97 220
97 248
97 284
97 321
97 337
97 339
106 59
106 319
106 352
106 371
235 70
235 213
235 237
235 248
235 284
235 319
235 321
235 337
235 339
248 371
248 70
248 220
248 213
248 284
248 321
248 337
248 339
284 371
284 220
284 213
284 321
284 337
284 339
319 59
319 371
319 202
319 237
321 70
321 220
321 213
321 337
337 371
337 220
337 213
337 339
371 213
371 220
371 237
371 339
59 237
59 352
173 30
173 136
173 181
173 355
324 26
324 357
355 30
355 136
30 382
136 95
136 181
136 291
70 151
70 187
70 212
70 340
70 381
70 104
70 267
70 317
70 323
70 339
132 187
132 233
17 208
17 254
17 262
17 330
17 365
17 385
17 396
208 38
208 262
208 330
208 385
208 396
254 385
262 396
330 38
330 385
365 159
365 298
365 320
365 345
365 385
385 159
385 310
385 320
38 369
220 213
220 339
320 190
320 201
320 326
339 213
159 302
20 64
20 140
20 180
64 94
64 102
64 135
64 140
140 102
140 135
140 180
180 394
102 135
394 370
394 268
41 174
41 241
174 241
174 329
22 151
22 233
22 240
22 265
151 24
151 100
151 142
151 187
151 212
151 232
151 233
151 265
151 267
151 279
151 317
151 323
151 340
151 381
151 383
233 187
233 24
233 142
233 212
233 240
233 265
233 279
233 383
240 187
240 24
240 142
240 265
240 383
265 187
265 24
265 142
265 279
265 317
265 340
265 383
24 187
24 383
24 142
24 212
24 232
24 279
24 340
100 383
100 212
100 232
100 279
100 381
100 104
100 267
100 317
100 323
100 130
142 187
142 383
142 212
142 279
142 317
142 340
187 104
187 212
187 232
187 267
187 279
187 323
187 340
187 381
187 383
212 383
212 104
212 130
212 232
212 267
212 279
212 317
212 323
212 340
232 383
232 104
232 267
232 317
232 323
232 340
232 381
267 383
267 279
267 340
267 104
267 130
267 317
267 323
279 383
279 104
279 130
279 317
279 323
279 340
317 383
317 340
317 381
317 104
317 130
323 340
323 381
340 383
340 104
381 383
381 104
383 104
382 182
382 251
182 251
251 253
251 351
85 84
85 292
315 75
275 349
51 117
51 197
51 199
197 186
197 199
90 370
370 277
253 351
95 398
398 291
110 111
111 161
111 268
268 169
190 201
190 326
