759
1088
578
1003
788
373
330
1083
492
313
142
406
1046
720
397
930
803
516
972
683
91
740
908
871
345
735
531
957
149
328
386
501
340
802
997
606
416
28
615
1061
1051
303
609
644
698
150
324
331
42
110
145
970
375
723
431
178
555
820
64
919
1096
675
158
1012
274
1068
649
181
792
1099
493
692
731
293
111
1005
724
544
224
842
483
757
961
186
276
152
542
773
204
809
785
1128
283
25
604
1056
1055
560
102
1091
514
264
285
48
1035
618
846
662
968
268
636
981
1050
1057
717
541
401
30
533
56
814
116
790
680
879
486
973
162
620
651
97
474
1064
310
624
265
939
85
529
519
391
18
1098
65
335
388
822
725
408
463
593
482
750
438
272
697
1019
198
863
631
955
292
745
801
804
490
337
1065
233
948
623
90
543
867
505
941
611
456
688
665
1085
695
261
1
76
633
656
358
1021
395
454
585
174
640
584
459
473
583
1076
300
471
22
821
96
435
297
898
1100
240
511
498
958
891
581
786
929
687
370
841
322
658
125
509
627
87
971
895
43
1080
443
796
499
314
1109
546
1007
242
808
421
1120
819
5
679
366
407
299
787
241
743
425
58
666
667
279
690
859
770
1033
306
964
1009
549
576
671
188
7
922
192
813
517
1063
556
912
936
617
422
1127
398
3
448
4
412
469
206
761
467
587
806
945
105
602
131
1131
729
47
738
614
860
574
257
449
596
153
647
553
573
1081
223
572
235
940
911
410
769
402
183
280
451
1067
835
263
338
1102
540
179
41
453
98
862
353
896
899
1105
983
210
1097
700
68
1119
