0 85
0 458
85 361
85 398
85 429
85 458
85 535
361 6
361 107
361 156
361 224
361 408
361 429
361 527
398 462
429 465
429 106
429 107
429 155
429 156
429 224
429 408
1 318
1 549
318 82
318 68
318 183
318 233
318 247
318 443
318 484
318 549
318 559
549 82
549 209
549 233
549 247
549 443
549 472
549 484
549 559
82 183
82 209
82 247
82 559
183 7
183 68
183 78
183 123
183 233
183 247
183 317
183 443
183 484
183 501
183 540
183 553
183 559
183 569
183 581
183 610
209 247
209 559
247 50
247 63
247 68
247 472
247 502
247 504
247 559
559 68
68 619
68 540
68 159
68 222
68 245
68 625
68 130
68 78
68 123
68 132
68 233
68 443
68 484
68 553
68 569
68 581
68 610
233 540
233 78
233 443
233 484
233 553
443 619
443 540
443 130
443 78
443 132
443 393
443 484
443 553
443 581
443 610
484 619
484 540
484 130
484 78
484 132
484 553
484 581
484 610
472 130
472 629
472 622
472 464
2 95
2 143
2 144
2 197
2 202
2 231
2 242
2 331
2 333
2 402
2 470
2 480
2 525
95 143
95 197
95 333
95 364
95 480
143 197
143 320
143 333
143 364
143 402
143 480
144 331
197 79
197 219
197 288
197 294
197 320
197 333
197 364
197 376
197 402
197 403
197 411
197 434
197 477
197 480
197 490
197 493
197 525
197 551
202 48
202 189
202 333
202 402
202 421
202 477
202 525
202 541
231 73
231 134
231 242
231 500
242 35
242 39
242 79
242 289
242 290
242 316
242 381
242 477
242 488
242 500
242 525
242 573
331 19
331 81
331 203
331 353
331 396
331 585
331 596
333 24
333 79
333 133
333 154
333 167
333 189
333 308
333 311
333 402
333 437
333 468
333 470
333 480
333 482
333 539
333 541
333 551
333 609
402 79
402 189
402 287
402 311
402 316
402 320
402 364
402 403
402 411
402 471
402 477
402 480
402 490
402 523
402 541
402 596
470 46
470 212
470 238
470 281
470 311
470 364
470 414
470 424
470 499
470 506
470 588
480 79
480 320
480 364
480 403
480 411
480 477
480 490
525 22
525 48
525 160
525 192
525 219
525 288
525 302
525 376
525 399
525 421
525 455
525 477
525 493
525 551
525 623
364 42
364 261
364 312
364 45
364 77
364 138
364 141
364 189
364 212
364 238
364 281
364 311
364 316
364 376
364 403
364 411
364 424
364 482
364 490
364 499
364 506
364 609
364 634
320 141
320 403
320 411
320 490
79 477
79 488
79 61
79 173
79 551
219 376
219 551
219 288
288 294
288 421
288 376
288 551
288 493
288 370
294 416
294 439
294 455
294 48
294 160
294 351
294 370
294 376
294 399
294 434
294 445
294 493
294 507
294 637
376 416
376 455
376 238
376 421
376 77
376 263
376 329
376 370
376 493
376 507
376 551
403 141
403 411
403 490
411 173
411 459
411 576
411 141
411 490
434 439
434 160
434 399
434 421
434 445
434 493
477 10
477 292
477 339
477 35
477 86
477 124
477 135
477 137
477 286
477 488
477 561
477 596
493 455
493 421
493 192
493 370
551 171
48 313
48 137
48 160
48 399
48 421
189 541
421 439
421 160
421 399
421 370
421 445
541 380
134 43
134 316
500 286
500 309
35 169
35 18
35 22
35 51
35 62
35 96
35 98
35 113
35 161
35 207
35 221
35 235
35 290
35 362
35 388
35 406
35 416
35 441
35 466
35 478
35 512
35 517
35 529
35 562
35 565
35 568
35 578
35 613
35 615
35 623
39 24
39 124
39 253
39 289
39 381
39 437
39 494
39 517
289 24
289 253
289 381
289 437
289 494
290 22
290 70
290 98
290 296
290 344
290 406
290 515
290 516
290 558
290 604
316 45
316 573
316 609
381 24
381 253
381 494
488 10
488 339
488 84
488 137
488 244
488 625
573 292
573 482
19 585
19 353
81 585
81 596
81 580
81 203
81 396
81 431
81 523
203 580
203 523
353 585
353 580
396 596
585 10
585 174
585 56
585 431
585 580
596 120
596 121
596 292
596 270
596 373
596 285
596 286
596 321
596 626
24 133
24 178
24 253
24 287
24 437
24 494
24 540
24 568
133 568
133 590
154 380
167 308
167 447
167 432
308 479
308 324
308 447
311 499
311 506
311 238
311 281
311 471
311 212
311 414
311 424
311 475
437 253
437 494
468 9
468 226
468 357
468 67
468 104
468 110
468 191
468 214
468 428
468 497
468 587
468 590
482 138
539 49
539 418
539 471
609 45
287 362
287 511
287 568
471 49
471 418
471 53
523 580
46 506
46 238
46 281
212 499
212 506
212 238
212 281
212 414
238 499
238 506
238 281
238 414
281 499
281 506
414 499
414 506
424 506
499 42
499 261
499 312
499 77
499 475
499 506
499 634
506 42
506 312
506 418
506 588
588 42
588 286
588 312
22 478
22 565
22 70
22 84
22 86
22 98
22 207
22 296
22 346
22 412
22 416
22 492
22 561
22 618
22 619
160 313
160 439
160 137
160 399
160 445
192 455
302 137
302 61
302 171
302 173
302 244
302 193
302 518
302 522
399 439
399 455
399 445
455 43
455 57
455 185
455 313
455 329
455 564
455 632
455 637
623 292
623 161
623 545
623 27
623 528
623 590
623 622
3 15
3 162
3 195
3 479
15 55
15 142
15 162
15 254
15 283
15 326
15 394
15 479
162 109
162 435
162 479
195 55
479 30
479 109
55 326
142 531
142 405
254 9
254 326
254 360
254 592
283 336
283 340
283 570
326 12
326 592
394 340
394 593
109 12
109 228
109 249
109 324
30 80
30 128
30 249
30 295
30 447
30 570
4 163
4 169
4 304
163 169
163 187
163 221
163 304
163 314
163 387
163 450
163 508
163 512
163 514
169 96
169 174
169 221
169 292
169 304
169 321
169 337
169 354
169 401
169 407
169 450
169 474
169 514
169 583
169 599
169 615
169 630
304 221
304 321
304 474
304 599
187 512
187 314
187 508
187 514
221 358
221 274
221 387
221 512
221 613
221 626
314 512
314 613
314 306
314 508
314 514
387 512
387 306
387 555
387 589
450 545
450 235
450 296
450 406
450 36
450 211
450 474
450 503
450 514
508 512
508 514
512 358
512 565
512 466
512 92
512 102
512 111
512 257
512 306
512 514
512 555
512 613
514 444
514 210
514 215
96 84
96 207
96 416
96 131
96 388
96 469
96 498
96 615
174 121
174 17
174 56
174 292
174 373
174 401
174 444
174 580
292 226
292 10
292 120
292 121
292 363
292 401
292 407
292 444
292 583
321 120
321 565
321 373
321 517
321 474
321 599
337 120
337 373
337 114
337 354
337 620
337 630
354 373
354 114
354 620
354 630
401 583
407 120
474 108
474 568
474 211
474 503
474 590
474 599
583 10
583 121
583 444
599 568
615 51
615 84
615 207
615 131
615 255
615 344
615 359
615 469
615 498
615 516
630 120
630 373
630 114
630 620
5 94
5 420
5 600
5 616
94 122
94 153
94 267
94 277
94 371
94 457
94 582
94 600
94 616
94 621
600 156
600 168
600 225
600 267
600 348
600 538
600 582
600 606
616 375
616 397
616 538
616 621
122 375
122 168
122 277
122 397
267 582
267 519
267 83
457 74
582 8
582 58
582 74
582 83
582 232
582 297
582 383
582 538
156 348
156 88
156 225
156 230
156 236
156 240
156 408
156 496
156 520
156 547
168 375
225 206
225 567
225 230
348 188
348 38
348 155
348 240
348 322
348 369
348 385
348 404
348 419
348 449
348 560
348 595
538 83
538 461
606 216
606 335
606 341
606 567
606 236
606 227
606 325
606 574
375 38
375 548
375 103
375 461
6 181
6 611
181 246
181 462
181 611
611 107
611 230
246 325
246 462
107 188
107 282
107 155
107 230
107 260
107 328
107 352
107 369
107 560
224 139
224 465
224 88
224 106
224 408
224 496
224 547
408 527
408 496
527 88
527 155
527 236
527 496
527 547
230 188
230 377
230 155
230 598
78 300
78 374
78 422
78 639
78 619
78 540
78 117
78 495
78 553
78 581
78 610
123 332
123 565
123 629
123 200
123 77
123 102
123 145
123 149
123 217
123 279
123 576
317 250
317 483
501 145
501 315
540 619
540 178
540 136
540 241
540 553
540 584
540 622
553 619
553 222
553 245
553 625
553 241
581 610
610 416
610 393
8 75
8 151
75 126
75 206
75 427
126 206
206 201
206 259
206 567
427 188
427 260
427 463
427 487
58 40
58 262
58 297
74 216
74 335
74 341
74 360
74 635
232 383
297 262
297 461
383 400
9 226
9 334
9 357
9 531
9 638
226 66
226 270
226 274
226 357
334 631
357 214
357 631
531 128
531 405
638 214
638 631
66 270
66 191
66 363
66 542
270 161
270 32
270 274
270 373
270 542
274 358
360 165
360 216
360 341
360 592
360 635
631 165
631 110
631 104
631 214
631 497
631 590
214 104
214 266
67 110
67 554
104 165
104 266
110 497
110 554
191 587
191 363
191 428
191 542
428 587
497 587
497 556
587 56
587 580
587 556
590 108
590 161
590 568
590 436
590 620
128 161
405 324
405 65
405 268
405 533
405 607
10 120
10 121
10 339
10 444
120 121
120 373
120 620
121 135
121 285
121 306
121 444
121 555
121 613
121 626
339 137
339 244
339 459
444 135
444 285
444 347
444 613
444 624
373 32
373 76
373 114
373 620
620 114
135 486
135 626
135 285
135 608
285 624
306 613
306 111
306 555
306 589
555 613
555 173
555 193
555 111
555 589
613 390
613 466
613 119
613 244
613 347
613 589
613 626
626 84
626 346
626 516
626 193
626 417
626 486
626 518
626 608
56 580
363 542
137 313
137 193
137 244
137 459
137 518
244 346
244 416
244 390
244 550
244 131
244 61
244 171
244 173
244 119
244 193
244 459
244 522
459 390
459 625
459 173
459 77
459 97
459 140
459 370
347 173
347 624
347 193
624 71
624 252
624 193
624 323
86 84
86 52
86 130
86 248
86 280
86 356
86 412
86 417
86 561
86 571
86 619
86 622
124 517
124 310
286 42
286 309
286 312
561 218
561 545
561 412
561 52
561 148
561 179
561 208
561 248
561 273
561 343
561 464
561 536
561 571
561 622
84 119
84 148
84 182
84 193
84 207
84 245
84 278
84 344
84 346
84 356
84 367
84 368
84 390
84 417
84 426
84 469
84 486
84 516
84 518
84 625
625 416
625 618
625 182
625 390
625 33
625 159
625 222
625 245
625 413
625 61
625 119
625 370
625 417
11 51
51 21
51 108
51 131
51 182
51 235
51 255
51 296
51 310
51 332
51 358
51 359
51 406
51 441
51 466
51 469
51 504
51 516
51 528
51 562
51 565
51 578
51 604
51 605
18 108
18 161
62 235
62 565
62 296
62 113
62 529
62 36
62 406
98 478
98 617
98 186
98 207
98 296
98 344
98 406
98 492
98 495
98 515
98 516
98 558
98 604
113 617
113 235
113 565
113 296
113 31
113 37
113 293
113 425
113 529
161 276
161 568
161 570
207 478
207 235
207 332
207 565
207 92
207 131
207 296
207 344
207 359
207 469
207 492
207 498
207 516
235 21
235 92
235 131
235 204
235 255
235 296
235 332
235 358
235 359
235 406
235 466
235 469
235 498
235 529
235 565
362 568
362 436
362 467
362 511
362 517
362 628
388 416
406 617
406 565
406 296
406 536
406 87
406 558
416 346
416 412
416 28
416 173
416 393
416 413
416 417
416 507
416 618
416 637
441 545
441 504
441 528
441 605
466 332
466 358
466 565
466 131
466 257
466 469
466 498
478 13
478 26
478 300
478 374
478 382
478 223
478 291
478 296
478 510
478 552
478 565
478 636
517 568
517 93
517 433
517 516
529 565
529 296
529 31
565 21
565 332
565 358
565 92
565 102
565 131
565 257
565 296
565 359
565 469
565 492
565 498
565 550
565 578
565 604
568 545
568 27
568 41
568 185
568 268
568 273
568 276
568 293
568 436
568 446
568 448
568 467
568 511
568 579
568 628
21 13
21 319
21 332
21 358
21 422
21 639
108 640
108 44
108 127
108 136
108 157
108 185
108 208
108 340
108 453
108 504
108 528
108 545
108 584
131 332
131 358
131 550
131 92
131 469
131 498
182 28
182 159
182 278
182 426
182 433
182 485
182 516
255 359
255 469
296 332
296 92
296 204
296 359
296 469
296 492
296 516
296 558
296 604
310 504
310 528
310 605
332 34
332 92
332 102
332 234
332 251
332 257
332 358
332 359
332 469
332 498
332 563
358 92
358 102
358 498
359 92
359 469
469 92
469 344
469 498
469 516
504 208
504 50
504 130
504 502
504 125
504 136
504 213
504 265
504 367
504 528
504 584
504 605
504 629
516 346
516 344
516 417
516 433
516 558
528 536
528 185
528 157
528 584
528 605
528 622
604 91
604 186
604 344
604 515
604 558
12 324
228 249
228 447
13 26
13 29
13 218
13 250
13 256
13 300
13 319
13 374
13 382
13 483
13 510
13 636
13 639
26 300
26 374
26 510
29 31
29 152
29 374
218 52
218 148
218 158
218 179
218 223
218 343
218 395
218 412
218 423
218 460
218 464
218 505
218 571
218 577
250 256
250 430
250 483
256 430
256 464
256 629
300 117
300 374
300 422
300 425
300 495
300 510
300 639
319 34
319 422
319 550
319 639
374 64
374 112
374 117
374 129
374 152
374 243
374 422
374 495
374 510
374 552
374 639
382 148
382 291
382 483
382 586
382 636
483 34
483 64
483 148
483 291
483 303
483 338
483 430
639 117
639 495
422 117
422 495
422 617
31 617
31 64
31 152
31 223
31 343
31 456
152 112
152 552
52 412
52 343
52 179
52 410
52 571
52 597
52 622
148 179
148 158
148 423
158 179
158 423
158 460
179 412
179 208
179 248
179 367
179 410
179 423
179 460
179 622
223 129
223 291
223 456
223 464
223 552
343 412
343 64
343 129
343 208
343 410
343 515
343 571
343 622
395 430
395 464
395 505
395 557
395 577
395 612
412 208
412 410
412 571
412 597
412 618
412 622
423 617
423 460
464 291
464 629
464 557
505 430
505 557
505 577
505 612
571 248
577 430
577 557
577 612
430 557
430 612
629 50
629 119
629 190
629 217
629 557
117 495
425 164
425 614
495 617
495 164
495 243
495 186
495 229
495 515
495 614
34 64
34 234
34 251
34 291
34 303
34 338
34 350
34 550
34 563
34 601
550 346
550 390
550 173
550 349
550 563
64 129
64 243
64 291
64 303
64 338
64 601
112 552
129 243
243 164
243 614
552 291
291 338
291 601
617 14
617 229
617 492
617 515
303 338
303 601
338 601
229 208
515 344
515 91
515 186
515 558
336 570
336 340
336 453
340 570
570 545
593 118
593 105
16 575
16 602
16 640
575 90
575 118
575 268
575 271
575 372
575 473
575 509
575 602
575 640
602 146
602 208
602 273
602 301
602 355
602 473
640 90
640 185
640 268
640 365
640 509
90 271
90 509
118 536
118 276
118 566
118 41
118 105
118 476
118 607
268 545
268 271
268 196
268 355
268 448
268 526
268 175
268 438
268 543
473 545
473 27
473 87
473 170
473 177
473 366
473 165
473 208
473 273
473 345
473 452
509 180
509 365
146 177
146 273
146 579
146 196
146 355
208 545
208 366
208 44
208 213
208 273
208 301
208 367
208 622
208 627
273 545
273 366
273 165
273 44
273 196
273 355
355 177
355 157
355 196
185 43
185 57
185 44
185 116
185 127
185 136
185 157
185 293
185 298
185 453
185 526
185 564
185 579
185 632
365 180
44 127
127 157
127 579
136 125
136 453
136 546
157 116
157 196
157 298
157 448
157 526
453 330
453 546
545 27
545 87
545 177
545 196
545 272
545 366
545 446
545 448
545 536
276 27
276 566
27 481
27 87
27 170
27 177
27 366
27 446
27 566
87 170
87 177
87 366
177 366
196 175
272 23
272 481
366 170
446 293
448 175
448 543
536 23
536 452
20 188
188 155
188 260
188 404
155 282
155 532
155 560
260 377
260 352
404 369
404 384
92 102
102 257
234 99
234 176
234 251
234 513
234 524
234 563
251 99
251 563
563 350
346 119
346 190
346 245
346 279
346 349
346 390
346 417
346 618
346 619
618 413
618 417
619 72
619 130
619 132
619 178
619 241
619 258
619 264
619 327
619 417
619 530
119 390
119 245
119 190
119 279
193 173
193 486
193 491
193 518
245 390
245 33
245 159
245 222
245 190
245 279
278 28
278 159
278 390
278 426
278 485
344 91
344 186
367 265
367 368
368 622
368 299
368 521
390 28
390 33
390 61
390 159
390 222
390 349
417 413
426 159
426 485
486 518
486 608
518 491
130 50
130 258
130 280
130 502
130 622
280 258
280 265
622 410
622 597
622 521
186 558
190 279
279 200
279 217
410 597
173 61
413 33
413 485
507 313
507 522
507 263
507 329
507 637
637 263
72 564
72 237
72 530
178 264
241 258
258 101
258 265
258 305
23 481
452 170
452 476
253 494
494 93
494 330
511 467
511 628
41 165
293 164
467 628
579 298
579 451
25 38
25 115
25 205
25 307
25 389
25 548
38 47
38 100
38 166
38 194
38 449
38 548
38 595
115 54
115 147
115 389
205 54
205 240
205 328
205 389
307 150
307 328
389 54
389 386
548 166
548 342
47 100
47 194
47 595
100 194
100 595
194 595
449 384
595 322
595 419
54 147
54 180
54 386
240 328
328 150
150 560
342 461
566 391
345 391
159 33
159 222
159 485
485 33
33 222
61 171
61 522
447 432
37 164
542 114
542 556
114 556
99 176
513 524
111 589
322 282
322 89
322 172
322 419
322 534
369 198
369 384
369 419
369 532
419 532
419 198
103 461
40 199
40 262
262 633
633 59
476 379
607 65
42 261
42 312
42 634
261 634
312 634
309 489
77 97
77 140
77 284
77 576
418 49
43 57
43 313
43 564
43 591
43 632
57 237
57 313
57 564
313 149
313 522
313 632
564 237
591 439
632 63
632 200
632 237
149 217
522 171
439 445
63 200
50 502
265 305
217 239
217 269
557 612
521 299
60 139
60 282
60 377
60 465
60 572
139 106
139 465
139 496
139 520
282 532
282 572
377 259
377 465
465 106
465 259
465 496
106 496
532 198
65 533
145 315
576 323
576 442
69 378
69 440
69 519
378 440
378 519
440 519
440 567
567 341
567 400
567 598
71 252
252 184
252 220
252 544
544 275
323 442
216 335
341 227
341 635
201 603
463 409
487 409
97 140
97 392
140 284
392 594
88 547
236 325
236 574
101 305
175 438
175 543
380 537
325 415
210 215
275 454
