253
159
29
12
156
206
376
250
333
5
209
126
290
82
64
188
328
106
57
225
4
329
320
204
16
95
72
233
256
50
180
176
135
210
357
184
348
80
21
92
31
58
296
75
173
245
252
363
309
96
85
86
127
228
167
110
330
258
13
87
171
37
70
155
377
371
161
360
186
88
239
175
365
177
142
112
157
312
93
158
266
71
41
79
139
367
67
134
183
300
214
339
347
116
84
99
200
336
143
101
10
240
302
235
51
213
298
11
25
182
20
45
0
46
6
247
9
366
32
125
308
129
104
231
34
7
319
121
327
3
197
83
374
109
23
359
346
170
238
230
68
105
349
249
147
98
8
65
211
141
94
317
243
350
378
69
313
132
212
130
154
103
48
166
144
265
115
306
35
168
343
318
118
66
375
169
219
195
340
273
193
185
264
73
133
17
299
174
22
