0 8
0 43
0 65
0 88
0 351
0 623
0 638
0 658
0 677
0 758
0 768
0 796
8 43
8 88
8 94
8 340
8 351
8 622
8 623
8 638
8 692
8 758
8 768
43 65
43 84
43 88
43 94
43 220
43 340
43 351
43 429
43 495
43 622
43 658
43 677
43 692
43 758
43 768
43 796
65 17
65 88
65 94
65 351
65 622
65 677
65 692
65 758
65 768
65 796
88 17
88 94
88 340
88 622
88 623
88 638
88 677
88 692
88 758
88 768
88 796
351 17
351 340
351 622
351 623
351 638
351 658
351 677
351 768
351 796
623 17
623 94
623 340
623 622
623 638
623 692
623 758
623 796
638 17
638 340
638 429
638 622
638 84
638 558
638 658
638 677
638 692
638 758
638 768
638 796
658 17
658 94
658 429
658 692
658 758
658 796
677 17
677 94
677 340
677 622
677 84
677 796
758 17
758 94
758 340
758 429
758 622
758 692
758 768
768 340
768 429
768 558
768 796
796 17
796 340
796 84
796 495
94 17
94 340
94 429
94 622
94 692
340 17
340 84
340 220
340 495
622 429
622 692
692 17
692 429
17 429
84 21
84 46
84 61
84 68
84 477
84 495
84 516
84 633
84 641
84 699
220 46
220 61
220 68
220 443
220 495
220 641
220 794
495 21
495 46
495 68
495 118
495 443
495 271
495 477
495 516
495 633
495 641
495 699
495 794
1 169
1 242
1 244
1 714
169 64
169 242
169 624
169 714
242 64
242 714
244 64
244 714
714 64
714 624
714 91
714 119
64 624
91 455
91 426
91 70
91 478
91 452
91 272
91 742
119 120
119 243
119 604
2 90
2 476
90 476
476 415
455 7
455 26
455 29
455 57
455 63
455 116
455 234
455 262
455 272
455 318
455 355
455 452
455 465
455 478
455 485
455 500
455 538
455 577
7 29
7 57
7 63
7 253
7 345
7 500
7 518
7 594
7 653
7 696
26 578
26 311
26 148
26 265
26 274
26 293
26 314
26 12
26 33
26 56
26 58
26 70
26 97
26 116
26 161
26 177
26 192
26 212
26 234
26 238
26 250
26 262
26 267
26 275
26 288
26 324
26 327
26 361
26 375
26 395
26 409
26 454
26 465
26 469
26 489
26 492
26 545
26 577
26 593
26 613
26 614
26 643
26 654
26 660
26 662
26 679
26 690
26 697
26 770
26 784
29 57
29 63
29 67
29 78
29 117
29 164
29 230
29 273
29 338
29 341
29 500
29 518
29 594
29 608
29 653
29 696
29 754
57 25
57 50
57 54
57 63
57 67
57 78
57 147
57 230
57 253
57 273
57 283
57 338
57 341
57 345
57 359
57 371
57 403
57 461
57 500
57 518
57 523
57 524
57 561
57 584
57 594
57 608
57 651
57 653
57 754
63 67
63 117
63 164
63 230
63 253
63 273
63 291
63 338
63 341
63 518
63 561
63 653
63 696
63 754
116 578
116 182
116 426
116 262
116 272
116 452
116 478
116 488
116 545
234 578
234 564
234 798
234 148
234 265
234 274
234 314
234 47
234 175
234 182
234 187
234 192
234 228
234 238
234 250
234 275
234 303
234 324
234 327
234 343
234 368
234 395
234 454
234 480
234 614
234 662
234 679
234 783
234 577
234 654
234 70
234 97
234 100
234 212
234 59
234 162
234 216
234 262
234 316
234 452
234 469
234 529
234 538
234 550
234 566
234 567
234 579
234 615
234 643
234 690
234 697
234 704
234 705
234 733
234 784
234 795
262 311
262 361
262 662
262 776
262 97
262 374
262 452
262 505
272 578
272 182
272 426
272 478
272 316
272 452
272 219
272 439
272 742
318 187
318 97
318 492
452 578
452 182
452 327
452 454
452 465
452 480
452 426
452 478
452 579
452 316
452 529
452 521
465 311
465 564
465 668
465 148
465 265
465 274
465 293
465 314
465 12
465 47
465 275
465 324
465 327
465 343
465 395
465 14
465 59
465 121
465 127
465 131
465 150
465 184
465 254
465 269
465 316
465 319
465 326
465 347
465 369
465 391
465 392
465 404
465 422
465 440
465 479
465 480
465 505
465 538
465 579
465 610
465 613
465 615
465 632
465 669
465 679
465 690
465 697
465 718
465 733
465 773
465 776
465 783
465 784
465 799
478 578
478 47
478 58
478 182
478 187
478 327
478 454
478 480
478 742
485 74
485 257
485 581
500 253
500 341
500 67
500 78
500 117
500 164
500 230
500 273
500 291
500 338
500 518
500 561
500 653
500 696
500 754
538 311
538 668
538 265
538 293
538 314
538 161
538 175
538 228
538 275
538 368
538 395
538 421
538 662
538 121
538 319
538 347
538 392
538 451
538 610
538 669
538 579
538 690
538 697
538 784
538 316
538 442
538 512
538 422
538 326
538 369
538 404
538 440
538 479
538 640
538 773
538 150
538 509
538 731
538 734
577 578
577 15
577 44
577 311
577 274
577 293
577 76
577 161
577 182
577 192
577 228
577 238
577 250
577 288
577 324
577 327
577 342
577 343
577 368
577 388
577 394
577 395
577 421
577 438
577 454
577 480
577 499
577 543
577 593
577 613
577 644
577 679
577 686
577 56
577 70
577 97
577 167
577 198
577 397
577 469
577 490
577 492
577 545
577 567
577 579
577 615
577 620
577 654
577 705
577 743
577 770
577 778
3 123
3 178
3 190
3 223
3 352
3 446
3 449
3 601
3 680
3 684
3 729
123 178
123 190
123 352
123 358
123 416
123 446
123 449
178 190
178 223
178 352
178 446
178 449
178 544
178 601
178 680
178 684
178 729
190 223
190 352
190 358
190 416
190 446
190 449
190 544
190 590
190 601
190 684
223 358
223 416
223 446
223 449
223 544
223 601
223 680
223 684
352 358
352 416
352 544
352 601
352 680
352 729
446 358
446 416
446 601
446 680
446 684
446 729
449 358
449 544
449 684
449 729
601 416
601 544
601 684
680 358
680 416
680 544
680 684
684 358
684 416
684 544
684 113
684 124
684 207
684 329
684 337
684 426
684 575
358 416
416 544
544 590
590 564
590 187
590 238
590 645
590 156
590 252
590 475
113 329
124 13
124 25
124 191
124 273
124 329
124 426
124 434
124 533
124 569
124 739
329 711
329 337
329 575
337 575
426 578
426 341
426 182
426 13
426 25
426 132
426 179
426 191
426 273
426 371
426 188
426 219
426 245
426 283
426 338
426 434
426 463
426 524
426 569
426 572
426 608
426 672
426 739
426 762
4 163
4 176
4 517
4 578
163 176
163 517
176 349
176 501
176 517
176 578
176 712
176 764
517 578
517 712
578 58
578 70
578 97
578 469
578 579
578 764
349 712
501 712
501 764
501 420
58 15
58 44
58 798
58 148
58 293
58 314
58 12
58 27
58 33
58 56
58 66
58 97
58 114
58 142
58 187
58 192
58 211
58 228
58 250
58 324
58 327
58 368
58 388
58 409
58 413
58 438
58 454
58 480
58 492
58 498
58 529
58 543
58 548
58 550
58 563
58 567
58 576
58 593
58 613
58 614
58 615
58 636
58 643
58 644
58 645
58 649
58 654
58 655
58 686
58 690
58 697
58 704
58 705
58 716
58 770
58 776
70 798
70 148
70 265
70 182
70 228
70 238
70 308
70 324
70 343
70 368
70 394
70 395
70 454
70 543
70 563
70 593
70 671
70 776
70 783
70 33
70 56
70 49
70 97
70 177
70 276
70 375
70 453
70 497
70 635
70 649
70 657
70 660
70 717
70 778
97 311
97 668
97 798
97 148
97 293
97 314
97 335
97 47
97 161
97 182
97 187
97 192
97 238
97 250
97 275
97 303
97 324
97 327
97 343
97 368
97 480
97 498
97 543
97 686
97 783
97 59
97 409
97 469
97 579
97 727
469 182
469 187
469 454
469 679
469 33
579 44
579 148
579 161
579 182
579 187
579 303
579 343
579 421
579 454
579 593
579 613
579 614
579 662
579 679
579 783
579 669
579 600
579 654
579 100
579 375
579 40
579 59
579 80
579 108
579 114
579 127
579 167
579 211
579 216
579 304
579 316
579 364
579 413
579 422
579 529
579 550
579 566
579 567
579 591
579 615
579 632
579 642
579 643
579 697
579 704
579 705
579 770
579 784
579 797
5 35
5 331
5 425
35 115
35 128
35 297
35 376
35 417
35 425
35 467
35 585
35 625
35 656
35 713
35 751
35 785
425 320
425 546
115 12
115 128
115 284
115 376
115 552
115 625
115 656
115 713
115 751
115 785
128 12
128 284
128 297
128 376
128 552
128 585
128 656
128 713
128 785
297 552
297 625
297 713
297 376
297 85
297 417
297 467
297 585
297 656
297 751
297 785
376 625
376 713
376 417
376 467
376 585
376 656
376 751
376 785
417 625
417 713
417 467
417 751
417 785
467 625
467 284
467 85
467 585
467 656
467 751
467 785
585 713
585 284
585 656
585 751
625 228
625 85
625 284
625 656
625 713
656 713
656 751
656 785
713 12
713 552
713 85
713 171
713 227
713 249
713 284
713 382
713 701
713 744
713 751
713 785
751 552
751 284
785 552
785 284
320 258
546 389
6 87
6 106
6 126
6 152
6 153
6 174
6 197
6 294
6 313
6 328
6 339
6 380
6 381
6 431
6 510
6 514
6 534
6 688
6 706
6 710
6 719
6 747
87 106
87 126
87 174
87 197
87 294
87 313
87 339
87 431
87 514
87 534
87 688
87 719
87 747
106 126
106 152
106 153
106 174
106 294
106 313
106 357
106 380
106 381
106 510
106 688
106 706
106 719
106 721
126 174
126 294
126 313
126 381
126 431
126 437
126 510
126 534
126 688
126 706
126 719
126 747
152 174
152 197
152 294
152 313
152 380
152 381
152 406
152 431
152 437
152 510
152 514
152 534
152 560
152 706
152 710
152 719
152 721
152 747
153 197
153 294
153 313
153 339
153 380
153 381
153 431
153 437
153 706
153 721
153 747
174 197
174 294
174 313
174 339
174 380
174 381
174 412
174 431
174 437
174 510
174 514
174 534
174 560
174 706
174 710
174 719
174 721
174 747
197 294
197 339
197 380
197 431
197 510
197 514
197 534
197 560
197 688
197 710
197 719
197 747
294 172
294 313
294 380
294 381
294 412
294 437
294 510
294 514
294 534
294 706
294 710
294 721
294 747
294 753
313 339
313 381
313 431
313 437
313 510
313 534
313 560
313 688
313 710
313 719
313 721
313 747
328 357
328 380
328 688
339 380
339 381
339 510
339 514
339 560
339 688
339 719
380 381
380 437
380 510
380 514
380 560
380 688
380 706
380 710
380 719
380 747
381 168
381 366
381 510
381 514
381 534
381 540
381 560
381 706
381 710
381 719
381 721
431 510
431 514
431 534
431 688
431 719
431 721
431 747
510 412
510 437
510 514
510 534
510 560
510 688
510 710
510 719
510 747
514 437
514 534
514 560
514 688
514 710
534 560
534 710
534 719
534 721
688 560
688 710
688 719
688 721
688 747
706 406
710 560
710 721
710 747
719 560
719 79
719 172
719 412
719 437
719 747
747 560
747 721
747 437
747 659
721 560
721 172
721 437
437 79
437 122
437 172
437 412
437 450
437 513
437 678
437 691
406 146
406 195
406 210
406 423
406 528
412 79
412 122
412 172
412 278
412 325
412 367
412 513
412 670
412 678
172 79
172 122
172 278
172 325
172 450
172 513
172 519
172 670
172 678
172 691
753 402
168 366
168 387
168 540
366 387
366 540
366 695
540 387
540 695
79 278
79 325
79 450
79 513
79 519
79 650
79 670
79 678
79 691
659 44
659 703
659 203
659 312
659 487
659 730
253 67
253 230
253 291
253 338
253 341
253 345
253 461
253 518
253 594
253 608
253 653
253 672
253 754
345 117
345 653
345 672
345 754
518 50
518 67
518 117
518 230
518 273
518 338
518 359
518 461
518 523
518 524
518 584
518 651
518 653
518 672
518 696
594 341
594 67
594 164
594 230
594 273
594 291
594 608
594 653
594 696
594 754
653 50
653 78
653 117
653 164
653 230
653 273
653 754
696 341
696 25
696 50
696 54
696 67
696 78
696 103
696 117
696 132
696 147
696 164
696 230
696 273
696 283
696 359
696 371
696 463
696 572
696 608
696 651
696 672
696 754
67 132
67 230
67 273
67 608
67 338
67 50
67 158
67 164
67 359
67 524
67 561
67 584
78 50
117 341
117 230
117 273
117 672
117 338
117 50
117 164
117 461
117 524
117 572
117 584
164 754
164 561
230 754
230 25
230 54
230 132
230 179
230 191
230 50
230 103
230 245
230 283
230 323
230 359
230 371
230 403
230 405
230 434
230 524
230 525
230 533
230 572
230 584
230 672
273 341
273 754
273 13
273 25
273 54
273 132
273 179
273 191
273 50
273 147
273 283
273 338
273 403
273 434
273 511
273 523
273 533
273 561
273 569
273 608
273 762
338 25
338 54
338 132
338 371
338 608
338 672
338 103
338 104
338 147
338 158
338 245
338 323
338 359
338 461
338 511
338 523
338 524
338 525
338 529
338 555
338 561
338 572
338 584
338 609
341 25
341 50
341 54
341 132
341 147
341 157
341 188
341 283
341 359
341 405
341 434
341 461
341 463
341 511
341 525
341 529
341 536
341 555
341 572
341 608
341 609
341 672
608 754
608 13
608 25
608 54
608 132
608 179
608 191
608 371
608 434
608 50
608 147
608 158
608 245
608 283
608 359
608 461
608 463
608 511
608 523
608 525
608 529
608 561
608 572
608 584
608 651
608 672
608 681
754 13
754 50
754 103
754 132
754 147
754 158
754 188
754 359
754 371
754 403
754 461
754 463
754 525
754 555
754 561
754 572
754 609
754 672
25 13
25 132
25 191
25 371
25 434
25 569
25 762
50 132
50 672
50 359
50 461
50 524
50 561
50 572
50 584
54 13
54 191
54 371
54 672
54 762
147 672
283 132
283 572
283 584
359 132
359 371
359 561
359 188
359 245
359 323
359 511
359 524
359 525
359 555
359 572
359 584
359 609
359 681
371 132
371 191
371 403
371 434
371 524
371 533
371 561
371 569
371 672
371 762
403 132
403 103
403 245
403 524
403 525
403 572
403 584
403 685
523 569
523 762
523 572
524 672
524 561
524 103
524 158
524 188
524 245
524 463
524 525
524 536
524 572
524 584
524 609
524 681
524 685
561 572
561 584
561 651
584 672
584 572
584 245
584 525
584 685
672 191
672 405
672 533
672 569
672 572
672 762
132 13
132 245
132 323
132 434
132 511
132 525
132 536
132 609
132 681
132 685
157 158
157 103
157 188
157 525
188 572
188 463
188 103
188 245
188 323
188 386
188 511
188 536
188 555
405 191
405 434
405 569
405 762
434 179
434 191
434 569
463 529
463 572
463 158
463 103
463 511
463 525
463 609
511 529
511 158
511 103
511 245
511 323
511 386
511 536
511 609
525 529
525 572
525 158
525 103
525 104
525 245
525 323
525 536
525 555
525 609
529 311
529 182
529 187
529 327
529 421
529 454
529 679
529 643
529 40
529 103
529 158
529 185
529 245
529 742
536 158
536 103
536 323
555 104
555 245
555 386
555 609
572 103
572 158
572 386
572 681
609 158
609 103
609 104
609 245
609 317
609 323
609 386
103 158
103 104
103 245
103 317
103 323
103 386
13 179
13 191
13 533
13 569
158 245
158 317
158 323
21 68
21 118
21 134
21 443
21 633
21 641
21 794
46 118
46 134
46 477
46 516
46 633
46 641
46 699
46 794
61 68
61 118
61 443
61 516
61 641
68 118
68 134
68 271
68 443
68 477
68 516
68 633
68 641
68 794
477 118
477 134
477 633
477 641
477 794
477 271
477 699
516 118
516 443
516 633
516 641
516 794
633 118
633 134
633 271
633 699
641 118
641 134
641 699
641 794
699 134
699 794
9 15
9 44
9 311
9 564
9 798
15 12
15 44
15 66
15 76
15 109
15 148
15 175
15 182
15 192
15 228
15 250
15 265
15 274
15 281
15 288
15 303
15 308
15 324
15 343
15 368
15 388
15 394
15 395
15 438
15 454
15 499
15 563
15 588
15 593
15 671
15 679
15 686
15 776
15 783
15 798
44 10
44 12
44 27
44 47
44 76
44 142
44 148
44 161
44 175
44 187
44 202
44 228
44 238
44 250
44 265
44 274
44 281
44 293
44 303
44 311
44 314
44 324
44 327
44 361
44 368
44 395
44 438
44 454
44 472
44 490
44 498
44 499
44 542
44 543
44 563
44 588
44 613
44 614
44 644
44 655
44 662
44 671
44 679
44 686
44 746
44 776
44 778
44 783
311 10
311 12
311 47
311 56
311 100
311 127
311 142
311 148
311 161
311 175
311 202
311 212
311 221
311 228
311 238
311 250
311 254
311 265
311 268
311 269
311 274
311 275
311 281
311 289
311 293
311 303
311 308
311 319
311 324
311 326
311 327
311 333
311 342
311 347
311 356
311 361
311 378
311 388
311 391
311 392
311 394
311 395
311 399
311 404
311 419
311 422
311 438
311 440
311 451
311 454
311 472
311 479
311 486
311 490
311 499
311 502
311 509
311 512
311 543
311 548
311 563
311 564
311 588
311 610
311 613
311 614
311 615
311 632
311 644
311 655
311 662
311 668
311 669
311 671
311 686
311 702
311 716
311 718
311 766
311 773
311 776
311 783
311 784
311 798
311 799
564 47
564 161
564 221
564 274
564 288
564 314
564 327
564 343
564 438
564 545
564 662
564 773
564 783
564 798
798 668
798 12
798 27
798 47
798 76
798 82
798 100
798 142
798 148
798 161
798 175
798 182
798 187
798 192
798 202
798 250
798 268
798 274
798 275
798 281
798 288
798 303
798 308
798 314
798 324
798 342
798 356
798 361
798 368
798 388
798 394
798 399
798 419
798 438
798 490
798 545
798 548
798 563
798 588
798 593
798 613
798 614
798 644
798 652
798 655
798 662
798 671
798 686
798 718
798 776
12 668
12 148
12 265
12 274
12 293
12 314
12 335
12 27
12 47
12 142
12 161
12 182
12 187
12 192
12 228
12 238
12 250
12 268
12 275
12 281
12 288
12 303
12 324
12 327
12 356
12 361
12 368
12 378
12 388
12 394
12 395
12 421
12 438
12 454
12 472
12 498
12 499
12 543
12 563
12 588
12 593
12 613
12 614
12 644
12 655
12 662
12 679
12 686
12 689
12 716
12 746
12 776
66 668
66 148
66 265
66 182
66 187
66 238
66 288
66 327
66 342
66 388
66 454
66 543
66 686
66 183
76 668
76 148
76 265
76 293
76 314
76 27
76 47
76 82
76 93
76 142
76 175
76 182
76 187
76 192
76 202
76 228
76 238
76 250
76 268
76 275
76 281
76 303
76 308
76 327
76 342
76 343
76 356
76 361
76 368
76 388
76 394
76 438
76 454
76 472
76 490
76 498
76 543
76 548
76 588
76 593
76 614
76 637
76 644
76 652
76 655
76 679
76 686
76 689
76 693
76 746
76 783
109 274
109 142
109 499
148 668
148 10
148 27
148 47
148 56
148 150
148 161
148 175
148 183
148 187
148 228
148 238
148 265
148 268
148 274
148 275
148 281
148 288
148 293
148 303
148 308
148 314
148 342
148 356
148 361
148 368
148 392
148 394
148 399
148 480
148 490
148 498
148 499
148 505
148 545
148 548
148 588
148 593
148 613
148 655
148 669
148 671
148 686
148 689
148 716
148 746
148 783
148 784
175 265
175 274
175 293
175 314
175 27
175 47
175 161
175 187
175 192
175 238
175 275
175 281
175 303
175 308
175 361
175 438
175 499
175 548
175 588
175 655
175 662
175 669
175 716
175 776
175 783
182 668
182 293
182 314
182 335
182 47
182 56
182 177
182 187
182 192
182 228
182 281
182 308
182 324
182 327
182 361
182 368
182 395
182 421
182 480
182 499
182 521
182 543
182 593
182 614
182 644
182 645
182 654
182 655
182 662
182 686
182 716
182 746
182 783
192 265
192 274
192 293
192 314
192 47
192 142
192 202
192 238
192 250
192 268
192 275
192 288
192 308
192 324
192 327
192 342
192 356
192 361
192 394
192 419
192 438
192 454
192 490
192 498
192 499
192 543
192 548
192 563
192 593
192 614
192 637
192 644
192 655
192 662
192 686
192 702
192 746
192 776
192 783
228 668
228 265
228 274
228 293
228 314
228 335
228 27
228 93
228 142
228 187
228 202
228 56
228 82
228 127
228 193
228 275
228 281
228 288
228 303
228 324
228 342
228 343
228 368
228 378
228 392
228 419
228 422
228 438
228 454
228 472
228 480
228 490
228 498
228 509
228 542
228 543
228 563
228 588
228 593
228 613
228 614
228 644
228 655
228 662
228 671
228 686
228 689
228 716
228 746
228 773
228 776
228 778
228 783
250 668
250 265
250 274
250 293
250 314
250 335
250 27
250 47
250 187
250 202
250 56
250 268
250 275
250 288
250 303
250 327
250 356
250 361
250 368
250 394
250 395
250 454
250 492
250 499
250 542
250 543
250 548
250 563
250 588
250 593
250 613
250 637
250 655
250 662
250 671
250 686
250 689
265 668
265 47
265 56
265 161
265 202
265 238
265 268
265 274
265 275
265 281
265 288
265 293
265 308
265 314
265 327
265 335
265 342
265 343
265 356
265 361
265 368
265 378
265 388
265 394
265 395
265 399
265 419
265 438
265 454
265 472
265 490
265 498
265 499
265 505
265 543
265 548
265 563
265 588
265 593
265 613
265 637
265 644
265 662
265 669
265 671
265 686
265 716
265 718
265 746
265 776
265 784
265 799
274 668
274 10
274 27
274 55
274 56
274 92
274 121
274 127
274 131
274 142
274 202
274 221
274 238
274 268
274 269
274 281
274 288
274 293
274 303
274 308
274 314
274 319
274 324
274 326
274 327
274 342
274 343
274 347
274 356
274 361
274 368
274 369
274 378
274 388
274 392
274 394
274 395
274 399
274 404
274 422
274 432
274 438
274 440
274 442
274 479
274 486
274 498
274 499
274 543
274 548
274 563
274 610
274 613
274 614
274 637
274 640
274 655
274 662
274 669
274 671
274 689
274 702
274 716
274 731
274 773
274 776
274 783
274 799
281 668
281 293
281 314
281 93
281 142
281 161
281 187
281 202
281 238
281 268
281 275
281 55
281 269
281 288
281 303
281 324
281 342
281 343
281 347
281 356
281 361
281 368
281 388
281 395
281 438
281 451
281 454
281 498
281 502
281 542
281 563
281 588
281 614
281 644
281 662
281 689
281 690
281 716
281 746
281 799
288 668
288 314
288 47
288 142
288 161
288 187
288 238
288 268
288 275
288 82
288 92
288 303
288 308
288 327
288 333
288 342
288 343
288 344
288 356
288 361
288 368
288 392
288 394
288 395
288 419
288 454
288 490
288 498
288 543
288 548
288 563
288 588
288 613
288 614
288 644
288 655
288 671
288 686
288 689
288 690
288 702
288 716
288 773
303 668
303 47
303 93
303 142
303 161
303 202
303 238
303 275
303 92
303 212
303 222
303 269
303 324
303 327
303 343
303 356
303 361
303 368
303 388
303 392
303 394
303 395
303 422
303 438
303 454
303 472
303 490
303 498
303 499
303 542
303 543
303 548
303 563
303 613
303 614
303 644
303 655
303 662
303 671
303 686
303 689
303 716
303 718
303 746
303 783
303 801
308 668
308 293
308 314
308 335
308 27
308 93
308 161
308 187
308 202
308 268
308 275
308 56
308 193
308 324
308 327
308 342
308 343
308 356
308 368
308 394
308 395
308 419
308 438
308 454
308 490
308 499
308 542
308 543
308 593
308 613
308 614
308 637
308 655
308 662
308 689
308 716
308 776
324 668
324 293
324 27
324 47
324 93
324 142
324 187
324 202
324 238
324 56
324 212
324 289
324 342
324 343
324 356
324 361
324 368
324 374
324 388
324 394
324 395
324 438
324 454
324 472
324 499
324 588
324 593
324 613
324 614
324 655
324 662
324 671
324 679
324 686
324 690
324 716
324 718
324 746
324 778
343 293
343 314
343 335
343 27
343 142
343 187
343 202
343 238
343 268
343 342
343 56
343 111
343 356
343 361
343 388
343 394
343 399
343 438
343 454
343 490
343 499
343 543
343 563
343 588
343 593
343 613
343 655
343 662
343 686
343 716
343 746
343 776
343 778
343 783
368 668
368 293
368 314
368 27
368 142
368 161
368 187
368 238
368 275
368 327
368 342
368 356
368 361
368 56
368 92
368 111
368 184
368 267
368 378
368 394
368 395
368 404
368 422
368 440
368 480
368 486
368 498
368 499
368 505
368 543
368 563
368 588
368 593
368 613
368 614
368 632
368 662
368 679
368 686
368 716
368 718
368 776
368 778
368 783
368 784
368 799
388 668
388 293
388 314
388 27
388 161
388 187
388 238
388 327
388 342
388 356
388 361
388 392
388 395
388 438
388 442
388 480
388 498
388 512
388 543
388 548
388 588
388 614
388 644
388 662
388 671
388 686
388 702
388 716
388 746
388 776
388 778
388 783
394 668
394 314
394 47
394 93
394 187
394 202
394 275
394 327
394 356
394 127
394 395
394 454
394 498
394 499
394 563
394 588
394 644
394 671
394 686
394 716
394 718
394 746
394 776
394 783
395 668
395 293
395 27
395 47
395 161
395 187
395 238
395 275
395 327
395 378
395 56
395 127
395 421
395 422
395 438
395 480
395 498
395 499
395 543
395 593
395 614
395 618
395 632
395 655
395 662
395 671
395 679
395 686
395 716
395 718
395 746
395 776
395 778
395 783
438 668
438 293
438 27
438 47
438 161
438 187
438 238
438 268
438 275
438 327
438 361
438 100
438 419
438 454
438 480
438 498
438 499
438 543
438 593
438 613
438 614
438 655
438 671
438 716
438 783
454 668
454 293
454 314
454 27
454 142
454 161
454 187
454 202
454 238
454 268
454 327
454 342
454 356
454 361
454 56
454 419
454 472
454 480
454 490
454 498
454 499
454 521
454 543
454 548
454 588
454 613
454 614
454 637
454 644
454 655
454 686
454 693
454 716
454 746
454 776
499 668
499 314
499 47
499 142
499 161
499 187
499 238
499 275
499 327
499 356
499 361
499 480
499 56
499 133
499 542
499 543
499 548
499 588
499 614
499 644
499 655
499 671
499 689
499 716
499 746
499 776
563 314
563 27
563 47
563 275
563 327
563 472
563 498
563 548
563 588
563 613
563 614
563 644
563 655
563 662
563 679
563 686
563 783
588 668
588 314
588 27
588 47
588 93
588 142
588 161
588 187
588 202
588 238
588 268
588 275
588 327
588 342
588 356
588 361
588 472
588 498
588 548
588 56
588 82
588 490
588 542
588 593
588 613
588 614
588 644
588 652
588 655
588 671
588 686
588 689
588 716
588 746
588 776
588 778
588 783
593 668
593 293
593 47
593 142
593 161
593 202
593 238
593 275
593 327
593 361
593 480
593 543
593 56
593 108
593 492
593 522
593 545
593 567
593 613
593 614
593 615
593 644
593 655
593 662
593 679
593 686
593 690
593 697
593 728
593 733
593 770
593 776
593 778
593 783
593 795
671 668
671 293
671 314
671 335
671 161
671 202
671 327
671 361
671 472
671 480
671 543
671 548
671 613
671 614
671 655
671 212
671 221
671 269
671 333
671 392
671 399
671 442
671 490
671 502
671 545
671 716
671 776
671 783
671 784
671 799
679 293
679 314
679 161
679 187
679 238
679 327
679 361
679 543
679 614
679 662
679 28
679 40
679 56
679 80
679 114
679 167
679 211
679 216
679 413
679 566
679 576
679 591
679 600
679 615
679 636
679 642
679 643
679 654
679 686
679 690
679 697
679 704
679 705
679 716
679 733
679 770
679 776
679 783
679 795
679 797
686 668
686 293
686 314
686 27
686 47
686 142
686 202
686 238
686 275
686 327
686 342
686 361
686 472
686 498
686 543
686 613
686 56
686 289
686 505
686 521
686 716
686 776
686 778
686 780
686 783
776 314
776 27
776 142
776 187
776 238
776 327
776 361
776 480
776 543
776 548
776 613
776 614
776 655
776 716
776 746
776 121
776 369
776 392
776 399
776 422
776 451
776 690
776 697
776 773
776 783
776 784
776 799
783 668
783 293
783 314
783 47
783 187
783 238
783 275
783 327
783 342
783 472
783 498
783 543
783 613
783 614
783 662
783 716
783 56
783 100
783 269
783 669
783 718
783 778
10 668
10 293
10 314
10 335
10 724
27 293
27 314
27 47
27 184
27 238
27 268
27 275
27 327
27 361
27 472
27 490
27 498
27 543
27 614
27 655
27 716
47 668
47 293
47 314
47 335
47 56
47 187
47 202
47 238
47 327
47 378
47 422
47 545
47 548
47 613
47 614
47 615
47 644
47 655
47 662
47 716
142 668
142 293
142 82
142 187
142 202
142 356
142 543
142 548
142 614
142 644
142 655
142 689
142 746
161 314
161 335
161 56
161 187
161 212
161 238
161 268
161 269
161 347
161 356
161 392
161 422
161 442
161 451
161 472
161 498
161 502
161 543
161 545
161 548
161 613
161 716
161 746
161 773
161 799
187 314
187 59
187 162
187 167
187 202
187 211
187 238
187 289
187 327
187 342
187 356
187 409
187 421
187 472
187 480
187 505
187 543
187 545
187 548
187 550
187 567
187 591
187 613
187 615
187 618
187 620
187 636
187 643
187 644
187 654
187 655
187 662
187 690
187 704
187 746
187 770
202 668
202 293
202 335
202 93
202 238
202 268
202 275
202 327
202 342
202 356
202 419
202 498
202 543
202 548
202 644
202 655
202 689
238 293
238 56
238 100
238 194
238 198
238 268
238 275
238 289
238 327
238 342
238 356
238 361
238 374
238 421
238 472
238 480
238 490
238 498
238 521
238 548
238 613
238 614
238 654
238 716
238 746
238 778
293 56
293 100
293 314
293 404
293 422
293 490
293 498
293 543
293 548
293 613
293 614
293 644
293 655
293 690
293 716
293 718
293 746
293 784
314 668
314 56
314 92
314 121
314 127
314 214
314 254
314 269
314 275
314 319
314 327
314 361
314 392
314 404
314 440
314 479
314 480
314 486
314 502
314 543
314 548
314 613
314 632
314 655
314 662
314 669
314 690
314 718
314 750
314 766
314 773
314 799
327 668
327 335
327 275
327 40
327 108
327 167
327 177
327 211
327 216
327 342
327 356
327 361
327 374
327 404
327 409
327 413
327 480
327 492
327 498
327 543
327 545
327 548
327 550
327 566
327 567
327 614
327 615
327 618
327 643
327 645
327 654
327 694
327 704
327 770
327 795
327 797
361 668
361 56
361 100
361 127
361 269
361 378
361 392
361 479
361 490
361 498
361 505
361 548
361 610
361 655
361 662
361 716
361 718
361 784
472 668
472 289
472 548
472 613
472 614
472 662
472 716
472 778
472 801
490 498
490 543
490 548
490 614
490 344
490 637
490 743
498 668
498 93
498 275
498 342
498 356
498 55
498 56
498 543
498 548
498 613
498 614
498 637
498 644
498 655
498 716
498 746
542 614
543 268
543 82
543 289
543 399
543 419
543 548
543 567
543 613
543 614
543 644
543 716
543 778
613 668
613 275
613 56
613 215
613 304
613 316
613 373
613 614
613 662
613 690
613 716
614 668
614 335
614 268
614 275
614 56
614 82
614 492
614 545
614 637
614 644
614 652
614 655
614 662
614 689
614 693
614 716
614 743
614 746
614 750
614 778
644 668
644 93
644 268
644 342
644 356
644 548
644 55
644 290
644 689
644 716
644 746
655 668
655 93
655 268
655 342
655 548
655 56
655 419
655 662
655 716
655 746
662 668
662 335
662 275
662 378
662 480
662 56
662 100
662 121
662 254
662 298
662 319
662 374
662 392
662 422
662 440
662 479
662 486
662 505
662 669
662 716
662 718
662 731
662 784
746 268
746 356
746 548
746 716
746 82
746 295
778 716
778 56
778 399
56 668
56 177
56 492
56 545
56 567
56 618
100 33
100 375
100 489
100 635
100 649
100 660
100 694
127 378
127 92
127 121
127 319
127 392
127 486
127 669
127 799
127 697
127 131
127 269
127 442
127 512
127 422
127 222
127 254
127 326
127 369
127 404
127 440
127 509
127 632
127 640
127 718
127 773
212 727
221 480
221 392
221 799
221 131
221 225
221 333
221 360
221 391
221 404
221 442
221 512
221 703
254 378
254 121
254 392
254 451
254 610
254 669
254 799
254 690
254 784
254 269
254 369
254 479
254 632
254 640
254 509
254 734
268 668
268 93
268 356
268 419
268 548
268 716
269 319
269 347
269 451
269 486
269 669
269 799
269 37
269 131
269 151
269 222
269 326
269 422
269 442
269 479
269 512
269 632
269 703
269 773
275 378
275 548
275 669
275 716
275 718
289 716
319 480
319 14
319 92
319 121
319 150
319 222
319 347
319 369
319 392
319 404
319 422
319 440
319 442
319 451
319 479
319 486
319 509
319 512
319 610
319 669
319 697
319 703
319 766
319 784
319 799
326 480
326 121
326 392
326 451
326 486
326 610
326 669
326 799
326 131
326 442
326 512
326 422
326 150
326 479
326 509
326 632
326 640
326 731
326 766
326 773
333 392
333 451
333 225
333 391
333 432
342 356
342 419
342 548
342 689
342 716
347 668
347 14
347 121
347 37
347 131
347 151
347 391
347 392
347 404
347 422
347 440
347 479
347 486
347 502
347 610
347 773
347 799
356 668
356 295
356 548
378 214
378 222
378 440
378 480
378 632
378 669
378 690
378 697
378 773
378 799
391 451
391 799
391 131
391 225
391 404
391 442
391 640
392 668
392 480
392 14
392 92
392 121
392 37
392 131
392 151
392 222
392 360
392 404
392 422
392 432
392 442
392 451
392 502
392 509
392 610
392 640
392 669
392 703
392 727
392 773
392 774
392 799
399 548
399 716
399 718
404 668
404 480
404 92
404 486
404 669
404 799
404 184
404 502
404 512
404 422
404 369
404 150
404 440
404 632
404 773
422 668
422 480
422 451
422 486
422 669
422 690
422 697
422 131
422 512
422 150
422 214
422 222
422 369
422 440
422 479
422 640
422 731
422 773
440 480
440 121
440 486
440 610
440 799
440 184
440 131
440 442
440 222
440 479
440 509
440 632
440 640
440 731
440 773
451 668
451 480
451 14
451 92
451 121
451 37
451 131
451 151
451 225
451 369
451 442
451 479
451 486
451 502
451 509
451 610
451 640
451 669
451 702
451 766
451 773
479 480
479 92
479 121
479 610
479 669
479 799
479 131
479 512
479 222
479 150
479 509
479 632
479 640
486 14
486 92
486 121
486 150
486 151
486 222
486 369
486 442
486 509
486 512
486 610
486 632
486 669
486 731
486 773
486 799
502 121
502 799
502 37
502 151
502 225
502 512
509 121
509 610
509 669
509 799
509 131
509 222
509 632
509 773
509 150
509 731
512 480
512 121
512 610
512 37
512 151
512 442
512 150
512 222
512 360
512 702
548 668
548 93
548 82
548 637
548 652
548 689
548 702
548 716
610 480
610 14
610 121
610 150
610 222
610 369
610 632
610 640
610 669
610 773
610 774
610 799
615 654
615 28
615 71
615 80
615 96
615 108
615 162
615 167
615 231
615 280
615 364
615 413
615 550
615 559
615 566
615 576
615 591
615 636
615 642
615 643
615 697
615 704
632 480
632 92
632 669
632 799
632 690
632 697
632 784
632 222
632 369
632 150
632 640
632 773
668 93
668 121
668 335
668 669
669 14
669 92
669 131
669 150
669 184
669 222
669 442
669 640
669 697
669 734
669 766
669 799
702 716
716 82
716 177
766 442
766 773
773 480
773 92
773 121
773 690
773 697
773 784
773 131
773 442
773 222
773 369
773 150
773 731
784 480
784 121
784 799
784 697
784 640
799 14
799 121
799 37
799 131
799 150
799 222
799 369
799 640
799 703
545 208
545 263
545 770
93 82
93 295
93 689
121 14
121 92
121 131
121 150
121 222
121 369
121 442
121 731
335 693
724 34
150 442
480 92
480 184
480 214
480 420
480 442
480 505
480 690
480 727
480 731
505 801
689 637
92 14
92 214
92 640
131 37
131 222
131 225
131 360
131 442
131 640
369 640
442 37
442 151
442 225
442 640
640 697
640 222
640 731
731 290
731 436
731 698
690 421
690 654
690 492
690 643
690 80
690 108
690 167
690 198
690 316
690 397
690 413
690 567
690 620
690 636
690 642
690 704
690 705
690 770
750 390
693 547
11 256
11 266
11 460
11 466
11 494
11 599
11 603
11 675
11 752
11 755
11 759
11 760
11 775
256 141
256 218
256 279
256 362
256 363
256 370
256 448
256 464
256 466
256 496
256 504
256 568
256 573
256 592
256 598
256 599
256 603
256 648
256 675
256 752
256 759
266 466
266 592
266 598
266 676
266 752
266 755
266 775
460 138
460 154
460 189
460 217
460 240
460 255
460 299
460 466
460 468
460 494
460 503
460 592
460 596
460 598
460 603
460 675
460 683
460 720
460 759
460 760
460 775
460 788
466 592
466 598
466 599
466 675
466 752
466 755
466 775
494 332
494 592
494 599
494 603
494 675
494 676
494 752
494 755
494 759
494 775
599 592
599 598
599 603
599 675
599 752
599 755
599 759
599 775
603 592
603 598
603 53
603 107
603 141
603 144
603 206
603 218
603 362
603 363
603 448
603 496
603 504
603 508
603 568
603 573
603 648
603 675
603 676
603 752
603 759
603 760
603 771
603 775
675 592
675 598
675 53
675 107
675 141
675 144
675 206
675 218
675 363
675 370
675 448
675 464
675 496
675 504
675 508
675 568
675 573
675 648
675 676
675 755
675 775
752 332
752 592
752 676
752 755
752 759
752 760
752 775
755 592
755 598
755 53
755 107
755 144
755 206
755 218
755 279
755 362
755 363
755 370
755 448
755 504
755 568
755 573
755 648
755 760
755 771
759 598
759 676
759 760
759 775
760 592
760 598
760 676
760 62
760 487
760 703
760 772
760 775
775 592
775 676
141 362
141 363
141 206
141 218
141 448
141 464
218 362
218 363
218 206
218 370
218 448
218 464
279 53
279 107
279 496
279 508
279 568
279 573
279 771
362 53
362 107
362 206
362 448
362 568
362 573
362 648
362 771
363 53
363 144
363 206
363 370
363 448
363 464
363 496
363 504
363 568
363 771
370 206
370 448
370 464
370 648
448 307
448 312
448 277
448 464
448 648
464 648
496 53
496 107
496 144
496 504
496 508
496 568
496 573
496 771
504 53
504 508
504 771
568 53
568 107
568 144
568 508
568 573
573 259
573 53
573 107
573 144
573 508
592 62
598 676
648 206
138 154
138 255
138 292
138 720
138 189
138 217
138 503
138 596
138 639
154 16
154 189
154 217
154 229
154 246
154 255
154 302
154 348
154 379
154 396
154 424
154 468
154 553
154 557
154 562
154 565
154 596
154 612
154 634
154 674
154 683
154 720
154 736
154 790
189 255
189 292
189 720
189 217
189 468
189 503
189 639
189 683
217 255
217 292
217 720
217 468
217 503
217 596
217 639
240 48
240 149
240 201
240 226
240 186
240 259
240 334
240 418
240 427
240 428
240 456
240 484
240 551
240 617
240 665
240 682
240 786
240 788
255 16
255 72
255 160
255 200
255 224
255 292
255 348
255 396
255 468
255 503
255 554
255 562
255 606
255 634
255 639
255 683
255 720
299 226
299 186
299 385
299 484
299 551
299 682
299 788
468 292
468 503
468 596
468 683
503 292
503 720
503 683
596 292
596 720
683 639
720 16
720 72
720 200
720 292
720 606
720 531
720 565
720 639
720 736
720 790
788 226
788 385
788 484
788 398
53 348
53 107
53 144
53 771
107 506
107 144
107 224
107 508
107 771
144 508
144 771
487 703
703 37
703 151
703 225
703 360
772 420
772 310
772 535
772 491
421 23
421 40
421 45
421 80
421 162
421 364
421 393
421 550
421 567
421 576
421 600
421 636
421 642
421 654
421 704
421 797
33 375
33 409
33 616
33 635
33 660
33 694
33 728
267 59
267 105
267 316
375 409
375 489
375 635
375 649
375 694
409 383
409 489
409 616
409 635
409 649
409 660
409 728
489 660
492 198
492 263
492 397
492 780
643 600
643 654
643 45
643 80
643 108
643 162
643 167
643 215
643 413
643 566
643 567
643 576
643 591
643 636
643 642
643 697
643 705
643 733
643 770
654 23
654 600
654 28
654 40
654 80
654 108
654 114
654 167
654 198
654 216
654 364
654 393
654 413
654 566
654 567
654 620
654 636
654 642
654 704
654 705
654 733
654 770
654 797
660 616
660 635
660 649
697 222
697 316
697 413
697 567
697 733
770 600
770 28
770 80
770 114
770 167
770 215
770 216
770 235
770 364
770 393
770 413
770 550
770 566
770 567
770 620
770 636
770 642
770 704
770 705
770 733
770 795
770 797
114 28
114 108
114 80
114 162
114 167
114 211
114 216
114 364
114 393
114 413
114 550
114 567
114 576
114 591
114 636
114 642
114 797
211 28
211 108
211 167
211 270
211 304
211 522
211 567
211 591
211 636
211 705
211 735
211 795
211 797
413 600
413 28
413 108
413 167
413 40
413 45
413 80
413 306
413 393
413 549
413 550
413 566
413 567
413 576
413 591
413 636
413 642
413 704
413 795
413 797
550 28
550 108
550 167
550 181
550 364
550 80
550 393
550 566
550 567
550 576
550 591
550 620
550 636
550 642
550 704
550 705
550 797
567 108
567 216
567 566
567 576
567 591
567 636
567 797
567 40
567 215
567 705
567 733
567 795
576 600
576 162
576 167
576 216
576 364
576 566
576 45
576 198
576 306
576 393
576 549
576 591
576 620
576 636
576 704
576 797
636 28
636 167
636 181
636 216
636 364
636 566
636 591
636 80
636 198
636 393
636 642
636 704
636 797
645 194
649 616
704 600
704 28
704 167
704 216
704 364
704 566
704 591
704 642
704 198
704 733
704 795
704 797
705 108
705 167
705 216
705 566
705 198
705 263
705 520
705 780
284 552
552 286
552 587
552 725
59 733
162 600
162 28
162 108
162 45
162 80
162 181
162 198
162 393
162 591
162 620
162 642
162 797
167 600
167 28
167 108
167 40
167 80
167 216
167 393
167 566
167 591
167 620
167 642
167 733
167 797
591 600
591 108
591 216
591 364
591 566
591 198
591 393
591 797
620 566
620 198
198 566
198 263
198 520
198 780
374 801
344 441
344 447
801 286
108 600
108 28
108 80
108 215
108 216
108 364
108 393
108 566
108 642
108 733
216 600
216 181
216 364
216 393
216 566
216 642
216 733
216 795
216 797
566 364
566 45
566 80
566 306
566 549
566 642
566 797
795 733
795 304
795 522
797 28
45 600
45 364
80 364
80 642
80 306
80 393
364 600
364 642
393 600
393 642
393 306
393 549
600 28
600 642
642 181
642 549
316 36
316 105
733 235
420 19
420 251
420 287
420 372
420 408
420 491
420 628
286 587
587 725
522 735
728 30
728 307
728 383
728 400
728 580
728 722
728 635
728 779
728 782
373 674
743 145
298 597
28 181
780 263
171 227
171 249
171 346
171 382
171 701
227 249
227 346
227 382
227 701
227 744
249 346
249 382
249 701
249 744
382 346
382 701
701 346
179 191
179 533
179 569
179 762
191 533
191 569
533 569
533 762
569 762
245 323
245 386
323 386
219 143
37 151
37 225
37 605
151 225
774 433
774 687
734 137
16 72
16 160
16 200
16 292
16 396
16 554
16 562
72 160
72 292
72 396
72 554
72 562
72 634
160 292
160 396
160 554
160 606
200 248
200 292
200 396
200 554
292 554
292 562
292 606
292 634
292 639
396 229
396 241
396 554
396 562
396 565
396 571
396 586
396 736
396 790
554 562
554 606
562 229
562 241
562 531
562 571
562 736
562 790
229 443
229 241
229 531
229 571
229 586
229 736
246 557
246 612
246 553
246 611
302 557
348 18
348 149
348 259
348 140
348 173
348 199
348 456
348 462
348 539
348 574
348 617
348 756
379 557
379 75
379 581
424 612
424 237
424 553
424 781
553 612
553 237
553 781
557 60
557 257
557 581
557 611
557 612
557 673
565 241
565 531
565 586
565 790
612 60
612 537
612 582
612 646
612 673
674 506
674 574
674 507
736 241
736 531
736 586
736 790
790 443
790 531
790 586
224 506
224 756
224 130
224 626
241 443
241 457
241 102
241 166
241 556
241 738
241 586
241 737
571 531
571 586
586 443
586 531
18 48
18 149
18 226
18 259
18 334
18 418
18 506
18 574
18 617
18 756
18 786
48 201
48 226
48 259
48 418
48 428
48 456
48 756
149 130
149 201
149 226
149 334
149 418
149 427
149 428
149 456
149 506
149 574
149 617
149 665
226 201
226 186
226 259
226 334
226 385
226 418
226 427
226 428
226 456
226 551
226 617
226 682
226 756
226 786
259 201
259 199
259 334
259 428
259 456
259 506
259 539
259 574
259 617
259 665
259 756
334 201
334 315
334 418
334 427
334 456
334 506
334 507
334 574
334 665
334 756
418 427
418 428
418 456
418 617
418 665
418 756
418 786
506 456
506 140
506 443
506 462
506 574
506 756
574 456
574 756
617 201
617 428
617 456
617 665
617 756
756 201
756 427
756 428
756 456
756 665
756 130
756 199
756 786
786 427
786 428
786 456
786 665
201 428
201 456
201 665
428 456
428 551
456 427
456 665
130 140
130 199
427 665
186 385
186 551
186 682
385 484
385 551
551 484
551 398
551 682
682 484
682 398
484 398
199 604
199 462
199 626
539 140
539 445
539 602
539 792
507 31
507 140
507 445
507 77
507 602
507 789
507 792
507 800
140 384
140 800
443 118
19 251
19 264
19 526
251 264
251 526
526 95
526 408
372 628
408 475
408 236
628 730
628 666
628 757
20 435
20 711
435 631
435 707
711 51
711 707
118 271
134 271
794 271
22 135
22 261
22 483
22 769
135 312
135 483
135 570
261 541
261 629
261 769
483 203
483 300
483 312
483 769
769 515
769 203
769 312
312 730
312 203
629 515
203 414
300 277
300 740
24 595
595 75
104 386
616 635
49 69
49 112
49 155
49 276
49 321
49 330
49 353
49 411
49 453
49 459
49 482
49 627
49 657
49 663
49 708
49 717
49 741
49 749
49 793
276 69
276 155
276 213
276 86
276 330
276 353
276 411
276 453
276 459
276 474
276 482
276 657
276 663
276 708
276 709
276 717
276 741
276 749
453 69
453 89
453 112
453 136
453 213
453 321
453 330
453 459
453 474
453 482
453 497
453 709
453 741
453 749
497 69
497 136
497 155
497 213
497 321
497 330
497 353
497 411
497 474
497 482
497 86
497 607
497 627
497 657
497 663
497 709
497 717
497 741
497 749
497 793
657 69
657 89
657 155
657 213
657 330
657 353
657 411
657 459
657 482
657 627
657 663
657 708
657 709
657 749
657 793
717 89
717 112
717 213
717 330
717 353
717 411
717 459
717 474
717 482
717 663
717 232
717 741
717 749
717 793
383 30
383 307
383 400
383 580
383 722
383 779
742 143
71 777
71 81
71 231
71 354
71 471
71 732
71 748
71 789
71 791
71 802
96 777
96 81
96 239
96 457
96 471
96 732
96 748
96 789
96 791
231 777
231 81
231 239
231 471
231 789
231 802
30 307
30 400
30 580
30 722
30 779
307 400
307 580
307 722
307 779
400 722
580 722
580 779
722 779
31 445
445 350
445 745
445 792
384 605
800 605
800 789
350 77
350 602
350 792
745 792
792 602
77 180
602 789
789 777
789 81
789 239
789 748
789 802
32 110
60 205
36 301
38 196
38 441
38 447
38 473
38 761
196 305
196 441
196 447
196 473
441 305
441 447
441 473
441 761
447 305
473 305
39 285
39 410
39 647
285 165
285 336
285 410
410 83
410 165
410 336
647 282
647 336
647 277
83 165
83 282
83 336
165 336
282 336
277 621
41 73
41 129
41 170
73 129
129 125
170 667
667 661
667 414
42 407
661 204
661 470
661 532
204 414
204 296
470 414
470 365
470 532
532 414
532 296
532 365
730 99
69 112
69 136
69 155
69 213
69 330
69 353
69 411
69 459
69 474
69 482
69 627
69 708
69 709
69 749
69 793
112 89
112 136
112 155
112 213
112 411
112 459
112 474
112 708
112 741
112 749
112 793
155 89
155 136
155 86
155 213
155 232
155 330
155 353
155 411
155 459
155 474
155 482
155 627
155 663
155 749
155 793
321 459
330 89
330 136
330 411
330 459
330 474
330 482
330 663
330 708
330 709
330 741
330 749
353 89
353 411
353 459
353 474
353 482
353 607
353 708
411 89
411 136
411 213
411 86
411 232
411 459
411 482
411 627
411 663
411 708
411 709
411 741
411 749
459 89
459 136
459 474
459 482
459 627
459 663
459 708
459 741
459 793
482 89
482 136
482 213
482 474
482 627
482 708
482 709
482 741
482 793
627 89
627 213
627 474
627 663
627 708
627 793
663 89
663 136
663 213
663 474
663 607
663 708
663 741
663 749
663 793
708 89
708 213
708 474
708 709
708 741
708 749
708 793
741 89
741 136
741 213
741 474
741 709
741 749
741 793
749 136
749 213
749 793
793 89
793 213
793 709
793 232
136 89
136 213
136 474
136 709
213 89
213 86
213 232
213 474
213 709
474 89
474 607
709 89
52 777
777 81
777 239
777 354
777 471
777 732
777 802
81 239
81 732
81 802
239 354
239 748
239 802
354 732
354 748
354 802
732 748
732 802
802 748
257 260
673 646
537 781
457 98
457 166
457 309
457 556
457 583
457 630
457 737
457 738
278 122
278 325
278 367
278 513
278 519
278 527
278 670
278 678
325 122
325 367
325 450
325 513
325 519
325 650
325 670
325 678
325 691
450 513
450 519
450 650
450 678
450 691
513 122
513 367
513 519
513 650
513 678
513 787
519 650
519 670
519 678
519 691
650 122
650 367
650 670
650 678
670 122
670 367
670 678
670 691
678 367
678 691
691 122
691 367
122 367
439 143
143 458
98 166
98 309
98 481
98 556
166 102
166 481
166 583
166 737
166 738
309 481
309 738
556 102
556 481
556 583
556 737
583 102
583 493
583 737
737 738
738 102
738 481
481 102
102 493
99 159
101 146
101 210
101 423
101 430
101 528
101 715
146 195
146 210
146 423
146 430
146 528
146 715
146 763
210 195
210 423
210 715
210 763
423 195
423 430
423 715
423 763
430 195
430 528
430 763
528 195
528 763
715 195
626 604
120 604
458 209
414 296
414 365
137 444
139 390
209 247
209 765
247 765
237 619
156 252
387 695
233 310
233 535
310 535
621 723
740 700
597 664
700 530
322 589
666 757
377 530
433 401
687 401
726 767
