240
314
212
285
302
182
83
168
133
90
196
178
21
269
288
254
144
157
1
101
70
40
257
250
147
192
49
135
139
34
266
86
152
274
188
154
75
130
156
74
249
145
207
247
45
137
117
136
172
105
315
224
225
36
87
73
42
148
245
205
20
275
81
149
63
59
14
303
54
301
204
187
15
31
51
39
217
80
26
153
103
287
263
24
323
194
197
85
66
229
146
304
199
13
46
99
43
189
10
16
234
175
131
67
69
120
134
273
241
246
239
235
12
33
11
277
28
110
221
125
38
201
219
9
72
279
52
76
228
282
126
142
255
281
71
56
108
123
203
296
209
44
210
208
22
115
127
124
256
164
65
317
57
141
104
107
94
216
270
231
92
190
286
