611
104
523
1077
63
1033
121
763
125
199
514
1076
757
399
584
898
292
37
1050
846
1042
151
106
1067
445
179
5
370
110
685
697
62
772
1124
976
511
931
981
1093
332
412
204
96
315
563
583
144
261
309
761
76
421
133
1072
1095
195
92
885
226
233
1059
1122
973
767
356
1126
1098
879
443
821
269
573
448
495
1106
618
82
386
73
14
360
569
99
578
481
831
180
85
1046
311
1097
397
34
183
97
483
113
391
9
1118
338
670
217
699
914
337
980
1110
383
302
975
698
1130
794
157
197
828
455
748
264
684
540
972
343
371
1010
554
1014
856
275
906
710
123
449
965
31
42
12
664
176
447
187
718
968
222
730
959
720
156
872
744
464
130
550
661
619
466
943
353
808
394
205
324
186
200
725
665
100
152
840
876
433
404
705
927
890
148
432
54
454
724
630
319
951
331
268
883
1100
1
435
278
616
58
1037
756
864
789
78
1120
941
98
687
359
801
354
1052
686
248
452
716
230
161
368
926
296
666
314
638
436
672
159
486
723
39
283
571
860
382
866
120
559
810
1035
15
627
585
306
735
875
714
623
948
231
1044
108
612
388
884
1018
836
459
400
1129
43
494
560
829
985
640
726
1047
1092
240
731
863
276
172
713
895
605
758
891
247
211
431
210
1123
26
253
656
655
384
803
1008
788
194
11
639
467
24
503
533
10
155
165
553
420
1074
468
678
140
325
998
940
60
715
707
515
470
820
650
556
704
740
374
145
719
502
182
8
30
450
321
963
907
750
373
924
1083
604
65
482
22
517
64
417
596
721
288
818
407
851
777
473
1055
239
263
892
878
918
855
722
1040
589
68
695
227
675
244
440
1115
894
322
372
771
881
1022
154
398
1009
277
1102
520
246
2
4
221
830
732
624
978
25
305
1068
800
358
942
158
608
825
1111
316
814
572
330
439
415
1099
680
228
1013
287
177
346
893
304
70
792
827
990
90
606
72
416
293
480
499
910
126
427
13
547
997
135
537
728
189
249
528
964
529
310
539
169
461
393
621
487
635
345
379
488
739
1061
548
235
40
335
225
544
326
909
71
