400
83
488
489
553
800
461
386
730
711
81
718
856
611
198
584
20
197
921
561
660
259
392
115
430
140
725
156
154
654
861
24
180
637
828
41
546
612
254
409
537
447
195
82
784
69
603
324
900
975
61
29
394
210
181
844
66
37
157
48
468
401
261
869
821
308
84
420
265
256
595
806
98
230
284
95
62
526
222
131
655
606
404
635
277
209
855
224
923
40
577
262
615
513
307
231
435
754
415
554
627
599
318
609
507
464
173
77
358
551
756
103
891
839
552
269
133
38
964
196
46
734
88
531
724
122
628
417
648
347
786
556
644
486
100
565
491
75
495
226
136
691
171
250
191
31
402
165
470
596
13
453
601
111
286
710
149
455
110
448
21
860
454
873
120
477
227
802
677
659
530
102
375
51
30
94
751
215
712
977
351
92
581
803
478
437
631
126
735
510
121
285
647
316
943
362
927
715
471
79
42
22
93
681
60
428
260
145
716
399
817
501
49
303
846
371
625
514
114
629
185
19
616
594
155
12
776
692
141
665
258
366
47
201
276
602
992
458
480
204
353
767
516
582
345
142
494
412
26
175
505
504
338
2
434
424
139
680
28
96
104
675
649
752
170
736
583
892
16
622
356
664
240
346
674
533
274
172
249
838
592
243
436
148
223
427
911
837
273
218
661
913
588
693
216
118
264
498
492
827
720
517
528
309
463
832
444
34
474
708
476
704
10
870
885
128
445
132
205
137
105
965
87
499
246
363
391
713
733
670
169
787
166
189
550
469
947
624
219
331
729
159
617
387
372
354
643
610
225
682
339
138
431
373
381
623
312
657
278
493
814
737
290
414
395
221
89
59
99
808
7
55
393
161
462
319
317
291
490
333
782
676
107
174
579
527
460
101
768
220
237
645
343
758
872
233
646
509
383
247
650
255
162
842
607
503
555
500
485
548
193
1001
263
332
8
368
403
213
854
232
722
113
76
268
360
152
739
134
245
443
275
217
70
652
709
567
618
23
562
248
662
626
3
563
765
748
621
252
920
915
763
35
578
585
127
80
143
766
459
721
759
576
728
50
990
745
130
39
982
207
656
694
465
586
636
300
167
78
244
25
407
179
253
6
778
783
698
600
508
502
335
816
58
580
590
32
382
158
329
234
192
857
