0 20
0 36
0 105
20 1
20 2
20 4
20 5
20 7
20 9
20 11
20 12
20 13
20 18
20 19
20 22
20 23
20 29
20 31
20 32
20 35
20 36
20 39
20 41
20 44
20 45
20 46
20 47
20 49
20 50
20 51
20 52
20 62
20 66
20 69
20 71
20 72
20 76
20 78
20 81
20 82
20 86
20 87
20 89
20 91
20 92
20 98
20 99
20 100
20 104
20 105
20 111
20 114
20 115
20 119
20 120
20 121
20 122
20 123
20 124
20 126
20 129
20 130
20 132
20 134
36 29
36 26
36 51
36 65
36 75
36 77
36 103
36 111
36 114
36 129
105 122
1 8
1 30
1 46
1 48
1 52
1 71
1 78
1 81
1 119
1 134
2 19
4 18
4 53
4 115
5 115
5 6
5 9
5 41
5 44
5 69
5 89
7 81
7 47
9 78
9 119
9 19
9 122
9 14
9 28
9 34
9 41
9 44
9 50
9 51
9 55
9 60
9 67
9 69
9 70
9 73
9 79
9 80
9 85
9 98
9 116
9 118
9 121
9 124
9 125
9 126
9 131
11 30
11 43
11 78
11 81
11 3
11 23
12 18
12 98
12 122
13 26
13 91
18 114
18 10
18 14
18 28
18 35
18 60
18 65
18 75
18 76
18 82
18 83
18 120
18 122
18 128
18 132
19 119
19 44
19 69
19 115
19 129
19 130
22 30
22 114
22 85
22 101
23 78
23 114
23 134
23 129
23 60
23 98
23 112
29 26
29 41
29 51
29 54
29 75
29 77
29 103
29 111
29 129
31 82
32 115
32 130
32 16
32 97
35 119
35 122
35 26
35 98
39 52
41 119
41 115
41 122
41 26
41 44
41 113
44 78
44 119
44 122
44 132
44 28
44 34
44 37
44 50
44 55
44 69
44 72
44 73
44 79
44 80
44 85
44 89
44 92
44 98
44 109
44 116
44 118
44 121
44 124
44 125
44 126
44 129
44 131
45 93
45 87
46 30
46 48
46 78
46 85
46 99
46 104
46 106
46 115
46 123
46 130
46 133
47 78
47 114
47 49
47 65
49 81
49 115
49 130
50 114
50 122
50 65
50 72
50 76
51 114
51 115
51 130
51 17
51 40
51 65
51 101
52 30
52 43
52 78
62 78
62 17
66 121
66 106
69 130
69 6
69 25
69 64
69 73
69 79
69 85
69 89
69 96
69 98
69 100
69 102
69 129
71 43
71 81
76 30
76 78
76 122
76 89
76 79
76 85
76 121
76 65
76 77
76 100
76 110
76 117
78 48
78 17
78 42
78 58
78 60
78 61
78 65
78 67
78 79
78 85
78 87
78 89
78 92
78 95
78 96
78 98
78 99
78 100
78 104
78 106
78 108
78 112
78 113
78 114
78 115
78 118
78 121
78 129
78 134
81 8
81 3
81 15
81 24
81 57
81 65
81 74
81 115
81 116
81 129
81 130
82 122
86 26
86 90
86 96
87 30
87 114
87 134
87 21
87 58
87 95
89 30
89 114
89 134
89 115
89 6
89 10
89 65
89 68
89 73
89 88
89 96
89 98
89 100
89 102
89 116
91 26
92 95
92 107
92 117
92 118
98 114
98 134
98 100
99 114
99 65
99 123
99 133
100 114
100 79
100 85
100 26
100 65
100 42
100 90
104 48
104 79
104 106
111 125
111 54
114 30
114 48
114 42
114 53
114 60
114 61
114 65
114 67
114 77
114 79
114 85
114 90
114 94
114 101
114 106
114 112
114 117
114 122
114 127
114 134
115 53
115 16
115 42
115 73
115 85
115 93
115 103
115 110
115 121
115 129
115 130
119 43
119 122
119 134
120 126
120 10
121 130
121 85
122 30
122 10
122 14
122 28
122 37
122 38
122 54
122 60
122 64
122 75
122 77
122 113
122 128
122 129
122 132
123 133
126 70
129 30
129 134
129 130
129 6
129 10
129 24
129 25
129 55
129 60
129 61
129 64
129 77
129 79
129 83
129 85
129 96
129 102
129 109
129 116
129 127
129 131
130 53
130 16
130 73
130 85
130 93
130 103
130 110
132 80
134 30
134 25
134 68
134 79
134 83
134 85
134 108
26 85
26 90
54 128
54 38
75 28
65 79
65 118
65 56
65 68
65 90
65 127
8 43
30 21
30 33
30 48
30 53
30 61
30 63
30 85
30 93
30 110
30 112
30 117
48 106
43 3
43 15
43 74
21 16
21 58
33 107
53 63
61 127
61 63
85 79
85 68
85 88
85 108
85 117
93 67
93 73
110 117
112 60
112 59
117 107
15 74
74 94
17 40
17 101
60 14
60 109
67 118
79 68
79 108
95 97
108 131
108 68
113 128
113 64
113 59
118 107
24 116
24 57
116 131
101 40
127 27
127 84
25 10
25 38
25 64
25 83
83 128
14 125
37 109
55 102
40 56
