354
123
237
221
645
804
836
1016
234
574
871
341
205
603
782
614
968
373
570
929
316
324
644
440
219
143
656
488
157
813
202
735
635
650
1028
882
227
413
0
439
1077
927
844
333
595
86
224
329
457
1004
53
621
642
171
936
819
805
139
589
1043
615
814
732
127
754
218
158
397
1012
41
14
410
483
896
634
1032
277
747
99
118
155
320
364
516
1049
746
773
260
95
1033
90
900
598
311
681
1026
1113
368
416
60
725
1128
473
348
294
637
405
1013
403
174
1064
949
391
370
186
807
941
476
880
257
194
117
835
755
549
346
826
29
776
573
84
859
232
529
304
124
345
677
201
533
25
72
587
163
422
663
943
248
562
812
1066
383
280
264
92
843
20
731
885
841
854
1098
923
727
266
1112
283
834
56
641
203
989
916
1020
505
322
703
700
696
424
675
521
666
408
531
1030
325
462
407
398
526
744
862
119
691
386
189
1092
73
192
318
169
183
75
750
87
908
893
250
271
712
771
911
1002
460
479
960
213
957
305
1081
626
344
624
1
963
1123
622
273
1040
499
1107
553
695
952
653
808
417
299
678
1086
8
947
738
631
845
764
501
193
215
435
953
801
686
881
774
1110
832
138
447
328
47
604
319
769
468
606
544
1129
510
757
787
540
743
1100
292
79
1042
45
806
200
867
661
52
655
472
1045
270
942
85
600
406
559
561
623
560
828
1131
876
222
109
491
997
1114
282
926
428
442
800
564
842
366
619
414
309
528
300
349
26
1035
1108
636
254
820
796
188
493
289
714
684
860
467
331
586
425
618
317
903
698
