0 94
0 159
0 198
0 257
0 297
0 712
0 720
0 738
0 875
0 977
94 2
94 27
94 59
94 144
94 163
94 202
94 232
94 267
94 303
94 312
94 325
94 357
94 368
94 377
94 400
94 417
94 433
94 458
94 478
94 482
94 486
94 516
94 540
94 582
94 645
94 654
94 660
94 684
94 720
94 722
94 727
94 741
94 742
94 745
94 748
94 857
94 872
94 879
94 883
94 921
94 948
159 107
159 324
159 648
159 669
159 682
159 712
159 902
159 919
198 40
198 110
198 257
198 416
198 459
198 588
198 692
198 770
198 781
198 977
198 991
257 40
257 191
257 247
257 424
257 427
257 433
257 476
257 712
257 812
257 875
297 27
297 66
297 97
297 132
297 234
297 345
297 361
297 428
297 438
297 457
297 478
297 489
297 516
297 529
297 540
297 745
297 859
297 974
297 991
712 210
712 295
712 12
712 19
712 21
712 56
712 61
712 75
712 125
712 128
712 180
712 206
712 234
712 262
712 268
712 281
712 290
712 304
712 312
712 325
712 374
712 378
712 381
712 461
712 469
712 516
712 532
712 533
712 540
712 568
712 585
712 608
712 667
712 669
712 715
712 722
712 733
712 742
712 772
712 777
712 780
712 812
712 832
712 836
712 849
712 859
712 862
712 867
712 872
712 889
712 902
712 919
720 247
720 314
720 325
720 461
720 682
720 923
720 992
738 32
738 95
738 160
738 208
738 225
738 231
738 299
738 321
738 345
738 354
738 399
738 416
738 439
738 440
738 502
738 516
738 587
738 588
738 626
738 641
738 651
738 653
738 698
738 725
738 748
738 786
738 844
738 872
738 881
738 893
738 921
875 61
875 145
875 175
875 319
875 416
875 427
875 429
875 433
875 459
875 470
875 517
875 636
875 641
875 692
875 770
875 836
875 869
875 876
875 899
875 977
875 991
875 1002
977 163
977 319
977 510
977 589
977 781
977 971
23 191
23 277
23 422
23 538
23 557
23 562
23 593
191 210
191 66
191 302
191 311
191 315
191 461
191 992
277 295
277 3
277 207
277 214
277 241
277 325
277 346
277 378
277 420
277 422
277 448
277 498
277 557
277 568
277 682
277 687
277 827
277 902
277 905
277 906
277 1014
422 767
422 3
422 593
538 911
538 532
538 568
538 957
557 147
557 19
557 234
557 346
557 132
557 214
557 264
557 280
557 398
557 420
557 975
562 295
562 859
562 325
562 166
562 233
562 636
562 777
593 103
593 326
593 409
40 32
40 45
40 66
40 111
40 131
40 215
40 427
40 429
40 433
40 478
40 559
40 561
40 588
40 589
40 643
40 692
40 781
40 796
40 845
40 854
32 704
32 127
32 399
32 95
32 99
32 187
32 282
32 334
32 401
32 440
32 481
32 626
32 688
32 698
32 725
32 818
32 844
32 881
32 893
32 921
32 933
32 959
45 855
45 441
45 561
45 1013
45 215
45 216
45 429
45 643
66 210
66 30
66 55
66 111
66 186
66 314
66 395
66 414
66 478
66 484
66 559
66 561
66 582
66 616
66 682
66 708
66 739
66 786
66 790
66 796
66 854
66 878
66 923
66 949
66 1009
111 553
111 213
111 708
111 30
111 335
111 478
111 559
111 561
111 582
111 643
111 796
131 540
131 893
131 170
131 175
131 710
131 741
131 742
131 816
131 835
131 872
131 973
131 989
215 153
215 855
215 796
215 898
215 355
215 373
215 515
427 37
427 991
427 110
427 927
429 704
429 780
429 770
429 899
429 83
429 344
429 416
429 459
429 781
429 836
429 865
429 1002
433 24
433 175
433 319
433 470
433 517
433 589
433 692
433 779
433 836
433 899
478 540
478 147
478 153
478 58
478 991
478 708
478 30
478 74
478 368
478 377
478 395
478 477
478 559
478 582
478 588
478 643
478 644
478 651
478 707
478 834
478 854
478 872
478 879
559 791
559 540
559 456
559 708
559 30
559 69
559 477
559 519
559 561
559 582
559 822
559 854
559 1009
561 845
561 708
561 30
561 249
561 355
561 368
561 448
561 643
561 644
561 671
561 796
561 943
561 989
588 510
588 540
588 667
588 410
588 995
588 241
588 553
588 991
588 351
588 718
588 745
588 128
588 299
588 482
588 59
588 178
588 209
588 361
588 368
588 378
588 381
588 444
588 472
588 486
588 490
588 505
588 544
588 550
588 686
588 707
588 711
588 723
588 746
588 754
588 816
588 856
588 879
588 938
588 972
588 985
588 996
588 1004
589 969
589 234
589 780
589 184
589 770
589 991
589 479
589 745
589 88
589 265
589 416
589 457
589 781
589 836
589 869
589 948
643 147
643 153
643 855
643 482
643 284
643 891
692 815
692 780
692 786
692 933
692 748
692 585
692 44
692 46
692 110
692 115
692 181
692 261
692 274
692 367
692 371
692 435
692 457
692 635
692 680
692 705
692 728
692 802
692 809
692 836
692 971
692 1016
781 770
781 991
781 899
781 110
781 416
781 476
781 792
781 862
796 965
796 631
796 708
796 30
796 35
796 64
796 270
796 355
796 373
796 513
796 515
796 582
796 613
796 707
796 837
796 850
796 1009
845 1
845 767
845 55
845 196
845 477
845 515
845 808
845 816
845 956
854 965
854 30
854 441
854 535
854 644
854 355
854 460
854 582
2 199
2 291
2 428
2 510
2 540
2 586
2 646
2 703
2 727
2 744
2 878
2 907
27 389
27 410
27 177
27 768
27 213
27 425
27 528
27 663
27 708
27 718
27 745
27 804
27 877
27 986
27 1011
59 428
59 540
59 907
59 58
59 346
59 553
59 516
59 146
59 163
59 368
59 490
59 599
59 620
59 834
59 872
59 883
59 972
59 1002
59 1004
144 877
144 128
144 430
144 178
144 279
144 695
144 803
163 907
163 768
163 745
163 877
163 986
163 675
163 305
163 516
163 973
163 208
163 867
163 368
163 872
163 226
163 318
163 599
163 724
163 742
163 777
163 858
163 866
163 1004
202 657
202 877
202 239
202 407
202 320
202 505
202 724
232 853
232 616
232 310
232 182
232 505
232 821
267 360
267 940
267 60
267 631
267 219
267 675
267 211
267 381
267 976
267 860
267 395
267 164
267 178
267 476
267 486
267 590
267 676
267 695
267 805
267 996
303 669
303 170
312 667
312 980
312 923
312 19
312 234
312 162
312 247
312 325
312 452
312 461
312 498
312 518
312 568
312 583
312 617
312 647
312 669
312 705
312 722
312 737
312 772
312 919
325 295
325 907
325 645
325 859
325 19
325 37
325 241
325 314
325 21
325 100
325 258
325 322
325 420
325 457
325 461
325 476
325 480
325 483
325 491
325 498
325 568
325 575
325 647
325 669
325 772
325 782
325 831
325 846
325 902
325 909
325 924
325 964
325 1003
357 359
357 801
357 126
357 90
368 295
368 540
368 507
368 859
368 58
368 180
368 234
368 381
368 1014
368 516
368 973
368 338
368 361
368 377
368 378
368 695
368 741
368 805
368 865
368 872
368 943
368 972
368 996
377 645
377 972
377 582
377 896
377 417
377 1018
400 727
400 784
400 321
400 863
400 19
400 58
400 83
400 135
400 182
400 322
400 394
400 476
400 502
400 545
400 631
400 632
400 671
400 803
400 1014
417 360
417 327
417 137
417 631
417 334
417 482
417 311
417 872
417 896
417 140
417 1018
458 955
458 31
458 90
458 113
458 126
458 230
458 381
458 396
458 890
458 898
482 37
482 553
482 351
482 928
482 475
482 299
482 899
482 305
482 496
482 211
482 41
482 50
482 106
482 189
482 226
482 307
482 395
482 431
482 505
482 516
482 548
482 613
482 620
482 662
482 711
482 834
482 837
482 924
482 939
482 973
482 985
486 128
486 774
486 395
486 288
486 318
486 888
516 510
516 907
516 160
516 815
516 290
516 991
516 951
516 128
516 475
516 95
516 282
516 440
516 786
516 748
516 44
516 157
516 435
516 205
516 310
516 345
516 358
516 371
516 404
516 409
516 424
516 437
516 490
516 505
516 521
516 564
516 620
516 641
516 653
516 705
516 757
516 772
516 840
516 872
516 883
516 1002
540 14
540 139
540 211
540 247
540 311
540 314
540 345
540 361
540 378
540 401
540 490
540 599
540 667
540 741
540 745
540 746
540 754
540 867
540 872
540 879
540 938
540 946
540 995
582 153
582 535
582 1009
582 305
582 355
582 460
582 477
582 515
645 980
645 14
645 584
645 58
645 78
645 83
645 211
645 234
645 265
645 381
645 455
645 476
645 502
645 523
645 722
645 803
645 804
645 836
645 917
654 907
654 225
654 786
654 893
654 921
654 430
654 125
654 205
654 454
654 830
660 657
660 472
684 510
684 342
722 980
722 241
722 324
722 21
722 290
722 135
722 152
722 169
722 265
722 322
722 418
722 549
722 556
722 585
722 730
722 737
722 836
722 840
727 474
727 744
727 803
741 900
741 448
741 973
741 872
741 996
741 169
741 695
741 742
741 943
741 947
742 553
742 128
742 299
742 987
742 808
742 394
745 907
745 228
745 269
745 219
745 780
745 991
745 128
745 183
745 208
745 381
745 484
745 578
745 836
745 862
745 950
745 962
745 1004
748 354
748 58
748 95
748 282
748 299
748 36
748 439
748 125
748 283
748 619
748 809
748 987
857 225
857 147
857 281
857 626
857 786
857 587
857 715
857 170
857 356
857 595
857 612
857 746
857 777
857 828
857 886
872 510
872 188
872 314
872 991
872 718
872 170
872 490
872 879
879 986
879 774
879 564
879 345
879 490
879 746
879 754
883 510
883 703
883 907
883 575
883 620
883 134
883 310
883 454
883 505
883 616
883 690
883 713
883 817
883 1002
921 160
921 225
921 963
921 401
921 698
921 844
921 893
921 899
921 372
921 416
921 641
921 809
921 873
921 886
921 959
921 987
921 993
921 998
948 507
948 269
948 674
948 204
948 393
948 1004
948 135
948 265
948 183
948 869
948 870
107 272
107 318
324 70
324 262
324 19
324 123
324 134
324 162
324 469
324 480
324 498
324 518
324 600
324 648
324 687
324 840
324 852
324 919
324 1003
648 1003
648 852
648 688
648 133
648 518
648 498
648 567
648 808
648 886
669 295
669 360
669 262
669 304
669 667
669 980
669 241
669 974
669 21
669 247
669 238
669 383
669 423
669 518
669 568
669 687
669 757
669 772
669 782
669 834
669 867
669 919
669 968
669 1003
682 295
682 130
682 300
682 321
682 863
682 278
682 980
682 831
682 974
682 900
682 42
682 448
682 55
682 112
682 119
682 135
682 322
682 378
682 484
682 616
682 639
682 640
682 668
682 671
682 805
682 824
682 864
682 916
682 992
682 1014
902 210
902 295
902 360
902 180
902 379
902 532
902 21
902 56
902 206
902 293
902 489
902 612
902 803
902 871
902 974
919 281
919 304
919 667
919 980
919 563
919 831
919 852
919 123
919 461
919 302
919 423
919 480
919 600
919 489
919 596
919 642
919 772
919 811
110 261
416 58
416 770
416 213
416 986
416 401
416 403
416 74
416 93
416 236
416 459
416 636
416 865
459 770
459 899
459 403
459 865
459 280
459 571
770 24
770 184
770 145
770 636
770 641
770 788
770 792
770 865
770 899
770 998
991 553
991 24
991 98
991 139
991 381
991 444
991 454
991 475
991 490
991 521
991 564
991 636
991 641
991 844
991 877
991 1011
210 19
210 21
210 70
210 145
210 214
210 234
210 262
210 290
210 314
210 461
210 647
210 667
210 715
19 147
19 980
19 923
19 859
19 37
19 180
19 234
19 241
19 314
19 346
19 379
19 532
19 563
19 575
19 631
19 704
19 733
19 815
19 831
19 905
19 967
19 974
19 975
21 667
21 234
21 241
21 247
21 290
21 352
21 421
21 438
21 797
21 1003
70 295
70 122
70 132
70 262
70 302
70 304
70 383
70 408
70 423
70 480
70 518
70 726
70 808
70 964
70 1003
145 128
145 299
145 844
145 457
145 779
145 865
214 667
214 923
214 234
214 815
214 905
214 290
214 528
214 461
214 102
214 398
214 415
214 420
214 690
214 772
214 870
214 925
214 968
234 923
234 180
234 56
234 83
234 132
234 379
234 398
234 420
234 498
234 612
234 687
234 715
234 772
234 815
234 905
234 968
234 974
234 990
262 295
262 152
262 238
262 258
262 302
262 322
262 326
262 367
262 480
262 498
262 563
262 600
262 647
262 852
262 964
262 980
262 990
290 667
290 241
290 379
290 233
290 556
290 935
314 773
314 281
314 135
314 250
314 264
314 378
314 733
461 608
461 667
461 980
461 1003
461 61
461 305
461 518
461 617
461 647
461 737
461 772
461 925
461 935
647 162
647 408
647 518
647 642
647 468
647 737
667 295
667 360
667 12
667 241
667 247
667 302
667 670
667 768
667 859
667 923
667 980
667 1002
715 295
715 980
715 352
715 305
715 337
715 457
715 529
715 533
715 583
715 759
715 871
247 295
247 147
247 980
247 859
247 502
247 704
247 56
247 280
247 350
247 968
424 907
424 61
424 282
424 340
424 521
424 218
424 361
424 554
424 701
476 510
476 327
476 967
476 213
476 1011
476 520
476 942
476 472
476 774
476 917
476 996
476 106
476 119
476 285
476 332
476 372
476 431
476 594
476 803
476 870
476 962
295 73
295 122
295 135
295 169
295 199
295 241
295 268
295 281
295 304
295 378
295 383
295 423
295 448
295 480
295 507
295 534
295 563
295 568
295 600
295 617
295 737
295 782
295 805
295 824
295 846
295 852
295 859
295 900
295 916
295 1014
73 135
73 534
122 304
122 733
122 831
122 133
122 726
122 132
122 408
122 483
122 964
135 853
135 863
135 388
135 797
135 900
135 448
135 1014
135 484
135 616
135 207
135 256
135 258
135 322
135 415
135 549
135 685
135 690
135 719
135 753
135 755
135 762
135 771
135 864
135 870
135 910
135 937
169 507
169 166
169 900
169 448
169 1014
169 834
169 182
169 500
169 803
169 641
169 711
169 805
169 873
169 943
169 1015
199 744
199 878
241 980
241 923
241 859
241 37
241 123
241 309
241 420
241 431
241 772
241 832
241 974
268 75
268 281
268 608
268 534
268 420
281 907
281 12
281 75
281 72
281 197
281 280
281 531
281 599
281 608
281 849
281 889
281 897
281 914
304 12
304 408
304 442
304 480
304 483
304 563
304 726
304 772
304 831
304 852
304 923
304 964
378 507
378 532
378 351
378 900
378 448
378 943
378 754
383 1002
383 568
423 831
423 874
423 852
423 585
423 302
423 316
423 480
423 840
423 909
448 507
448 166
448 900
448 42
448 208
448 292
448 534
448 805
448 865
448 943
448 947
448 972
448 996
448 1015
480 859
480 563
480 1003
480 617
480 302
480 316
480 462
480 491
480 498
480 552
480 600
480 687
480 782
480 990
507 10
507 487
507 182
507 238
507 244
507 365
507 472
507 534
507 535
507 612
507 793
507 805
507 836
507 861
507 996
534 130
534 784
534 300
534 321
534 1014
534 671
534 123
534 484
534 616
534 465
534 558
534 596
534 603
534 640
534 662
534 710
534 737
534 805
534 824
563 911
563 859
563 100
563 302
563 457
563 772
568 911
568 923
568 532
568 585
568 726
568 757
568 132
568 394
568 483
568 964
600 1003
600 852
600 88
600 370
600 614
617 61
617 852
617 316
617 469
617 642
737 980
737 852
737 726
737 832
737 642
737 468
782 831
782 964
782 322
782 753
782 117
782 772
782 846
805 900
805 1014
805 973
805 972
805 996
805 916
805 274
805 894
805 904
805 943
805 1015
824 321
824 671
846 322
846 772
846 341
852 831
852 1003
852 103
852 206
852 238
852 302
852 316
852 491
852 508
852 683
852 840
852 886
859 180
859 305
859 310
859 381
859 438
859 452
859 457
859 491
859 498
859 583
859 757
859 772
859 831
859 867
859 974
900 369
900 351
900 804
900 765
900 30
900 156
900 182
900 345
900 506
900 836
900 942
900 943
916 321
916 1014
916 148
1014 180
1014 92
1014 42
1014 182
1014 671
1014 935
97 410
97 58
97 167
97 479
132 905
132 408
132 687
132 990
345 907
345 58
345 757
345 419
345 612
345 927
361 532
361 701
428 130
428 58
428 61
428 173
428 299
428 350
428 394
428 452
428 479
428 511
428 646
428 652
428 746
428 761
428 780
428 784
428 790
428 878
438 491
457 907
457 491
457 913
489 907
489 379
489 862
489 555
489 813
529 381
529 590
974 733
974 811
12 75
12 608
12 980
56 976
56 208
56 293
56 564
56 757
56 867
56 871
61 510
61 703
61 878
61 980
61 180
61 575
61 24
61 49
61 123
61 331
61 358
61 387
61 409
61 436
61 521
61 626
61 700
61 761
61 818
61 832
61 908
75 608
75 814
75 849
125 626
125 521
125 175
125 419
128 360
128 60
128 825
128 188
128 92
128 213
128 28
128 124
128 168
128 224
128 318
128 331
128 404
128 445
128 449
128 500
128 505
128 642
128 653
128 772
128 774
128 932
128 942
128 952
180 346
180 420
180 599
206 923
206 757
206 302
206 326
206 468
381 553
381 1011
381 475
381 359
381 189
381 139
381 178
381 407
381 543
469 408
469 88
532 907
532 299
532 498
532 506
532 814
532 1002
533 980
533 967
533 975
533 170
533 695
533 397
585 825
585 776
585 38
585 958
585 844
585 44
585 126
585 151
585 174
585 353
585 498
585 551
585 592
585 705
585 747
585 821
585 851
585 882
608 907
608 849
733 889
733 326
733 814
772 907
772 980
772 322
772 498
772 152
772 886
772 909
777 578
777 587
777 862
777 757
777 867
777 326
777 318
777 233
780 158
780 269
780 20
780 44
780 67
780 84
780 183
780 366
780 399
780 406
780 440
780 447
780 484
780 541
780 711
780 765
780 786
780 836
780 869
780 892
780 959
780 1004
832 765
832 844
832 899
832 565
832 726
832 811
836 360
836 160
836 300
836 969
836 269
836 213
836 528
836 570
836 331
836 860
836 764
836 126
836 181
836 183
836 366
836 447
836 558
836 636
836 641
836 869
836 997
862 907
862 495
862 44
862 578
862 587
862 126
862 208
862 272
862 311
862 326
862 603
862 835
862 858
862 954
867 907
867 293
867 757
867 229
889 15
889 175
889 299
889 318
889 495
889 496
889 556
889 571
889 950
923 360
923 13
923 583
923 786
923 815
95 815
95 44
95 157
95 282
95 435
95 440
95 893
160 5
160 49
160 54
160 96
160 115
160 141
160 181
160 183
160 354
160 369
160 399
160 535
160 595
160 636
160 653
160 704
160 708
160 734
160 830
160 893
160 899
160 926
160 933
160 987
208 907
208 60
208 495
208 1011
208 83
208 578
208 444
208 490
208 599
208 757
225 65
225 157
225 205
225 340
225 369
225 399
225 401
225 440
225 521
225 641
225 704
225 800
225 844
225 886
225 963
231 521
231 386
299 657
299 58
299 528
299 1011
299 38
299 50
299 157
299 244
299 287
299 329
299 373
299 436
299 558
299 651
299 823
299 952
299 973
321 360
321 6
321 84
321 148
321 207
321 322
321 394
321 415
321 545
321 549
321 558
321 616
321 639
321 662
321 685
321 719
321 753
321 771
321 797
321 853
321 870
321 996
354 5
354 54
354 369
354 399
354 818
354 926
354 959
354 963
399 65
399 800
399 963
399 29
399 141
399 172
399 521
399 626
399 809
399 901
399 984
439 698
439 818
439 118
439 283
439 313
439 326
439 521
439 619
439 987
440 907
440 282
440 157
440 364
440 435
440 698
440 705
440 803
440 809
440 933
502 360
502 784
502 389
502 825
502 140
502 230
502 334
502 351
502 401
502 493
502 704
502 769
502 774
502 809
502 816
502 896
502 973
502 986
587 907
587 147
587 492
587 496
587 987
587 318
587 511
587 571
587 603
587 701
587 757
587 914
626 907
626 734
626 401
626 181
626 340
626 344
626 437
626 511
626 525
626 531
626 580
626 595
626 653
626 818
626 828
626 885
626 893
626 966
626 987
626 1002
641 369
641 865
651 704
651 893
651 933
651 340
651 987
651 653
651 80
651 830
653 893
653 959
653 987
653 521
653 809
653 62
653 108
653 372
653 531
653 580
653 595
653 802
653 828
653 885
653 966
698 963
698 187
698 505
698 786
698 798
698 818
698 830
698 893
725 187
725 688
725 786
725 798
786 763
786 815
786 967
786 187
786 688
786 44
786 223
786 435
786 798
786 842
786 881
786 893
786 933
844 510
844 788
844 865
844 899
844 998
844 1002
881 815
893 907
893 963
893 147
893 213
893 818
893 134
893 340
893 531
893 580
893 595
893 828
893 830
893 899
893 959
893 966
893 987
175 899
175 310
175 350
470 24
470 98
470 571
517 273
517 571
517 721
636 401
636 899
636 216
636 292
636 620
636 98
636 236
636 865
869 549
869 366
869 447
899 907
899 188
899 708
899 675
899 48
899 98
899 386
899 571
899 578
899 779
1002 188
1002 575
1002 337
1002 146
1002 248
510 291
510 278
510 310
510 323
510 394
510 521
510 578
510 603
510 616
510 671
510 744
510 773
510 789
510 790
510 814
510 878
510 924
510 936
510 971
971 282
971 680
971 1016
971 635
1 86
1 767
1 791
1 965
1 1008
86 216
86 360
86 535
86 655
86 791
86 855
86 1008
767 153
767 216
767 596
767 990
791 1008
965 64
965 113
965 126
965 270
965 355
965 547
965 560
965 576
965 822
965 837
965 884
965 994
965 1008
30 228
30 327
30 708
30 986
30 286
30 441
30 446
30 598
30 644
30 655
30 675
30 691
30 958
30 1009
30 1013
55 831
55 726
395 464
395 898
395 230
395 472
395 255
395 415
395 431
395 511
414 719
484 300
484 863
484 969
484 133
484 558
484 662
484 924
616 907
616 485
616 853
616 119
616 392
616 415
616 753
616 771
616 821
616 870
708 410
708 495
708 178
708 216
708 242
708 266
708 284
708 338
708 344
708 460
708 521
708 595
708 655
708 668
708 699
708 707
708 829
739 797
739 671
790 744
790 878
790 278
790 773
790 213
790 671
790 203
790 659
790 696
790 789
790 944
878 646
878 744
878 415
878 658
878 659
878 676
878 789
878 907
878 944
878 979
1009 535
216 153
216 877
216 535
216 655
216 1013
216 407
216 375
216 997
360 14
360 211
360 280
360 327
360 372
360 401
360 455
360 472
360 473
360 500
360 544
360 664
360 666
360 678
360 704
360 803
360 896
360 963
360 967
360 972
360 996
535 153
535 67
535 174
535 287
535 355
535 426
535 460
535 477
535 644
535 668
535 751
535 841
655 153
655 855
655 441
655 644
655 242
655 249
655 407
655 452
655 477
655 997
855 153
855 18
855 143
855 284
855 515
855 668
855 1013
719 671
464 147
464 430
464 472
464 861
147 784
147 9
147 201
147 204
147 230
147 306
147 326
147 475
147 493
147 500
147 550
147 603
147 665
147 707
147 802
147 825
147 985
147 1001
147 1018
430 995
430 58
430 92
430 139
430 174
430 176
430 194
430 348
430 404
430 544
430 618
430 717
472 657
472 631
472 528
472 83
472 436
472 200
472 244
472 372
472 500
472 634
861 825
861 500
153 17
153 161
153 375
153 555
596 911
596 990
596 978
596 624
990 639
990 302
990 649
990 840
990 152
990 154
990 696
477 768
477 644
477 355
477 515
477 822
477 460
515 644
515 355
515 989
515 249
515 460
515 841
808 1003
808 518
808 238
808 362
808 394
808 483
808 536
816 201
816 391
816 74
816 76
816 695
816 837
816 996
64 201
64 495
64 31
64 126
64 226
64 270
64 359
64 496
64 994
113 78
113 230
113 126
113 523
113 706
113 890
126 907
126 201
126 912
126 955
126 245
126 230
126 496
126 613
126 396
126 513
126 672
126 676
126 677
126 731
126 837
126 890
126 994
270 499
270 955
270 783
270 57
270 497
270 527
270 629
270 758
270 785
270 994
355 912
355 644
355 35
355 284
355 460
355 497
355 613
547 801
547 994
547 90
547 548
547 931
576 35
576 496
576 90
576 702
576 801
576 931
576 953
822 606
822 717
822 298
822 519
837 201
837 499
837 731
837 787
837 922
884 407
994 201
994 226
994 116
994 497
994 672
994 706
994 731
994 850
291 251
291 278
586 646
646 130
646 25
646 37
646 203
646 219
646 527
646 603
646 652
646 659
646 784
646 789
703 407
703 452
703 454
744 390
744 658
744 773
744 784
744 944
907 5
907 44
907 58
907 228
907 233
907 394
907 436
907 452
907 505
907 578
907 599
907 629
907 700
907 757
907 834
907 898
907 912
907 1006
130 33
130 42
130 323
130 773
130 825
33 323
42 628
42 946
323 696
773 7
773 278
825 11
825 114
825 269
825 674
825 58
825 67
825 93
825 150
825 174
825 285
825 332
825 365
825 500
825 550
825 689
825 735
825 939
825 962
825 1004
251 7
251 278
278 603
278 821
278 936
14 179
14 410
14 584
14 776
211 58
211 475
211 337
211 444
211 599
211 774
280 784
280 511
280 802
327 334
327 671
327 957
372 704
372 415
372 454
401 963
401 60
401 137
401 666
401 704
401 432
401 671
401 771
401 873
401 896
401 996
455 228
455 188
455 99
455 204
455 82
455 264
455 526
455 590
455 929
473 92
500 235
544 967
544 528
544 877
544 573
544 63
544 695
544 996
666 509
678 432
704 389
704 631
704 83
704 101
704 168
704 638
704 815
704 834
704 888
704 972
803 201
803 168
803 632
803 671
803 322
803 662
803 996
803 910
803 192
803 1018
896 129
896 220
896 996
963 369
963 734
963 800
963 141
963 220
963 514
963 604
963 679
963 809
963 818
963 830
963 873
967 60
967 980
967 92
967 493
967 599
967 670
967 695
967 828
972 351
972 83
972 973
972 834
972 449
972 747
972 943
972 996
996 631
996 204
996 632
996 973
996 695
58 201
58 213
58 311
58 391
58 436
58 437
58 573
58 699
58 757
58 769
58 809
58 834
58 986
58 1011
173 599
173 123
173 662
350 389
350 603
350 802
394 863
394 213
394 239
394 671
394 431
394 119
394 574
394 638
452 980
452 958
452 331
452 521
452 272
452 449
452 330
452 249
479 951
511 689
511 501
511 133
511 168
511 193
511 726
511 302
511 353
511 603
511 717
511 746
652 649
746 917
746 490
761 88
784 578
784 936
310 553
310 83
310 521
310 311
310 142
310 178
310 217
310 266
310 934
521 800
521 940
521 818
521 987
521 54
521 136
521 141
521 564
521 679
521 713
521 886
578 877
578 44
578 254
578 329
578 385
578 386
578 556
578 595
578 603
578 701
578 757
603 264
603 356
603 944
671 60
671 148
789 121
814 127
814 245
814 63
814 178
814 249
814 256
814 272
814 285
814 449
814 609
814 968
924 975
924 928
924 445
924 613
924 774
924 548
924 870
936 537
139 410
139 213
139 528
139 245
139 858
311 334
311 133
311 222
311 326
311 367
311 490
311 686
490 757
599 250
599 272
599 491
599 612
754 584
754 488
995 18
995 142
995 143
995 226
995 318
995 834
995 999
37 127
37 133
37 204
37 230
37 570
37 575
37 818
203 112
203 373
203 658
219 631
219 20
219 209
219 226
219 553
219 942
527 495
527 230
527 305
527 953
659 826
407 41
407 569
407 932
454 340
454 205
454 339
658 373
415 640
415 662
415 961
676 228
676 127
676 877
676 245
676 942
676 337
676 753
979 536
5 800
5 940
44 815
44 352
44 282
44 933
44 340
44 46
44 157
44 364
44 435
44 705
44 1016
228 8
228 47
228 83
228 127
228 183
228 286
228 609
228 620
228 892
228 986
436 487
436 188
436 358
436 444
436 550
436 724
505 553
505 266
629 201
700 24
700 87
700 217
700 446
700 598
700 620
700 839
700 908
834 389
834 92
834 230
834 168
834 942
834 774
834 146
834 1018
898 31
898 396
898 890
898 953
912 15
912 201
912 328
912 492
912 499
912 785
912 955
1006 718
1006 212
3 627
3 911
911 498
911 674
207 797
207 640
207 449
346 250
420 483
498 831
498 123
498 964
498 322
498 840
687 905
687 1003
827 925
674 114
674 158
674 150
674 174
674 332
674 365
674 607
674 750
674 950
674 1004
4 389
4 763
4 1010
389 83
389 92
389 317
389 333
389 335
389 351
389 410
389 425
389 551
389 573
389 699
389 718
389 877
389 928
763 187
763 223
763 688
763 798
763 815
763 842
1010 294
83 213
83 877
83 35
83 168
83 573
83 774
83 941
92 20
92 182
92 495
92 573
92 665
92 718
92 903
92 1007
317 133
317 573
317 248
317 463
333 106
335 213
335 718
335 699
335 605
351 495
351 768
351 28
351 34
351 168
351 239
351 245
351 266
351 331
351 349
351 402
351 404
351 425
351 494
351 663
351 718
351 877
351 903
351 928
351 1005
410 167
410 553
410 718
425 404
425 432
425 437
425 450
551 528
551 168
551 239
551 860
551 838
573 665
573 1007
699 245
699 168
699 239
699 393
699 860
718 768
718 630
718 713
718 847
877 127
877 553
877 213
877 528
877 266
877 431
877 623
877 829
877 932
877 954
877 1005
928 212
928 393
928 548
928 570
928 613
928 774
187 223
187 301
187 688
187 798
223 688
223 565
223 993
223 134
223 638
223 276
223 798
688 815
688 364
688 798
798 774
798 809
815 115
815 157
815 282
815 371
815 435
815 635
815 680
815 705
815 933
800 65
800 54
800 901
800 940
940 65
940 734
940 29
940 604
940 679
65 54
65 901
54 369
54 734
54 604
54 162
54 901
901 734
901 811
49 776
49 188
49 976
49 694
49 887
96 172
115 364
115 435
115 705
115 62
115 205
181 818
181 959
181 508
181 531
181 830
181 885
181 966
183 192
183 406
369 734
369 865
595 818
595 959
595 987
595 830
595 886
734 604
734 714
830 818
830 326
830 108
830 531
830 885
933 340
933 987
987 36
987 340
987 261
987 809
157 282
157 46
157 371
157 705
157 913
205 481
205 172
205 873
340 213
340 959
340 36
340 828
886 818
886 959
886 362
886 283
886 442
886 828
818 36
818 108
818 531
818 580
818 802
818 809
818 828
818 885
818 966
818 968
959 62
959 108
959 435
959 531
959 580
959 828
959 885
959 966
865 941
865 236
865 913
604 679
714 162
29 120
220 334
220 237
809 318
809 802
6 300
6 853
6 863
6 969
300 558
300 863
853 485
863 969
969 485
969 306
969 558
558 485
558 305
558 549
558 119
84 166
84 258
84 322
84 577
84 640
84 662
84 753
148 640
322 258
322 753
545 640
545 771
545 685
549 152
639 50
639 152
639 258
639 649
639 685
639 771
662 258
662 753
662 870
685 640
685 771
753 127
753 620
771 797
771 640
771 119
771 690
771 864
797 640
797 870
870 640
870 690
306 286
306 81
306 318
821 218
127 20
127 155
127 204
127 245
127 331
127 528
127 638
127 892
286 892
286 986
286 155
286 226
286 594
286 620
286 656
286 675
609 475
609 204
609 307
609 337
609 272
620 598
620 908
620 968
892 188
892 20
892 155
892 594
892 656
892 887
892 929
892 958
986 675
986 691
986 693
986 1011
522 475
522 512
475 28
475 174
9 43
9 60
60 50
60 209
60 774
50 584
50 776
50 201
50 689
50 942
50 193
50 337
50 347
50 606
50 613
50 632
50 650
50 774
50 917
50 973
209 404
774 942
774 976
774 337
774 347
774 548
201 15
201 230
201 289
201 497
201 499
201 591
201 731
201 891
201 955
204 165
204 174
204 488
204 695
230 495
230 496
230 501
230 513
230 677
230 799
230 890
326 1003
326 689
326 334
326 481
326 133
326 89
326 222
326 283
326 367
326 802
493 644
550 487
550 179
550 632
550 409
550 318
550 253
550 263
550 320
550 444
550 524
550 634
550 724
550 749
550 760
550 866
665 768
665 632
707 689
707 644
802 282
802 376
985 41
985 942
985 109
10 487
10 657
487 179
487 524
487 760
657 11
657 227
657 235
657 775
657 793
657 799
657 807
657 927
657 939
179 149
179 263
179 388
179 411
179 444
179 456
179 681
179 697
179 891
524 594
524 296
760 444
760 697
760 296
760 736
182 1015
238 518
238 362
238 483
238 612
238 536
244 158
365 67
365 318
612 813
612 848
612 914
612 1012
793 53
793 607
793 195
11 158
11 269
227 444
775 851
799 602
799 819
807 611
927 184
927 174
158 950
269 114
269 413
269 565
269 962
269 1004
413 680
413 962
413 406
565 36
962 1004
962 174
962 150
962 285
962 332
962 504
1004 213
1004 265
174 78
174 735
174 634
332 285
607 53
67 735
285 253
980 162
980 337
980 642
980 670
980 831
980 975
302 123
302 103
302 367
302 840
302 935
408 726
408 483
408 811
408 897
408 964
518 362
518 483
518 536
518 642
726 831
726 364
726 453
726 964
964 831
964 152
964 483
1003 362
1003 536
1003 840
152 831
152 258
152 649
152 840
152 937
152 696
258 649
367 680
367 118
367 555
367 89
367 222
367 633
367 915
197 283
531 108
531 580
531 885
531 966
897 811
914 272
914 752
442 840
483 536
831 909
768 22
768 176
768 663
162 434
337 245
337 942
337 997
642 316
583 123
584 456
584 523
584 776
776 717
776 976
129 412
412 820
149 78
149 57
149 444
263 409
263 411
388 18
388 188
388 379
388 384
388 542
388 581
388 661
388 891
388 970
388 973
411 138
444 631
444 553
444 330
444 736
444 751
456 176
456 382
456 663
697 736
891 499
334 89
334 222
334 240
334 419
167 528
167 168
167 178
553 22
553 495
553 213
553 245
553 847
176 564
176 769
176 934
663 85
663 686
78 706
78 890
265 85
265 572
804 917
717 298
15 499
499 328
499 156
499 730
499 731
499 783
499 922
499 955
497 359
497 783
497 810
731 922
955 328
955 492
955 922
955 931
328 146
328 785
328 843
146 1011
843 431
156 260
156 271
730 575
783 35
922 706
305 35
305 318
305 632
305 973
491 468
318 166
318 155
318 359
318 618
318 677
318 693
495 22
495 387
495 661
495 810
495 1000
495 1011
496 35
496 613
496 801
496 931
496 953
931 801
931 706
931 90
931 702
16 137
137 329
137 419
137 673
137 695
329 292
329 806
329 386
695 973
695 254
695 795
695 943
161 982
555 481
555 118
555 283
555 386
555 633
18 188
188 259
188 272
188 292
188 358
188 451
188 546
188 590
188 694
188 887
272 575
272 973
272 249
272 449
292 213
292 806
358 866
451 353
451 530
451 851
451 296
546 171
590 164
590 601
590 621
694 1013
694 887
887 87
384 151
973 140
973 943
509 124
143 226
143 548
668 441
668 344
1013 441
1013 958
1013 99
142 1011
226 942
226 105
226 404
226 841
575 170
575 1015
631 330
133 481
133 222
133 386
133 817
570 177
570 528
570 740
213 106
213 539
213 623
213 675
213 932
213 954
213 997
437 52
437 1017
769 347
769 606
769 543
769 615
769 934
1011 443
1011 880
1011 903
1011 1007
123 649
123 840
431 116
705 282
705 364
705 435
705 371
705 503
264 701
134 120
134 172
840 649
840 336
840 341
170 622
1015 943
1015 1000
168 245
168 39
168 41
168 239
168 331
168 393
168 494
168 520
168 569
168 630
168 743
168 778
168 860
168 997
371 364
371 435
435 364
635 1016
680 728
680 736
680 1016
874 597
811 193
903 336
903 443
903 918
155 594
155 920
245 528
245 34
245 239
245 569
245 630
245 833
245 847
245 858
245 860
331 39
331 239
331 51
331 393
331 520
331 860
528 41
528 740
528 997
942 41
942 307
366 154
447 711
541 519
541 471
765 951
765 28
765 124
765 308
765 404
765 713
594 691
594 656
656 466
958 194
640 864
362 88
22 177
177 106
177 402
106 432
387 691
387 530
166 24
24 104
24 184
24 252
104 217
104 817
104 908
184 913
252 246
908 598
908 217
908 243
908 467
217 598
217 806
217 467
817 691
817 171
817 185
817 386
817 530
913 253
913 273
913 721
779 788
87 446
87 806
446 598
598 839
788 998
998 403
564 606
564 85
564 136
26 165
675 77
932 192
997 239
997 393
997 630
997 860
28 951
34 637
239 39
239 393
239 569
239 630
239 860
266 611
266 178
266 895
404 450
404 610
404 229
450 951
951 124
951 363
951 856
41 189
41 307
85 136
85 934
686 481
344 36
460 644
829 868
630 39
630 838
630 860
713 724
393 39
393 605
548 613
548 105
548 702
548 953
613 90
613 513
613 702
856 724
856 426
691 185
691 530
443 336
443 918
224 91
445 39
449 221
172 984
441 756
644 249
287 320
426 320
519 347
519 610
519 471
249 579
943 274
530 171
530 353
530 462
530 794
530 851
35 359
35 501
35 801
373 116
373 151
373 513
373 566
373 672
513 801
513 672
513 566
850 359
850 801
850 890
850 835
99 52
99 82
99 1017
359 116
359 288
359 396
359 677
706 890
890 396
90 288
90 835
396 677
396 758
396 766
481 222
52 82
823 79
89 222
89 552
222 405
364 885
364 1016
580 108
580 885
580 966
885 108
885 966
386 806
386 190
993 80
993 91
993 118
696 628
696 649
569 520
858 380
860 51
860 611
860 778
801 835
677 116
677 672
288 76
118 80
118 91
283 91
307 237
151 566
353 171
353 462
353 732
353 794
353 851
851 171
851 794
851 296
851 462
851 732
882 732
39 520
39 743
520 51
520 838
743 983
51 611
605 838
605 709
710 624
1016 171
543 91
254 930
701 341
701 554
171 794
724 320
606 275
634 320
275 71
649 336
649 826
53 68
136 960
57 625
255 572
615 820
934 820
690 755
248 63
248 764
526 81
467 732
63 764
764 988
610 945
462 732
71 71
80 91
633 915
336 918
918 343
622 729
732 794
341 716
296 981
