0 87
0 97
0 168
0 204
0 304
0 418
1 116
1 263
1 271
1 272
1 355
2 10
2 12
2 143
2 164
2 273
2 298
2 346
2 412
2 454
2 463
2 467
3 49
3 52
3 255
3 314
3 381
3 426
4 29
4 66
4 156
4 162
4 190
4 208
4 270
4 321
4 331
4 384
4 391
4 417
5 31
5 68
5 164
5 176
5 182
5 295
5 302
5 325
5 335
5 429
5 457
6 79
6 120
6 145
6 151
6 253
6 441
7 145
7 151
7 174
7 187
7 448
8 99
8 115
8 140
8 168
8 363
9 48
9 90
9 116
9 277
9 307
9 355
9 406
9 453
9 476
9 493
10 12
10 162
10 273
10 331
10 346
10 412
10 463
10 467
11 50
11 110
11 362
11 481
12 90
12 127
12 162
12 177
12 273
12 331
12 346
12 376
12 412
12 463
12 467
13 46
13 235
13 476
14 28
14 116
14 117
14 126
14 177
14 180
14 182
14 202
14 211
14 229
14 272
14 282
14 286
14 295
14 307
14 324
14 365
14 376
14 401
14 429
14 430
14 443
14 445
15 25
15 59
15 240
15 348
15 491
16 21
16 66
16 75
16 163
16 288
16 351
16 428
16 484
17 74
17 114
17 164
17 281
17 386
18 47
18 60
18 96
19 70
19 141
19 160
19 165
19 187
20 52
20 140
20 168
20 359
21 66
21 72
21 82
21 162
21 163
21 185
21 243
21 262
21 266
21 284
21 298
21 351
21 407
21 415
21 454
21 480
21 484
22 41
22 132
22 233
22 274
23 39
23 119
23 140
23 154
23 176
23 177
23 378
23 412
24 86
24 206
24 329
25 88
25 256
25 316
25 348
25 477
26 86
26 109
27 36
27 83
27 177
27 299
27 388
27 391
27 484
28 177
28 324
29 73
29 91
29 143
29 177
29 190
29 201
29 208
29 218
29 245
29 247
29 248
29 321
29 324
29 349
29 380
29 396
29 403
29 465
30 85
30 196
30 260
30 264
30 279
30 391
30 425
30 485
31 164
31 176
31 282
31 295
31 335
32 57
32 164
32 182
32 272
32 302
32 401
32 429
32 466
33 40
33 85
33 219
33 223
33 498
34 50
34 481
35 53
35 63
35 397
35 442
35 471
36 57
36 63
36 74
36 83
36 137
36 186
36 196
36 299
36 354
36 358
36 388
36 397
36 398
36 435
36 439
36 484
37 75
37 222
37 225
37 261
37 288
37 364
37 402
37 411
37 428
38 138
38 260
38 320
38 363
38 377
38 391
38 399
39 299
39 378
39 476
40 108
40 133
40 219
41 227
41 233
41 274
41 395
41 450
42 82
42 104
42 200
42 213
42 222
42 242
42 283
42 341
42 381
42 426
43 85
43 244
43 275
43 434
44 125
44 357
44 374
44 385
44 453
45 54
45 212
45 235
45 293
45 455
46 81
46 175
46 235
46 326
46 350
46 476
47 96
48 125
48 128
48 277
48 322
48 357
48 374
48 385
48 406
48 431
48 438
48 453
48 476
49 52
49 66
49 162
49 177
49 351
49 384
50 110
50 142
50 229
50 262
50 297
50 385
50 481
51 103
51 111
51 333
51 369
51 406
51 496
52 66
52 162
52 177
52 225
52 351
52 384
52 440
53 63
53 246
53 397
54 55
54 235
54 278
54 293
54 297
54 385
54 455
55 278
55 297
55 385
55 455
56 60
56 433
56 444
57 65
57 135
57 232
57 262
57 283
57 334
57 398
58 68
58 147
58 172
58 261
58 292
58 325
58 367
58 445
58 473
59 285
59 348
59 395
60 96
60 183
61 126
61 149
61 209
61 214
61 229
61 277
61 355
61 361
61 383
62 87
62 97
62 106
62 168
62 193
62 204
62 379
62 418
63 74
64 225
64 332
64 359
64 364
65 283
65 352
65 394
65 410
65 423
65 464
66 143
66 148
66 162
66 163
66 177
66 266
66 284
66 298
66 331
66 351
66 384
66 407
66 415
66 454
66 480
66 484
67 362
68 134
68 147
68 172
68 199
68 238
68 261
68 262
68 292
68 302
68 325
68 354
68 397
68 429
68 442
68 443
68 445
68 457
68 473
69 87
69 209
69 361
70 91
70 160
70 165
71 90
71 207
71 290
71 370
71 385
71 453
72 82
72 185
72 243
73 118
73 181
73 220
73 245
73 349
73 487
74 164
74 196
74 197
75 104
75 213
75 222
75 224
75 288
75 334
75 411
75 428
75 458
76 117
76 153
76 224
76 234
76 246
76 255
76 409
76 446
77 140
77 154
77 303
77 482
78 88
78 96
78 360
78 495
79 140
79 145
79 151
79 166
79 186
79 191
79 215
79 321
79 452
79 487
80 190
80 208
80 373
80 387
80 475
81 91
81 139
81 175
81 208
81 268
81 350
81 380
81 396
81 466
81 472
82 112
82 185
82 200
82 213
82 242
82 243
82 341
82 381
83 166
83 168
83 186
83 299
83 386
83 388
83 399
83 434
83 439
83 484
84 158
84 219
85 140
85 166
85 221
85 264
85 279
85 391
85 425
85 434
85 485
85 498
86 103
86 109
86 206
86 320
86 389
87 97
87 126
87 168
87 209
87 211
87 229
87 305
87 338
87 361
87 379
87 418
88 96
88 348
88 360
88 477
88 495
89 145
89 254
89 260
89 276
89 470
89 485
90 105
90 128
90 177
90 209
90 267
90 340
90 378
90 419
90 476
90 493
91 139
91 166
91 175
91 178
91 181
91 187
91 218
91 248
91 313
91 326
91 380
91 396
91 437
91 476
92 120
92 327
93 100
93 130
93 194
93 339
94 172
94 203
94 300
94 330
95 145
95 174
95 265
95 448
96 348
96 360
96 495
97 168
97 207
97 257
97 379
97 382
97 418
98 141
99 115
99 168
99 399
100 130
100 194
100 219
100 306
100 320
100 339
100 485
101 315
101 318
101 385
101 406
101 453
102 316
102 400
103 167
103 173
104 131
104 213
104 222
104 356
105 144
105 150
105 239
105 267
105 310
105 340
105 378
106 193
106 262
106 442
107 189
107 233
107 269
107 348
107 372
107 424
108 279
108 434
108 485
109 389
110 112
110 182
110 272
110 307
110 374
110 375
110 383
110 429
110 469
110 481
111 333
111 343
111 369
112 182
112 185
112 272
112 307
112 351
112 401
112 407
113 236
113 329
113 497
114 281
115 168
115 186
115 399
116 182
116 263
116 271
116 272
116 307
116 429
117 153
117 196
117 197
117 224
117 246
117 255
117 286
117 289
117 376
117 386
117 401
117 409
117 446
118 160
118 181
118 220
118 245
118 349
118 441
118 487
119 176
119 412
120 145
120 151
120 327
121 124
121 150
121 168
121 186
121 435
122 157
122 197
122 224
122 356
122 451
123 145
123 333
124 435
125 277
125 357
125 374
125 385
125 431
125 438
125 453
126 161
126 180
126 209
126 211
126 214
126 229
126 231
126 257
126 277
126 280
126 338
126 361
126 383
126 416
127 376
128 209
128 212
128 277
128 318
128 322
128 371
128 406
128 408
128 419
128 438
128 453
129 348
130 194
130 320
132 251
132 274
132 413
132 450
134 172
134 261
134 292
134 443
134 445
135 262
135 345
135 459
136 151
136 165
136 253
137 435
138 169
138 205
138 320
138 391
138 460
139 175
139 181
139 313
139 375
139 380
139 396
139 476
139 493
140 154
140 168
140 177
140 191
140 201
140 215
140 260
140 276
140 303
140 310
140 320
140 321
140 391
140 452
140 460
140 482
140 492
140 498
141 160
141 178
141 187
141 191
141 220
141 404
141 489
142 152
142 249
142 262
142 374
143 148
143 164
143 177
143 284
143 298
143 324
143 407
143 412
143 415
143 454
143 484
144 239
144 267
144 310
144 340
144 378
144 406
145 151
145 265
145 448
145 470
146 230
146 250
146 253
146 309
146 313
146 380
147 172
147 261
147 292
147 310
147 325
147 386
147 435
147 439
147 442
147 445
147 471
148 284
148 298
148 484
149 209
149 229
149 277
149 355
151 165
151 174
151 187
151 253
151 327
151 406
151 448
151 470
152 249
152 268
153 197
153 224
153 246
153 255
153 289
153 386
153 409
153 446
154 177
154 303
154 452
154 482
154 492
155 178
155 230
155 408
156 384
157 197
157 224
157 356
157 451
158 219
159 168
159 399
160 165
160 441
161 209
161 214
161 231
161 318
161 338
161 379
161 469
162 177
162 222
162 266
162 284
162 298
162 308
162 331
162 346
162 351
162 376
162 384
162 412
162 454
162 467
162 484
163 266
163 351
163 387
163 407
163 415
163 465
163 480
163 484
163 489
164 170
164 176
164 182
164 246
164 295
164 298
164 302
164 324
164 326
164 335
164 356
164 365
164 376
164 401
164 409
164 412
164 429
164 454
164 493
165 253
166 177
166 191
166 209
166 386
166 391
167 173
167 497
168 186
168 198
168 204
168 241
168 339
168 399
168 418
168 435
168 442
168 460
169 320
170 263
170 268
170 272
170 307
170 317
170 326
170 469
170 472
171 448
171 470
172 238
172 261
172 262
172 292
172 296
172 300
172 325
172 354
172 392
172 443
172 445
172 473
173 329
173 366
173 496
174 187
174 206
174 265
174 353
175 178
175 181
175 317
175 326
175 350
175 380
175 396
175 420
175 466
176 202
176 295
176 335
176 412
176 429
176 484
177 191
177 222
177 308
177 324
177 331
177 351
177 376
177 384
177 387
177 447
177 454
177 465
177 466
177 467
177 476
177 480
177 484
178 181
178 220
178 230
178 235
178 326
178 350
178 404
178 408
178 453
178 476
179 212
179 293
179 297
179 336
179 483
179 488
180 211
180 229
180 271
180 305
180 379
181 218
181 220
181 349
181 487
182 202
182 272
182 295
182 302
182 401
182 429
182 457
182 466
183 444
183 486
184 380
184 437
185 243
186 196
186 321
186 339
186 391
186 399
186 435
186 439
186 484
187 489
188 419
189 233
189 256
189 285
189 337
189 372
189 468
190 208
190 247
190 258
190 373
190 387
190 403
190 465
190 475
191 391
191 405
191 498
192 208
192 344
193 354
194 259
194 339
194 494
195 311
195 450
196 197
196 255
196 260
196 386
196 391
196 409
196 485
197 224
197 234
197 289
197 356
197 386
197 409
197 446
197 451
198 435
199 292
199 397
199 442
199 445
200 213
200 242
200 341
200 381
201 321
201 403
202 295
203 262
203 330
204 304
204 418
205 320
205 460
206 405
207 419
208 344
208 373
208 387
208 475
209 214
209 229
209 231
209 263
209 277
209 318
209 338
209 355
209 361
209 371
209 376
209 476
210 315
210 406
210 461
211 229
212 293
212 297
212 336
212 342
212 385
212 406
212 414
212 421
212 483
212 488
213 242
213 296
213 341
213 356
213 381
213 458
213 464
214 229
214 231
214 257
214 280
214 318
214 338
214 361
214 383
214 416
215 310
215 406
216 294
217 269
217 319
217 449
217 462
219 276
219 389
219 434
219 498
220 245
220 349
220 380
220 404
220 487
222 308
222 351
222 376
222 411
222 426
222 454
222 467
223 347
224 255
224 283
224 356
224 394
224 409
224 410
224 423
224 426
224 446
224 451
225 359
226 367
226 392
226 473
227 233
227 269
227 294
227 468
228 237
229 277
229 305
229 355
229 361
229 383
229 385
229 483
230 309
230 313
230 408
231 257
231 280
231 338
231 379
231 416
231 469
232 283
232 354
232 367
232 386
232 397
233 274
233 285
233 348
233 450
234 246
234 409
235 455
235 476
236 252
237 256
237 427
237 468
238 291
238 354
238 367
238 392
238 473
239 267
239 310
239 340
239 378
240 287
240 348
240 477
240 479
240 491
241 320
241 399
241 460
242 341
242 381
243 393
243 474
244 275
244 434
245 349
245 487
246 365
246 376
246 386
246 397
246 409
246 442
246 446
246 476
247 403
248 380
248 396
250 253
250 313
250 380
251 400
251 413
252 329
252 366
252 496
253 441
254 353
254 449
254 462
254 478
255 273
255 314
255 381
255 386
255 409
255 446
256 301
257 280
257 338
257 382
257 416
258 312
258 317
258 387
258 420
258 465
259 486
259 494
260 264
260 363
260 377
260 391
260 409
260 485
261 288
261 292
261 325
261 364
261 402
261 411
261 428
261 442
261 443
261 445
262 296
262 345
262 351
263 271
263 272
263 307
263 469
264 363
264 377
264 391
264 425
264 485
266 284
266 298
266 351
266 387
266 407
266 454
267 310
267 340
267 378
268 350
268 472
269 294
269 319
269 372
269 462
269 468
269 478
270 321
270 417
271 272
271 334
271 379
272 307
272 375
272 401
272 407
272 466
272 469
272 476
272 493
273 346
273 364
273 463
273 467
275 391
277 280
277 322
277 355
277 357
277 361
277 374
277 385
277 406
277 431
277 438
277 453
277 476
278 297
278 385
278 455
279 425
279 485
280 338
280 361
280 416
281 386
282 286
282 365
282 429
283 334
283 409
283 410
283 426
284 298
284 351
284 454
284 484
285 395
285 427
286 365
286 376
286 401
286 429
287 477
287 479
288 364
288 402
288 411
288 428
289 386
289 446
290 370
290 385
290 406
291 354
291 367
291 392
292 325
292 367
292 397
292 442
292 443
292 445
292 473
293 297
293 336
293 342
293 385
293 414
293 421
293 432
293 455
293 483
293 488
294 490
295 335
296 458
297 336
297 374
297 385
297 414
297 455
297 483
297 488
298 324
298 351
298 407
298 412
298 415
298 454
298 480
298 484
299 388
299 476
299 484
301 468
302 325
302 401
302 429
302 457
303 482
303 492
304 328
304 442
306 339
307 317
307 374
307 472
308 351
308 376
308 454
308 467
309 313
309 408
309 422
310 340
310 378
310 406
310 492
311 490
312 317
312 387
312 420
312 456
312 466
313 380
313 408
313 422
314 332
314 381
314 411
314 426
315 318
315 406
315 453
316 395
316 400
316 479
317 387
317 420
317 456
317 466
317 472
318 406
318 453
318 476
319 449
319 462
320 339
320 377
320 391
320 460
321 403
321 417
322 385
322 406
322 438
323 366
324 407
324 415
324 454
325 429
325 442
325 445
325 457
325 471
326 365
326 401
326 412
326 465
326 466
328 442
329 353
329 366
329 496
329 497
331 351
331 384
331 391
331 425
331 434
331 467
331 484
332 359
332 364
332 381
332 411
333 405
333 496
334 458
334 464
336 342
336 368
336 385
336 406
336 414
336 453
336 483
336 488
337 348
337 395
337 433
338 416
339 494
340 378
341 381
342 385
343 369
345 379
346 351
346 463
346 467
346 484
347 485
348 395
348 477
349 487
351 376
351 384
351 387
351 407
351 415
351 447
351 454
351 467
351 480
351 484
352 394
352 410
352 423
352 464
353 497
354 358
354 367
354 392
354 397
354 398
354 473
355 406
356 409
356 451
357 374
357 385
357 431
357 438
357 453
358 397
358 398
359 364
359 440
360 495
361 383
363 377
364 402
364 411
364 428
364 463
364 467
365 401
365 412
365 429
365 442
366 496
367 392
367 445
367 473
368 390
368 432
368 436
368 453
369 406
370 385
371 408
373 387
373 475
374 385
374 431
374 438
374 453
375 469
375 476
375 493
376 401
376 409
376 442
376 454
376 467
377 399
379 418
379 469
380 396
380 437
381 411
383 429
385 414
385 431
385 438
385 453
385 455
385 483
385 488
386 397
386 409
386 446
387 420
387 456
387 465
387 466
387 475
387 480
388 484
390 406
390 432
390 436
391 409
391 425
391 434
391 460
391 485
392 473
393 474
394 410
394 423
394 464
395 479
397 398
397 442
397 445
399 460
400 413
400 427
401 412
401 442
402 411
402 428
403 465
406 438
406 453
407 415
407 454
407 480
407 484
408 422
409 434
409 446
409 476
410 423
410 464
411 428
412 454
412 467
412 484
413 427
414 421
414 483
414 488
415 454
415 480
415 484
420 456
420 466
420 475
421 483
423 464
424 462
425 485
429 457
429 493
430 443
430 445
431 438
431 453
432 436
433 444
438 453
442 445
442 471
443 445
445 473
447 484
448 470
449 462
449 478
453 476
453 492
454 467
456 466
458 464
463 467
465 466
465 489
466 472
466 475
466 480
468 478
469 476
469 493
476 493
477 479
480 484
483 488
