81
286
264
129
174
169
59
225
287
279
17
28
140
83
222
160
242
7
21
280
240
6
147
228
16
64
289
206
180
214
150
123
263
143
111
216
25
101
69
266
230
12
247
41
194
130
137
199
105
244
2
311
315
177
219
86
284
72
205
154
239
275
89
164
77
80
250
227
293
141
75
153
248
125
188
309
45
258
108
236
63
313
29
321
34
300
207
270
24
94
87
135
114
121
119
312
78
265
61
294
19
62
44
115
211
60
134
171
212
157
192
13
224
120
304
9
84
235
0
303
46
282
10
152
126
109
326
324
54
181
283
246
127
32
133
85
308
296
299
100
208
196
142
288
292
57
53
306
52
104
163
42
50
268
66
314
256
317
195
74
319
14
278
