63
295
124
304
257
26
238
314
142
94
117
277
160
51
144
250
192
15
233
1
185
122
172
118
70
53
13
189
292
38
36
154
167
182
92
310
287
240
266
178
191
56
282
269
224
210
67
291
126
74
81
145
89
255
209
164
39
50
232
40
260
135
111
225
162
119
105
216
284
132
60
29
48
263
127
205
197
68
110
139
275
176
143
21
267
297
228
179
302
43
87
72
207
326
264
313
306
49
200
45
271
280
2
9
140
65
204
296
82
28
101
227
102
245
214
120
262
134
123
294
203
278
150
83
187
276
71
12
188
3
22
54
312
20
42
308
301
320
138
305
137
16
239
61
79
274
293
220
146
215
318
270
121
211
103
218
41
265
108
148
181
325
4
66
159
217
251
99
206
317
85
100
158
279
46
131
316
289
11
315
37
174
35
256
221
31
107
309
208
130
246
247
155
231
249
195
