0 22
0 37
0 38
0 49
0 50
0 69
0 79
0 102
0 119
0 142
0 144
0 155
0 182
0 234
0 237
0 249
0 267
0 301
0 307
0 310
1 6
1 28
1 39
1 43
1 49
1 51
1 52
1 67
1 71
1 73
1 95
1 113
1 120
1 126
1 140
1 143
1 149
1 151
1 170
1 171
1 189
1 200
1 205
1 209
1 212
1 215
1 218
1 228
1 246
1 248
1 277
1 291
1 294
1 296
1 298
1 300
1 301
1 319
2 9
2 18
2 24
2 60
2 61
2 67
2 117
2 121
2 134
2 161
2 186
2 190
2 247
2 260
2 270
2 275
2 277
2 295
2 303
2 322
3 4
3 7
3 14
3 20
3 21
3 33
3 42
3 44
3 54
3 63
3 66
3 69
3 72
3 75
3 76
3 78
3 83
3 87
3 88
3 92
3 94
3 102
3 104
3 105
3 106
3 118
3 122
3 123
3 130
3 132
3 142
3 143
3 145
3 151
3 152
3 156
3 160
3 170
3 174
3 175
3 180
3 187
3 188
3 192
3 193
3 194
3 208
3 211
3 213
3 219
3 225
3 234
3 235
3 237
3 250
3 254
3 258
3 267
3 268
3 271
3 272
3 276
3 282
3 297
3 302
3 307
3 311
3 312
4 14
4 37
4 40
4 43
4 45
4 49
4 69
4 73
4 77
4 102
4 105
4 107
4 115
4 122
4 125
4 129
4 142
4 153
4 162
4 175
4 192
4 217
4 218
4 220
4 234
4 237
4 249
4 251
4 253
4 261
4 264
4 267
4 271
4 280
4 297
4 300
4 304
4 307
4 310
4 323
5 24
5 27
5 45
5 46
5 53
5 61
5 67
5 71
5 89
5 101
5 117
5 134
5 161
5 165
5 186
5 196
5 217
5 218
5 247
5 260
5 263
5 274
5 275
5 277
5 287
5 292
5 295
5 298
5 300
5 303
5 322
6 9
6 17
6 24
6 25
6 29
6 34
6 37
6 41
6 52
6 59
6 61
6 66
6 67
6 68
6 70
6 81
6 86
6 93
6 97
6 98
6 99
6 103
6 108
6 109
6 111
6 124
6 133
6 134
6 135
6 137
6 140
6 147
6 149
6 150
6 162
6 166
6 168
6 172
6 176
6 178
6 192
6 194
6 198
6 204
6 210
6 217
6 221
6 224
6 229
6 231
6 238
6 239
6 243
6 247
6 251
6 257
6 263
6 266
6 274
6 285
6 287
6 289
6 292
6 293
6 294
6 295
6 296
6 300
6 306
6 309
6 314
6 315
6 317
6 324
6 326
7 16
7 20
7 21
7 33
7 35
7 42
7 44
7 56
7 72
7 76
7 83
7 87
7 88
7 94
7 123
7 129
7 130
7 132
7 145
7 151
7 152
7 153
7 156
7 170
7 174
7 187
7 188
7 211
7 213
7 228
7 235
7 250
7 254
7 258
7 268
7 272
7 276
7 297
7 302
7 311
7 325
8 11
8 13
8 27
8 39
8 40
8 49
8 65
8 73
8 77
8 91
8 114
8 116
8 124
8 126
8 128
8 138
8 141
8 154
8 173
8 182
8 198
8 200
8 201
8 205
8 214
8 226
8 233
8 240
8 252
8 256
8 269
8 283
8 285
8 319
8 320
9 24
9 33
9 60
9 61
9 66
9 89
9 100
9 101
9 117
9 121
9 135
9 140
9 161
9 185
9 186
9 190
9 192
9 196
9 231
9 247
9 257
9 260
9 263
9 266
9 270
9 275
9 286
9 295
9 303
10 120
10 182
10 201
10 209
10 242
10 246
10 281
10 297
11 13
11 21
11 22
11 27
11 39
11 40
11 48
11 65
11 83
11 90
11 91
11 114
11 126
11 131
11 138
11 141
11 148
11 158
11 173
11 182
11 188
11 201
11 213
11 216
11 223
11 227
11 233
11 240
11 256
11 257
11 258
11 265
11 273
11 285
11 301
11 316
11 320
12 17
12 18
12 21
12 36
12 48
12 53
12 66
12 67
12 78
12 86
12 89
12 101
12 108
12 111
12 146
12 147
12 148
12 150
12 163
12 166
12 178
12 179
12 185
12 194
12 195
12 199
12 203
12 204
12 210
12 217
12 224
12 230
12 233
12 236
12 239
12 243
12 248
12 257
12 260
12 274
12 275
12 293
12 309
12 314
13 15
13 22
13 27
13 39
13 43
13 80
13 91
13 114
13 116
13 124
13 126
13 128
13 131
13 138
13 140
13 141
13 144
13 158
13 173
13 182
13 200
13 201
13 208
13 226
13 233
13 240
13 252
13 256
13 265
13 273
13 285
14 30
14 37
14 69
14 73
14 77
14 102
14 105
14 107
14 125
14 133
14 140
14 142
14 155
14 175
14 180
14 182
14 234
14 237
14 249
14 251
14 253
14 264
14 269
14 271
14 284
14 307
14 311
14 323
15 22
15 27
15 39
15 47
15 91
15 114
15 124
15 125
15 131
15 138
15 144
15 164
15 173
15 182
15 201
15 226
15 228
15 233
15 256
15 273
15 282
16 33
16 42
16 87
16 88
16 130
16 151
16 250
16 258
16 268
17 29
17 36
17 49
17 53
17 55
17 66
17 67
17 68
17 78
17 81
17 86
17 89
17 93
17 108
17 134
17 137
17 140
17 147
17 148
17 150
17 155
17 165
17 166
17 172
17 175
17 178
17 179
17 186
17 194
17 195
17 199
17 200
17 204
17 208
17 217
17 218
17 224
17 238
17 239
17 257
17 259
17 274
17 293
17 295
17 299
17 306
17 314
17 315
18 25
18 29
18 34
18 45
18 59
18 70
18 81
18 98
18 99
18 133
18 135
18 137
18 162
18 172
18 181
18 192
18 204
18 210
18 221
18 231
18 236
18 257
18 289
18 295
18 306
18 309
18 317
19 47
19 90
19 105
19 112
19 119
19 120
19 154
19 158
19 164
19 182
19 200
19 202
19 205
19 214
19 218
19 242
19 245
19 281
19 305
19 308
19 320
19 326
20 21
20 35
20 41
20 42
20 44
20 56
20 83
20 86
20 87
20 88
20 94
20 111
20 122
20 123
20 129
20 132
20 136
20 145
20 151
20 152
20 156
20 174
20 187
20 188
20 208
20 211
20 213
20 218
20 219
20 235
20 243
20 250
20 254
20 258
20 259
20 272
20 276
20 302
21 33
21 41
21 42
21 43
21 44
21 52
21 53
21 56
21 66
21 75
21 76
21 80
21 83
21 87
21 88
21 89
21 92
21 94
21 113
21 122
21 123
21 126
21 129
21 130
21 132
21 134
21 145
21 151
21 152
21 156
21 160
21 167
21 168
21 170
21 174
21 177
21 180
21 182
21 184
21 187
21 188
21 197
21 200
21 205
21 211
21 213
21 217
21 219
21 226
21 232
21 235
21 246
21 250
21 252
21 258
21 259
21 272
21 276
21 278
21 290
21 297
21 302
21 311
21 314
22 27
22 38
22 39
22 43
22 47
22 49
22 50
22 51
22 64
22 65
22 79
22 90
22 91
22 114
22 116
22 119
22 124
22 126
22 128
22 131
22 138
22 141
22 144
22 168
22 173
22 182
22 201
22 223
22 226
22 233
22 240
22 252
22 265
22 273
22 285
22 313
22 316
23 32
23 58
23 75
23 100
23 110
23 136
23 159
23 168
23 180
23 193
23 197
23 202
23 222
23 229
23 232
23 241
23 244
23 318
24 40
24 41
24 45
24 53
24 60
24 61
24 66
24 67
24 93
24 111
24 117
24 121
24 134
24 140
24 161
24 165
24 167
24 178
24 186
24 190
24 196
24 229
24 260
24 263
24 266
24 270
24 275
24 286
24 295
24 303
24 314
24 324
25 34
25 59
25 62
25 68
25 70
25 71
25 81
25 93
25 96
25 97
25 98
25 99
25 103
25 109
25 111
25 133
25 135
25 137
25 140
25 162
25 176
25 181
25 182
25 198
25 204
25 207
25 210
25 221
25 231
25 236
25 239
25 287
25 289
25 303
25 304
25 309
25 315
25 317
25 324
26 41
26 147
26 165
26 179
26 195
26 224
27 39
27 43
27 90
27 91
27 112
27 114
27 116
27 124
27 126
27 128
27 131
27 138
27 140
27 141
27 155
27 164
27 173
27 178
27 182
27 201
27 223
27 226
27 233
27 240
27 252
27 256
27 265
27 273
27 281
27 285
27 293
27 296
27 319
28 43
28 51
28 52
28 62
28 64
28 73
28 74
28 79
28 84
28 95
28 112
28 113
28 140
28 143
28 149
28 154
28 164
28 171
28 173
28 189
28 200
28 205
28 206
28 209
28 212
28 215
28 218
28 226
28 228
28 242
28 245
28 248
28 291
28 294
28 296
28 298
28 300
28 301
28 305
28 320
28 321
29 34
29 59
29 61
29 62
29 66
29 68
29 70
29 81
29 89
29 97
29 98
29 99
29 111
29 133
29 135
29 137
29 140
29 150
29 158
29 162
29 172
29 176
29 181
29 192
29 198
29 204
29 210
29 217
29 221
29 229
29 231
29 260
29 286
29 306
29 309
29 314
29 317
30 63
30 73
30 77
30 94
30 102
30 107
30 123
30 125
30 132
30 155
30 175
30 234
30 237
30 253
30 254
30 261
30 267
30 271
30 284
30 289
30 290
30 307
30 320
31 37
31 43
31 69
31 73
31 79
31 116
31 127
31 143
31 189
31 200
31 205
31 218
31 240
31 248
31 294
31 298
32 35
32 41
32 44
32 58
32 75
32 76
32 83
32 92
32 100
32 104
32 110
32 123
32 136
32 145
32 152
32 156
32 158
32 159
32 168
32 177
32 184
32 193
32 197
32 202
32 208
32 213
32 216
32 222
32 225
32 229
32 232
32 238
32 244
32 254
32 259
32 261
32 265
32 267
32 278
32 290
32 296
33 35
33 41
33 42
33 44
33 72
33 76
33 87
33 88
33 94
33 114
33 122
33 123
33 129
33 130
33 132
33 145
33 151
33 152
33 160
33 170
33 174
33 187
33 188
33 208
33 211
33 235
33 250
33 258
33 268
33 272
33 276
33 280
33 290
33 302
33 311
33 325
34 39
34 59
34 62
34 68
34 70
34 81
34 89
34 93
34 98
34 99
34 103
34 109
34 111
34 135
34 137
34 140
34 162
34 172
34 176
34 181
34 183
34 192
34 198
34 204
34 210
34 217
34 221
34 224
34 231
34 233
34 236
34 243
34 287
34 306
34 309
34 315
34 317
34 324
35 42
35 44
35 62
35 72
35 76
35 83
35 94
35 123
35 129
35 132
35 136
35 152
35 159
35 162
35 170
35 188
35 197
35 208
35 238
35 250
35 258
35 259
35 268
35 272
35 297
35 302
36 48
36 66
36 78
36 86
36 108
36 146
36 147
36 148
36 166
36 178
36 179
36 186
36 194
36 195
36 199
36 204
36 217
36 224
36 230
36 239
36 257
36 274
36 275
36 287
36 293
36 299
36 314
37 40
37 43
37 52
37 69
37 75
37 102
37 105
37 107
37 115
37 125
37 142
37 155
37 157
37 164
37 193
37 197
37 205
37 220
37 226
37 234
37 237
37 253
37 264
37 271
37 273
37 274
37 280
37 292
37 304
37 323
38 40
38 47
38 52
38 64
38 71
38 74
38 79
38 84
38 90
38 95
38 110
38 119
38 122
38 143
38 144
38 149
38 154
38 164
38 183
38 200
38 205
38 212
38 213
38 214
38 240
38 246
38 255
38 262
38 282
38 288
38 298
38 305
38 306
38 313
38 320
38 326
39 43
39 52
39 53
39 55
39 65
39 66
39 67
39 80
39 91
39 93
39 114
39 116
39 118
39 124
39 126
39 128
39 131
39 138
39 141
39 144
39 158
39 161
39 162
39 164
39 170
39 173
39 182
39 201
39 204
39 218
39 225
39 226
39 233
39 238
39 240
39 252
39 256
39 258
39 265
39 273
39 285
39 300
39 301
39 316
39 320
40 49
40 63
40 69
40 73
40 77
40 78
40 102
40 105
40 106
40 107
40 125
40 132
40 142
40 148
40 155
40 157
40 158
40 170
40 175
40 185
40 206
40 216
40 220
40 231
40 234
40 237
40 257
40 258
40 269
40 271
40 284
40 301
40 304
40 307
40 320
40 323
41 45
41 51
41 53
41 60
41 61
41 63
41 67
41 73
41 78
41 89
41 97
41 98
41 101
41 111
41 117
41 121
41 134
41 146
41 147
41 148
41 156
41 161
41 165
41 166
41 173
41 182
41 186
41 190
41 192
41 195
41 196
41 197
41 203
41 204
41 207
41 213
41 217
41 221
41 230
41 231
41 243
41 247
41 260
41 263
41 266
41 267
41 274
41 275
41 277
41 287
41 293
41 301
41 303
41 322
42 44
42 56
42 58
42 75
42 76
42 77
42 83
42 87
42 88
42 94
42 110
42 111
42 123
42 129
42 132
42 136
42 145
42 151
42 152
42 154
42 156
42 170
42 174
42 188
42 208
42 211
42 212
42 213
42 219
42 222
42 225
42 234
42 235
42 237
42 243
42 250
42 253
42 254
42 258
42 268
42 272
42 276
42 279
42 284
42 297
42 302
42 311
42 323
42 325
43 52
43 65
43 71
43 73
43 84
43 90
43 93
43 100
43 107
43 112
43 113
43 114
43 116
43 117
43 119
43 124
43 127
43 128
43 131
43 142
43 143
43 148
43 149
43 154
43 155
43 156
43 162
43 164
43 171
43 173
43 182
43 185
43 189
43 192
43 193
43 200
43 201
43 206
43 209
43 212
43 214
43 215
43 218
43 221
43 226
43 228
43 233
43 237
43 242
43 248
43 249
43 252
43 256
43 266
43 271
43 273
43 285
43 286
43 291
43 294
43 296
43 298
43 300
43 301
43 305
43 316
43 319
44 56
44 58
44 72
44 75
44 80
44 83
44 87
44 88
44 92
44 94
44 100
44 122
44 123
44 129
44 132
44 136
44 141
44 145
44 149
44 151
44 152
44 156
44 159
44 170
44 177
44 188
44 197
44 200
44 208
44 211
44 213
44 219
44 222
44 229
44 232
44 234
44 238
44 250
44 254
44 258
44 259
44 271
44 272
44 276
44 290
44 294
44 297
44 302
44 311
45 46
45 53
45 61
45 67
45 86
45 89
45 101
45 121
45 156
45 165
45 172
45 179
45 186
45 198
45 215
45 218
45 236
45 247
45 260
45 263
45 266
45 270
45 274
45 277
45 285
45 287
45 292
45 295
46 53
46 61
46 86
46 89
46 101
46 117
46 165
46 174
46 186
46 204
46 260
46 270
46 274
46 275
46 277
46 287
46 292
46 303
47 50
47 64
47 71
47 79
47 84
47 90
47 112
47 120
47 125
47 127
47 131
47 143
47 154
47 164
47 182
47 183
47 191
47 200
47 201
47 214
47 228
47 237
47 242
47 245
47 246
47 281
47 282
47 283
47 288
47 305
47 313
47 320
47 321
48 66
48 78
48 85
48 100
48 118
48 146
48 148
48 162
48 163
48 166
48 168
48 178
48 179
48 185
48 195
48 216
48 217
48 231
48 239
48 257
48 267
48 270
48 318
48 320
48 324
49 50
49 51
49 52
49 61
49 62
49 64
49 66
49 74
49 79
49 95
49 113
49 118
49 124
49 127
49 137
49 149
49 154
49 162
49 182
49 189
49 200
49 205
49 206
49 215
49 216
49 218
49 228
49 237
49 248
49 285
49 296
49 298
49 300
49 313
49 319
50 51
50 52
50 64
50 71
50 74
50 79
50 95
50 127
50 132
50 139
50 143
50 144
50 149
50 152
50 154
50 175
50 182
50 188
50 189
50 198
50 200
50 205
50 228
50 251
50 294
50 296
50 301
50 313
50 319
51 52
51 73
51 74
51 95
51 113
51 127
51 132
51 139
51 143
51 149
51 189
51 200
51 205
51 206
51 212
51 215
51 218
51 228
51 233
51 248
51 273
51 285
51 291
51 294
51 296
51 298
51 300
51 301
52 62
52 64
52 66
52 71
52 73
52 74
52 95
52 111
52 113
52 127
52 138
52 139
52 140
52 143
52 149
52 154
52 166
52 189
52 197
52 200
52 201
52 205
52 206
52 212
52 215
52 218
52 219
52 228
52 246
52 248
52 258
52 261
52 294
52 296
52 298
52 300
52 301
52 313
52 319
52 320
53 60
53 61
53 67
53 89
53 101
53 117
53 121
53 134
53 146
53 161
53 165
53 166
53 172
53 186
53 190
53 196
53 204
53 236
53 247
53 260
53 263
53 266
53 270
53 274
53 275
53 277
53 287
53 292
53 293
53 295
54 75
54 80
54 85
54 92
54 110
54 118
54 136
54 168
54 169
54 177
54 184
54 186
54 193
54 197
54 216
54 225
54 229
54 232
54 235
54 254
54 261
54 278
54 279
54 290
55 66
55 78
55 86
55 106
55 146
55 150
55 165
55 166
55 178
55 194
55 198
55 207
55 239
55 247
55 257
55 274
55 293
55 314
56 83
56 88
56 92
56 94
56 111
56 123
56 129
56 132
56 145
56 151
56 152
56 156
56 188
56 208
56 213
56 219
56 235
56 243
56 250
56 297
56 302
56 311
57 90
57 112
57 154
57 164
57 181
57 191
57 242
57 281
57 282
57 288
58 75
58 80
58 83
58 85
58 92
58 94
58 100
58 103
58 104
58 110
58 118
58 129
58 136
58 159
58 168
58 169
58 170
58 177
58 180
58 184
58 193
58 197
58 202
58 208
58 216
58 220
58 222
58 225
58 229
58 232
58 233
58 234
58 254
58 259
58 261
58 273
58 274
58 278
58 279
58 290
58 297
59 60
59 62
59 68
59 70
59 81
59 89
59 93
59 96
59 98
59 99
59 103
59 111
59 133
59 135
59 137
59 140
59 162
59 172
59 192
59 198
59 204
59 210
59 221
59 231
59 236
59 239
59 243
59 289
59 303
59 306
59 309
59 315
59 317
60 67
60 81
60 93
60 117
60 124
60 134
60 137
60 140
60 161
60 164
60 166
60 179
60 186
60 190
60 196
60 231
60 236
60 247
60 260
60 263
60 266
60 270
60 275
60 306
60 322
61 67
61 82
61 89
61 98
61 101
61 117
61 121
61 134
61 140
61 165
61 172
61 186
61 196
61 198
61 210
61 224
61 247
61 260
61 263
61 266
61 270
61 285
61 287
61 292
61 295
61 298
61 303
61 306
61 317
62 66
62 68
62 70
62 77
62 81
62 93
62 98
62 99
62 103
62 133
62 137
62 140
62 162
62 172
62 181
62 192
62 198
62 199
62 204
62 210
62 218
62 221
62 229
62 231
62 236
62 243
62 251
62 266
62 306
62 315
62 317
63 73
63 75
63 94
63 100
63 102
63 105
63 125
63 142
63 155
63 175
63 218
63 234
63 249
63 253
63 261
63 271
63 296
63 307
63 320
63 323
64 71
64 73
64 79
64 113
64 139
64 144
64 151
64 154
64 182
64 200
64 205
64 218
64 228
64 248
64 296
64 298
64 300
64 301
64 313
65 104
65 105
65 106
65 114
65 116
65 122
65 144
65 158
65 173
65 182
65 201
65 223
65 226
65 227
65 240
65 252
65 256
65 273
65 316
66 68
66 78
66 86
66 106
66 108
66 111
66 134
66 140
66 143
66 146
66 147
66 150
66 152
66 156
66 165
66 166
66 178
66 179
66 181
66 182
66 185
66 194
66 196
66 199
66 207
66 208
66 213
66 216
66 217
66 224
66 231
66 239
66 247
66 257
66 258
66 265
66 272
66 274
66 285
66 293
66 314
67 77
67 89
67 117
67 134
67 146
67 148
67 161
67 165
67 186
67 190
67 196
67 203
67 204
67 221
67 231
67 236
67 247
67 254
67 260
67 263
67 266
67 267
67 270
67 274
67 275
67 277
67 286
67 292
67 293
67 295
67 301
67 303
67 309
67 322
68 81
68 97
68 98
68 99
68 103
68 111
68 133
68 135
68 137
68 140
68 162
68 166
68 172
68 181
68 186
68 192
68 198
68 204
68 210
68 217
68 221
68 231
68 243
68 247
68 289
68 306
68 309
68 324
69 77
69 102
69 105
69 107
69 115
69 125
69 142
69 155
69 175
69 206
69 216
69 218
69 220
69 237
69 249
69 251
69 253
69 264
69 267
69 269
69 271
69 280
69 284
69 298
69 304
69 307
69 310
69 323
70 78
70 81
70 93
70 97
70 98
70 99
70 103
70 109
70 111
70 135
70 137
70 140
70 152
70 162
70 172
70 176
70 181
70 198
70 204
70 219
70 221
70 231
70 236
70 239
70 243
70 289
70 306
70 309
70 315
70 324
71 73
71 79
71 95
71 113
71 127
71 143
71 149
71 154
71 189
71 200
71 205
71 206
71 212
71 218
71 228
71 248
71 255
71 267
71 294
71 296
71 298
71 300
71 305
71 319
71 326
72 75
72 76
72 83
72 87
72 88
72 92
72 94
72 122
72 123
72 129
72 132
72 145
72 151
72 159
72 170
72 174
72 188
72 208
72 211
72 241
72 258
72 261
72 272
72 297
73 77
73 79
73 94
73 95
73 105
73 113
73 127
73 132
73 139
73 143
73 148
73 149
73 154
73 158
73 170
73 175
73 185
73 188
73 189
73 200
73 205
73 212
73 215
73 218
73 224
73 226
73 228
73 231
73 236
73 248
73 294
73 296
73 297
73 298
73 300
73 301
73 307
73 315
73 319
73 320
73 326
74 79
74 95
74 140
74 149
74 182
74 200
74 206
74 212
74 215
74 218
74 228
74 248
74 285
74 296
74 298
74 300
74 313
74 321
74 326
75 80
75 83
75 90
75 92
75 100
75 110
75 116
75 118
75 123
75 136
75 159
75 166
75 168
75 169
75 177
75 180
75 184
75 193
75 197
75 200
75 202
75 208
75 222
75 224
75 225
75 229
75 232
75 238
75 241
75 250
75 253
75 254
75 258
75 259
75 261
75 275
75 278
75 279
75 290
75 307
75 318
76 83
76 87
76 88
76 94
76 122
76 123
76 129
76 130
76 132
76 145
76 151
76 152
76 170
76 171
76 174
76 188
76 211
76 213
76 231
76 250
76 258
76 261
76 265
76 268
76 272
76 276
76 297
76 302
76 307
76 311
76 317
76 318
77 95
77 102
77 105
77 107
77 115
77 118
77 125
77 127
77 142
77 155
77 175
77 220
77 234
77 237
77 249
77 251
77 253
77 264
77 267
77 269
77 271
77 280
77 284
77 301
77 304
77 310
77 323
78 86
78 106
78 108
78 146
78 148
78 150
78 162
78 163
78 165
78 166
78 178
78 179
78 185
78 192
78 194
78 195
78 199
78 200
78 203
78 207
78 224
78 231
78 239
78 257
78 274
78 287
78 293
78 314
79 119
79 127
79 139
79 144
79 154
79 162
79 182
79 200
79 205
79 218
79 231
79 233
79 240
79 246
79 250
79 251
79 267
79 285
79 294
79 298
79 300
79 301
79 313
79 319
79 326
80 85
80 92
80 100
80 110
80 118
80 136
80 152
80 159
80 161
80 168
80 169
80 177
80 180
80 184
80 193
80 197
80 200
80 202
80 208
80 213
80 216
80 219
80 225
80 229
80 232
80 238
80 254
80 259
80 261
80 267
80 278
80 279
80 290
80 312
81 93
81 96
81 97
81 98
81 99
81 103
81 109
81 111
81 133
81 135
81 137
81 140
81 162
81 172
81 176
81 181
81 192
81 195
81 198
81 204
81 210
81 221
81 230
81 236
81 239
81 289
81 303
81 306
81 309
81 324
82 287
83 85
83 87
83 88
83 94
83 100
83 110
83 118
83 122
83 123
83 129
83 130
83 136
83 145
83 151
83 156
83 168
83 170
83 174
83 177
83 184
83 188
83 208
83 213
83 219
83 222
83 232
83 235
83 250
83 254
83 258
83 259
83 271
83 278
83 302
84 90
84 112
84 120
84 143
84 154
84 158
84 174
84 183
84 191
84 200
84 205
84 209
84 212
84 242
84 245
84 246
84 283
84 285
84 288
84 302
84 320
84 321
84 326
85 86
85 91
85 92
85 100
85 104
85 110
85 118
85 121
85 136
85 148
85 168
85 169
85 184
85 185
85 202
85 208
85 216
85 225
85 229
85 231
85 232
85 238
85 254
85 259
85 267
85 278
85 290
85 312
85 318
86 89
86 108
86 111
86 134
86 146
86 147
86 148
86 150
86 163
86 166
86 178
86 180
86 186
86 194
86 199
86 203
86 204
86 207
86 217
86 224
86 230
86 231
86 239
86 243
86 257
86 274
86 287
86 293
86 295
86 314
87 88
87 94
87 123
87 129
87 130
87 132
87 136
87 145
87 151
87 152
87 156
87 160
87 170
87 174
87 188
87 211
87 213
87 219
87 232
87 235
87 250
87 258
87 268
87 272
87 276
87 297
87 302
87 311
88 94
88 112
88 122
88 123
88 129
88 130
88 132
88 145
88 151
88 152
88 156
88 170
88 174
88 187
88 188
88 211
88 213
88 219
88 235
88 250
88 253
88 258
88 268
88 272
88 276
88 297
88 298
88 302
88 311
89 92
89 101
89 111
89 121
89 140
89 146
89 149
89 165
89 172
89 186
89 204
89 243
89 247
89 260
89 263
89 266
89 267
89 274
89 275
89 277
89 287
89 292
89 293
89 303
89 306
89 322
90 112
90 119
90 120
90 154
90 164
90 173
90 183
90 191
90 200
90 205
90 214
90 218
90 233
90 245
90 246
90 281
90 282
90 283
90 320
90 321
90 326
91 96
91 114
91 116
91 124
91 126
91 128
91 138
91 141
91 144
91 173
91 182
91 201
91 206
91 226
91 227
91 233
91 240
91 252
91 273
91 285
91 301
92 100
92 104
92 110
92 118
92 125
92 136
92 152
92 155
92 158
92 159
92 168
92 169
92 177
92 180
92 184
92 193
92 197
92 202
92 208
92 213
92 216
92 222
92 225
92 229
92 232
92 234
92 235
92 238
92 241
92 244
92 249
92 253
92 254
92 259
92 261
92 271
92 273
92 278
92 279
92 290
92 318
92 324
93 96
93 97
93 99
93 103
93 109
93 111
93 124
93 133
93 135
93 137
93 140
93 172
93 176
93 181
93 190
93 196
93 221
93 226
93 229
93 231
93 243
93 289
93 306
93 309
93 315
93 317
93 324
94 122
94 123
94 129
94 130
94 132
94 136
94 145
94 151
94 153
94 154
94 155
94 160
94 170
94 174
94 175
94 187
94 188
94 211
94 213
94 234
94 235
94 250
94 253
94 258
94 259
94 261
94 268
94 271
94 272
94 276
94 290
94 297
94 302
94 307
94 311
94 320
95 113
95 127
95 139
95 143
95 149
95 154
95 166
95 200
95 205
95 206
95 218
95 248
95 255
95 273
95 285
95 291
95 293
95 294
95 296
95 298
95 301
95 313
95 319
95 321
95 323
96 97
96 99
96 103
96 111
96 133
96 135
96 140
96 162
96 176
96 192
96 204
96 206
96 210
96 221
96 289
96 309
96 315
96 324
97 98
97 99
97 103
97 111
97 133
97 135
97 137
97 140
97 162
97 176
97 204
97 210
97 221
97 231
97 243
97 289
97 309
97 315
97 324
98 99
98 103
98 111
98 135
98 137
98 140
98 172
98 192
98 198
98 204
98 210
98 221
98 231
98 236
98 243
98 256
98 259
98 306
98 317
99 103
99 106
99 133
99 135
99 137
99 140
99 147
99 148
99 162
99 163
99 166
99 176
99 179
99 181
99 190
99 192
99 195
99 198
99 204
99 210
99 219
99 221
99 224
99 230
99 231
99 236
99 239
99 247
99 257
99 274
99 289
99 292
99 293
99 306
99 309
99 315
99 324
100 104
100 110
100 117
100 118
100 132
100 136
100 152
100 159
100 168
100 169
100 174
100 177
100 180
100 184
100 185
100 187
100 193
100 197
100 200
100 202
100 208
100 211
100 216
100 217
100 222
100 225
100 229
100 231
100 232
100 234
100 238
100 241
100 242
100 244
100 254
100 255
100 259
100 261
100 266
100 272
100 278
100 279
100 285
100 286
100 290
100 307
100 312
100 318
101 117
101 134
101 165
101 180
101 186
101 196
101 221
101 224
101 247
101 263
101 275
101 277
101 287
101 292
101 295
101 303
101 322
102 105
102 125
102 142
102 152
102 155
102 237
102 249
102 251
102 258
102 267
102 271
102 307
103 133
103 135
103 137
103 140
103 162
103 172
103 176
103 181
103 192
103 204
103 210
103 221
103 231
103 243
103 289
103 293
103 309
103 315
103 324
104 110
104 118
104 136
104 168
104 177
104 180
104 193
104 197
104 202
104 210
104 222
104 224
104 232
104 244
104 259
104 261
104 278
104 290
104 312
104 318
105 125
105 142
105 155
105 200
105 213
105 218
105 220
105 229
105 234
105 237
105 251
105 253
105 261
105 267
105 271
105 273
105 280
105 284
105 307
105 316
105 317
105 323
106 139
106 146
106 148
106 150
106 162
106 178
106 179
106 192
106 194
106 199
106 200
106 203
106 207
106 239
106 274
106 314
106 320
107 115
107 142
107 155
107 175
107 213
107 234
107 237
107 264
107 267
107 269
107 271
107 304
107 310
107 323
108 133
108 134
108 137
108 140
108 147
108 148
108 150
108 166
108 178
108 185
108 194
108 195
108 203
108 204
108 217
108 224
108 239
108 257
108 293
108 299
108 309
108 314
109 135
109 140
109 172
109 221
109 227
109 266
109 289
109 309
109 315
109 324
110 118
110 132
110 136
110 159
110 168
110 169
110 177
110 180
110 184
110 193
110 197
110 202
110 208
110 216
110 225
110 229
110 232
110 244
110 254
110 258
110 259
110 261
110 278
110 279
110 290
110 297
110 302
110 311
110 312
110 318
111 133
111 134
111 135
111 140
111 162
111 166
111 175
111 176
111 178
111 186
111 192
111 198
111 200
111 204
111 210
111 213
111 217
111 221
111 231
111 236
111 243
111 257
111 274
111 275
111 306
111 309
111 324
112 116
112 145
112 154
112 158
112 164
112 173
112 191
112 205
112 212
112 214
112 218
112 233
112 245
112 246
112 273
112 281
112 283
112 288
112 305
112 320
112 326
113 120
113 126
113 143
113 149
113 173
113 178
113 189
113 200
113 206
113 215
113 228
113 233
113 248
113 294
113 296
113 298
113 300
113 319
114 116
114 124
114 126
114 128
114 131
114 138
114 141
114 144
114 164
114 173
114 182
114 201
114 221
114 226
114 233
114 240
114 252
114 256
114 265
114 273
114 285
115 125
115 142
115 155
115 162
115 175
115 234
115 237
115 253
115 264
115 269
115 271
115 307
115 310
115 320
115 323
116 124
116 126
116 128
116 131
116 138
116 144
116 158
116 164
116 173
116 182
116 201
116 205
116 214
116 218
116 221
116 223
116 226
116 233
116 240
116 252
116 265
116 273
116 285
116 288
116 300
116 316
116 320
117 121
117 135
117 140
117 161
117 162
117 165
117 181
117 186
117 189
117 190
117 196
117 221
117 247
117 260
117 263
117 266
117 270
117 275
117 277
117 286
117 287
117 295
117 301
117 303
117 306
118 136
118 142
118 152
118 159
118 161
118 162
118 168
118 169
118 177
118 180
118 184
118 193
118 208
118 216
118 217
118 225
118 229
118 232
118 235
118 238
118 254
118 259
118 278
118 279
118 290
118 292
118 312
118 318
119 124
119 125
119 154
119 164
119 191
119 214
119 242
119 246
119 255
119 256
119 281
119 282
119 288
119 301
119 305
120 127
120 154
120 164
120 183
120 242
120 246
120 255
120 260
120 281
120 288
120 300
120 305
121 146
121 161
121 185
121 186
121 190
121 231
121 247
121 260
121 266
121 270
121 275
121 286
121 295
121 303
121 322
122 123
122 129
122 130
122 132
122 145
122 151
122 152
122 153
122 156
122 170
122 174
122 208
122 211
122 213
122 219
122 250
122 258
122 272
122 276
122 297
122 302
122 311
122 320
122 325
123 129
123 130
123 132
123 136
123 145
123 149
123 151
123 152
123 162
123 170
123 171
123 174
123 188
123 211
123 213
123 250
123 258
123 261
123 265
123 268
123 272
123 276
123 280
123 296
123 297
123 302
123 307
123 311
123 317
123 318
124 128
124 138
124 140
124 141
124 144
124 155
124 164
124 173
124 182
124 190
124 200
124 201
124 218
124 221
124 226
124 233
124 240
124 252
124 256
124 265
124 273
124 281
124 283
124 285
124 298
124 319
125 155
125 175
125 178
125 182
125 218
125 223
125 227
125 234
125 237
125 249
125 256
125 257
125 264
125 267
125 269
125 271
125 280
125 282
125 284
125 299
125 310
125 323
126 128
126 131
126 138
126 141
126 144
126 149
126 158
126 164
126 173
126 182
126 189
126 201
126 211
126 226
126 227
126 233
126 240
126 252
126 256
126 265
126 273
126 285
126 296
126 316
126 320
127 139
127 143
127 149
127 189
127 200
127 205
127 206
127 208
127 209
127 213
127 215
127 217
127 218
127 228
127 242
127 248
127 292
127 293
127 294
127 296
127 298
127 300
127 301
127 319
128 131
128 138
128 144
128 170
128 173
128 182
128 201
128 211
128 226
128 233
128 240
128 252
128 256
128 265
128 273
128 285
129 130
129 132
129 145
129 151
129 152
129 156
129 170
129 174
129 188
129 211
129 213
129 235
129 250
129 258
129 268
129 272
129 297
129 302
129 311
129 325
130 145
130 151
130 152
130 170
130 171
130 174
130 187
130 188
130 197
130 250
130 258
130 268
130 290
130 297
130 302
130 311
131 138
131 141
131 144
131 158
131 164
131 173
131 182
131 201
131 213
131 223
131 233
131 240
131 252
131 256
131 272
131 273
131 285
131 294
131 298
131 301
131 313
131 316
132 136
132 143
132 145
132 151
132 152
132 153
132 156
132 170
132 174
132 176
132 187
132 188
132 211
132 213
132 218
132 219
132 235
132 243
132 247
132 248
132 250
132 254
132 258
132 265
132 268
132 272
132 276
132 280
132 285
132 293
132 297
132 302
132 311
132 320
133 135
133 137
133 140
133 150
133 162
133 176
133 181
133 192
133 198
133 204
133 210
133 221
133 231
133 236
133 289
133 309
133 314
133 315
133 317
133 324
134 150
134 161
134 165
134 167
134 177
134 186
134 196
134 213
134 215
134 221
134 251
134 260
134 263
134 266
134 275
134 277
134 295
134 303
134 314
134 322
135 137
135 140
135 162
135 165
135 172
135 176
135 181
135 192
135 195
135 210
135 221
135 230
135 231
135 236
135 289
135 293
135 309
135 315
135 319
135 324
136 152
136 156
136 159
136 166
136 168
136 169
136 177
136 180
136 193
136 197
136 202
136 208
136 215
136 216
136 225
136 229
136 232
136 237
136 238
136 241
136 244
136 254
136 259
136 261
136 272
136 279
136 290
136 312
136 318
137 140
137 162
137 170
137 172
137 176
137 181
137 182
137 192
137 198
137 210
137 221
137 231
137 236
137 260
137 273
137 286
137 306
137 314
137 317
137 324
138 141
138 144
138 158
138 164
138 173
138 182
138 201
138 204
138 226
138 233
138 240
138 252
138 265
138 273
138 285
138 320
139 143
139 200
139 205
139 211
139 212
139 215
139 218
139 291
139 294
139 296
139 298
139 300
139 301
139 313
139 319
140 148
140 149
140 150
140 158
140 162
140 166
140 168
140 172
140 176
140 178
140 181
140 182
140 186
140 190
140 192
140 194
140 195
140 196
140 199
140 204
140 210
140 215
140 221
140 224
140 226
140 229
140 231
140 233
140 239
140 243
140 246
140 248
140 263
140 266
140 275
140 285
140 286
140 289
140 293
140 294
140 296
140 300
140 303
140 306
140 309
140 312
140 314
140 315
140 317
140 324
141 173
141 182
141 201
141 223
141 226
141 227
141 240
141 252
141 256
141 273
141 285
141 296
141 301
142 155
142 175
142 234
142 237
142 249
142 250
142 251
142 253
142 258
142 267
142 271
142 284
142 311
143 149
143 154
143 156
143 173
143 174
143 189
143 200
143 205
143 206
143 209
143 212
143 213
143 215
143 218
143 226
143 282
143 283
143 285
143 288
143 291
143 294
143 296
143 298
143 300
143 301
143 302
143 308
143 319
143 326
144 158
144 164
144 173
144 182
144 201
144 226
144 233
144 240
144 252
144 256
144 265
144 285
144 313
144 316
145 151
145 152
145 156
145 160
145 170
145 174
145 187
145 188
145 200
145 208
145 211
145 213
145 219
145 235
145 240
145 250
145 258
145 268
145 272
145 276
145 290
145 297
145 302
145 311
145 325
146 147
146 148
146 150
146 163
146 166
146 178
146 179
146 185
146 194
146 195
146 199
146 203
146 204
146 217
146 224
146 239
146 248
146 257
146 274
146 293
146 314
147 148
147 150
147 163
147 164
147 166
147 172
147 179
147 195
147 199
147 207
147 217
147 224
147 230
147 231
147 239
147 257
147 274
147 293
148 150
148 163
148 165
148 166
148 168
148 175
148 178
148 179
148 185
148 195
148 199
148 216
148 217
148 224
148 231
148 238
148 239
148 257
148 293
148 317
149 154
149 189
149 198
149 200
149 205
149 206
149 211
149 212
149 215
149 218
149 219
149 228
149 240
149 248
149 291
149 294
149 296
149 298
149 300
149 319
150 163
150 165
150 166
150 178
150 194
150 195
150 199
150 203
150 207
150 221
150 222
150 224
150 230
150 231
150 239
150 257
150 259
150 274
150 285
150 293
150 312
150 314
151 152
151 156
151 170
151 174
151 186
151 187
151 188
151 204
151 208
151 211
151 213
151 219
151 235
151 250
151 258
151 268
151 272
151 276
151 285
151 297
151 300
151 302
151 311
152 154
152 156
152 170
152 174
152 180
152 182
152 188
152 200
152 208
152 211
152 213
152 219
152 220
152 232
152 238
152 250
152 258
152 259
152 267
152 271
152 272
152 276
152 280
152 284
152 290
152 297
152 302
152 311
153 174
153 211
153 272
153 297
154 158
154 164
154 173
154 181
154 182
154 183
154 189
154 191
154 200
154 205
154 209
154 210
154 212
154 213
154 215
154 218
154 228
154 237
154 238
154 242
154 245
154 246
154 255
154 260
154 262
154 263
154 267
154 282
154 283
154 285
154 288
154 294
154 298
154 300
154 301
154 305
154 307
154 308
154 311
154 320
154 321
154 326
155 175
155 193
155 201
155 220
155 226
155 234
155 237
155 253
155 258
155 264
155 267
155 269
155 271
155 280
155 284
155 294
155 307
155 323
156 170
156 174
156 180
156 188
156 213
156 219
156 231
156 235
156 246
156 258
156 272
156 276
156 290
156 295
156 297
156 301
156 302
156 311
157 175
157 271
158 166
158 172
158 173
158 175
158 182
158 198
158 201
158 210
158 217
158 223
158 226
158 233
158 240
158 245
158 256
158 265
158 273
158 283
158 293
158 316
158 318
158 320
158 326
159 165
159 168
159 169
159 180
159 184
159 197
159 202
159 210
159 216
159 225
159 229
159 232
159 238
159 241
159 244
159 254
159 259
159 261
159 279
159 318
160 187
160 188
160 250
160 258
160 272
160 276
160 311
161 165
161 181
161 186
161 190
161 196
161 236
161 242
161 247
161 260
161 266
161 270
161 285
161 295
161 303
162 172
162 176
162 178
162 179
162 181
162 188
162 192
162 198
162 204
162 210
162 213
162 221
162 223
162 224
162 230
162 231
162 236
162 239
162 243
162 257
162 266
162 271
162 289
162 306
162 309
162 317
162 324
163 166
163 172
163 185
163 195
163 199
163 203
163 207
163 224
163 257
163 275
163 293
164 172
164 173
164 182
164 191
164 206
164 214
164 218
164 226
164 233
164 235
164 242
164 245
164 246
164 255
164 262
164 265
164 273
164 281
164 282
164 283
164 305
164 308
164 320
164 326
165 166
165 186
165 190
165 194
165 217
165 224
165 239
165 247
165 263
165 266
165 270
165 274
165 275
165 277
165 286
165 287
165 288
165 292
165 293
165 295
165 303
165 322
166 178
166 179
166 185
166 186
166 192
166 194
166 195
166 198
166 199
166 203
166 204
166 207
166 217
166 224
166 230
166 232
166 238
166 239
166 240
166 243
166 257
166 260
166 271
166 274
166 293
166 299
166 300
166 314
167 239
167 295
168 169
168 177
168 180
168 184
168 193
168 197
168 216
168 222
168 225
168 229
168 232
168 238
168 254
168 259
168 261
168 278
168 279
168 285
168 290
168 312
168 313
168 318
168 320
169 177
169 180
169 184
169 194
169 198
169 202
169 208
169 216
169 225
169 229
169 232
169 238
169 278
169 290
169 296
170 174
170 182
170 184
170 187
170 188
170 189
170 211
170 213
170 218
170 250
170 255
170 258
170 262
170 272
170 276
170 297
170 300
170 302
170 308
170 311
170 320
170 325
171 173
171 189
171 200
171 218
171 265
171 281
171 300
171 301
171 319
172 176
172 181
172 192
172 194
172 198
172 204
172 210
172 213
172 221
172 224
172 231
172 236
172 243
172 247
172 254
172 260
172 275
172 289
172 301
172 303
172 305
172 306
172 309
172 315
172 317
172 324
173 182
173 201
173 205
173 218
173 223
173 226
173 233
173 240
173 252
173 256
173 265
173 273
173 281
173 285
173 291
173 298
173 301
173 311
173 316
173 319
173 320
173 326
174 176
174 187
174 188
174 211
174 213
174 217
174 219
174 248
174 250
174 258
174 268
174 272
174 276
174 285
174 297
174 301
174 302
174 311
175 182
175 200
175 218
175 220
175 234
175 236
175 237
175 249
175 253
175 257
175 261
175 267
175 271
175 283
175 284
175 285
175 295
175 296
175 304
175 307
175 312
175 320
175 323
176 181
176 192
176 198
176 204
176 221
176 230
176 236
176 243
176 289
176 309
176 311
176 315
176 324
177 180
177 184
177 193
177 197
177 200
177 202
177 208
177 216
177 222
177 224
177 225
177 229
177 232
177 238
177 244
177 254
177 259
177 261
177 271
177 278
177 279
177 318
178 179
178 185
178 186
178 194
178 195
178 199
178 210
178 217
178 224
178 230
178 239
178 257
178 274
178 299
178 314
178 320
179 195
179 199
179 217
179 224
179 230
179 231
179 236
179 239
179 257
179 277
179 293
179 301
179 303
179 314
179 317
180 193
180 200
180 208
180 222
180 225
180 229
180 232
180 241
180 244
180 259
180 272
180 290
180 292
180 312
181 182
181 192
181 210
181 229
181 230
181 231
181 236
181 239
181 269
181 289
181 309
181 315
182 200
182 201
182 205
182 210
182 218
182 223
182 226
182 228
182 233
182 237
182 240
182 246
182 249
182 252
182 256
182 259
182 262
182 265
182 267
182 273
182 285
182 291
182 296
182 298
182 306
182 308
182 313
182 323
183 200
183 201
183 213
183 237
183 242
183 245
183 246
183 255
183 264
183 283
183 288
183 305
183 321
184 193
184 197
184 200
184 202
184 208
184 213
184 222
184 225
184 227
184 229
184 232
184 235
184 238
184 241
184 244
184 251
184 254
184 261
184 278
184 279
184 290
185 195
185 199
185 216
185 217
185 224
185 230
185 231
185 238
185 239
185 257
185 270
185 274
185 320
186 190
186 196
186 204
186 215
186 217
186 224
186 243
186 247
186 257
186 260
186 263
186 266
186 270
186 274
186 275
186 277
186 286
186 287
186 289
186 292
186 295
186 300
186 303
186 322
187 188
187 211
187 213
187 231
187 235
187 258
187 272
187 276
187 297
188 211
188 213
188 235
188 250
188 258
188 267
188 268
188 272
188 276
188 285
188 297
188 302
188 311
188 325
189 200
189 206
189 209
189 215
189 218
189 228
189 248
189 294
189 296
189 298
189 300
189 301
189 303
190 231
190 236
190 260
190 263
190 266
190 270
190 274
190 275
190 286
190 287
190 303
190 315
190 322
191 200
191 259
191 281
191 283
191 288
191 319
191 320
191 321
192 198
192 204
192 210
192 213
192 221
192 223
192 224
192 230
192 231
192 239
192 243
192 257
192 289
192 296
192 301
192 306
192 315
192 324
193 197
193 216
193 225
193 232
193 235
193 238
193 241
193 244
193 253
193 254
193 259
193 278
193 279
193 290
193 318
194 199
194 204
194 210
194 224
194 239
194 257
194 265
194 274
194 285
194 293
194 299
194 303
194 309
194 314
195 199
195 217
195 224
195 230
195 257
195 274
195 293
195 303
195 314
196 207
196 239
196 247
196 263
196 266
196 277
196 286
196 287
196 289
196 295
196 303
196 317
196 322
197 202
197 208
197 213
197 216
197 222
197 225
197 229
197 232
197 238
197 254
197 259
197 278
197 290
197 318
198 199
198 204
198 208
198 210
198 218
198 221
198 231
198 236
198 243
198 247
198 296
198 303
198 306
198 307
198 315
198 317
199 217
199 221
199 224
199 230
199 239
199 257
199 274
199 292
199 293
199 299
199 314
200 203
200 205
200 206
200 209
200 212
200 213
200 215
200 218
200 228
200 233
200 242
200 243
200 246
200 248
200 250
200 252
200 259
200 266
200 273
200 282
200 283
200 285
200 291
200 294
200 296
200 298
200 300
200 301
200 306
200 308
200 313
200 318
200 319
200 320
200 321
201 223
201 226
201 227
201 233
201 240
201 242
201 252
201 256
201 265
201 273
201 285
201 295
202 232
202 241
202 244
202 251
202 254
202 259
202 271
202 279
202 290
202 318
203 207
203 217
203 224
203 239
203 248
203 257
203 274
203 293
203 314
204 221
204 231
204 236
204 243
204 260
204 274
204 275
204 287
204 289
204 293
204 306
204 309
204 315
204 317
204 324
205 206
205 212
205 215
205 218
205 228
205 233
205 240
205 248
205 291
205 294
205 296
205 298
205 300
205 301
205 313
206 212
206 215
206 217
206 218
206 225
206 228
206 229
206 248
206 259
206 277
206 294
206 296
206 300
206 319
207 224
207 231
207 232
207 239
207 257
207 260
207 274
207 277
207 290
207 293
207 299
207 312
207 314
207 322
208 216
208 222
208 225
208 229
208 232
208 238
208 250
208 254
208 259
208 278
208 290
209 218
209 298
209 301
209 319
210 211
210 221
210 231
210 236
210 243
210 257
210 271
210 275
210 289
210 306
210 309
210 317
211 213
211 225
211 250
211 272
211 273
211 285
211 297
211 302
211 320
212 215
212 218
212 228
212 248
212 291
212 294
212 296
212 298
212 300
212 301
212 319
212 320
213 219
213 235
213 243
213 246
213 250
213 257
213 258
213 272
213 276
213 290
213 297
213 302
213 311
213 312
213 325
214 218
214 245
214 281
214 326
215 218
215 228
215 247
215 248
215 294
215 295
215 296
215 298
215 300
215 319
216 225
216 229
216 232
216 238
216 254
216 259
216 261
216 290
216 312
217 221
217 224
217 225
217 230
217 231
217 257
217 274
217 293
217 314
218 228
218 234
218 240
218 248
218 252
218 262
218 267
218 271
218 281
218 293
218 294
218 296
218 298
218 300
218 301
218 310
218 313
218 316
218 319
219 235
219 250
219 258
219 272
219 276
219 290
219 300
219 302
219 311
219 324
220 234
220 237
220 250
220 251
220 253
220 267
220 271
220 280
220 284
220 304
220 310
221 229
221 236
221 239
221 243
221 257
221 266
221 274
221 285
221 292
221 293
221 303
221 306
221 309
221 315
221 324
222 232
222 254
222 259
222 271
222 279
222 293
222 318
223 227
223 233
223 240
223 251
223 252
223 255
223 273
223 282
223 301
223 305
223 316
224 229
224 230
224 239
224 240
224 247
224 257
224 266
224 274
224 292
224 293
224 294
224 314
224 317
225 229
225 232
225 237
225 238
225 254
225 261
225 278
225 290
225 301
225 312
225 318
226 228
226 233
226 240
226 252
226 256
226 265
226 267
226 271
226 273
226 285
226 301
226 316
226 319
227 255
227 267
227 285
227 307
227 316
228 237
228 248
228 255
228 291
228 294
228 296
228 300
228 305
229 232
229 234
229 238
229 251
229 253
229 254
229 259
229 266
229 278
229 285
229 290
229 309
229 312
229 318
230 239
230 251
230 257
230 267
230 293
231 236
231 238
231 243
231 248
231 266
231 272
231 289
231 290
231 300
231 303
231 306
231 309
231 314
231 315
231 317
231 324
232 235
232 244
232 253
232 254
232 259
232 261
232 268
232 278
232 279
232 290
232 293
232 312
232 318
233 240
233 245
233 254
233 255
233 256
233 265
233 273
233 285
233 301
233 323
234 237
234 251
234 253
234 254
234 263
234 264
234 267
234 269
234 271
234 279
234 297
234 307
234 323
235 250
235 258
235 272
235 276
235 278
235 302
235 311
236 306
236 309
236 317
236 324
237 238
237 249
237 253
237 264
237 267
237 269
237 271
237 280
237 284
237 307
237 323
237 325
238 243
238 254
238 259
238 261
238 279
238 290
238 312
238 318
238 320
239 257
239 274
239 289
239 293
239 295
239 299
239 305
239 309
239 314
239 324
240 252
240 256
240 265
240 273
240 285
240 296
240 300
240 318
240 320
240 326
241 244
241 254
241 259
241 261
241 290
241 318
242 246
242 255
242 288
242 292
242 305
242 321
242 326
243 274
243 275
243 293
243 306
243 317
244 249
244 290
244 307
244 318
245 281
245 283
245 320
245 321
245 326
246 255
246 282
246 283
246 290
246 300
246 305
246 314
246 321
247 260
247 263
247 270
247 275
247 277
247 286
247 287
247 292
247 295
247 303
247 322
248 266
248 294
248 296
248 298
248 300
248 301
248 319
248 320
249 251
249 253
249 264
249 271
249 307
249 310
249 319
249 323
250 258
250 268
250 272
250 276
250 290
250 297
250 302
250 311
251 253
251 267
251 271
251 280
251 283
251 284
251 290
251 310
251 314
251 326
252 256
252 258
252 265
252 273
252 281
252 285
252 319
253 261
253 267
253 271
253 280
253 284
253 304
253 305
253 307
253 310
253 323
254 259
254 278
254 290
254 318
255 282
255 288
255 320
255 321
255 326
256 265
256 273
256 282
257 267
257 274
257 275
257 293
257 299
257 312
257 314
257 320
257 324
258 267
258 268
258 272
258 276
258 297
258 298
258 302
258 311
259 261
259 278
259 290
260 263
260 266
260 274
260 275
260 286
260 287
260 292
260 293
260 295
260 303
260 320
260 322
261 271
261 290
261 307
261 318
262 305
262 308
263 266
263 275
263 286
263 287
263 292
263 295
263 301
263 303
264 271
264 284
264 307
264 323
265 267
265 273
265 285
265 288
265 319
266 270
266 275
266 286
266 293
266 295
266 303
266 309
266 322
267 269
267 271
267 307
267 310
267 321
267 323
268 311
269 271
269 280
269 284
269 288
269 307
269 323
270 275
270 277
270 286
270 295
270 303
270 322
271 280
271 284
271 290
271 302
271 307
271 310
271 323
272 276
272 285
272 297
272 302
272 311
273 281
273 285
273 320
273 323
274 275
274 287
274 292
274 293
274 299
274 314
274 319
275 287
275 292
275 293
275 295
275 303
275 322
276 297
276 302
276 311
277 287
277 292
277 295
277 322
278 279
278 290
278 312
279 290
280 284
280 292
280 304
281 283
281 319
281 321
282 283
282 320
282 326
283 285
283 288
283 305
283 307
283 320
283 321
283 326
284 310
285 294
285 311
285 320
285 326
287 292
287 303
287 322
288 320
289 309
289 315
290 293
290 312
290 318
290 324
291 294
291 296
291 298
291 300
291 301
291 319
292 293
292 295
292 301
292 303
292 322
293 299
293 314
293 316
293 324
294 296
294 298
294 300
294 301
294 305
294 308
294 319
295 303
296 298
296 300
296 301
296 313
296 319
296 326
297 302
297 308
297 311
298 300
298 301
298 308
298 313
298 319
299 314
300 301
300 302
300 313
300 319
301 319
302 307
302 311
304 323
305 308
305 320
305 321
306 314
306 315
306 317
306 324
307 311
307 320
309 315
309 324
312 318
315 324
317 324
318 320
320 321
320 326
321 326
