0 13
0 50
0 61
0 77
0 129
0 234
0 337
0 349
0 351
0 384
0 427
0 428
0 437
0 450
0 452
0 500
0 539
0 544
0 592
0 630
0 633
0 640
0 671
0 693
0 744
0 751
0 765
13 24
13 77
13 203
13 234
13 342
13 434
13 437
13 500
13 539
13 544
13 561
13 630
13 671
13 693
13 724
13 751
13 759
13 765
50 24
50 61
50 129
50 216
50 221
50 234
50 271
50 337
50 351
50 384
50 428
50 437
50 452
50 500
50 518
50 539
50 544
50 592
50 630
50 633
50 671
50 751
61 36
61 82
61 129
61 182
61 196
61 203
61 216
61 221
61 234
61 271
61 284
61 311
61 337
61 349
61 384
61 452
61 472
61 500
61 518
61 539
61 544
61 592
61 614
61 647
61 751
77 24
77 203
77 342
77 384
77 437
77 450
77 474
77 518
77 544
77 561
77 630
77 640
77 671
77 693
77 724
77 751
77 759
77 765
129 82
129 182
129 196
129 216
129 221
129 234
129 337
129 349
129 384
129 437
129 500
129 518
129 539
129 602
129 744
129 751
129 797
234 36
234 196
234 203
234 221
234 271
234 284
234 337
234 349
234 384
234 437
234 452
234 500
234 518
234 539
234 544
234 592
234 602
234 614
234 647
234 744
234 751
337 216
337 271
337 36
337 82
337 182
337 196
337 203
337 221
337 283
337 284
337 311
337 349
337 378
337 384
337 437
337 452
337 472
337 500
337 518
337 539
337 544
337 566
337 592
337 602
337 614
337 633
337 647
337 744
337 751
337 797
349 82
349 351
349 384
349 437
349 452
349 500
349 518
349 539
349 544
349 592
349 630
349 633
349 671
349 744
349 751
351 384
351 544
384 24
384 216
384 82
384 203
384 221
384 342
384 413
384 428
384 437
384 452
384 539
384 592
384 630
384 633
384 671
384 744
384 751
384 759
384 765
427 221
427 500
427 518
427 539
427 544
427 592
427 616
427 703
427 744
427 751
428 500
428 544
428 751
437 24
437 216
437 36
437 82
437 196
437 203
437 283
437 284
437 311
437 378
437 413
437 450
437 452
437 472
437 500
437 518
437 539
437 544
437 566
437 592
437 614
437 616
437 630
437 633
437 640
437 647
437 671
437 693
437 724
437 759
437 765
437 797
450 24
450 518
450 539
450 544
450 630
450 640
450 671
450 693
450 724
452 24
452 216
452 271
452 36
452 82
452 196
452 221
452 237
452 250
452 285
452 310
452 311
452 413
452 446
452 500
452 518
452 531
452 539
452 544
452 570
452 592
452 614
452 616
452 630
452 633
452 640
452 647
452 671
452 703
452 751
452 797
500 216
500 271
500 82
500 165
500 182
500 196
500 203
500 221
500 237
500 283
500 285
500 413
500 472
500 474
500 518
500 531
500 539
500 543
500 544
500 566
500 570
500 592
500 616
500 630
500 633
500 647
500 671
500 703
500 744
500 759
500 797
539 24
539 216
539 271
539 518
539 36
539 82
539 196
539 221
539 237
539 283
539 310
539 311
539 342
539 378
539 405
539 472
539 474
539 544
539 561
539 570
539 616
539 630
539 633
539 640
539 647
539 671
539 693
539 744
539 751
539 765
539 797
544 24
544 216
544 271
544 518
544 82
544 165
544 203
544 221
544 237
544 283
544 342
544 413
544 592
544 630
544 640
544 671
544 703
544 744
544 751
544 759
544 765
592 216
592 271
592 518
592 36
592 82
592 196
592 221
592 283
592 284
592 311
592 378
592 472
592 543
592 566
592 614
592 616
592 633
592 647
592 669
592 744
592 797
630 203
630 342
630 474
630 561
630 640
630 671
630 693
630 724
630 759
630 765
633 216
633 751
640 24
640 518
640 342
640 434
640 671
640 693
640 759
640 765
671 24
671 342
671 413
671 434
671 751
671 759
693 24
693 518
693 434
693 724
693 751
693 759
693 765
744 216
744 518
744 36
744 82
744 196
744 221
744 311
744 378
744 472
744 614
744 647
751 24
751 271
751 518
751 82
751 203
751 221
751 413
765 24
765 759
765 203
765 434
765 474
765 724
24 342
24 434
24 474
24 518
24 561
24 724
24 759
203 518
203 759
203 474
203 405
203 413
342 759
724 518
759 216
759 518
759 405
759 474
474 518
474 4
474 23
474 83
474 133
474 207
474 313
474 267
474 278
474 296
474 364
474 367
474 67
474 131
474 585
474 604
474 669
474 680
518 271
518 36
518 82
518 196
518 221
518 283
518 311
518 413
518 472
518 566
518 614
518 616
518 647
518 797
216 36
216 82
216 165
216 196
216 248
216 250
216 271
216 283
216 285
216 310
216 311
216 519
216 531
216 543
216 570
216 614
216 647
216 703
216 797
221 271
221 413
221 82
221 797
221 165
221 237
221 248
221 250
221 285
221 310
221 446
221 531
221 543
221 566
221 570
221 616
221 703
271 165
271 250
271 283
271 285
271 310
271 413
271 531
271 570
271 616
271 703
36 669
36 82
36 196
36 284
36 311
36 378
36 406
36 602
36 647
36 797
82 182
82 196
82 284
82 311
82 472
82 543
82 566
82 614
82 647
82 797
182 472
196 669
196 284
196 311
196 378
196 543
196 602
196 614
196 647
196 797
284 669
284 311
284 614
284 647
284 797
311 669
311 378
311 406
311 614
311 797
472 797
614 669
614 378
614 406
614 647
614 797
647 669
647 602
602 543
602 797
797 378
165 413
165 519
165 237
165 250
165 283
165 285
165 310
165 531
165 570
165 616
165 703
248 285
250 237
250 283
250 285
250 310
250 531
250 703
283 413
283 519
283 237
283 285
283 310
283 531
283 616
283 703
285 413
285 519
285 310
285 531
285 570
285 616
285 703
310 519
310 237
310 570
310 616
310 703
519 560
519 413
519 379
519 144
519 393
519 237
519 531
531 413
531 237
531 570
570 413
570 237
570 616
570 703
703 413
703 237
703 616
413 207
413 32
413 604
413 131
413 389
413 144
413 177
413 237
413 393
413 520
413 680
616 237
378 669
669 32
669 160
669 218
669 382
669 604
669 111
669 131
669 30
669 123
669 303
669 389
669 520
669 700
669 763
1 14
1 46
1 84
1 138
1 147
1 157
1 163
1 279
1 395
1 419
1 442
1 459
1 464
1 601
1 694
1 713
14 46
14 79
14 84
14 138
14 157
14 163
14 192
14 279
14 358
14 369
14 395
14 442
14 459
14 601
14 612
14 694
14 713
46 37
46 79
46 84
46 138
46 157
46 163
46 192
46 279
46 312
46 358
46 369
46 395
46 419
46 442
46 459
46 464
46 601
46 694
46 713
84 37
84 79
84 138
84 147
84 157
84 163
84 279
84 369
84 419
84 442
84 459
84 464
84 601
84 612
84 694
84 713
138 79
138 369
138 464
138 601
138 612
147 157
147 358
147 442
147 464
157 37
157 7
157 79
157 163
157 192
157 279
157 358
157 369
157 395
157 419
157 442
157 459
157 594
157 713
163 37
163 79
163 192
163 279
163 358
163 369
163 395
163 419
163 459
163 464
163 586
163 601
163 612
163 694
163 713
279 37
279 192
279 369
279 395
279 419
279 442
279 459
279 713
395 37
395 192
395 358
395 369
395 79
395 419
395 442
395 459
395 464
395 601
395 713
419 192
419 358
419 22
419 62
419 333
419 422
419 442
419 459
419 464
419 524
419 600
419 644
419 713
419 766
442 358
442 459
442 464
442 713
459 37
459 192
459 358
459 369
459 464
464 37
464 192
464 358
464 369
464 7
464 159
464 444
464 586
464 601
464 612
464 694
464 713
601 358
601 369
601 79
601 612
601 694
601 713
694 358
694 369
694 79
694 612
694 713
713 37
713 358
713 369
713 7
713 152
713 259
713 312
713 319
713 410
713 444
713 594
79 358
79 612
192 37
192 358
192 369
358 37
358 369
369 586
369 612
612 586
312 47
312 152
312 153
312 259
312 308
312 333
312 410
312 422
312 444
312 455
312 563
312 567
312 569
312 594
312 627
312 731
7 15
7 47
7 54
7 85
7 94
7 153
7 155
7 259
7 308
7 319
7 402
7 410
7 455
7 465
7 567
7 569
7 594
7 731
7 802
594 15
594 47
594 54
594 85
594 94
594 152
594 153
594 155
594 259
594 308
594 319
594 402
594 410
594 444
594 465
594 563
594 567
594 569
594 627
594 676
594 802
22 344
22 644
22 62
22 118
22 272
22 333
22 422
22 557
22 766
22 789
62 634
62 280
62 344
62 644
62 108
62 118
62 130
62 150
62 168
62 272
62 333
62 422
62 766
62 789
62 800
333 344
333 644
333 118
333 272
333 422
333 557
333 600
333 766
333 789
422 644
422 272
422 557
422 600
422 766
422 789
524 2
524 59
524 121
524 355
524 449
524 495
524 116
524 159
524 628
524 695
524 698
524 707
524 717
524 776
600 344
600 644
600 118
600 272
600 557
600 789
644 634
644 16
644 71
644 74
644 280
644 306
644 421
644 429
644 622
644 108
644 118
644 130
644 150
644 272
644 557
644 738
644 794
766 118
766 272
766 557
766 247
766 430
766 497
766 571
766 756
766 786
444 15
444 47
444 54
444 85
444 153
444 155
444 259
444 319
444 410
444 455
444 465
444 563
444 567
444 569
444 627
444 802
152 15
152 47
152 85
152 153
152 155
152 259
152 308
152 319
152 402
152 410
152 455
152 465
152 563
152 569
152 627
152 676
152 802
259 15
259 47
259 54
259 94
259 153
259 155
259 308
259 319
259 402
259 410
259 465
259 563
259 567
259 569
259 731
259 802
319 15
319 47
319 85
319 94
319 153
319 308
319 402
319 455
319 465
319 567
319 569
319 627
319 731
319 802
410 15
410 47
410 54
410 85
410 94
410 155
410 308
410 402
410 455
410 465
410 563
410 569
410 627
410 731
410 802
2 59
2 65
2 121
2 299
2 340
2 362
2 424
2 449
2 495
2 634
2 719
2 722
2 780
59 55
59 87
59 116
59 121
59 213
59 301
59 355
59 398
59 426
59 454
59 495
59 562
59 610
59 628
59 661
59 695
59 698
59 752
59 781
65 424
65 449
65 722
121 116
121 355
121 370
121 495
121 610
121 628
121 661
121 698
121 707
299 340
299 424
299 722
299 780
340 362
340 424
340 495
340 722
340 780
362 93
362 140
362 145
362 462
362 568
362 583
362 605
362 659
362 725
362 780
424 391
449 66
449 495
449 695
449 774
495 116
495 301
495 344
495 370
495 426
495 579
495 610
495 628
495 634
495 698
495 707
495 717
634 16
634 71
634 74
634 108
634 118
634 130
634 150
634 168
634 280
634 326
634 344
634 429
634 468
634 507
634 622
634 707
634 738
634 772
634 794
719 391
719 491
722 391
722 780
780 391
780 664
55 355
55 21
55 39
55 87
55 88
55 116
55 213
55 254
55 301
55 302
55 426
55 454
55 562
55 610
55 628
55 641
55 698
55 752
55 761
87 355
87 454
87 661
87 213
87 398
87 426
87 562
87 628
87 698
116 355
116 454
116 213
116 398
116 426
116 562
116 610
116 628
116 698
116 752
213 355
213 454
213 661
213 301
213 562
213 610
213 628
213 698
213 752
301 355
301 454
301 661
301 398
301 426
301 562
301 610
301 628
301 698
355 398
355 426
355 454
355 562
355 610
355 628
355 661
355 695
355 698
398 454
398 426
398 610
398 628
398 698
398 752
426 454
426 661
426 562
426 610
426 628
426 752
454 21
454 88
454 562
454 610
454 628
454 661
454 698
562 661
562 610
562 628
562 698
562 752
610 628
610 698
610 752
628 370
628 695
628 698
628 707
628 752
661 717
661 429
661 21
661 39
661 88
661 254
661 302
661 641
661 698
661 752
661 761
695 330
695 707
695 774
698 717
698 370
698 408
698 707
698 752
370 251
370 776
707 330
707 251
707 377
93 368
93 145
93 399
93 417
93 462
93 568
93 583
93 664
93 725
93 737
140 145
140 462
140 568
140 583
140 605
140 664
140 737
145 462
145 568
145 583
145 605
145 664
145 725
145 737
462 368
462 399
462 322
462 568
462 583
462 725
462 737
568 399
568 417
568 664
568 725
568 737
583 605
583 725
583 737
605 664
605 725
659 66
659 717
659 774
725 368
725 786
725 399
725 664
725 737
66 18
66 470
66 774
774 269
344 717
344 16
344 71
344 74
344 280
344 31
344 150
344 261
344 272
344 275
344 421
344 429
344 507
344 512
344 530
344 577
344 738
579 70
579 96
579 463
579 629
579 75
579 330
579 392
579 408
579 412
579 486
579 492
579 503
579 762
717 347
717 716
16 71
16 74
16 280
16 306
16 421
16 429
16 622
16 738
16 794
71 74
71 280
71 306
71 421
71 429
71 738
71 794
74 280
74 421
74 429
74 622
74 738
74 794
108 280
108 150
108 468
118 280
118 130
118 150
118 168
118 272
118 468
118 557
118 772
118 789
130 280
130 150
130 168
130 468
130 772
130 800
150 280
150 168
150 468
150 772
150 800
168 772
280 305
280 306
280 326
280 421
280 429
280 468
280 507
280 622
280 738
280 772
280 794
280 800
429 306
429 421
429 70
429 88
429 89
429 223
429 246
429 270
429 606
429 663
429 704
429 738
429 750
429 761
429 794
468 507
468 800
622 421
622 738
622 794
738 306
738 421
772 745
794 306
716 230
716 652
664 737
3 4
3 6
3 9
3 34
3 83
3 91
3 97
3 109
3 112
3 114
3 127
3 132
3 133
3 162
3 169
3 170
3 176
3 184
3 207
3 222
3 227
3 230
3 290
3 292
3 313
3 336
3 348
3 385
3 388
3 415
3 420
3 453
3 475
3 479
3 521
3 603
3 621
3 652
3 665
3 668
3 672
3 675
3 689
3 705
3 734
3 753
3 788
3 791
3 793
3 796
4 6
4 9
4 32
4 34
4 35
4 48
4 49
4 83
4 97
4 98
4 109
4 113
4 114
4 125
4 127
4 133
4 141
4 160
4 166
4 169
4 175
4 176
4 184
4 191
4 197
4 204
4 208
4 218
4 227
4 230
4 238
4 267
4 278
4 290
4 292
4 296
4 313
4 336
4 348
4 350
4 360
4 364
4 367
4 368
4 382
4 385
4 387
4 388
4 409
4 420
4 443
4 457
4 475
4 477
4 479
4 481
4 488
4 496
4 498
4 515
4 521
4 528
4 541
4 548
4 585
4 603
4 604
4 621
4 642
4 652
4 653
4 665
4 668
4 672
4 689
4 691
4 692
4 705
4 706
4 734
4 747
4 753
4 770
4 777
4 784
4 787
4 788
4 791
4 796
6 9
6 23
6 34
6 35
6 40
6 49
6 81
6 83
6 91
6 97
6 109
6 112
6 114
6 127
6 133
6 141
6 169
6 170
6 176
6 184
6 191
6 197
6 207
6 222
6 227
6 230
6 290
6 292
6 313
6 316
6 317
6 336
6 348
6 385
6 409
6 415
6 416
6 420
6 431
6 443
6 451
6 453
6 475
6 479
6 488
6 496
6 521
6 548
6 551
6 591
6 603
6 621
6 631
6 652
6 665
6 668
6 675
6 689
6 705
6 726
6 729
6 734
6 753
6 777
6 782
6 784
6 788
6 791
6 793
6 796
9 34
9 35
9 40
9 42
9 48
9 49
9 83
9 91
9 97
9 98
9 109
9 112
9 113
9 114
9 127
9 132
9 133
9 141
9 160
9 169
9 176
9 184
9 197
9 207
9 218
9 222
9 227
9 267
9 278
9 290
9 292
9 313
9 317
9 336
9 348
9 350
9 382
9 388
9 409
9 415
9 416
9 431
9 443
9 453
9 475
9 477
9 479
9 496
9 498
9 572
9 603
9 621
9 631
9 652
9 665
9 668
9 672
9 689
9 726
9 734
9 753
9 777
9 782
9 784
9 788
9 791
9 793
9 796
34 35
34 48
34 83
34 91
34 97
34 110
34 112
34 132
34 141
34 169
34 170
34 184
34 197
34 227
34 278
34 292
34 313
34 317
34 336
34 348
34 385
34 409
34 416
34 420
34 443
34 451
34 453
34 473
34 479
34 521
34 551
34 603
34 621
34 652
34 665
34 668
34 672
34 675
34 689
34 705
34 729
34 734
34 753
34 777
34 788
34 792
34 793
34 796
83 23
83 35
83 32
83 40
83 48
83 91
83 98
83 109
83 112
83 114
83 127
83 133
83 141
83 169
83 170
83 176
83 197
83 207
83 218
83 230
83 278
83 292
83 297
83 313
83 317
83 336
83 348
83 350
83 364
83 382
83 385
83 388
83 409
83 415
83 420
83 423
83 431
83 443
83 453
83 457
83 479
83 489
83 578
83 604
83 631
83 652
83 665
83 668
83 672
83 675
83 689
83 692
83 705
83 726
83 734
83 753
83 777
83 784
83 791
83 792
83 793
83 796
91 23
91 35
91 40
91 49
91 97
91 104
91 109
91 112
91 114
91 127
91 132
91 133
91 169
91 170
91 176
91 207
91 218
91 222
91 227
91 230
91 278
91 290
91 292
91 313
91 317
91 348
91 382
91 385
91 388
91 409
91 443
91 453
91 473
91 475
91 479
91 591
91 603
91 621
91 631
91 665
91 668
91 672
91 675
91 689
91 705
91 734
91 753
91 784
91 792
91 793
91 796
97 23
97 35
97 48
97 49
97 98
97 112
97 114
97 127
97 133
97 141
97 160
97 169
97 170
97 176
97 191
97 207
97 218
97 222
97 230
97 273
97 278
97 290
97 292
97 313
97 336
97 338
97 348
97 368
97 382
97 385
97 388
97 420
97 475
97 488
97 521
97 603
97 652
97 665
97 668
97 672
97 689
97 705
97 734
97 753
97 777
97 784
97 791
97 796
109 23
109 35
109 40
109 49
109 81
109 98
109 112
109 127
109 132
109 133
109 141
109 169
109 170
109 172
109 176
109 184
109 207
109 218
109 222
109 227
109 230
109 267
109 278
109 290
109 291
109 297
109 313
109 317
109 336
109 348
109 364
109 382
109 385
109 388
109 409
109 415
109 420
109 496
109 521
109 591
109 603
109 621
109 631
109 652
109 665
109 668
109 672
109 675
109 692
109 705
109 734
109 747
109 777
109 784
109 788
109 791
109 796
112 23
112 35
112 48
112 80
112 81
112 98
112 114
112 127
112 132
112 133
112 141
112 160
112 169
112 184
112 197
112 207
112 218
112 230
112 273
112 292
112 348
112 382
112 385
112 388
112 409
112 414
112 415
112 420
112 432
112 443
112 453
112 475
112 479
112 498
112 521
112 603
112 621
112 631
112 652
112 668
112 672
112 675
112 689
112 705
112 726
112 734
112 753
112 777
112 782
112 784
112 791
112 796
114 23
114 35
114 49
114 98
114 115
114 132
114 133
114 141
114 160
114 169
114 170
114 176
114 181
114 184
114 191
114 197
114 207
114 222
114 227
114 230
114 273
114 278
114 290
114 292
114 313
114 317
114 321
114 336
114 348
114 385
114 388
114 400
114 409
114 414
114 415
114 416
114 420
114 432
114 443
114 453
114 475
114 479
114 521
114 551
114 603
114 621
114 631
114 652
114 665
114 668
114 672
114 675
114 689
114 692
114 705
114 726
114 753
114 755
114 777
114 787
114 788
114 791
114 793
114 796
127 35
127 40
127 81
127 132
127 133
127 169
127 170
127 184
127 191
127 197
127 207
127 227
127 230
127 278
127 292
127 313
127 364
127 388
127 409
127 443
127 453
127 475
127 479
127 521
127 591
127 603
127 621
127 652
127 665
127 668
127 672
127 675
127 777
127 791
127 796
132 48
132 98
132 133
132 169
132 170
132 176
132 184
132 197
132 207
132 222
132 230
132 278
132 290
132 292
132 313
132 317
132 348
132 388
132 409
132 416
132 420
132 443
132 453
132 475
132 521
132 603
132 621
132 631
132 665
132 668
132 672
132 675
132 689
132 705
132 726
132 734
132 753
132 777
132 788
132 791
132 796
133 23
133 35
133 18
133 42
133 48
133 49
133 58
133 80
133 81
133 98
133 111
133 115
133 123
133 141
133 160
133 169
133 170
133 176
133 181
133 184
133 191
133 197
133 199
133 200
133 201
133 207
133 218
133 222
133 227
133 230
133 239
133 264
133 267
133 273
133 290
133 292
133 313
133 314
133 316
133 317
133 321
133 336
133 338
133 348
133 350
133 364
133 368
133 375
133 382
133 385
133 388
133 390
133 400
133 409
133 414
133 415
133 420
133 432
133 443
133 473
133 475
133 479
133 480
133 490
133 493
133 498
133 504
133 506
133 521
133 522
133 525
133 549
133 581
133 582
133 591
133 625
133 631
133 652
133 665
133 667
133 668
133 672
133 675
133 681
133 688
133 689
133 726
133 729
133 734
133 753
133 755
133 764
133 768
133 777
133 783
133 784
133 787
133 788
133 791
133 793
133 796
133 801
162 8
162 33
162 38
162 128
162 143
162 318
162 320
162 363
162 365
162 556
162 576
169 23
169 29
169 32
169 48
169 49
169 58
169 80
169 81
169 115
169 131
169 160
169 170
169 172
169 176
169 181
169 184
169 189
169 197
169 207
169 218
169 222
169 227
169 267
169 273
169 278
169 290
169 292
169 313
169 321
169 336
169 338
169 348
169 350
169 364
169 375
169 382
169 385
169 388
169 409
169 414
169 415
169 420
169 432
169 439
169 443
169 475
169 480
169 490
169 498
169 504
169 525
169 548
169 581
169 603
169 621
169 665
169 668
169 672
169 681
169 705
169 734
169 753
169 755
169 764
169 768
169 777
169 783
169 787
169 791
169 796
170 23
170 35
170 40
170 48
170 98
170 141
170 160
170 176
170 181
170 184
170 191
170 197
170 222
170 227
170 230
170 233
170 239
170 273
170 278
170 292
170 313
170 317
170 338
170 348
170 364
170 365
170 382
170 385
170 388
170 409
170 414
170 415
170 416
170 420
170 423
170 431
170 443
170 475
170 479
170 494
170 521
170 572
170 591
170 603
170 621
170 631
170 652
170 665
170 667
170 668
170 672
170 681
170 689
170 705
170 734
170 753
170 784
170 788
170 796
176 23
176 35
176 48
176 49
176 80
176 98
176 115
176 141
176 172
176 181
176 191
176 197
176 207
176 218
176 227
176 230
176 233
176 267
176 278
176 290
176 292
176 313
176 317
176 336
176 348
176 350
176 364
176 385
176 409
176 415
176 420
176 423
176 432
176 435
176 443
176 453
176 460
176 475
176 477
176 479
176 488
176 521
176 572
176 591
176 603
176 652
176 668
176 672
176 675
176 689
176 726
176 729
176 734
176 753
176 755
176 777
176 784
176 787
176 788
176 791
176 793
184 35
184 40
184 48
184 141
184 160
184 181
184 197
184 207
184 227
184 230
184 278
184 292
184 313
184 317
184 336
184 364
184 375
184 382
184 385
184 388
184 409
184 415
184 420
184 453
184 479
184 521
184 572
184 603
184 621
184 665
184 672
184 675
184 689
184 692
184 705
184 726
184 753
184 764
184 777
184 796
207 35
207 32
207 40
207 48
207 98
207 113
207 141
207 191
207 218
207 278
207 290
207 292
207 297
207 303
207 313
207 350
207 364
207 382
207 388
207 389
207 420
207 431
207 443
207 453
207 457
207 479
207 481
207 520
207 521
207 585
207 603
207 604
207 621
207 646
207 652
207 665
207 668
207 672
207 688
207 692
207 734
207 753
207 777
207 791
207 796
222 23
222 40
222 98
222 141
222 218
222 227
222 267
222 278
222 290
222 292
222 313
222 317
222 348
222 382
222 385
222 409
222 420
222 431
222 603
222 621
222 652
222 668
222 672
222 689
222 734
222 777
222 788
222 791
222 796
227 23
227 48
227 49
227 115
227 160
227 230
227 290
227 292
227 336
227 338
227 348
227 385
227 388
227 409
227 414
227 415
227 420
227 443
227 521
227 652
227 668
227 672
227 689
227 777
227 782
227 784
227 787
227 791
227 796
230 35
230 49
230 98
230 292
230 313
230 317
230 336
230 348
230 385
230 409
230 415
230 420
230 475
230 479
230 521
230 551
230 591
230 621
230 652
230 665
230 672
230 675
230 689
230 705
230 726
230 734
230 753
230 777
230 784
230 793
230 796
290 23
290 35
290 48
290 49
290 58
290 80
290 81
290 98
290 111
290 115
290 160
290 172
290 218
290 267
290 273
290 278
290 292
290 313
290 321
290 336
290 338
290 348
290 364
290 375
290 385
290 388
290 415
290 475
290 477
290 480
290 521
290 525
290 548
290 581
290 582
290 603
290 665
290 667
290 668
290 672
290 705
290 734
290 753
290 755
290 782
290 788
290 796
292 23
292 35
292 40
292 48
292 49
292 81
292 98
292 160
292 197
292 218
292 267
292 278
292 314
292 317
292 336
292 348
292 350
292 385
292 388
292 409
292 414
292 415
292 420
292 431
292 443
292 479
292 521
292 548
292 603
292 621
292 652
292 665
292 668
292 672
292 705
292 729
292 764
292 777
292 784
292 791
292 796
313 23
313 35
313 32
313 98
313 123
313 125
313 131
313 141
313 160
313 175
313 185
313 219
313 267
313 296
313 336
313 348
313 350
313 360
313 364
313 368
313 382
313 388
313 404
313 409
313 415
313 481
313 483
313 499
313 521
313 533
313 555
313 585
313 603
313 604
313 621
313 631
313 642
313 646
313 650
313 665
313 668
313 672
313 692
313 705
313 706
313 734
313 747
313 760
313 791
313 796
336 35
336 40
336 48
336 141
336 267
336 278
336 348
336 385
336 388
336 409
336 415
336 420
336 423
336 443
336 451
336 453
336 475
336 479
336 488
336 521
336 528
336 548
336 551
336 572
336 578
336 603
336 621
336 631
336 652
336 665
336 668
336 672
336 675
336 689
336 705
336 726
336 753
336 784
336 788
336 792
336 793
336 796
348 49
348 98
348 125
348 141
348 191
348 197
348 218
348 233
348 317
348 382
348 385
348 388
348 409
348 415
348 416
348 423
348 453
348 521
348 572
348 603
348 621
348 652
348 665
348 668
348 672
348 675
348 689
348 726
348 734
348 753
348 777
348 784
348 788
348 791
348 792
385 23
385 35
385 48
385 49
385 141
385 160
385 197
385 210
385 278
385 317
385 350
385 382
385 388
385 409
385 415
385 420
385 431
385 453
385 479
385 517
385 521
385 548
385 572
385 603
385 621
385 631
385 652
385 665
385 668
385 672
385 675
385 705
385 726
385 729
385 734
385 753
385 777
385 782
385 784
385 788
385 791
385 793
385 796
388 35
388 40
388 48
388 80
388 111
388 160
388 181
388 197
388 267
388 273
388 278
388 364
388 382
388 390
388 415
388 420
388 431
388 443
388 475
388 479
388 483
388 498
388 521
388 522
388 603
388 621
388 631
388 652
388 665
388 668
388 681
388 705
388 729
388 734
388 753
388 755
388 777
388 784
388 791
415 23
415 35
415 242
415 409
415 40
415 48
415 98
415 141
415 160
415 189
415 194
415 218
415 267
415 273
415 278
415 314
415 317
415 338
415 350
415 364
415 382
415 414
415 420
415 423
415 431
415 439
415 443
415 475
415 480
415 483
415 490
415 521
415 522
415 572
415 582
415 621
415 631
415 652
415 665
415 672
415 689
415 705
415 726
415 734
415 753
415 768
415 777
415 782
415 784
415 787
415 791
415 796
420 35
420 409
420 40
420 48
420 98
420 141
420 197
420 233
420 278
420 317
420 416
420 423
420 443
420 451
420 453
420 475
420 479
420 551
420 572
420 578
420 603
420 621
420 652
420 665
420 668
420 672
420 675
420 689
420 705
420 726
420 734
420 753
420 777
420 784
420 788
420 791
420 793
420 796
453 35
453 409
453 48
453 141
453 278
453 317
453 416
453 443
453 451
453 473
453 479
453 521
453 603
453 621
453 631
453 668
453 672
453 675
453 689
453 705
453 726
453 734
453 753
453 777
453 784
453 793
453 796
475 35
475 409
475 40
475 48
475 115
475 160
475 278
475 414
475 443
475 479
475 517
475 521
475 603
475 665
475 672
475 734
479 35
479 409
479 42
479 48
479 49
479 98
479 191
479 197
479 201
479 267
479 273
479 278
479 314
479 350
479 382
479 414
479 431
479 443
479 488
479 489
479 521
479 548
479 603
479 621
479 631
479 652
479 665
479 668
479 672
479 675
479 681
479 689
479 705
479 726
479 734
479 753
479 755
479 764
479 777
479 783
479 788
479 791
479 796
521 23
521 35
521 409
521 40
521 80
521 98
521 115
521 141
521 172
521 181
521 197
521 278
521 317
521 338
521 414
521 416
521 431
521 432
521 443
521 522
521 591
521 621
521 631
521 652
521 665
521 668
521 675
521 689
521 692
521 705
521 726
521 729
521 734
521 753
521 777
521 782
521 788
521 791
521 793
521 796
603 35
603 409
603 29
603 40
603 48
603 98
603 141
603 160
603 167
603 181
603 189
603 191
603 200
603 201
603 218
603 264
603 278
603 314
603 317
603 338
603 364
603 382
603 390
603 414
603 416
603 423
603 432
603 443
603 480
603 489
603 506
603 522
603 525
603 548
603 549
603 581
603 582
603 621
603 625
603 631
603 652
603 665
603 667
603 672
603 675
603 681
603 689
603 705
603 726
603 729
603 734
603 753
603 755
603 782
603 784
603 787
603 788
603 791
603 792
603 793
603 796
621 35
621 409
621 40
621 48
621 191
621 197
621 233
621 278
621 382
621 431
621 443
621 451
621 496
621 572
621 591
621 631
621 652
621 665
621 668
621 672
621 692
621 705
621 706
621 729
621 753
621 777
621 784
621 788
621 793
621 796
652 35
652 409
652 49
652 98
652 131
652 160
652 172
652 197
652 205
652 218
652 267
652 278
652 286
652 338
652 350
652 382
652 496
652 498
652 585
652 668
652 672
652 688
652 734
652 777
652 778
652 784
652 788
652 791
652 796
665 23
665 409
665 29
665 48
665 49
665 80
665 98
665 111
665 160
665 172
665 181
665 197
665 218
665 267
665 338
665 414
665 443
665 480
665 490
665 668
665 672
665 705
665 753
665 782
665 784
665 788
665 791
665 793
665 796
668 23
668 35
668 409
668 40
668 48
668 134
668 141
668 181
668 189
668 197
668 201
668 218
668 278
668 317
668 400
668 416
668 443
668 451
668 473
668 498
668 548
668 591
668 631
668 672
668 675
668 681
668 692
668 705
668 726
668 734
668 777
668 783
668 784
668 787
668 788
668 792
668 793
668 796
672 35
672 409
672 40
672 48
672 98
672 141
672 191
672 197
672 233
672 278
672 317
672 416
672 423
672 431
672 443
672 489
672 572
672 591
672 631
672 675
672 689
672 705
672 726
672 734
672 753
672 777
672 792
672 793
672 796
675 35
675 409
675 141
675 416
675 423
675 631
675 689
675 705
675 726
675 777
675 796
689 35
689 409
689 48
689 141
689 191
689 197
689 416
689 423
689 591
689 631
689 705
689 726
689 734
689 753
689 777
689 784
689 791
689 793
705 23
705 35
705 409
705 40
705 42
705 48
705 58
705 81
705 141
705 160
705 189
705 197
705 205
705 233
705 273
705 278
705 338
705 350
705 400
705 416
705 423
705 443
705 496
705 548
705 631
705 726
705 734
705 753
705 757
705 777
705 782
705 784
705 788
734 35
734 409
734 40
734 48
734 49
734 267
734 278
734 350
734 382
734 432
734 572
734 631
734 712
734 753
734 777
734 784
734 788
734 791
734 793
734 796
753 23
753 35
753 40
753 48
753 98
753 141
753 160
753 197
753 218
753 267
753 273
753 278
753 338
753 350
753 364
753 382
753 414
753 431
753 443
753 490
753 572
753 585
753 729
753 768
753 777
753 782
753 788
753 791
753 796
788 35
788 409
788 777
788 197
788 205
788 278
788 431
788 496
788 572
788 729
788 796
791 23
791 35
791 409
791 777
791 12
791 40
791 49
791 98
791 131
791 141
791 160
791 208
791 267
791 278
791 350
791 364
791 368
791 382
791 431
791 457
791 483
791 488
791 498
791 555
791 631
791 650
791 706
791 747
793 35
793 409
793 777
793 134
793 197
793 423
793 666
793 726
796 35
796 374
796 33
796 40
796 48
796 141
796 160
796 191
796 197
796 218
796 267
796 278
796 317
796 338
796 363
796 364
796 365
796 416
796 423
796 443
796 576
796 585
796 631
796 726
796 784
32 23
32 409
32 131
32 218
32 278
32 303
32 364
32 389
32 520
32 604
32 680
35 48
35 98
35 113
35 141
35 197
35 278
35 382
35 409
35 443
35 451
35 473
35 489
35 496
35 548
35 631
35 692
35 726
35 729
35 777
35 784
48 409
48 777
48 40
48 141
48 197
48 233
48 278
48 314
48 317
48 400
48 416
48 423
48 443
48 488
48 498
48 522
48 631
48 755
49 23
49 409
49 26
49 98
49 111
49 131
49 160
49 191
49 204
49 218
49 267
49 278
49 350
49 364
49 382
49 457
49 499
49 517
49 528
49 555
98 23
98 409
98 777
98 113
98 125
98 166
98 218
98 267
98 382
98 431
98 443
98 457
98 488
98 496
98 572
98 706
113 431
125 23
125 123
125 135
125 198
125 218
125 276
125 382
125 498
125 747
141 777
141 278
141 317
141 382
141 416
141 423
141 631
141 784
160 23
160 242
160 29
160 58
160 80
160 115
160 123
160 172
160 179
160 181
160 189
160 200
160 218
160 239
160 264
160 267
160 314
160 338
160 350
160 364
160 368
160 375
160 390
160 400
160 414
160 460
160 480
160 483
160 490
160 493
160 504
160 522
160 525
160 548
160 549
160 555
160 581
160 582
160 585
160 604
160 650
160 667
160 681
160 688
160 718
160 755
160 764
160 768
160 778
160 782
160 787
166 278
166 488
175 154
175 185
175 208
175 238
175 267
175 276
175 288
175 296
175 304
175 307
175 356
175 360
175 368
175 382
175 404
175 407
175 533
175 541
175 554
175 585
175 642
175 646
175 653
175 691
175 732
175 735
175 746
175 747
175 760
175 770
191 23
191 777
191 197
191 218
191 432
191 578
197 777
197 40
197 42
197 80
197 181
197 201
197 278
197 364
197 375
197 431
197 443
197 488
197 506
197 522
197 548
197 755
197 764
197 783
197 784
204 26
204 81
204 218
204 219
204 262
204 278
204 457
204 499
204 597
204 608
204 635
208 23
208 185
208 154
208 238
208 267
208 278
208 286
208 296
208 304
208 356
208 360
208 368
208 387
208 404
208 498
208 533
208 585
208 642
208 646
208 650
208 653
208 691
208 735
208 746
208 747
208 760
208 770
218 409
218 777
218 26
218 42
218 80
218 81
218 111
218 194
218 219
218 267
218 278
218 296
218 350
218 360
218 364
218 368
218 382
218 389
218 431
218 457
218 483
218 488
218 498
218 646
218 686
238 23
238 185
238 154
238 267
238 278
238 288
238 296
238 304
238 307
238 350
238 356
238 360
238 368
238 387
238 404
238 407
238 528
238 533
238 541
238 554
238 642
238 646
238 650
238 691
238 706
238 732
238 735
238 746
238 747
238 770
267 23
267 409
267 777
267 185
267 278
267 288
267 296
267 304
267 350
267 356
267 368
267 382
267 387
267 404
267 457
267 483
267 498
267 528
267 533
267 541
267 585
267 642
267 646
267 650
267 653
267 691
267 706
267 732
267 735
267 746
267 760
267 770
278 409
278 777
278 185
278 123
278 131
278 276
278 296
278 317
278 350
278 354
278 364
278 368
278 382
278 416
278 457
278 481
278 488
278 496
278 498
278 528
278 533
278 554
278 555
278 585
278 631
278 642
278 646
278 653
278 691
278 692
278 706
278 723
278 726
278 746
278 747
278 760
278 770
278 784
278 801
296 23
296 185
296 286
296 350
296 360
296 404
296 407
296 483
296 498
296 541
296 585
296 642
296 646
296 650
296 691
296 706
296 732
296 735
296 746
296 747
296 770
350 23
350 777
350 185
350 80
350 81
350 115
350 131
350 273
350 288
350 356
350 364
350 368
350 382
350 387
350 404
350 414
350 483
350 490
350 498
350 525
350 528
350 533
350 541
350 555
350 585
350 604
350 642
350 646
350 650
350 653
350 691
350 706
350 735
350 746
350 747
350 760
350 768
350 770
350 778
360 154
360 276
360 286
360 288
360 356
360 382
360 387
360 404
360 483
360 498
360 533
360 541
360 554
360 581
360 642
360 646
360 653
360 691
360 732
360 735
360 746
360 760
364 242
364 409
364 29
364 58
364 80
364 115
364 172
364 181
364 189
364 200
364 273
364 300
364 314
364 321
364 338
364 375
364 382
364 414
364 439
364 443
364 480
364 498
364 506
364 517
364 522
364 525
364 549
364 582
364 604
364 667
364 681
364 755
364 764
364 768
364 784
364 787
367 185
367 585
367 646
367 691
367 706
367 735
368 23
368 185
368 288
368 304
368 356
368 382
368 404
368 483
368 498
368 533
368 585
368 642
368 646
368 653
368 691
368 706
368 732
368 740
368 746
368 770
382 23
382 409
382 317
382 40
382 111
382 131
382 135
382 276
382 354
382 431
382 443
382 457
382 481
382 488
382 498
382 554
382 572
382 585
382 604
382 646
382 666
382 692
382 706
382 723
382 747
382 784
387 185
387 212
387 528
387 541
387 555
387 648
387 650
387 706
387 770
387 778
409 23
409 17
409 40
409 104
409 276
409 297
409 317
409 431
409 443
409 451
409 477
409 481
409 489
409 496
409 585
409 591
409 642
409 646
409 784
409 801
443 40
443 233
443 423
443 631
443 726
443 784
457 23
457 219
457 431
477 172
477 205
481 23
481 17
481 488
481 801
488 23
488 105
488 354
488 389
488 548
496 777
496 517
498 23
498 185
498 135
498 273
498 276
498 288
498 338
498 414
498 483
498 533
498 554
498 555
498 581
498 642
498 646
498 681
498 691
498 706
498 732
498 747
498 768
498 770
515 26
515 81
515 219
515 323
515 597
528 185
528 12
528 212
528 356
528 533
528 648
528 650
528 653
528 691
528 706
528 747
528 760
528 770
528 778
541 356
541 533
541 585
541 646
541 653
541 691
541 760
541 770
548 23
548 42
548 181
548 316
548 506
548 681
548 755
585 185
585 154
585 288
585 304
585 356
585 407
585 414
585 483
585 533
585 639
585 642
585 646
585 650
585 688
585 691
585 706
585 732
585 760
585 770
604 23
604 111
604 297
604 303
604 389
604 520
604 688
642 23
642 185
642 44
642 288
642 307
642 356
642 407
642 425
642 533
642 554
642 646
642 653
642 691
642 706
642 732
642 746
642 747
642 760
653 185
653 154
653 276
653 288
653 304
653 356
653 404
653 533
653 650
653 691
653 706
653 732
653 735
653 746
653 760
691 23
691 185
691 646
691 154
691 304
691 356
691 533
691 554
691 650
691 706
691 732
691 735
691 746
691 760
691 770
692 317
692 40
692 297
692 435
706 23
706 185
706 646
706 286
706 288
706 404
706 483
706 555
706 650
706 746
706 747
706 760
747 646
747 198
747 276
747 291
747 354
747 770
770 185
770 646
770 154
770 276
770 288
770 304
770 356
770 407
770 533
770 732
770 735
770 746
770 760
777 23
777 233
777 416
777 423
777 451
777 572
777 578
777 631
777 726
784 726
784 40
784 416
784 431
784 490
784 768
784 782
787 242
787 115
787 181
787 189
787 273
787 314
787 375
787 400
787 414
787 460
787 480
787 490
787 493
787 522
787 525
787 582
787 625
787 681
787 755
787 764
787 783
23 42
23 80
23 81
23 111
23 414
23 483
23 555
23 650
23 688
23 746
23 782
40 210
40 316
40 352
81 26
81 219
81 323
81 414
81 499
81 597
81 686
317 416
317 423
317 591
317 631
317 726
317 792
416 726
416 423
416 451
416 631
416 657
431 92
431 137
431 540
431 589
431 684
431 26
431 131
431 219
431 303
431 469
431 499
431 572
431 597
431 686
451 631
631 726
631 210
631 423
631 489
631 657
631 792
726 423
726 657
726 710
726 792
729 572
729 782
782 490
42 517
80 522
80 58
80 115
80 264
80 338
80 483
80 525
80 581
80 681
80 768
111 136
111 172
111 205
111 389
414 181
414 400
414 522
414 755
414 764
414 29
414 58
414 115
414 264
414 273
414 321
414 390
414 460
414 483
414 490
414 525
414 549
414 581
414 582
414 667
414 681
414 688
414 718
414 768
483 185
483 58
483 273
483 525
483 650
483 681
483 688
483 768
555 194
555 650
555 688
650 646
650 688
650 760
688 158
688 194
688 520
688 636
746 185
746 646
746 154
746 276
746 288
746 304
746 307
746 356
746 404
746 407
746 533
746 554
746 735
746 760
792 423
423 785
578 502
104 560
104 649
104 186
104 346
104 565
104 660
273 314
273 375
273 400
273 522
273 625
273 755
273 58
273 115
273 200
273 239
273 264
273 321
273 338
273 439
273 460
273 480
273 490
273 549
273 581
273 667
273 681
273 768
338 522
338 58
338 115
338 480
338 490
338 581
338 681
338 768
338 439
172 205
291 354
291 276
432 456
115 242
115 181
115 314
115 375
115 522
115 625
115 755
115 764
115 29
115 58
115 189
115 200
115 239
115 264
115 321
115 390
115 460
115 504
115 525
115 549
115 558
115 581
115 582
115 667
115 681
181 29
181 167
181 179
181 189
181 199
181 200
181 201
181 239
181 264
181 314
181 321
181 334
181 375
181 390
181 400
181 480
181 490
181 493
181 504
181 506
181 517
181 522
181 525
181 559
181 582
181 624
181 625
181 667
181 681
181 755
181 764
181 768
181 783
321 314
321 400
321 522
321 625
321 764
321 783
321 200
321 239
321 264
321 390
321 460
321 480
321 490
321 549
321 558
321 582
321 667
321 768
400 18
400 199
400 314
400 375
400 29
400 58
400 200
400 264
400 480
400 490
400 493
400 522
400 525
400 549
400 558
400 582
400 625
400 681
400 783
755 199
755 314
755 334
755 375
755 493
755 506
755 522
755 559
755 625
755 29
755 58
755 189
755 200
755 201
755 264
755 390
755 460
755 480
755 490
755 504
755 525
755 549
755 558
755 581
755 667
755 681
755 768
755 783
18 199
18 314
18 334
18 375
18 493
18 506
18 522
18 559
18 625
18 764
18 783
58 314
58 375
58 522
58 625
58 29
58 189
58 200
58 239
58 264
58 460
58 480
58 490
58 525
58 581
58 681
58 768
123 354
199 314
199 334
199 375
199 506
199 522
199 559
199 582
199 625
199 681
199 764
200 314
200 375
200 522
200 625
200 764
200 29
200 179
200 239
200 264
200 390
200 460
200 480
200 490
200 525
200 549
200 558
200 581
200 582
200 681
200 768
201 493
201 506
201 559
201 167
239 522
239 625
239 29
239 264
239 460
239 480
239 490
239 525
239 549
239 581
239 667
239 681
239 768
264 375
264 522
264 764
264 29
264 189
264 390
264 460
264 525
264 581
264 582
264 667
264 681
314 334
314 375
314 490
314 506
314 522
314 525
314 581
314 582
314 625
314 764
314 783
375 460
375 480
375 490
375 493
375 506
375 522
375 525
375 549
375 582
375 624
375 625
375 764
375 783
390 522
390 189
390 490
390 525
390 582
390 681
480 242
480 522
480 625
480 764
480 29
480 490
480 525
480 549
480 582
480 667
480 681
480 768
490 522
490 625
490 764
490 29
490 189
490 460
490 525
490 549
490 581
490 582
490 667
490 681
490 768
493 167
493 582
493 764
504 522
504 764
504 549
504 582
504 681
506 334
506 167
506 559
506 624
506 625
506 764
506 783
522 334
522 29
522 189
522 525
522 549
522 581
522 582
522 625
522 764
522 768
525 334
525 764
525 29
525 189
525 460
525 549
525 558
525 581
525 681
549 625
549 764
549 189
549 460
549 582
549 667
549 681
549 768
581 718
581 582
581 681
581 768
582 625
582 764
582 29
582 189
582 558
582 667
582 681
582 768
625 29
625 681
625 764
625 783
667 29
667 236
667 681
681 764
681 783
681 29
681 189
681 460
764 29
764 460
764 783
768 29
768 189
783 334
783 559
801 298
801 343
801 383
801 763
801 790
8 374
8 33
8 128
8 143
8 318
8 320
8 363
8 556
8 677
8 678
33 38
33 128
33 143
33 318
33 320
33 363
33 365
33 556
33 576
33 678
38 374
38 128
38 318
38 363
38 365
38 556
38 576
38 677
38 678
128 374
128 318
128 320
128 363
128 365
128 576
128 677
128 678
143 374
143 57
143 318
143 363
143 365
143 556
143 677
143 678
318 374
318 57
318 320
318 363
318 365
318 556
318 576
318 677
318 678
320 374
320 363
320 365
320 476
320 556
320 677
320 678
363 374
363 51
363 57
363 73
363 226
363 357
363 365
363 556
363 576
363 587
363 677
363 696
365 374
365 57
365 678
556 374
556 677
556 678
576 374
576 394
576 683
29 189
131 56
131 148
131 178
131 243
131 303
131 380
131 381
131 389
131 393
131 520
131 685
189 439
189 558
303 260
303 389
303 520
303 673
389 217
389 366
389 520
389 673
389 680
520 144
520 177
520 190
520 393
520 680
520 748
646 154
646 276
646 288
646 304
646 356
646 404
646 407
646 533
646 554
646 639
646 732
646 735
646 760
185 44
185 154
185 288
185 304
185 356
185 404
185 407
185 425
185 533
185 554
185 732
185 735
185 760
219 26
219 323
219 499
219 597
219 608
219 635
404 44
404 154
404 288
404 276
404 304
404 407
404 425
404 554
499 597
499 635
499 686
533 154
533 288
533 732
533 304
533 307
533 356
533 554
533 699
533 735
533 760
760 154
760 288
760 732
760 304
760 356
374 57
374 677
374 678
677 678
17 383
276 354
276 198
276 554
194 636
167 559
205 683
778 12
134 228
134 372
757 471
757 501
757 742
712 334
712 171
712 485
712 265
712 346
712 397
712 750
712 769
12 212
666 277
680 190
26 262
26 323
26 597
26 608
26 635
26 686
135 448
198 354
179 156
179 536
179 584
718 708
154 44
154 288
154 425
154 732
154 735
288 44
288 304
288 425
288 732
304 732
304 735
304 356
304 407
307 732
307 356
356 732
407 735
554 354
732 44
732 735
735 639
44 425
262 258
262 418
262 550
262 597
262 715
597 323
597 635
597 686
608 106
608 249
608 258
608 418
608 550
608 715
635 323
635 686
686 323
354 105
300 618
300 484
300 53
300 174
300 119
300 148
300 266
300 281
300 331
300 373
300 617
5 41
5 69
5 86
5 92
5 137
5 139
5 161
5 289
5 309
5 538
5 540
5 552
5 589
5 638
5 658
5 684
5 687
5 739
41 52
41 86
41 92
41 139
41 161
41 268
41 289
41 371
41 411
41 538
41 540
41 552
41 623
41 638
41 658
41 684
41 687
41 739
69 86
69 92
69 137
69 161
69 225
69 268
69 289
69 309
69 411
69 540
69 589
69 623
69 638
69 658
69 684
69 687
69 739
86 137
86 139
86 161
86 268
86 309
86 341
86 411
86 538
86 552
86 589
86 620
86 623
86 638
86 658
86 684
86 687
86 739
92 52
92 137
92 139
92 161
92 225
92 309
92 341
92 371
92 411
92 538
92 540
92 552
92 589
92 620
92 623
92 638
92 658
92 684
92 739
137 52
137 139
137 161
137 268
137 289
137 309
137 341
137 371
137 411
137 540
137 552
137 589
137 620
137 623
137 638
137 658
137 684
137 739
139 52
139 161
139 268
139 289
139 309
139 411
139 540
139 552
139 589
139 620
139 623
139 638
139 658
139 684
139 687
139 739
161 52
161 268
161 289
161 309
161 371
161 411
161 538
161 540
161 552
161 589
161 623
161 638
161 658
161 684
161 739
289 52
289 268
289 371
289 411
289 482
289 538
289 540
289 589
289 620
289 623
289 638
289 658
289 684
289 687
289 739
309 52
309 268
309 359
309 371
309 411
309 540
309 552
309 589
309 620
309 623
309 638
309 658
309 684
309 687
309 739
538 52
538 268
538 540
538 552
538 589
538 623
538 638
538 658
538 684
538 687
540 268
540 371
540 411
540 552
540 589
540 620
540 623
540 638
540 658
540 684
540 687
540 739
552 268
552 411
552 225
552 623
552 658
552 684
552 687
552 739
589 52
589 371
589 411
589 341
589 359
589 620
589 638
589 658
589 684
589 687
589 739
638 52
638 268
638 371
638 411
638 620
638 623
638 359
638 684
638 687
638 739
658 52
658 268
658 371
658 620
658 623
658 359
658 482
658 684
658 687
658 739
684 268
684 371
684 620
684 623
684 225
684 341
684 687
684 739
687 268
687 371
687 411
687 620
687 623
687 359
687 482
687 739
739 268
739 411
739 623
52 268
52 411
52 620
52 623
268 225
268 620
268 623
371 411
411 620
411 623
623 620
620 328
469 64
469 102
469 211
469 245
469 274
469 329
469 146
469 220
469 231
469 257
469 376
469 487
469 505
469 534
469 564
469 590
469 593
469 595
469 615
469 730
469 771
469 775
15 85
15 94
15 153
15 155
15 308
15 402
15 455
15 465
15 563
15 567
15 569
15 627
15 731
15 802
47 54
47 85
47 94
47 153
47 155
47 402
47 455
47 465
47 563
47 567
47 569
47 627
47 731
47 802
54 85
54 94
54 153
54 155
54 308
54 402
54 455
54 465
54 563
54 567
54 569
54 627
54 802
85 94
85 153
85 308
85 455
85 465
85 563
85 567
85 627
85 731
94 153
94 155
94 308
94 402
94 455
94 465
94 563
94 567
94 569
94 731
94 802
153 155
153 308
153 402
153 455
153 563
153 569
153 627
153 731
155 308
155 402
155 465
155 563
155 569
155 731
155 802
308 402
308 465
308 563
308 569
308 627
308 731
308 802
402 455
402 465
402 567
402 731
402 802
455 465
455 563
455 567
455 731
455 802
465 563
465 567
465 802
567 563
567 569
567 627
567 676
567 731
569 563
569 627
569 731
569 802
731 563
731 627
731 802
802 627
476 433
51 73
51 226
51 357
51 514
51 587
73 226
73 357
73 514
73 587
226 357
226 514
226 696
357 587
357 696
587 514
696 514
10 20
10 63
10 294
10 386
10 403
10 516
10 542
10 560
10 599
10 679
20 63
20 173
20 224
20 294
20 298
20 343
20 386
20 403
20 516
20 560
20 679
63 173
63 224
63 294
63 343
63 386
63 403
63 516
63 560
63 599
63 679
294 173
294 224
294 298
294 343
294 386
294 403
294 516
294 542
294 599
294 679
386 173
386 298
386 343
386 224
386 403
386 516
386 542
386 560
386 599
386 679
403 173
403 298
403 343
403 516
403 542
403 560
403 599
403 679
516 173
516 298
516 343
516 542
516 560
516 599
516 679
542 173
542 298
542 343
542 560
542 679
560 173
560 298
560 343
560 186
560 187
560 263
560 379
560 679
560 711
599 173
599 298
599 343
599 679
679 173
679 298
679 343
173 224
173 343
298 343
186 711
187 379
187 448
379 448
11 19
11 618
11 741
19 484
19 618
19 682
19 741
618 325
618 484
618 741
741 103
741 266
741 373
741 484
741 682
741 795
484 103
484 119
484 256
484 266
484 281
484 373
682 795
325 99
325 575
266 750
266 335
266 373
266 535
373 117
373 335
373 256
373 673
373 795
795 438
306 421
31 261
31 214
31 513
31 530
31 577
31 727
261 275
261 509
261 512
261 733
272 557
272 789
275 700
275 509
275 733
512 530
512 674
530 513
530 180
530 547
530 577
530 727
577 513
577 180
577 547
577 727
70 43
70 75
70 89
70 96
70 183
70 206
70 229
70 241
70 270
70 330
70 332
70 392
70 466
70 486
70 492
70 523
70 598
70 606
70 629
70 655
70 663
70 704
70 750
70 754
70 762
70 798
88 21
88 39
88 254
88 302
88 641
88 761
89 466
89 629
89 743
89 223
89 241
89 246
89 441
89 523
89 606
89 663
89 704
89 750
89 754
89 798
223 629
223 743
223 241
223 270
223 441
223 523
223 606
223 663
223 704
223 750
223 798
246 466
246 629
246 743
246 241
246 270
246 606
246 663
246 704
246 750
246 754
246 798
270 466
270 629
270 743
270 241
270 441
270 523
270 606
270 663
270 704
270 750
270 754
270 798
606 466
606 629
606 743
606 241
606 523
606 441
606 663
606 704
606 750
606 754
606 798
663 629
663 743
663 523
663 441
663 704
663 750
663 754
704 466
704 629
704 241
704 523
704 441
704 750
704 798
750 334
750 466
750 629
750 743
750 485
750 241
750 523
750 151
750 441
750 754
750 769
750 798
761 21
761 39
761 254
761 302
761 641
383 331
383 617
331 617
331 282
617 174
617 511
617 553
334 508
334 559
334 624
334 769
508 142
508 485
508 346
508 397
508 580
508 736
508 769
769 649
119 281
281 101
281 361
281 673
21 254
21 302
21 510
21 641
254 39
254 302
254 510
254 641
302 39
302 641
510 641
247 27
247 293
247 295
247 430
247 571
247 756
247 786
430 27
430 293
430 295
430 327
430 497
430 571
430 701
430 756
430 786
497 295
497 327
497 571
497 756
497 786
571 27
571 293
571 295
571 327
571 701
571 756
571 786
756 27
756 293
756 295
756 701
786 27
786 293
786 295
786 327
786 701
56 148
56 243
56 380
56 381
56 613
56 685
148 380
148 613
148 685
178 243
178 380
178 381
178 685
243 380
243 381
243 613
243 685
380 613
381 613
685 613
30 45
30 401
30 700
700 45
700 509
763 526
158 353
158 636
25 708
258 206
258 106
258 249
258 418
258 550
258 715
418 249
418 550
418 715
550 106
550 249
715 106
715 249
715 339
106 249
27 295
27 327
27 701
295 293
295 327
327 293
701 293
28 253
28 645
253 645
645 632
513 547
727 180
727 461
260 100
260 193
260 209
260 436
260 478
260 697
260 720
673 535
144 126
144 177
144 190
144 626
144 758
144 773
177 773
177 190
177 758
748 244
394 95
394 683
683 95
43 96
43 206
43 332
43 463
43 466
43 598
43 629
43 655
43 743
96 75
96 206
96 229
96 330
96 392
96 408
96 412
96 463
96 466
96 486
96 492
96 532
96 598
96 629
96 655
96 743
96 762
206 183
206 229
206 332
206 463
206 466
206 485
206 598
206 629
206 655
206 743
332 229
332 183
332 463
332 532
332 598
332 629
332 655
463 229
463 75
463 330
463 392
463 408
463 412
463 466
463 486
463 492
463 598
463 629
463 655
463 743
463 762
466 229
466 75
466 392
466 408
466 412
466 486
466 492
466 503
466 523
466 532
466 629
466 743
466 754
466 762
466 798
598 229
598 629
598 655
598 743
629 229
629 532
629 330
629 503
629 523
629 743
629 754
629 762
629 798
655 532
655 743
743 229
743 532
743 183
743 330
743 408
743 492
743 754
743 762
743 798
75 330
75 392
75 412
75 486
75 492
75 503
75 762
229 532
330 107
330 408
330 412
330 492
330 503
330 762
392 408
392 412
392 486
392 492
392 503
392 762
486 408
486 412
486 492
486 503
486 762
492 408
492 412
492 503
492 762
523 798
754 798
762 408
762 412
762 503
408 412
408 503
412 503
485 68
485 346
485 397
485 580
53 174
174 188
174 511
511 545
60 142
60 195
60 721
142 124
195 151
195 607
195 721
124 232
124 651
151 574
64 211
64 245
64 274
64 534
64 799
211 102
211 146
211 202
211 220
211 245
211 257
211 274
211 329
211 376
211 487
211 505
211 534
211 590
211 593
211 595
211 730
211 767
211 771
211 775
211 799
245 102
245 146
245 220
245 231
245 257
245 274
245 329
245 376
245 505
245 564
245 593
245 595
245 615
245 730
245 767
245 771
245 775
245 799
274 102
274 146
274 202
274 220
274 231
274 257
274 329
274 376
274 487
274 505
274 534
274 564
274 590
274 593
274 595
274 615
274 730
274 767
274 771
274 775
534 102
534 329
534 146
534 202
534 220
534 231
534 257
534 505
534 564
534 590
534 730
534 771
534 775
799 102
799 329
799 146
799 202
799 231
799 487
799 564
799 590
799 593
799 595
799 615
799 730
799 767
799 771
799 775
102 146
102 220
102 257
102 329
102 376
102 487
102 505
102 564
102 590
102 593
102 595
102 615
102 767
102 771
102 775
146 329
146 220
146 231
146 257
146 505
146 593
146 595
146 615
146 771
220 329
220 202
220 231
220 257
220 505
220 564
220 590
220 593
220 595
220 730
220 771
220 775
257 202
257 235
257 376
257 487
257 505
257 564
257 590
257 593
257 595
257 767
257 771
257 775
329 202
329 231
329 505
329 564
329 590
329 593
329 595
329 730
329 767
329 771
376 590
376 595
376 775
487 590
487 595
487 775
505 231
505 564
505 590
505 593
505 595
505 730
505 767
505 771
505 775
564 231
564 235
564 590
564 593
564 595
564 615
564 730
564 767
564 771
564 775
590 231
590 235
590 593
590 595
590 615
590 730
590 775
593 202
593 231
593 595
593 730
593 775
595 231
595 767
595 771
595 775
615 231
615 611
615 775
767 231
767 730
767 771
767 775
771 202
771 231
771 730
771 775
775 202
775 730
202 730
730 231
68 99
68 171
68 649
99 171
99 565
171 573
171 649
565 619
346 397
346 537
346 545
346 736
397 149
397 580
580 164
580 736
265 662
72 120
72 149
72 324
72 609
72 728
120 149
120 728
120 749
149 78
149 324
149 345
149 545
149 609
149 709
149 728
149 749
324 345
324 728
324 749
609 345
609 728
728 345
78 345
78 445
345 467
345 749
545 709
709 447
76 527
527 779
467 215
90 228
90 252
90 440
90 637
90 656
228 252
228 372
228 440
228 637
252 372
252 440
252 637
440 372
440 637
440 656
637 372
637 656
656 372
322 643
100 193
100 436
100 478
100 697
100 720
193 436
193 478
193 697
193 720
436 697
436 720
478 697
478 720
697 720
209 255
209 377
101 361
736 164
339 287
456 529
117 335
117 596
335 596
251 377
377 255
377 702
122 643
643 396
643 588
643 714
396 714
232 651
126 626
126 773
773 758
790 526
156 536
536 584
164 240
255 702
662 315
458 546
546 690
471 501
471 654
471 670
471 742
501 742
654 670
654 742
