364
352
139
203
352
600
243
442
89
245
502
339
606
269
625
502
456
331
223
553
629
185
124
269
412
456
483
491
421
504
43
504
629
244
119
442
26
33
593
223
577
593
61
44
217
227
170
341
33
437
269
593
231
413
491
240
182
629
664
659
280
364
629
130
413
615
346
182
352
170
528
189
659
413
610
115
209
122
244
456
350
122
364
630
456
464
439
483
110
313
169
659
245
593
11
38
659
61
442
165
463
119
245
329
60
115
119
57
377
119
377
705
437
551
165
182
192
223
140
413
280
52
342
313
217
269
335
119
57
240
610
34
413
110
213
283
61
185
352
192
464
131
58
462
553
421
421
464
165
705
44
241
606
170
610
629
123
240
412
119
154
299
209
313
113
59
342
189
115
462
413
209
180
600
625
514
242
335
242
502
442
329
82
304
268
240
203
406
11
346
23
261
261
438
348
127
352
34
332
239
352
329
463
116
154
505
364
283
553
207
89
317
346
210
180
496
245
26
167
164
463
564
167
121
171
11
352
504
334
240
140
454
352
165
115
245
268
57
667
170
38
442
412
325
23
240
63
61
338
430
60
626
593
483
207
192
364
413
502
283
593
364
189
463
268
437
367
303
364
108
463
11
38
600
553
170
299
151
505
89
105
180
467
423
140
422
335
352
44
303
625
346
34
32
44
231
140
212
464
313
366
364
568
513
33
625
240
463
140
188
110
34
333
115
60
339
352
268
51
140
367
283
60
505
261
154
462
140
261
377
600
496
456
338
331
577
413
346
456
154
505
428
625
222
341
131
629
442
182
243
244
108
63
113
23
280
