0 34
0 38
0 59
0 79
0 107
0 136
0 142
0 184
1 91
1 98
1 120
1 133
1 144
1 160
2 56
2 90
2 97
2 124
2 125
2 171
2 173
3 40
3 42
3 46
3 85
3 141
4 25
4 187
5 19
5 82
5 96
5 114
6 14
6 98
6 144
6 159
7 72
7 139
7 187
8 18
8 20
8 51
8 53
8 80
8 87
8 88
8 90
8 118
8 119
8 121
8 132
8 182
9 25
9 67
9 90
9 134
9 169
10 50
10 150
10 162
10 175
11 25
11 90
11 169
12 83
12 183
13 94
13 103
13 177
13 179
14 52
14 62
14 98
14 102
14 116
14 135
14 144
14 154
14 159
14 185
15 55
15 58
15 113
15 122
15 167
15 186
16 17
16 25
16 68
16 69
16 73
16 78
16 84
16 90
16 103
16 129
16 145
16 156
16 169
16 174
16 187
16 188
17 25
17 169
17 187
18 20
18 88
18 90
19 82
19 96
19 114
20 53
20 81
20 87
20 88
20 90
20 121
20 165
20 182
21 158
21 183
21 185
22 27
22 30
22 54
22 113
22 153
22 186
23 95
23 185
24 38
24 105
25 26
25 31
25 49
25 57
25 60
25 67
25 69
25 70
25 73
25 90
25 128
25 129
25 134
25 153
25 169
25 174
25 187
25 188
26 60
26 169
27 113
27 186
28 32
29 80
29 85
29 104
30 54
30 64
30 74
30 186
31 90
31 128
31 169
32 71
32 123
32 138
32 164
32 172
33 92
33 93
33 105
33 117
33 152
33 157
34 38
34 59
34 79
34 107
34 136
34 142
34 184
35 48
35 97
36 44
36 58
36 66
37 105
37 123
37 170
38 57
38 59
38 79
38 105
38 107
38 155
38 157
38 170
38 184
39 53
39 80
39 87
39 151
39 163
40 85
40 141
41 101
41 106
41 126
41 148
42 46
42 85
42 141
43 85
43 141
44 58
44 66
45 110
45 133
45 160
46 85
46 141
47 57
47 109
48 97
49 70
49 129
49 169
50 150
50 162
50 175
51 132
51 158
51 168
51 185
52 62
52 98
52 102
52 144
53 87
53 121
53 163
53 182
54 86
54 149
54 161
54 176
54 186
55 113
55 122
55 180
55 186
56 97
56 171
57 90
57 105
57 109
57 134
57 153
57 155
57 169
58 66
58 186
59 79
59 107
59 184
60 169
61 172
62 98
62 144
63 101
63 138
63 147
63 172
65 138
65 172
67 90
67 134
67 169
68 145
69 73
69 90
69 129
69 169
69 174
69 188
70 129
70 169
71 123
72 187
73 90
73 129
73 169
73 174
73 188
74 186
75 110
75 160
76 130
76 162
76 166
76 175
76 178
76 181
77 80
78 84
78 103
78 156
79 107
79 142
79 184
80 115
80 118
81 121
81 165
82 96
82 114
82 120
82 127
83 183
84 103
84 156
85 141
87 121
87 163
87 182
88 90
89 137
90 97
90 112
90 119
90 124
90 128
90 129
90 134
90 153
90 169
90 171
90 174
90 188
91 98
91 120
91 133
91 143
91 144
91 146
91 160
91 183
91 186
92 93
92 105
92 117
92 152
92 157
93 105
93 117
93 152
93 157
94 103
94 177
94 179
95 185
96 114
97 112
97 124
97 125
97 138
97 165
97 171
97 172
97 173
98 102
98 144
98 159
99 108
99 120
99 133
100 161
101 106
101 126
101 147
101 148
102 144
103 156
103 177
103 179
104 105
104 157
105 117
105 123
105 131
105 152
105 155
105 157
105 170
106 126
106 148
107 184
108 120
108 133
110 133
110 160
111 140
111 146
112 124
112 165
113 122
113 186
116 135
116 185
117 152
117 157
120 127
120 133
120 160
120 175
120 183
120 186
121 165
121 182
122 186
123 170
124 165
124 171
125 171
126 137
126 148
129 169
129 174
129 188
130 166
130 175
130 178
130 181
131 170
132 158
132 168
132 185
133 160
133 175
134 169
135 158
135 183
135 185
138 172
138 173
138 187
140 146
143 146
144 159
149 161
149 176
150 162
150 175
152 157
154 185
157 170
158 168
158 183
158 185
161 176
162 175
166 175
166 178
166 181
168 185
169 174
169 187
169 188
171 173
172 173
172 187
174 188
175 178
175 181
177 179
178 181
183 185
