885
493
588
1027
331
813
457
701
142
700
349
203
305
874
85
953
178
182
968
73
1119
1047
110
706
134
852
146
917
285
1028
947
261
80
1051
314
502
293
1029
776
1107
644
519
377
863
455
583
506
731
793
832
570
485
604
274
459
144
754
456
711
649
557
487
504
403
332
526
842
75
417
414
662
733
552
296
653
746
1039
42
1042
93
38
275
745
279
388
8
909
172
994
495
242
236
374
422
121
541
51
12
400
187
161
447
278
195
862
855
626
840
737
1010
438
150
466
699
881
939
60
421
600
369
335
1052
402
807
419
358
684
383
347
727
615
1033
439
958
270
221
704
337
137
564
95
497
675
1129
587
934
910
599
426
318
871
56
1003
464
370
1132
977
188
971
669
189
664
1106
873
838
13
475
728
163
64
453
240
507
516
1110
90
476
1097
820
680
894
575
490
1096
291
469
585
904
860
606
263
603
948
5
645
287
342
1101
808
219
612
149
382
598
531
394
809
997
1128
655
710
125
46
959
788
851
434
913
1116
661
264
484
204
805
1083
214
810
643
53
962
241
914
503
944
927
837
357
960
738
781
36
528
317
938
558
1015
890
750
723
946
223
234
990
859
757
84
376
1085
22
708
488
282
888
578
671
233
1100
340
891
922
81
406
1064
353
1069
228
408
622
707
130
743
843
451
836
432
1007
1024
129
779
620
505
319
744
471
1124
695
397
215
1021
158
772
180
787
875
782
271
542
590
117
867
798
732
759
672
463
592
831
646
918
549
1004
617
276
563
311
24
384
554
696
473
68
882
1127
162
29
1073
31
1117
1012
912
996
167
919
501
78
943
529
789
116
354
1088
2
527
687
995
1014
1084
1125
20
294
821
0
441
324
730
304
973
755
254
77
848
458
580
673
865
40
641
297
429
205
118
951
302
1022
461
608
677
989
1041
870
640
288
954
211
474
392
27
844
533
1118
260
761
561
906
1071
658
566
277
192
363
715
124
1081
368
546
462
1036
976
992
1043
1095
942
290
435
856
553
306
448
829
521
819
131
1074
896
104
901
63
762
431
225
123
210
647
952
1063
642
273
498
924
666
454
986
325
1102
181
481
978
1050
850
698
1130
105
786
547
58
972
360
720
398
975
44
834
148
231
14
1075
196
248
436
425
991
923
295
26
1098
611
895
800
559
892
199
780
386
551
830
584
256
1123
333
648
170
841
544
681
668
341
925
632
610
232
690
122
697
227
39
152
618
1080
1105
828
164
479
801
111
1002
1108
637
725
356
194
1067
1005
525
634
387
209
721
4
139
686
98
893
411
748
1031
883
522
313
420
1120
650
747
619
326
1035
609
512
579
880
292
514
899
216
887
510
366
734
941
636
247
581
670
336
299
957
159
797
345
9
614
362
624
97
136
106
480
102
898
945
193
771
100
423
62
691
465
405
174
399
803
289
483
171
486
176
94
982
280
796
814
309
133
443
218
1068
659
323
652
702
713
350
929
344
255
1077
1000
119
524
1009
412
785
1076
520
186
907
437
758
151
101
197
190
651
1019
389
183
555
931
35
54
735
628
839
177
902
639
756
532
267
1111
816
1046
538
792
492
79
200
59
872
41
1078
1049
876
770
511
303
1
631
224
1079
866
348
372
766
908
660
864
1045
961
623
185
790
765
316
99
460
50
1057
967
955
591
329
184
467
300
627
430
257
794
799
127
936
109
1048
250
949
37
879
208
983
71
76
401
433
364
15
764
574
965
424
1013
678
767
515
407
565
812
791
30
65
703
92
1090
921
679
328
330
911
416
143
472
935
940
179
449
596
373
589
1066
540
165
822
32
667
560
87
826
926
16
499
141
72
1016
742
45
491
963
1026
1131
155
682
157
371
3
562
621
1122
635
933
712
238
494
508
166
