669
230
463
530
435
483
430
426
360
331
537
327
516
88
150
509
50
86
621
457
402
188
567
572
522
130
96
523
363
304
263
458
324
34
334
500
688
704
288
478
187
217
604
489
82
119
438
592
249
436
79
482
42
0
226
475
306
515
43
459
124
507
104
232
225
117
255
260
309
473
108
380
620
442
625
374
177
125
326
106
546
32
384
663
241
64
40
242
77
305
340
711
262
258
651
337
290
60
149
447
143
632
344
56
448
541
709
347
636
703
565
382
172
586
216
25
528
440
285
30
698
535
296
520
269
12
441
311
479
598
283
185
351
282
167
490
610
481
18
532
356
182
231
307
468
41
527
176
361
16
529
38
235
539
297
366
675
136
140
390
211
292
371
401
333
690
338
593
144
267
533
298
454
517
702
73
287
419
595
131
234
370
95
194
320
471
329
661
429
137
348
650
659
335
534
75
26
354
291
107
227
165
398
590
364
379
35
414
191
208
472
378
355
571
157
299
543
624
618
677
247
273
596
37
386
505
518
128
550
421
413
78
639
622
308
439
696
293
151
699
511
17
488
573
271
350
372
680
544
444
477
59
284
152
495
399
597
676
408
526
514
240
181
69
244
388
577
204
613
547
705
27
425
506
654
423
173
499
476
631
568
54
23
315
353
420
10
608
391
246
513
383
63
701
670
409
224
683
561
248
206
168
392
460
146
491
76
90
377
129
679
461
456
179
5
228
111
453
99
339
31
243
174
310
357
687
607
261
428
385
635
210
485
464
455
602
213
589
540
449
404
450
237
633
615
147
336
289
229
61
62
318
332
400
564
451
422
254
268
375
558
148
512
601
387
496
321
707
358
658
325
3
510
611
614
649
352
373
160
133
322
501
521
519
205
319
575
551
189
186
138
470
612
266
199
545
508
492
588
634
672
616
549
121
170
603
257
207
403
542
493
153
538
576
591
410
695
606
118
57
536
684
28
109
342
619
197
