0 32
0 52
0 55
0 64
0 67
0 174
0 199
0 236
0 242
0 267
0 268
0 305
0 325
0 339
0 346
0 350
0 390
0 426
32 52
32 60
32 68
32 75
32 92
32 101
32 131
32 137
32 172
32 215
32 236
32 240
32 302
32 305
32 318
32 325
32 339
32 377
32 399
32 413
32 419
32 425
32 426
32 443
52 10
52 55
52 132
52 134
52 143
52 215
52 236
52 242
52 267
52 268
52 305
52 307
52 318
52 325
52 339
52 377
52 390
52 399
52 420
52 426
55 169
55 174
55 305
64 54
64 80
64 155
64 236
64 242
64 249
64 267
64 268
64 325
64 346
64 390
64 409
64 426
67 63
67 172
67 208
67 340
67 390
67 426
174 305
174 307
174 351
174 399
174 405
199 325
236 242
236 305
236 390
236 410
236 426
242 60
242 101
242 134
242 267
242 268
242 318
242 325
242 350
242 390
242 399
242 426
242 443
267 51
267 54
267 113
267 217
267 318
267 346
267 390
267 399
267 409
267 426
268 80
268 91
268 105
268 169
268 175
268 220
268 318
268 390
268 399
268 426
305 10
305 101
305 132
305 307
305 312
305 318
305 325
305 339
305 340
305 390
305 420
325 101
325 131
325 341
325 377
325 390
325 399
325 413
325 426
339 385
339 386
339 390
339 430
346 340
346 399
346 426
350 29
350 45
350 113
350 136
350 175
350 281
350 336
350 375
350 394
350 427
350 452
390 54
390 101
390 169
390 175
390 182
390 186
390 279
390 311
390 338
390 340
390 344
390 394
390 399
390 426
390 434
390 451
426 54
426 74
426 80
426 322
426 394
426 399
60 28
60 293
60 450
60 176
60 96
60 306
60 440
60 89
60 90
60 110
60 132
60 222
60 271
60 296
60 310
60 389
68 51
68 117
68 275
68 175
68 88
68 99
68 132
68 163
68 187
68 193
68 213
68 227
68 321
68 354
68 394
68 416
68 434
75 312
75 338
75 397
75 176
75 249
75 250
75 433
75 114
75 273
75 111
75 123
75 131
75 144
75 159
75 184
75 206
75 318
75 324
75 399
75 443
92 312
92 179
92 347
92 30
92 114
92 215
92 229
92 245
92 302
92 318
92 355
92 443
101 4
101 43
101 132
101 142
101 143
101 160
101 182
101 184
101 270
101 385
101 414
101 423
131 338
131 96
131 257
131 367
131 49
131 98
131 153
131 159
131 224
131 310
131 320
131 358
131 379
137 318
137 324
137 419
172 338
172 287
172 21
172 41
172 154
172 132
172 155
172 221
172 250
215 318
215 425
215 443
240 36
240 111
240 119
240 399
302 208
302 404
302 114
302 63
302 296
318 175
318 397
318 404
318 96
318 40
318 114
318 355
318 61
318 187
318 245
318 254
318 296
318 310
318 324
318 419
318 443
377 420
377 143
377 132
377 144
399 51
399 116
399 275
399 43
399 243
399 376
399 250
399 57
399 62
399 98
399 111
399 169
399 184
399 282
399 370
399 437
413 132
419 208
419 315
419 256
419 294
419 324
425 229
425 296
425 443
443 248
443 36
443 96
443 114
443 441
443 89
443 132
443 147
443 213
443 324
443 356
443 374
10 145
10 208
10 420
132 248
132 361
132 39
132 45
132 93
132 166
132 183
132 187
132 227
132 239
132 447
134 1
134 51
134 86
134 116
134 117
134 69
134 451
143 312
143 95
143 19
143 63
143 96
143 238
143 250
143 394
307 155
54 312
54 102
54 113
54 175
54 147
54 394
54 99
54 171
54 193
54 197
54 227
54 231
54 328
54 434
155 145
155 128
155 407
249 51
249 312
249 43
249 365
249 95
249 148
249 347
249 397
249 15
249 136
249 26
249 40
249 74
249 106
249 135
249 144
249 166
249 180
249 184
249 189
249 221
249 235
249 250
249 334
249 355
249 357
249 376
249 433
409 275
409 7
409 94
409 113
409 175
409 40
409 301
63 287
63 332
63 95
63 130
63 293
63 371
63 397
63 244
63 104
63 69
63 96
63 238
63 260
63 281
63 445
63 433
63 258
63 255
63 79
208 312
208 21
208 36
208 62
208 74
208 78
208 129
208 166
208 184
208 205
208 279
208 327
208 394
208 430
208 440
208 448
340 183
351 18
351 138
405 179
405 40
405 217
405 107
410 281
410 25
410 342
51 1
51 57
51 79
51 96
51 116
51 128
51 144
51 166
51 175
51 239
51 248
51 250
51 263
51 274
51 275
51 279
51 290
51 309
51 312
51 317
51 338
51 370
51 376
51 384
51 386
51 394
51 431
51 439
113 275
113 7
113 94
113 102
113 128
113 147
113 213
113 247
113 449
217 179
217 347
217 26
217 40
217 189
217 214
217 235
217 291
217 334
217 355
217 375
217 429
91 286
105 179
105 186
105 451
105 108
105 241
105 448
175 117
175 182
175 58
175 7
175 88
175 99
175 109
175 163
175 187
175 216
175 241
175 301
175 354
175 394
175 434
175 447
220 182
220 58
220 278
220 352
220 194
220 380
312 1
312 116
312 15
312 20
312 21
312 26
312 43
312 111
312 139
312 144
312 166
312 179
312 181
312 200
312 238
312 261
312 265
312 279
312 296
312 376
312 385
312 404
312 418
312 433
312 440
312 449
341 21
341 404
341 37
341 46
341 62
341 76
341 106
341 125
341 152
341 168
341 200
341 206
341 256
341 429
385 179
385 56
385 376
385 181
385 26
385 45
385 49
385 331
385 391
385 433
385 434
385 440
386 1
386 275
386 47
386 138
386 221
386 243
386 379
430 338
430 345
430 273
430 98
430 422
430 223
29 404
29 25
29 156
29 375
29 429
29 452
45 248
45 397
45 336
45 39
45 128
45 147
45 239
45 316
45 356
45 384
45 447
136 86
136 116
136 179
136 15
136 106
136 334
136 375
281 332
281 95
281 21
281 69
281 96
281 103
281 238
281 85
281 156
281 255
281 289
281 433
336 234
336 21
336 73
336 333
336 371
336 397
336 96
336 154
336 221
336 107
336 133
336 152
336 156
336 168
336 255
336 289
336 291
336 326
336 357
336 427
375 86
375 116
375 338
375 43
375 176
375 77
375 74
375 125
375 141
375 162
375 264
375 279
375 452
394 117
394 376
394 221
394 367
394 156
394 180
394 184
394 147
394 316
394 356
394 384
394 166
394 72
394 159
394 213
394 231
394 329
394 434
427 414
427 418
427 106
427 152
427 123
427 200
427 125
452 156
452 74
452 111
452 126
452 162
452 218
452 282
182 275
182 4
182 20
182 43
182 100
182 47
182 88
182 98
182 160
182 202
182 210
182 252
182 278
182 343
182 365
182 382
182 383
182 401
182 414
186 18
186 395
186 108
186 157
186 183
186 211
186 329
186 448
279 243
279 423
279 411
279 418
279 400
279 440
279 129
279 184
279 46
279 194
279 319
279 422
311 100
311 144
311 322
338 1
338 116
338 117
338 7
338 21
338 74
338 96
338 99
338 115
338 139
338 144
338 147
338 159
338 205
338 223
338 224
338 248
338 256
338 263
338 310
338 317
338 330
338 358
338 367
338 434
338 439
344 192
344 73
344 96
344 262
344 364
344 432
434 117
434 290
434 102
434 289
434 316
434 356
434 99
434 193
434 231
434 88
434 163
434 187
434 321
434 354
434 398
434 416
451 376
451 230
451 366
451 205
451 78
451 241
451 320
74 86
74 116
74 43
74 36
74 56
74 176
74 376
74 404
74 62
74 152
74 166
74 205
74 227
74 263
74 264
74 274
74 322
74 379
322 100
322 335
322 250
322 156
322 144
322 62
322 111
1 18
1 86
1 116
1 117
1 275
1 290
18 65
18 335
18 395
86 26
86 62
86 116
116 36
116 115
116 184
116 243
116 297
116 314
116 376
116 433
117 25
117 88
117 99
117 140
117 163
117 180
117 193
117 213
117 247
117 274
117 321
117 354
117 398
117 416
275 72
275 99
275 102
275 120
275 158
275 213
275 301
275 329
275 354
275 367
275 370
275 376
275 439
290 163
290 216
290 272
290 291
65 110
65 121
65 190
65 222
65 286
65 306
65 335
335 43
335 100
335 121
395 6
395 25
395 97
395 153
395 164
395 313
395 324
395 379
57 376
57 188
57 433
57 184
57 379
57 261
57 159
57 263
79 332
79 73
79 345
79 69
79 96
79 107
79 124
79 296
96 287
96 332
96 84
96 95
96 21
96 148
96 371
96 397
96 450
96 244
96 449
96 376
96 41
96 59
96 69
96 23
96 85
96 103
96 107
96 115
96 149
96 195
96 201
96 221
96 223
96 250
96 263
96 269
96 296
96 300
96 317
96 357
96 358
96 433
96 440
96 445
128 248
128 147
128 239
128 384
144 376
144 440
144 115
144 50
144 159
144 224
144 358
166 316
166 384
166 247
166 72
166 87
166 99
166 197
166 227
166 237
239 147
239 196
239 272
248 2
248 39
248 72
248 147
248 196
248 316
248 356
248 384
248 447
250 43
250 142
250 71
250 397
250 36
250 221
250 22
250 111
250 119
250 135
250 323
250 357
250 433
263 371
263 450
263 103
263 221
263 256
263 367
263 85
263 159
263 224
263 358
274 218
274 329
309 218
309 288
317 84
317 209
317 21
317 73
317 293
317 397
317 59
317 103
317 154
317 198
317 221
317 149
317 255
317 445
370 43
370 261
370 123
376 43
376 15
376 26
376 181
376 188
376 261
376 282
376 418
376 433
376 440
384 147
384 316
384 439
431 276
431 28
431 293
431 12
431 31
431 244
431 359
431 118
431 149
431 219
431 291
431 296
431 342
431 378
439 257
439 247
439 135
439 159
26 179
26 106
26 40
26 189
26 334
26 433
26 440
62 159
62 98
62 111
62 119
36 14
36 17
36 25
36 56
36 139
36 180
36 188
36 225
36 256
36 330
36 435
115 41
115 433
115 167
115 308
115 159
115 168
115 224
115 320
115 357
184 243
184 73
184 148
184 69
184 106
184 188
184 180
184 38
184 125
184 126
184 135
184 161
184 261
184 282
184 331
184 417
243 4
243 98
243 111
243 123
243 400
243 440
297 20
297 100
297 418
297 177
297 294
297 314
314 418
314 156
314 379
314 356
314 153
314 97
314 392
433 43
433 148
433 179
433 139
433 69
433 188
433 42
433 135
433 261
433 337
433 357
433 358
433 379
433 437
25 276
25 192
25 188
25 257
25 266
25 306
25 367
25 368
25 400
88 449
88 349
88 163
88 321
88 354
99 367
99 447
99 247
99 72
99 140
99 197
99 227
99 398
163 102
163 231
163 153
163 187
163 321
163 354
163 416
180 43
193 449
193 247
193 168
193 354
213 94
213 102
213 158
213 227
213 109
213 216
247 447
247 46
247 197
247 237
321 187
321 354
321 398
321 416
354 102
354 147
354 197
354 227
354 231
354 187
354 72
354 398
354 416
398 187
398 416
416 187
416 196
69 332
69 276
69 95
69 21
69 73
69 59
69 103
69 149
69 221
69 255
69 308
69 445
72 197
72 231
72 87
72 153
72 237
72 284
72 442
102 7
102 120
102 158
102 227
102 231
158 7
158 94
158 231
158 301
301 94
367 345
367 449
367 224
367 289
367 363
367 422
216 109
216 164
272 356
272 171
272 364
272 438
291 130
291 293
291 31
291 244
291 219
291 27
291 149
291 191
291 258
291 296
291 342
291 378
15 20
15 43
15 77
15 404
15 418
20 4
20 5
20 8
20 43
20 58
20 142
20 160
20 210
20 252
20 280
20 352
20 381
20 414
21 332
21 95
21 204
21 234
21 298
21 11
21 31
21 41
21 59
21 73
21 103
21 118
21 154
21 198
21 219
21 221
21 238
21 260
21 293
21 362
21 371
21 404
21 445
21 450
43 4
43 8
43 100
43 142
43 160
43 252
43 261
43 280
43 289
43 352
43 365
43 400
43 414
43 423
111 388
111 119
111 218
111 282
139 142
139 14
139 253
139 330
179 365
179 95
179 11
179 48
179 148
179 40
179 106
179 159
179 189
179 229
179 235
179 315
179 334
179 355
181 449
181 16
181 201
200 106
200 400
200 189
200 334
200 123
238 48
238 73
238 103
238 445
261 188
261 417
265 82
265 83
265 310
265 396
296 332
296 73
296 345
296 404
296 59
296 229
296 255
296 262
404 397
404 78
404 156
404 255
404 304
404 337
404 388
404 429
418 77
418 106
418 177
418 266
418 379
440 408
440 256
449 287
449 13
449 188
449 224
449 289
449 356
7 94
147 429
147 196
147 227
147 231
147 316
147 356
147 447
159 98
159 358
205 161
223 445
223 300
224 414
224 156
224 153
224 358
256 450
256 27
256 46
256 133
256 152
256 294
310 411
310 212
310 82
310 50
310 141
310 165
310 178
310 228
310 264
310 331
310 353
310 396
310 422
310 428
330 142
330 17
330 56
330 253
330 33
330 122
330 387
330 435
358 103
358 221
358 269
358 288
47 251
138 53
138 108
221 95
221 234
221 73
221 293
221 371
221 397
221 31
221 41
221 154
221 22
221 269
221 357
379 361
379 104
379 38
379 97
379 153
2 287
2 332
287 3
287 31
287 41
287 95
287 103
287 170
287 201
287 255
287 269
287 286
287 366
287 397
332 22
332 73
332 103
332 219
332 371
39 361
39 93
39 373
196 192
196 93
316 231
356 142
356 168
356 231
356 438
356 447
3 276
31 276
31 84
31 95
31 130
31 28
31 293
31 12
31 41
31 149
31 154
31 198
31 219
31 230
31 244
31 258
31 286
31 342
31 412
41 22
41 103
41 127
41 342
95 6
95 84
95 11
95 28
95 40
95 48
95 73
95 103
95 104
95 130
95 148
95 149
95 154
95 192
95 198
95 219
95 229
95 244
95 253
95 258
95 262
95 315
95 347
95 348
95 355
95 371
95 450
103 84
103 28
103 73
103 450
103 244
103 59
103 149
103 154
103 167
103 198
103 219
103 255
170 142
170 192
170 234
170 48
201 189
201 255
201 168
201 326
255 130
255 234
255 48
255 73
255 315
255 371
255 397
255 244
255 59
255 445
255 133
255 149
255 168
255 195
255 262
255 326
269 397
269 59
269 378
286 306
286 110
286 190
286 203
366 229
366 61
366 107
366 283
366 406
397 71
397 11
397 293
397 333
397 362
397 371
397 12
397 59
397 107
397 177
397 326
397 357
73 11
73 46
73 333
73 362
73 378
219 71
219 130
219 204
219 27
219 153
219 167
219 173
219 258
219 313
219 342
219 445
371 11
371 333
371 59
371 85
371 107
371 357
371 429
371 450
276 12
276 28
276 85
276 104
276 124
276 130
276 149
276 154
276 244
276 342
276 361
276 378
12 71
12 226
12 232
12 244
12 359
28 130
28 234
28 11
28 133
28 149
28 342
28 412
85 313
85 342
85 127
85 153
104 142
104 19
104 153
104 445
124 347
124 445
130 6
130 71
130 84
130 27
130 149
130 192
130 209
130 234
130 244
130 258
130 298
130 313
130 342
130 450
149 84
149 234
149 232
149 244
149 59
149 445
149 195
149 258
149 342
149 378
149 412
149 432
154 84
154 293
154 244
244 361
244 298
244 293
244 118
244 153
244 167
244 258
244 260
244 342
244 432
342 100
342 234
342 167
342 313
342 127
342 191
342 258
342 262
342 412
342 424
361 5
361 44
361 97
361 183
361 211
361 349
361 442
378 293
378 315
378 359
4 100
4 142
4 252
4 365
4 414
4 423
100 8
100 40
100 58
100 142
100 160
100 271
100 278
100 365
100 393
100 414
100 421
100 436
142 48
142 160
142 252
142 324
142 400
142 414
142 435
142 446
252 58
252 414
365 5
365 8
365 160
365 294
365 334
365 414
365 423
414 5
414 66
414 178
414 246
414 327
414 381
414 411
423 185
423 289
423 352
5 8
5 58
5 66
5 160
5 202
5 246
5 270
5 280
5 411
8 58
8 160
8 202
8 210
8 278
8 280
8 381
58 89
58 160
58 194
58 210
58 343
58 352
58 355
58 381
160 210
160 381
160 436
210 280
210 381
280 278
280 285
280 381
352 270
352 278
352 183
352 185
352 228
352 380
381 270
381 185
381 343
289 292
289 176
289 77
289 188
289 141
289 153
289 161
289 214
289 245
289 264
289 415
400 46
400 125
400 141
400 415
40 48
40 148
40 229
40 235
40 334
40 355
40 388
271 78
271 323
271 421
278 185
278 194
278 231
278 343
278 382
393 194
393 446
421 259
436 343
270 185
270 327
48 234
48 11
48 14
48 35
48 56
48 70
48 148
48 152
48 229
48 324
48 343
48 347
324 315
324 229
435 226
435 233
435 387
435 122
435 70
435 294
446 194
446 415
446 285
98 141
98 61
98 121
98 162
98 283
202 185
343 185
383 162
383 126
383 165
401 9
123 56
123 374
294 347
294 106
294 189
294 429
294 152
334 148
334 189
334 355
66 82
66 141
66 396
66 422
178 411
178 82
178 141
178 428
178 299
178 360
246 212
246 264
246 396
327 17
327 233
327 90
327 212
327 360
327 428
411 83
411 129
411 141
411 151
411 319
411 422
185 194
185 81
89 176
355 315
355 106
355 30
355 42
355 125
355 235
355 372
82 49
82 141
82 150
82 369
82 422
141 156
141 50
141 61
141 228
141 264
141 353
141 422
396 212
396 50
396 353
396 150
396 331
422 150
422 331
212 46
212 50
212 428
264 429
264 129
264 331
44 211
97 349
97 153
183 349
183 211
183 237
183 442
211 237
349 38
349 153
442 171
83 49
83 150
83 151
83 319
83 369
129 368
129 156
129 125
129 304
129 389
151 319
151 369
319 81
319 369
6 71
6 84
6 192
6 204
6 209
6 234
6 298
71 192
71 209
71 333
71 450
84 127
84 192
84 204
84 209
84 234
84 298
84 450
192 209
192 234
192 262
192 298
192 450
204 27
204 167
204 173
204 209
204 298
204 362
204 450
209 260
209 432
234 198
234 293
234 298
298 198
298 293
298 362
298 450
450 11
450 59
127 260
127 262
11 19
11 24
11 148
11 293
11 315
11 347
11 362
148 315
148 417
198 293
198 118
229 347
229 118
229 152
229 348
253 17
253 387
258 313
262 315
262 59
262 260
262 445
262 195
315 14
315 35
315 232
315 348
347 152
347 235
347 357
27 167
27 173
27 313
313 293
167 173
173 33
362 357
260 59
260 195
260 445
432 368
293 59
293 118
293 191
153 237
227 156
227 299
231 438
187 191
241 230
241 389
292 156
292 168
292 429
156 176
156 106
156 125
156 152
156 161
156 331
168 189
168 162
168 126
429 77
429 106
429 266
429 49
429 152
78 245
448 266
448 108
19 24
24 295
59 445
118 359
412 195
14 17
14 56
14 176
14 402
35 254
56 122
56 152
56 225
70 233
152 254
152 235
417 304
106 23
106 126
106 214
106 331
189 266
189 126
189 214
189 245
189 331
189 372
235 162
235 299
232 30
232 444
357 444
226 359
226 402
359 225
230 53
230 259
30 176
30 114
30 273
30 441
13 345
17 233
17 387
176 76
176 114
176 161
176 206
176 214
176 372
176 441
122 34
76 407
114 206
114 364
161 407
161 112
161 125
161 277
206 441
206 373
214 125
372 415
135 257
282 162
304 42
304 337
304 389
337 42
337 406
388 37
266 392
16 408
90 428
90 360
90 391
360 428
428 50
110 306
110 190
110 146
110 203
110 222
190 306
190 53
190 222
222 306
306 203
108 259
228 353
300 237
125 415
126 437
331 353
331 207
203 146
203 112
363 320
245 165
245 303
42 389
162 374
364 197
61 353
61 150
374 165
237 328
237 87
50 353
150 165
150 207
87 328
171 328
112 403
