228
218
75
136
138
255
280
213
3
73
185
76
56
118
63
103
272
254
248
15
71
281
104
96
120
24
109
231
175
18
46
165
239
105
289
191
192
159
304
252
49
50
98
146
33
200
108
113
110
209
125
67
183
247
133
153
157
44
258
188
282
270
222
263
102
148
60
139
88
11
6
47
59
87
57
150
271
92
122
249
91
172
101
161
13
224
245
97
300
116
226
168
17
170
79
204
53
16
112
36
309
202
207
268
205
1
58
80
93
160
34
70
132
162
121
45
26
201
134
54
261
27
137
84
14
198
117
238
151
61
217
256
22
305
214
52
21
208
25
262
128
100
235
176
227
318
278
31
135
99
179
275
72
41
111
174
189
9
273
12
129
287
156
