0 54
0 119
54 39
54 52
54 77
54 119
119 21
119 22
119 51
119 65
119 87
119 102
39 6
39 46
39 3
39 5
39 8
39 48
39 68
39 75
39 91
39 107
52 77
52 118
77 8
77 27
77 30
77 94
77 104
77 115
21 114
21 126
21 65
21 22
21 51
22 65
22 51
22 102
51 126
51 65
51 29
51 87
51 102
65 86
65 126
65 53
65 98
65 18
65 73
65 87
65 102
87 56
87 114
87 126
87 53
87 32
87 98
87 110
87 28
87 29
87 108
102 29
102 108
1 6
1 19
6 3
6 19
6 76
6 88
6 107
19 3
19 82
3 40
3 76
3 82
3 103
76 40
76 109
76 123
88 85
88 107
107 40
107 85
82 73
82 95
82 121
82 131
82 141
2 42
2 46
2 83
2 96
2 138
42 46
42 61
42 96
42 130
42 138
46 12
46 26
46 96
46 109
46 121
46 124
46 130
46 138
46 141
83 12
83 50
96 10
96 23
96 44
96 61
96 71
96 74
96 100
96 123
96 130
96 138
96 140
138 36
138 61
138 105
138 120
138 130
61 92
61 58
61 63
61 16
61 69
61 130
130 20
12 81
12 86
12 43
12 134
12 38
12 50
12 53
12 55
26 141
26 134
26 95
109 141
109 95
121 141
121 124
124 141
141 5
141 95
10 114
10 24
10 44
10 92
10 140
23 44
23 92
44 114
44 49
44 24
44 15
44 28
44 35
44 41
44 72
44 92
44 100
44 123
44 137
44 140
71 100
71 123
74 140
74 15
74 36
74 69
74 79
74 123
74 128
100 140
100 15
100 28
100 35
100 128
100 137
123 140
123 25
123 118
123 15
123 16
123 69
123 106
123 33
123 35
123 41
123 72
123 115
123 137
140 114
140 92
140 15
140 16
140 28
140 36
140 69
140 79
140 128
140 137
36 15
36 69
36 79
36 105
36 128
120 67
120 139
103 5
103 31
103 101
5 31
8 45
8 27
8 30
8 68
8 75
8 94
8 104
8 134
48 85
68 84
68 91
75 45
73 95
73 80
95 55
95 70
95 80
95 122
95 131
31 101
4 56
4 81
4 86
4 114
56 53
56 108
56 114
81 53
81 55
81 118
81 136
86 9
86 13
86 14
86 53
86 93
86 114
86 126
114 14
114 53
114 78
114 92
114 108
114 110
114 126
53 108
108 29
55 70
55 122
55 136
118 84
118 14
118 63
118 98
118 35
118 59
118 106
118 113
118 115
118 125
118 135
9 93
13 116
13 38
14 93
14 126
14 25
14 32
14 58
14 63
14 98
14 112
14 125
93 32
93 78
93 126
126 29
126 32
126 110
78 25
78 32
78 57
78 59
78 110
92 24
92 58
110 25
110 59
110 112
7 17
7 45
7 47
7 49
7 60
7 62
7 84
7 117
7 133
17 47
17 49
17 57
17 60
17 62
17 66
17 90
17 111
17 132
45 30
45 33
45 34
45 35
45 59
45 60
45 64
45 72
45 84
45 89
45 106
45 113
45 127
47 37
47 49
47 60
47 90
47 111
47 133
49 34
49 35
49 57
49 60
49 62
49 64
49 66
49 84
49 89
49 90
49 99
49 111
49 113
49 117
49 129
49 132
49 139
60 33
60 37
60 117
60 133
62 133
84 33
84 35
84 57
84 59
84 64
84 99
84 106
84 113
84 127
84 129
84 139
57 32
57 35
57 64
57 113
57 129
66 90
66 111
66 132
90 37
90 111
90 132
90 135
111 37
111 132
111 135
30 27
30 94
30 104
33 106
33 115
33 34
33 35
33 64
33 113
34 35
34 64
34 113
35 128
35 137
35 41
35 59
35 64
35 72
35 99
35 113
35 129
59 98
59 115
59 113
59 72
64 99
64 113
64 129
72 112
72 137
72 41
89 106
89 127
106 15
106 16
106 127
113 99
113 129
37 135
99 129
139 115
139 97
27 94
27 104
27 115
94 104
94 115
134 43
115 98
115 67
32 28
32 63
32 125
15 16
15 28
15 69
15 79
15 128
15 137
28 137
41 137
58 25
58 112
16 63
16 69
69 63
69 79
69 128
79 128
11 116
38 20
70 122
25 18
25 63
25 112
63 18
63 98
63 125
98 125
