0 57
0 130
57 50
57 3
57 13
57 14
57 30
57 43
57 46
57 52
57 58
57 61
57 63
57 69
57 73
57 81
57 89
57 94
57 98
57 100
57 102
57 119
57 139
57 146
57 162
57 165
57 170
57 171
57 174
57 180
57 181
57 188
57 189
57 196
57 208
57 212
57 215
57 222
57 225
130 10
130 20
130 38
130 43
130 46
130 61
130 92
130 95
130 128
130 142
130 143
130 146
130 149
130 158
130 187
130 188
130 199
130 207
130 212
130 217
10 11
10 33
10 108
10 188
11 128
11 171
11 58
11 94
11 100
11 102
11 20
11 33
11 40
11 90
11 92
11 108
11 123
11 131
11 138
11 145
11 151
11 155
11 169
11 207
33 171
33 58
33 108
108 171
108 58
108 94
108 100
108 102
108 20
108 40
108 44
108 90
108 123
108 127
108 145
108 151
108 155
108 169
108 200
108 207
188 50
188 14
188 15
188 20
188 28
188 38
188 39
188 43
188 44
188 46
188 58
188 61
188 67
188 78
188 90
188 92
188 94
188 95
188 123
188 128
188 129
188 131
188 142
188 146
188 149
188 158
188 165
188 169
188 171
188 187
188 199
188 207
188 212
188 217
50 3
50 14
50 24
50 30
50 43
50 46
50 51
50 52
50 58
50 63
50 69
50 73
50 78
50 81
50 89
50 94
50 98
50 100
50 102
50 136
50 139
50 146
50 158
50 162
50 165
50 170
50 174
50 180
50 196
50 208
50 212
50 215
50 217
50 222
50 225
3 8
3 97
3 107
3 171
3 222
14 2
14 8
14 17
14 26
14 28
14 32
14 35
14 41
14 47
14 52
14 56
14 58
14 59
14 60
14 61
14 70
14 71
14 76
14 77
14 79
14 94
14 97
14 99
14 101
14 105
14 106
14 113
14 116
14 120
14 121
14 122
14 128
14 131
14 142
14 143
14 147
14 150
14 154
14 156
14 158
14 159
14 160
14 162
14 171
14 172
14 173
14 174
14 176
14 178
14 189
14 193
14 197
14 199
14 208
14 215
14 220
24 60
24 128
24 8
24 97
24 32
24 223
24 225
30 8
30 171
30 51
43 207
46 171
46 155
46 61
46 165
51 8
51 97
52 102
52 131
52 26
52 81
52 89
52 161
52 166
52 189
52 210
58 214
58 60
58 128
58 174
58 8
58 97
58 171
58 104
58 16
58 27
58 39
58 59
58 67
58 95
58 103
58 109
58 122
58 123
58 124
58 153
58 154
58 180
58 196
58 198
58 199
58 204
58 215
58 219
58 223
58 225
63 97
63 132
63 136
63 156
63 158
63 220
69 128
69 174
69 171
69 31
69 162
69 131
69 187
69 183
69 211
73 104
73 199
73 89
78 20
78 13
81 171
81 131
81 26
81 121
81 54
81 89
81 161
81 186
89 128
89 121
89 54
94 8
94 97
94 171
94 28
94 142
94 143
94 155
94 196
98 171
98 127
100 60
100 128
100 8
100 97
100 171
100 25
100 80
100 102
100 140
100 150
102 8
102 97
102 210
139 131
139 16
139 62
139 119
146 90
158 128
158 8
158 97
158 171
158 17
158 131
158 142
158 143
158 187
158 225
162 8
162 171
162 31
162 116
162 142
162 143
162 187
162 221
162 225
165 214
165 171
165 104
165 196
165 156
165 208
165 157
170 171
170 212
174 2
174 60
174 128
174 147
174 8
174 17
174 22
174 26
174 31
174 35
174 59
174 61
174 62
174 70
174 77
174 85
174 95
174 97
174 107
174 116
174 120
174 131
174 142
174 144
174 154
174 171
174 172
174 180
174 191
174 194
174 197
174 205
174 206
174 215
174 225
180 8
180 97
180 107
180 171
180 12
180 61
180 85
180 95
180 116
180 120
180 144
180 204
180 215
180 219
196 8
196 97
196 171
196 125
208 214
208 171
208 157
212 92
215 128
215 171
215 104
215 31
215 225
215 131
215 26
215 35
215 93
215 116
215 154
215 187
215 206
215 62
215 194
217 169
217 181
222 97
222 153
225 60
225 128
225 97
225 171
225 104
225 31
225 17
225 26
225 27
225 42
225 47
225 55
225 65
225 84
225 109
225 113
225 116
225 154
225 155
225 187
225 194
225 199
225 206
225 220
225 223
13 171
13 40
61 171
61 104
61 122
61 129
119 171
119 176
171 214
171 128
171 8
171 97
171 107
171 5
171 7
171 17
171 18
171 22
171 25
171 27
171 31
171 32
171 34
171 35
171 40
171 42
171 45
171 47
171 49
171 54
171 55
171 59
171 62
171 72
171 76
171 83
171 84
171 88
171 93
171 95
171 101
171 103
171 104
171 106
171 109
171 111
171 113
171 114
171 116
171 117
171 118
171 120
171 121
171 122
171 126
171 127
171 129
171 134
171 135
171 137
171 140
171 141
171 142
171 143
171 145
171 148
171 150
171 151
171 154
171 155
171 157
171 159
171 163
171 164
171 166
171 168
171 173
171 175
171 176
171 178
171 179
171 181
171 187
171 190
171 191
171 192
171 193
171 194
171 199
171 200
171 201
171 211
171 213
171 216
171 221
171 223
189 166
20 200
38 104
38 149
38 204
95 104
95 85
95 144
128 2
128 60
128 4
128 17
128 23
128 26
128 31
128 42
128 47
128 54
128 56
128 62
128 66
128 70
128 74
128 75
128 77
128 80
128 82
128 86
128 93
128 104
128 106
128 113
128 116
128 117
128 122
128 123
128 131
128 137
128 142
128 147
128 154
128 156
128 161
128 166
128 167
128 168
128 182
128 187
128 193
128 194
128 197
128 201
128 205
128 210
142 60
142 28
142 143
142 178
142 187
143 60
143 31
143 131
143 28
143 178
149 44
149 28
149 39
187 60
187 31
187 82
187 47
187 116
187 160
187 178
187 19
187 53
187 62
187 66
187 74
187 166
187 194
199 67
199 123
199 120
199 156
199 55
199 72
199 216
207 40
15 123
15 138
28 219
39 44
39 198
39 204
67 8
67 97
67 123
90 127
129 125
131 214
131 31
131 16
131 23
131 26
131 41
131 42
131 54
131 62
131 66
131 70
131 76
131 93
131 101
131 115
131 116
131 117
131 124
131 160
131 191
131 193
131 194
131 209
169 145
1 133
1 214
133 155
133 164
214 18
214 34
214 45
214 88
214 97
214 103
214 106
214 156
214 157
214 184
214 192
214 213
214 218
155 66
155 116
155 134
155 164
155 178
18 8
18 97
18 88
18 192
18 193
18 224
34 156
34 157
34 184
45 8
45 103
45 192
45 193
45 224
88 8
88 193
88 213
88 224
97 8
97 31
97 82
97 103
97 105
97 172
97 190
97 192
97 205
103 8
103 124
106 60
106 122
106 157
106 218
156 60
156 86
156 104
156 172
156 85
156 75
156 77
156 93
156 72
156 132
156 184
156 220
157 86
157 184
192 8
192 224
213 8
213 29
213 193
213 224
2 60
60 4
60 9
60 26
60 31
60 35
60 42
60 47
60 56
60 71
60 75
60 77
60 80
60 82
60 86
60 93
60 113
60 116
60 122
60 137
60 141
60 154
60 161
60 166
60 167
60 168
60 172
60 182
60 195
60 197
60 201
60 210
8 31
8 82
8 172
8 190
8 205
17 104
17 55
17 77
17 223
26 54
26 186
35 147
35 172
35 75
41 31
41 62
41 79
41 168
47 168
47 216
47 224
56 48
56 122
59 49
59 160
70 205
70 74
70 115
71 105
71 79
71 182
76 172
76 68
76 216
79 105
79 99
79 113
101 159
105 190
113 42
113 179
116 66
116 154
116 160
116 176
116 178
116 194
121 54
122 104
147 75
147 172
147 221
150 80
150 209
154 160
154 176
159 53
159 91
160 66
172 68
172 72
172 75
172 205
172 216
172 221
193 29
193 224
220 223
4 9
42 205
42 72
42 182
80 201
80 209
82 19
82 141
82 166
86 5
86 148
93 62
137 141
137 163
141 163
182 205
182 72
195 126
201 177
54 186
62 16
66 134
74 53
104 21
104 87
104 12
104 64
104 85
104 144
104 198
104 204
104 206
117 111
117 152
22 191
85 12
85 144
85 198
107 12
206 64
190 109
12 198
5 202
7 83
7 126
25 140
27 109
49 134
55 223
83 126
84 65
111 152
118 135
126 175
135 152
148 6
211 183
223 153
202 96
6 21
6 87
21 87
198 204
204 219
224 29
53 91
36 37
36 110
36 112
36 177
36 185
36 203
37 177
37 185
110 177
110 203
112 185
112 203
177 185
177 203
