323
365
356
347
78
270
48
326
42
188
278
221
41
322
80
14
159
102
88
346
373
17
45
168
329
198
76
262
161
130
72
374
89
302
224
54
247
9
214
3
169
327
118
244
292
352
149
334
216
47
226
46
353
281
58
330
271
204
74
82
132
100
220
369
284
234
286
209
35
62
260
71
200
133
243
246
339
51
257
165
289
265
180
79
362
73
44
370
303
348
158
145
70
225
19
28
1
136
5
29
96
333
37
160
335
112
99
22
120
109
351
32
119
23
187
364
194
122
252
235
311
291
312
163
59
146
63
290
268
349
357
131
317
215
366
343
342
150
259
266
144
354
318
16
293
377
288
36
127
52
55
190
210
21
201
162
170
203
240
148
236
378
321
195
277
361
6
304
222
84
156
274
33
231
40
282
331
275
67
166
367
193
325
68
177
110
332
111
81
372
213
77
31
0
128
175
129
95
273
121
53
61
227
108
208
276
232
341
134
49
171
2
350
116
181
248
125
358
10
83
319
253
11
269
69
115
8
30
4
34
217
117
267
251
241
363
212
297
242
57
249
90
66
50
328
368
56
75
86
320
207
20
219
287
313
218
167
147
324
211
223
65
182
15
176
