0 57
57 17
57 12
57 22
57 23
17 19
17 22
19 16
19 36
19 30
22 7
22 23
12 11
12 3
12 13
12 16
12 46
12 49
12 63
23 7
1 11
1 26
11 16
11 26
11 38
11 53
11 61
11 68
26 31
26 53
26 58
16 65
16 48
16 10
16 30
16 42
16 61
16 68
38 14
53 28
53 15
53 24
53 31
53 35
53 45
61 68
68 10
68 25
68 36
68 13
68 30
31 28
31 35
31 24
31 69
58 63
58 29
58 41
15 48
15 46
24 47
24 51
24 6
24 9
24 54
24 69
35 33
35 70
35 18
35 39
35 55
35 64
45 27
45 52
2 4
2 33
2 47
4 48
4 51
4 70
33 39
33 51
33 64
33 70
47 9
47 51
48 18
48 49
48 50
48 64
48 70
51 9
51 32
51 37
51 49
51 54
51 70
70 5
70 18
70 21
70 49
70 50
70 55
70 64
64 5
64 18
64 55
64 9
64 21
64 37
64 49
64 50
9 8
9 49
3 65
13 59
46 49
46 43
46 63
49 18
49 54
49 8
49 43
18 8
18 21
50 21
32 37
37 54
54 6
5 55
55 27
55 44
55 52
55 56
27 52
27 66
44 66
44 56
56 66
56 34
6 62
62 20
20 29
7 40
40 67
67 60
10 25
10 36
25 30
25 36
36 30
29 41
