278
109
782
1
604
432
838
599
972
219
114
525
542
768
65
56
105
72
636
62
31
813
652
76
222
158
308
538
501
292
707
737
506
748
683
373
476
289
732
243
610
137
470
669
861
113
136
271
708
857
182
729
975
371
29
676
926
356
756
192
30
826
551
51
38
880
163
888
507
609
197
779
726
840
180
469
612
168
909
157
825
461
771
379
458
611
80
253
535
679
47
337
187
433
280
866
336
613
798
380
167
595
863
111
745
648
561
785
368
900
644
281
571
647
21
949
471
921
691
395
873
543
315
286
505
889
58
18
178
155
868
640
97
486
273
46
103
870
638
0
692
230
91
462
832
354
443
932
318
1001
797
600
391
428
484
170
509
853
101
215
68
499
143
404
156
40
221
16
140
444
389
528
680
338
928
996
415
6
488
85
390
502
635
872
224
14
231
658
892
552
513
430
787
181
229
723
191
677
973
854
99
291
960
856
142
34
424
19
247
764
874
211
733
731
896
416
240
185
592
464
57
728
563
377
333
324
235
514
98
786
255
242
859
141
277
445
587
780
82
227
216
126
385
53
61
606
931
128
570
573
41
204
515
808
175
25
102
674
149
400
713
457
233
700
275
837
296
125
441
440
540
656
527
862
758
516
83
408
879
791
193
189
238
670
893
352
276
532
887
789
362
485
217
596
172
487
997
682
521
285
498
134
591
164
87
927
645
351
759
508
710
184
35
387
223
84
467
917
162
322
920
821
460
2
183
257
617
754
478
588
202
116
766
27
946
455
607
70
653
130
131
559
3
627
752
263
309
369
846
198
465
73
574
310
944
724
637
720
305
548
279
37
107
259
597
335
169
734
651
828
911
350
493
630
820
772
822
978
806
88
685
435
411
952
434
406
901
288
459
575
138
727
405
623
845
717
562
688
452
366
804
553
381
115
814
33
42
491
694
802
148
851
8
639
695
875
265
684
108
718
388
11
831
904
15
129
360
150
43
751
300
847
925
117
860
503
945
634
943
936
800
122
26
45
145
358
490
323
962
450
159
712
397
760
703
348
578
529
272
914
39
439
344
876
311
618
151
495
234
749
589
237
475
7
386
984
633
213
299
480
436
64
293
403
316
165
74
262
924
179
10
23
1002
423
154
537
579
668
977
988
340
364
844
274
546
147
86
824
347
190
641
523
81
855
698
667
661
92
266
399
133
555
232
161
916
420
629
864
54
666
427
95
565
4
790
531
576
144
119
52
567
556
649
740
655
706
566
905
132
269
359
709
173
375
701
438
619
530
20
361
12
365
245
24
662
392
923
79
582
290
228
384
209
564
776
803
306
32
104
773
897
836
426
419
781
721
765
841
407
456
912
239
106
264
584
207
839
834
372
302
742
885
722
451
225
833
199
196
466
210
49
983
657
959
906
454
94
71
201
236
89
69
287
554
9
858
631
590
13
63
557
472
22
50
431
120
171
447
849
545
581
160
715
468
675
580
55
448
282
628
517
1003
112
100
913
409
396
206
412
252
17
446
398
981
736
60
750
220
477
429
254
393
518
346
244
256
75
341
947
827
110
615
558
577
690
526
77
519
66
504
479
28
317
437
624
511
118
886
78
711
524
295
319
402
646
394
992
534
422
370
218
268
784
298
620
146
127
735
153
200
799
500
681
898
894
205
663
307
510
139
343
383
533
850
956
704
59
474
226
881
522
817
246
301
650
208
783
36
401
93
260
568
241
249
417
583
829
539
852
248
353
214
174
453
135
303
492
188
48
660
90
382
194
96
357
166
899
594
969
940
823
121
67
186
950
494
261
671
608
442
270
730
312
267
922
44
816
258
966
598
152
778
463
