0 19
0 22
0 103
0 130
0 138
0 267
19 22
19 33
19 39
19 103
19 130
19 138
19 249
22 33
22 39
22 93
22 97
22 104
22 105
22 131
22 138
22 167
22 267
103 33
103 125
103 174
103 249
103 267
130 39
130 1
130 3
130 8
130 11
130 13
130 15
130 16
130 20
130 21
130 25
130 26
130 27
130 28
130 29
130 32
130 33
130 34
130 35
130 36
130 40
130 41
130 42
130 44
130 45
130 46
130 48
130 51
130 52
130 53
130 54
130 55
130 58
130 59
130 61
130 62
130 65
130 66
130 67
130 70
130 71
130 72
130 73
130 75
130 76
130 80
130 82
130 84
130 85
130 86
130 88
130 90
130 91
130 95
130 96
130 97
130 98
130 105
130 106
130 107
130 108
130 113
130 116
130 120
130 122
130 123
130 125
130 126
130 127
130 129
130 131
130 137
130 138
130 140
130 143
130 144
130 148
130 154
130 155
130 157
130 164
130 166
130 169
130 174
130 177
130 178
130 179
130 180
130 181
130 183
130 184
130 187
130 188
130 189
130 190
130 192
130 193
130 198
130 199
130 200
130 209
130 210
130 211
130 214
130 215
130 222
130 224
130 226
130 227
130 235
130 236
130 237
130 239
130 240
130 242
130 243
130 244
130 245
130 246
130 247
130 248
130 249
130 250
130 251
130 252
130 253
130 255
130 258
130 259
130 261
130 262
130 264
130 266
130 267
130 268
130 269
138 39
138 8
138 13
138 20
138 28
138 32
138 33
138 45
138 51
138 55
138 71
138 74
138 78
138 94
138 96
138 97
138 102
138 105
138 106
138 113
138 114
138 119
138 122
138 126
138 132
138 142
138 149
138 165
138 177
138 179
138 186
138 196
138 202
138 206
138 215
138 226
138 227
138 237
138 241
138 262
138 264
138 267
138 269
267 39
267 249
267 97
33 39
33 249
39 8
39 13
39 28
39 32
39 45
39 51
39 55
39 71
39 74
39 78
39 96
39 97
39 102
39 105
39 106
39 111
39 113
39 114
39 119
39 122
39 126
39 132
39 142
39 149
39 177
39 179
39 186
39 196
39 202
39 206
39 215
39 226
39 227
39 237
39 241
39 262
39 269
249 131
249 155
249 269
93 155
93 224
93 104
97 105
97 152
105 88
105 155
105 178
105 183
105 257
105 3
105 15
105 23
105 27
105 29
105 30
105 43
105 49
105 54
105 73
105 83
105 90
105 92
105 101
105 108
105 112
105 113
105 114
105 115
105 119
105 122
105 142
105 145
105 152
105 156
105 158
105 184
105 194
105 198
105 208
105 224
105 226
105 227
105 229
105 243
105 250
105 261
105 262
105 269
131 1
131 77
131 116
131 4
131 10
131 11
131 31
131 37
131 38
131 46
131 48
131 56
131 59
131 66
131 80
131 82
131 96
131 101
131 107
131 109
131 112
131 123
131 126
131 139
131 147
131 152
131 155
131 162
131 170
131 171
131 177
131 183
131 188
131 191
131 192
131 195
131 205
131 216
131 226
131 236
131 244
131 252
131 260
131 261
8 269
8 20
8 144
8 176
8 221
8 239
13 16
13 165
28 88
28 178
28 224
28 94
28 243
32 88
32 116
32 178
32 227
32 269
32 59
32 180
32 11
32 42
32 96
32 107
45 111
51 88
51 215
51 226
51 262
51 207
55 88
55 178
55 90
71 183
71 199
71 102
71 258
74 198
74 261
74 119
74 141
78 269
78 10
78 41
78 80
78 226
78 230
78 264
96 116
96 155
96 227
96 59
96 224
96 226
96 244
96 107
102 155
102 224
102 219
106 206
106 235
111 269
111 176
111 100
113 114
113 179
114 225
114 228
119 77
119 183
119 27
122 88
122 178
122 215
122 262
122 25
126 88
126 116
126 155
126 178
126 183
126 199
126 227
126 269
126 59
126 180
126 95
126 127
126 254
126 85
126 91
132 155
132 269
132 11
132 224
132 94
142 88
142 178
142 250
149 202
177 88
177 155
177 178
177 81
177 261
177 224
177 162
177 31
177 63
177 129
179 241
186 88
186 155
186 79
186 117
186 224
186 75
196 88
196 178
196 229
196 237
202 242
206 155
206 224
206 160
215 88
215 178
215 183
215 269
215 5
215 59
215 180
215 6
215 198
215 261
226 88
226 116
226 155
226 178
226 37
226 269
226 180
226 11
226 10
226 224
226 12
226 16
226 24
226 29
226 46
226 54
226 70
226 82
226 90
226 95
226 107
226 108
226 120
226 136
226 140
226 207
226 222
226 232
226 236
226 250
226 262
227 88
227 116
227 155
227 178
227 3
227 15
227 6
227 11
227 27
227 29
227 37
227 41
227 54
227 80
227 86
227 91
227 95
227 108
227 125
227 127
227 144
227 146
227 162
227 184
227 190
227 224
227 232
227 234
227 239
227 250
227 259
227 262
227 266
227 269
237 88
237 178
241 116
241 259
241 224
262 88
262 178
262 43
262 11
262 29
262 140
262 12
262 24
262 54
262 90
262 115
262 136
262 145
262 207
262 222
269 88
269 116
269 155
269 178
269 183
269 199
269 257
269 4
269 27
269 34
269 37
269 79
269 161
269 203
269 5
269 10
269 11
269 29
269 30
269 35
269 42
269 57
269 58
269 59
269 62
269 64
269 66
269 70
269 83
269 89
269 94
269 95
269 101
269 108
269 123
269 125
269 140
269 144
269 156
269 157
269 160
269 162
269 164
269 166
269 168
269 176
269 180
269 181
269 208
269 221
269 224
269 235
269 236
269 239
269 244
269 250
269 252
269 263
269 264
125 116
125 155
125 221
125 224
125 26
125 86
125 174
125 252
174 27
174 264
174 123
174 182
1 77
1 88
1 178
1 183
1 211
3 15
11 116
11 155
11 59
11 180
11 6
11 23
11 29
11 42
11 108
11 139
11 140
11 224
11 263
16 180
20 184
21 109
21 89
21 264
25 255
26 155
26 224
26 164
26 166
26 244
26 252
27 77
27 183
27 199
27 4
27 41
27 95
27 127
27 136
27 250
27 254
27 264
29 88
29 116
29 155
29 178
29 37
29 224
29 70
29 107
29 108
29 162
29 232
29 236
29 250
34 88
34 178
34 4
34 62
34 124
34 157
34 228
34 259
35 58
36 84
36 154
36 192
40 250
40 17
40 220
41 264
41 80
41 146
41 230
41 234
42 116
42 59
42 180
42 6
44 198
44 261
44 98
44 150
46 180
46 66
48 56
48 67
48 247
52 183
52 90
52 193
53 88
53 178
53 223
53 200
54 136
54 184
58 117
58 188
58 192
59 155
59 183
59 199
59 18
59 60
59 61
59 69
59 128
59 180
59 224
61 18
61 60
61 69
61 110
61 128
61 204
61 242
62 155
62 224
62 250
62 64
62 75
62 157
62 160
65 88
65 178
65 73
65 258
66 181
67 76
67 137
67 247
70 155
70 224
70 30
70 120
72 127
72 238
72 143
72 151
72 245
73 198
73 261
73 7
73 83
80 155
80 239
80 224
80 84
80 230
82 116
82 155
82 225
82 244
82 252
82 112
82 216
82 236
84 155
84 224
84 143
84 154
84 192
84 245
85 155
85 224
85 185
86 166
88 2
88 4
88 14
88 49
88 68
88 79
88 81
88 94
88 98
88 99
88 117
88 133
88 134
88 140
88 148
88 169
88 178
88 188
88 193
88 211
88 216
88 223
88 240
88 258
88 270
90 183
90 199
90 250
90 145
95 155
95 224
95 250
95 127
95 243
95 254
95 266
98 178
98 68
107 116
107 155
107 178
107 214
107 248
108 155
108 224
116 77
116 139
116 155
116 170
116 183
116 199
116 213
116 218
116 224
116 225
116 252
116 259
120 155
120 224
120 89
120 264
123 264
123 182
127 250
127 143
127 254
127 266
129 31
129 63
140 155
140 178
140 183
140 199
140 224
140 208
140 250
140 255
143 192
143 238
143 210
143 151
143 187
143 189
143 245
144 155
144 221
144 224
148 178
148 2
148 251
154 192
155 77
155 10
155 23
155 30
155 37
155 56
155 57
155 63
155 79
155 83
155 87
155 100
155 101
155 117
155 139
155 156
155 158
155 159
155 160
155 162
155 163
155 168
155 170
155 172
155 175
155 180
155 183
155 185
155 187
155 192
155 199
155 208
155 209
155 210
155 213
155 217
155 219
155 224
155 225
155 230
155 236
155 238
155 239
155 250
155 257
155 259
155 260
155 261
155 263
155 264
157 235
164 153
164 244
166 221
169 178
169 14
169 246
178 2
178 4
178 14
178 49
178 68
178 79
178 81
178 94
178 99
178 117
178 133
178 134
178 183
178 188
178 193
178 216
178 223
178 240
178 257
178 258
178 270
180 183
180 5
180 224
181 135
181 213
183 77
183 2
183 5
183 7
183 14
183 43
183 47
183 50
183 68
183 83
183 92
183 99
183 121
183 134
183 141
183 150
183 168
183 199
183 201
183 223
183 224
183 231
183 233
183 254
183 255
183 257
183 258
183 270
187 224
187 210
187 209
187 189
188 4
188 37
188 117
188 191
188 192
189 192
190 239
192 37
192 117
192 224
192 128
192 118
192 158
192 191
192 256
193 49
198 77
198 81
198 6
198 7
198 83
198 121
198 141
198 150
198 200
198 201
198 231
198 233
198 246
198 251
198 261
198 268
199 2
199 7
199 14
199 47
199 68
199 92
199 99
199 121
199 134
199 150
199 223
199 231
199 233
199 255
199 257
199 270
200 261
200 231
209 224
210 224
210 162
210 63
211 133
214 248
222 12
224 257
224 37
224 79
224 117
224 197
224 225
224 259
224 239
224 57
224 10
224 23
224 30
224 56
224 63
224 83
224 87
224 100
224 101
224 156
224 158
224 159
224 160
224 168
224 172
224 175
224 185
224 208
224 217
224 218
224 219
224 236
224 238
224 250
240 268
240 270
243 250
243 229
244 153
245 238
245 151
246 261
246 121
250 12
250 136
250 194
250 17
250 92
250 145
250 195
250 208
250 220
250 229
250 232
250 253
250 266
251 261
251 201
252 221
252 153
253 266
259 197
259 228
261 77
261 81
261 7
261 83
261 121
261 141
261 150
261 201
261 231
261 233
261 268
264 109
264 89
264 146
264 182
264 234
268 233
77 50
77 141
50 141
2 257
4 79
4 81
4 117
4 124
4 161
4 197
4 203
4 225
4 228
14 233
49 115
68 231
79 203
81 197
134 121
216 112
223 7
139 6
170 10
170 38
170 213
213 135
225 124
225 228
10 38
31 162
31 63
31 260
37 162
37 191
56 238
101 147
101 156
101 173
101 205
101 265
109 6
109 89
109 263
112 158
147 205
152 195
162 260
171 195
195 232
260 217
23 263
23 30
57 257
57 9
57 208
83 168
100 176
100 230
100 175
156 219
158 118
158 212
158 256
159 175
160 64
163 172
172 230
238 151
263 6
5 9
5 43
5 47
43 47
43 145
47 92
47 201
92 145
145 194
194 12
194 136
146 234
124 228
161 203
136 12
136 24
18 128
18 204
60 204
69 110
128 118
128 256
118 212
118 256
256 212
173 265
