475
426
811
611
217
885
112
317
422
75
568
561
22
944
687
309
229
5
775
708
592
541
172
167
125
26
413
527
751
274
757
93
157
4
995
730
400
928
583
391
266
704
810
642
755
821
563
725
535
158
776
479
800
852
181
259
58
909
315
27
272
606
763
278
902
497
286
277
894
370
64
464
565
328
838
778
802
362
124
402
182
86
407
45
450
529
403
832
30
146
634
29
330
6
214
478
537
628
502
322
790
638
770
289
724
260
846
916
166
548
101
913
100
488
114
431
211
769
639
498
16
296
324
996
610
383
469
758
819
219
635
180
192
785
395
964
365
492
673
316
962
323
462
485
204
494
1001
239
682
371
553
169
351
686
518
9
746
250
694
137
343
652
873
404
104
170
741
453
429
213
806
81
47
577
685
868
581
194
897
76
126
438
460
83
152
647
68
48
345
372
393
517
458
246
248
566
305
501
66
542
984
201
795
195
974
515
981
670
830
737
54
552
445
700
845
382
866
585
447
621
230
844
728
842
288
576
90
831
134
67
596
321
43
777
35
153
712
782
698
503
338
262
443
862
500
533
446
975
507
176
231
587
471
121
333
347
244
103
1002
569
526
115
835
923
980
556
123
23
140
145
261
949
82
221
366
510
377
263
562
614
624
514
554
149
513
312
618
205
420
401
165
138
663
423
688
629
51
276
861
398
287
623
660
17
361
417
764
173
808
965
356
490
381
455
525
386
233
87
491
285
456
53
907
193
756
94
476
787
937
575
368
373
600
298
308
303
779
509
174
991
499
155
555
218
275
226
481
177
225
74
359
625
932
793
102
645
543
91
107
378
374
50
427
7
65
788
369
978
828
860
2
133
840
558
128
245
111
754
437
80
364
203
375
545
886
473
516
326
143
419
470
20
534
434
586
580
910
765
342
271
33
