206
393
276
436
312
282
143
439
386
22
25
153
42
146
416
3
243
41
19
246
72
192
255
354
336
196
415
274
245
81
368
229
228
24
328
148
225
186
2
347
313
308
173
227
104
367
258
335
5
256
209
412
124
437
314
64
6
366
303
271
244
63
97
310
27
105
409
237
59
240
144
126
181
135
317
426
283
411
332
353
207
270
47
395
345
137
285
77
442
299
226
232
302
58
288
247
346
154
197
96
21
438
134
387
389
30
297
272
171
265
249
15
391
352
90
18
290
356
9
242
422
248
142
156
8
172
333
200
420
210
152
198
20
127
408
83
398
61
46
67
405
369
204
175
0
79
275
375
300
399
400
87
406
402
185
286
280
103
88
294
95
17
187
107
219
433
364
217
348
48
145
102
151
289
230
427
34
121
359
344
291
109
220
292
334
211
379
423
431
279
430
349
413
287
385
49
183
331
450
149
260
424
14
266
381
342
215
306
269
157
343
92
304
201
16
315
351
421
394
133
355
231
407
45
106
425
