258
277
113
74
205
87
160
40
95
224
96
271
301
306
223
302
2
268
283
54
48
315
271
307
291
300
129
209
260
56
162
132
244
71
112
17
56
236
85
56
224
113
113
113
190
246
132
113
269
256
249
44
256
289
213
301
101
165
303
299
130
315
135
271
321
256
50
143
271
53
17
140
205
113
160
142
258
182
296
256
96
50
258
132
56
119
205
206
5
71
286
196
271
150
135
317
56
71
87
140
162
112
319
205
56
224
224
205
135
204
112
56
113
291
56
113
132
161
278
112
124
111
206
160
256
15
56
140
113
315
56
138
10
56
70
318
182
318
204
132
321
12
132
56
256
302
154
291
296
73
56
119
256
137
112
41
95
113
135
206
182
291
217
