0 10
0 14
0 33
0 108
0 202
0 228
0 233
0 298
0 343
0 502
0 584
0 664
0 677
10 14
10 33
10 202
10 233
10 298
10 343
10 452
10 502
10 584
14 15
14 108
14 202
14 233
14 343
14 440
14 452
14 502
14 584
14 677
14 701
33 15
33 35
33 108
33 202
33 220
33 228
33 336
33 343
33 440
33 509
33 576
33 584
33 664
33 677
33 701
108 15
108 25
108 64
108 135
108 158
108 202
108 207
108 233
108 255
108 298
108 338
108 379
108 428
108 438
108 440
108 441
108 452
108 502
108 527
108 584
108 622
108 664
108 668
108 677
202 15
202 2
202 25
202 64
202 135
202 228
202 233
202 338
202 343
202 379
202 428
202 438
202 440
202 460
202 518
202 527
202 584
202 664
228 15
228 298
228 452
228 502
228 584
228 664
228 677
228 701
233 15
233 298
233 343
233 440
233 502
233 677
298 15
298 2
298 25
298 64
298 135
298 207
298 338
298 343
298 379
298 428
298 438
298 440
298 441
298 460
298 502
298 518
298 527
298 622
298 664
298 668
298 677
343 15
343 502
343 584
343 664
343 677
343 701
502 440
502 584
502 677
584 15
584 440
584 452
584 701
664 105
664 149
664 677
677 15
452 15
452 2
452 25
452 120
452 135
452 158
452 207
452 255
452 379
452 419
452 428
452 438
452 460
452 527
452 622
452 668
440 91
440 215
440 246
440 479
440 530
440 592
440 598
440 679
220 166
220 421
220 280
220 332
220 501
220 616
336 16
336 22
336 516
336 531
336 576
336 81
336 547
336 65
336 253
336 493
336 509
336 541
509 312
509 576
509 131
509 323
509 249
576 422
25 2
25 64
25 207
25 255
25 338
25 379
25 419
25 428
25 518
64 207
64 255
64 338
64 379
64 419
64 428
64 441
64 518
135 379
135 323
135 158
135 261
135 438
135 460
135 542
135 622
158 379
158 668
158 120
158 438
158 527
207 2
207 255
207 338
207 379
207 419
207 428
207 441
207 518
207 668
255 338
255 351
255 379
255 419
255 428
255 441
255 518
255 668
338 2
338 379
338 419
338 428
338 441
338 668
379 2
379 120
379 419
379 428
379 441
379 527
379 622
428 2
428 480
428 482
428 518
428 668
438 460
438 527
438 622
441 419
527 668
527 120
527 460
622 668
622 120
622 460
668 120
668 460
460 120
518 419
91 99
91 215
91 257
91 446
91 479
91 598
91 655
215 99
215 188
215 206
215 257
215 317
215 456
215 479
215 530
215 644
215 655
215 692
246 342
246 592
246 37
246 362
246 394
246 607
246 679
479 599
479 99
479 456
479 530
479 598
479 655
530 95
530 99
530 257
530 446
530 109
530 206
530 295
530 395
530 517
530 598
530 655
530 672
530 692
592 134
592 136
592 236
592 263
592 294
592 499
592 570
592 581
592 330
592 394
592 481
592 607
592 645
592 679
598 95
598 99
598 456
679 134
679 342
679 37
679 296
679 330
679 362
679 394
105 224
149 224
1 51
1 144
1 180
1 214
1 272
1 284
1 407
1 491
1 550
51 144
51 180
51 199
51 214
51 284
51 324
51 491
51 550
144 180
144 199
144 214
144 272
144 284
144 324
144 407
144 491
144 550
144 605
180 199
180 214
180 272
180 284
180 290
180 324
180 407
180 485
180 491
180 550
214 272
214 284
214 290
214 324
214 363
214 407
214 491
214 550
272 199
272 6
272 38
272 283
272 284
272 324
272 333
272 406
272 407
272 485
272 491
272 550
272 605
272 631
272 637
272 638
284 290
284 324
284 407
284 485
284 491
284 550
284 631
407 324
407 485
407 491
407 550
407 631
491 290
491 324
491 550
491 605
550 290
550 324
550 485
199 290
199 324
199 605
324 485
605 290
605 6
605 216
605 586
290 6
290 485
485 6
485 512
485 631
363 76
6 9
6 13
6 20
6 24
6 36
6 55
6 66
6 72
6 86
6 110
6 111
6 114
6 129
6 137
6 138
6 139
6 140
6 150
6 167
6 238
6 244
6 248
6 269
6 297
6 310
6 312
6 315
6 318
6 329
6 340
6 344
6 350
6 386
6 411
6 412
6 424
6 429
6 430
6 444
6 457
6 471
6 473
6 490
6 505
6 512
6 526
6 555
6 556
6 560
6 573
6 575
6 594
6 596
6 647
38 333
38 638
283 333
283 366
283 638
283 637
333 406
333 637
333 638
406 366
637 366
637 638
638 366
512 13
512 20
512 24
512 52
512 66
512 70
512 72
512 101
512 111
512 114
512 137
512 139
512 150
512 172
512 178
512 212
512 244
512 248
512 297
512 303
512 310
512 312
512 314
512 315
512 318
512 329
512 340
512 386
512 420
512 424
512 426
512 444
512 490
512 16
512 61
512 201
512 250
512 279
512 325
512 335
512 411
512 412
512 457
512 505
512 526
512 556
512 561
512 564
512 573
512 575
512 590
512 594
512 601
512 647
512 662
512 676
216 591
586 59
586 591
351 17
351 92
351 136
351 192
351 236
351 263
351 294
351 370
351 416
351 464
351 480
351 499
351 511
351 551
351 570
351 581
480 381
480 263
480 53
480 168
480 416
480 481
480 499
480 511
480 551
480 570
480 581
480 625
482 263
482 581
482 625
482 182
482 511
482 287
3 20
3 24
3 36
3 49
3 52
3 57
3 66
3 70
3 72
3 101
3 110
3 111
3 118
3 129
3 130
3 137
3 139
3 150
3 152
3 167
3 172
3 178
3 181
3 244
3 297
3 310
3 312
3 315
3 318
3 329
3 339
3 346
3 349
3 350
3 402
3 420
3 426
3 453
3 471
3 526
3 555
3 556
3 560
3 564
3 575
3 596
3 601
3 632
3 647
3 676
20 13
20 5
20 16
20 21
20 24
20 36
20 44
20 52
20 55
20 57
20 66
20 70
20 71
20 72
20 81
20 86
20 87
20 101
20 110
20 111
20 114
20 123
20 129
20 137
20 138
20 139
20 140
20 143
20 150
20 152
20 154
20 167
20 172
20 173
20 176
20 178
20 181
20 198
20 209
20 227
20 235
20 238
20 248
20 250
20 253
20 269
20 314
20 315
20 318
20 319
20 325
20 329
20 335
20 339
20 344
20 346
20 349
20 356
20 360
20 367
20 386
20 403
20 414
20 420
20 426
20 429
20 430
20 432
20 444
20 447
20 453
20 471
20 490
20 505
20 516
20 520
20 531
20 556
20 560
20 561
20 572
20 573
20 575
20 590
20 594
20 596
20 601
20 606
20 632
20 636
20 647
20 663
20 665
20 667
24 9
24 66
24 70
24 110
24 114
24 129
24 137
24 140
24 143
24 150
24 172
24 212
24 244
24 248
24 303
24 310
24 312
24 314
24 386
24 402
24 411
24 424
24 429
24 430
24 457
24 458
24 505
24 526
24 560
24 573
24 575
24 594
36 5
36 16
36 21
36 22
36 30
36 41
36 45
36 52
36 57
36 70
36 72
36 86
36 101
36 137
36 143
36 173
36 181
36 187
36 200
36 209
36 244
36 269
36 315
36 316
36 319
36 329
36 340
36 349
36 350
36 360
36 367
36 371
36 402
36 414
36 420
36 432
36 439
36 453
36 469
36 471
36 516
36 520
36 531
36 546
36 556
36 561
36 574
36 590
36 596
36 601
36 612
36 636
36 647
36 659
36 660
36 663
36 667
49 114
49 386
49 676
52 13
52 5
52 9
52 55
52 57
52 70
52 110
52 111
52 118
52 137
52 138
52 139
52 143
52 150
52 154
52 167
52 176
52 178
52 181
52 212
52 227
52 248
52 269
52 297
52 303
52 310
52 312
52 314
52 315
52 329
52 340
52 349
52 414
52 430
52 444
52 453
52 471
52 490
52 516
52 526
52 555
52 560
52 573
52 575
52 601
52 632
52 647
52 676
57 9
57 34
57 41
57 45
57 50
57 66
57 70
57 71
57 80
57 90
57 93
57 111
57 114
57 118
57 129
57 130
57 137
57 139
57 140
57 151
57 167
57 181
57 212
57 231
57 238
57 244
57 265
57 269
57 303
57 314
57 315
57 328
57 339
57 344
57 349
57 350
57 360
57 386
57 402
57 420
57 442
57 448
57 451
57 453
57 466
57 471
57 490
57 504
57 507
57 533
57 546
57 556
57 573
57 575
57 596
57 606
57 612
57 660
57 676
57 696
66 9
66 45
66 70
66 72
66 87
66 93
66 110
66 111
66 114
66 118
66 123
66 129
66 130
66 138
66 139
66 140
66 150
66 154
66 167
66 172
66 201
66 212
66 244
66 248
66 250
66 262
66 265
66 269
66 277
66 279
66 286
66 303
66 310
66 314
66 315
66 325
66 339
66 340
66 350
66 386
66 402
66 420
66 424
66 426
66 429
66 431
66 442
66 444
66 453
66 457
66 471
66 473
66 490
66 505
66 526
66 555
66 556
66 560
66 564
66 575
66 596
66 632
66 647
66 676
70 13
70 55
70 16
70 45
70 61
70 72
70 79
70 110
70 111
70 114
70 118
70 129
70 137
70 138
70 139
70 140
70 143
70 150
70 152
70 167
70 178
70 181
70 211
70 212
70 227
70 238
70 248
70 250
70 269
70 297
70 303
70 310
70 312
70 314
70 318
70 325
70 350
70 402
70 420
70 424
70 426
70 429
70 430
70 444
70 453
70 457
70 471
70 473
70 526
70 556
70 564
70 574
70 575
70 594
70 596
70 636
70 647
72 55
72 5
72 22
72 81
72 82
72 86
72 93
72 110
72 114
72 137
72 140
72 173
72 227
72 248
72 268
72 310
72 314
72 315
72 316
72 329
72 339
72 340
72 346
72 367
72 386
72 403
72 414
72 432
72 444
72 556
72 561
72 573
72 574
72 575
72 590
72 601
72 606
72 616
72 632
72 636
72 660
72 667
72 694
101 55
101 86
101 16
101 21
101 173
101 176
101 187
101 200
101 209
101 227
101 235
101 297
101 315
101 316
101 319
101 329
101 340
101 356
101 402
101 403
101 432
101 447
101 471
101 490
101 516
101 546
101 561
101 590
101 636
101 663
101 667
101 694
110 13
110 111
110 114
110 129
110 137
110 138
110 143
110 150
110 167
110 172
110 212
110 244
110 248
110 269
110 297
110 303
110 314
110 315
110 329
110 339
110 340
110 350
110 386
110 412
110 424
110 430
110 444
110 471
110 490
110 505
110 526
110 555
110 560
110 575
110 582
110 627
110 632
110 647
110 676
111 55
111 9
111 114
111 137
111 138
111 139
111 140
111 150
111 167
111 172
111 194
111 198
111 212
111 248
111 250
111 286
111 297
111 303
111 312
111 314
111 325
111 339
111 340
111 344
111 350
111 386
111 402
111 420
111 424
111 430
111 457
111 471
111 473
111 490
111 505
111 526
111 573
111 594
111 596
111 632
111 647
118 13
118 12
118 45
118 46
118 119
118 143
118 150
118 151
118 212
118 248
118 289
118 297
118 305
118 329
118 339
118 340
118 462
118 477
118 507
118 544
118 553
118 556
118 559
118 564
118 596
118 626
118 635
118 647
118 676
129 13
129 55
129 114
129 9
129 137
129 139
129 140
129 143
129 150
129 172
129 178
129 194
129 212
129 244
129 248
129 297
129 310
129 312
129 314
129 315
129 339
129 340
129 344
129 386
129 402
129 412
129 420
129 426
129 429
129 444
129 457
129 471
129 473
129 490
129 505
129 555
129 556
129 560
129 573
129 594
129 596
129 647
129 676
130 114
130 34
130 50
130 60
130 80
130 183
130 190
130 200
130 227
130 231
130 243
130 302
130 314
130 328
130 331
130 339
130 360
130 386
130 423
130 435
130 443
130 451
130 453
130 466
130 520
130 533
130 546
130 601
130 606
130 617
130 634
130 643
130 690
137 13
137 55
137 86
137 9
137 16
137 21
137 22
137 81
137 82
137 138
137 139
137 140
137 150
137 152
137 167
137 172
137 173
137 178
137 181
137 211
137 212
137 238
137 244
137 248
137 269
137 297
137 303
137 310
137 312
137 314
137 316
137 319
137 325
137 339
137 340
137 349
137 367
137 386
137 402
137 403
137 412
137 420
137 430
137 431
137 432
137 439
137 444
137 447
137 457
137 471
137 473
137 490
137 505
137 555
137 556
137 560
137 561
137 564
137 571
137 572
137 590
137 594
137 596
137 627
137 636
137 647
137 663
137 676
137 694
139 55
139 114
139 138
139 9
139 140
139 150
139 167
139 178
139 181
139 212
139 244
139 269
139 297
139 303
139 312
139 314
139 315
139 318
139 340
139 344
139 420
139 424
139 426
139 457
139 490
139 560
139 632
139 647
150 114
150 138
150 143
150 9
150 61
150 140
150 167
150 172
150 178
150 201
150 212
150 238
150 244
150 248
150 250
150 303
150 310
150 314
150 315
150 318
150 329
150 340
150 344
150 350
150 386
150 411
150 412
150 420
150 424
150 426
150 430
150 444
150 457
150 471
150 473
150 490
150 526
150 555
150 556
150 560
150 564
150 573
150 575
150 594
150 632
150 676
152 143
152 172
152 178
152 212
152 349
152 430
152 526
152 647
167 13
167 55
167 114
167 138
167 143
167 9
167 61
167 90
167 140
167 172
167 178
167 181
167 194
167 201
167 212
167 222
167 227
167 244
167 248
167 269
167 297
167 303
167 310
167 312
167 315
167 325
167 339
167 340
167 344
167 350
167 402
167 411
167 412
167 420
167 426
167 430
167 453
167 457
167 471
167 473
167 526
167 556
167 560
167 564
167 573
167 575
167 596
167 632
167 647
167 676
172 114
172 138
172 143
172 87
172 140
172 178
172 198
172 201
172 212
172 244
172 248
172 250
172 269
172 297
172 303
172 310
172 312
172 314
172 318
172 325
172 339
172 340
172 350
172 402
172 420
172 424
172 426
172 429
172 430
172 431
172 439
172 444
172 453
172 471
172 473
172 490
172 505
172 526
172 555
172 556
172 560
172 564
172 573
172 575
172 647
172 676
178 13
178 55
178 114
178 138
178 9
178 87
178 244
178 297
178 315
178 344
178 386
178 420
178 426
178 430
178 471
178 564
178 573
178 575
181 55
181 114
181 138
181 5
181 45
181 212
181 248
181 269
181 315
181 318
181 329
181 340
181 402
181 420
181 429
181 430
181 444
181 471
181 555
181 556
181 560
181 573
181 601
181 632
181 647
244 13
244 55
244 114
244 138
244 143
244 212
244 227
244 9
244 45
244 87
244 140
244 238
244 248
244 269
244 297
244 303
244 312
244 314
244 315
244 318
244 325
244 339
244 340
244 344
244 349
244 350
244 386
244 402
244 411
244 420
244 424
244 429
244 430
244 453
244 471
244 473
244 490
244 505
244 526
244 560
244 564
244 594
244 632
244 647
297 13
297 143
297 212
297 227
297 16
297 45
297 238
297 269
297 291
297 303
297 310
297 312
297 314
297 319
297 325
297 329
297 339
297 340
297 344
297 386
297 402
297 414
297 424
297 429
297 431
297 439
297 453
297 457
297 473
297 505
297 516
297 547
297 556
297 560
297 575
297 596
297 601
297 647
310 13
310 138
310 212
310 303
310 16
310 140
310 198
310 279
310 314
310 315
310 318
310 329
310 339
310 344
310 350
310 386
310 414
310 424
310 429
310 430
310 444
310 457
310 471
310 526
310 555
310 573
310 575
310 647
310 667
312 55
312 114
312 138
312 227
312 248
312 303
312 9
312 45
312 61
312 140
312 211
312 238
312 314
312 318
312 325
312 329
312 339
312 340
312 344
312 350
312 386
312 420
312 429
312 430
312 444
312 453
312 505
312 526
312 555
312 560
312 573
312 575
312 632
312 647
315 13
315 55
315 86
315 138
315 143
315 212
315 227
315 248
315 303
315 314
315 9
315 22
315 41
315 45
315 140
315 151
315 173
315 211
315 269
315 316
315 339
315 340
315 349
315 350
315 356
315 386
315 402
315 420
315 426
315 430
315 432
315 439
315 444
315 447
315 453
315 469
315 490
315 516
315 526
315 546
315 547
315 556
315 560
315 561
315 573
315 574
315 575
315 596
315 601
315 636
315 647
315 665
315 667
315 676
315 694
318 13
318 143
318 248
318 303
318 9
318 210
318 238
318 250
318 325
318 329
318 350
318 386
318 411
318 412
318 424
318 426
318 429
318 430
318 471
318 473
318 490
318 505
318 556
318 573
318 575
318 594
318 647
329 55
329 86
329 114
329 138
329 143
329 227
329 248
329 303
329 314
329 16
329 41
329 45
329 140
329 173
329 176
329 200
329 235
329 340
329 344
329 346
329 349
329 386
329 412
329 420
329 453
329 471
329 490
329 505
329 526
329 556
329 560
329 561
329 564
329 573
329 594
329 601
329 610
329 647
329 676
339 138
339 143
339 227
339 248
339 314
339 9
339 45
339 71
339 80
339 90
339 140
339 151
339 190
339 226
339 265
339 277
339 291
339 321
339 340
339 350
339 386
339 402
339 420
339 466
339 490
339 507
339 520
339 526
339 546
339 555
339 556
339 564
339 573
339 575
339 594
339 612
339 632
339 647
339 660
339 676
346 86
346 227
346 5
346 16
346 21
346 173
346 176
346 187
346 200
346 209
346 235
346 316
346 356
346 367
346 432
346 447
346 516
346 590
346 601
346 636
346 663
346 694
349 55
349 143
349 212
349 344
349 471
349 647
350 13
350 114
350 138
350 143
350 212
350 248
350 303
350 314
350 5
350 9
350 16
350 140
350 198
350 210
350 211
350 238
350 269
350 279
350 319
350 325
350 367
350 386
350 402
350 411
350 426
350 429
350 432
350 444
350 457
350 471
350 473
350 505
350 526
350 560
350 575
350 594
350 632
350 676
402 13
402 55
402 114
402 138
402 212
402 248
402 303
402 314
402 340
402 9
402 41
402 45
402 140
402 325
402 420
402 426
402 429
402 430
402 432
402 453
402 471
402 473
402 490
402 505
402 526
402 546
402 573
402 575
402 596
402 601
402 632
402 676
420 114
420 138
420 143
420 227
420 303
420 314
420 9
420 30
420 45
420 59
420 87
420 151
420 429
420 430
420 453
420 471
420 490
420 504
420 529
420 546
420 560
420 573
420 575
420 596
420 647
420 676
426 13
426 55
426 114
426 138
426 143
426 212
426 303
426 314
426 344
426 424
426 9
426 140
426 250
426 269
426 411
426 430
426 444
426 471
426 490
426 555
426 556
426 560
426 573
426 575
426 647
426 676
453 55
453 114
453 138
453 227
453 386
453 9
453 27
453 34
453 50
453 60
453 140
453 162
453 186
453 190
453 231
453 265
453 331
453 443
453 451
453 466
453 490
453 504
453 520
453 526
453 533
453 546
453 556
453 617
453 643
453 676
453 696
471 13
471 86
471 114
471 143
471 212
471 227
471 248
471 303
471 314
471 340
471 344
471 424
471 429
471 444
471 9
471 45
471 59
471 87
471 154
471 235
471 269
471 319
471 325
471 356
471 411
471 412
471 439
471 457
471 473
471 490
471 505
471 516
471 555
471 560
471 573
471 575
471 647
526 13
526 114
526 138
526 212
526 227
526 314
526 340
526 344
526 386
526 424
526 429
526 430
526 444
526 490
526 9
526 45
526 61
526 87
526 140
526 190
526 201
526 238
526 325
526 457
526 505
526 555
526 556
526 560
526 564
526 573
526 575
526 632
555 13
555 138
555 143
555 248
555 314
555 340
555 444
555 9
555 140
555 269
555 279
555 433
555 556
555 560
555 575
555 627
555 632
555 647
556 114
556 138
556 143
556 212
556 227
556 340
556 490
556 9
556 34
556 45
556 90
556 151
556 162
556 190
556 200
556 266
556 291
556 321
556 390
556 448
556 504
556 505
556 507
556 520
556 546
556 552
556 560
556 564
556 573
556 632
556 647
556 676
556 696
560 114
560 143
560 248
560 314
560 340
560 344
560 386
560 424
560 429
560 490
560 61
560 201
560 210
560 269
560 325
560 411
560 412
560 457
560 473
560 505
560 564
560 573
560 575
560 594
560 647
564 138
564 143
564 573
564 676
575 13
575 114
575 143
575 212
575 227
575 248
575 303
575 344
575 424
575 429
575 430
575 444
575 573
575 93
575 140
575 194
575 222
575 250
575 262
575 431
575 473
575 507
575 596
575 647
575 660
575 676
596 55
596 114
596 227
596 303
596 314
596 344
596 490
596 573
596 9
596 12
596 41
596 45
596 71
596 90
596 103
596 140
596 151
596 154
596 265
596 291
596 321
596 354
596 373
596 451
596 507
596 520
596 546
596 549
596 608
596 612
596 635
596 647
596 676
601 55
601 227
601 344
601 5
601 21
601 22
601 41
601 154
601 173
601 200
601 209
601 269
601 319
601 367
601 403
601 414
601 447
601 612
601 636
601 647
601 659
601 663
601 667
601 694
632 114
632 138
632 143
632 212
632 303
632 340
632 386
632 424
632 429
632 573
632 140
632 154
632 250
632 269
632 439
632 647
647 13
647 55
647 114
647 138
647 143
647 303
647 314
647 340
647 344
647 424
647 430
647 444
647 490
647 9
647 16
647 140
647 176
647 194
647 211
647 238
647 250
647 269
647 279
647 325
647 411
647 457
647 505
647 574
647 594
647 676
676 55
676 143
676 303
676 314
676 429
676 9
676 45
676 46
676 87
676 90
676 140
676 190
676 265
676 507
9 55
9 114
9 143
9 212
9 303
9 386
9 429
9 430
9 444
9 490
9 594
13 16
13 41
13 81
13 114
13 176
13 212
13 238
13 248
13 291
13 303
13 325
13 340
13 386
13 414
13 430
13 439
13 444
13 516
13 572
13 667
55 22
55 41
55 71
55 114
55 138
55 140
55 143
55 154
55 173
55 227
55 238
55 314
55 316
55 340
55 344
55 356
55 367
55 386
55 432
55 444
55 447
55 490
55 496
55 573
55 574
55 667
55 694
86 41
86 200
86 344
86 490
86 546
114 27
114 45
114 46
114 50
114 80
114 87
114 90
114 93
114 103
114 138
114 140
114 162
114 190
114 212
114 227
114 231
114 238
114 248
114 269
114 279
114 291
114 302
114 303
114 314
114 321
114 340
114 344
114 386
114 430
114 432
114 442
114 443
114 444
114 451
114 490
114 520
114 533
114 546
114 573
114 606
114 634
114 660
114 688
114 696
138 27
138 140
138 143
138 194
138 222
138 269
138 291
138 303
138 314
138 325
138 340
138 344
138 386
138 412
138 424
138 429
138 430
138 444
138 457
138 473
138 490
138 505
138 594
140 212
140 303
140 314
140 340
140 386
140 429
140 573
140 27
140 45
140 50
140 80
140 90
140 93
140 103
140 125
140 190
140 321
140 435
140 442
140 451
140 466
140 505
140 520
140 546
140 559
140 606
140 617
140 634
140 696
238 143
238 212
238 314
238 490
238 45
238 211
238 222
248 212
248 340
248 344
248 386
248 411
248 424
248 429
248 444
248 473
248 490
269 143
269 212
269 344
269 430
269 444
269 490
269 268
340 143
340 212
340 303
340 314
340 16
340 41
340 71
340 176
340 200
340 209
340 367
340 386
340 424
340 490
340 546
340 573
344 212
344 314
344 16
344 41
344 45
344 71
344 316
344 325
344 429
344 430
344 432
344 444
344 490
344 516
344 561
344 694
386 143
386 212
386 227
386 303
386 27
386 34
386 45
386 50
386 60
386 80
386 87
386 103
386 123
386 151
386 231
386 262
386 265
386 279
386 321
386 327
386 328
386 411
386 430
386 435
386 443
386 444
386 448
386 451
386 466
386 473
386 490
386 505
386 507
386 520
386 573
386 594
386 696
411 212
411 424
411 429
411 430
411 444
411 237
411 457
411 473
411 505
411 594
412 430
412 444
412 32
412 194
412 457
412 473
412 505
412 594
424 143
424 212
424 303
424 314
424 198
424 201
424 325
424 429
424 430
424 444
424 473
429 212
429 303
429 45
429 194
429 210
429 250
429 325
429 457
429 473
429 490
429 505
429 529
429 573
430 212
430 303
430 201
430 210
430 444
430 457
430 473
430 490
430 505
430 594
444 143
444 212
444 61
444 176
444 291
444 319
444 473
444 490
444 546
444 594
444 636
457 143
457 303
457 573
457 250
457 473
473 143
473 212
473 303
473 237
473 325
473 594
490 212
490 303
490 45
490 93
490 520
490 573
505 143
505 212
505 303
505 573
505 194
505 237
505 431
505 594
505 627
573 212
573 303
573 314
573 45
573 87
573 154
573 250
573 574
573 594
573 696
594 143
594 303
594 194
594 279
16 303
16 561
16 5
16 21
16 22
16 65
16 81
16 82
16 173
16 209
16 235
16 253
16 268
16 319
16 335
16 367
16 371
16 403
16 414
16 439
16 445
16 447
16 469
16 493
16 516
16 531
16 541
16 547
16 571
16 572
16 590
16 667
16 694
41 5
41 176
41 200
41 356
41 367
41 590
41 663
81 176
81 414
81 432
81 516
81 531
81 636
81 65
81 253
81 439
81 541
81 547
81 571
176 561
176 21
176 22
176 173
176 65
176 187
176 209
176 235
176 253
176 316
176 319
176 335
176 356
176 367
176 403
176 432
176 445
176 447
176 469
176 531
176 547
176 590
176 663
176 667
176 694
212 143
212 45
212 87
212 154
212 210
212 250
212 291
212 303
212 314
212 325
212 433
212 439
291 321
291 354
291 439
291 442
291 513
303 143
303 194
303 198
303 201
303 235
303 250
303 279
303 311
303 319
303 432
303 546
303 547
325 143
325 311
414 561
414 21
414 22
414 173
414 187
414 316
414 367
414 403
414 65
414 253
414 432
414 516
414 531
414 541
414 547
414 590
414 663
414 667
414 694
439 143
439 590
439 636
439 123
439 433
516 5
516 21
516 22
516 173
516 316
516 356
516 367
516 403
516 432
516 65
516 253
516 531
516 547
516 590
516 636
572 44
572 541
667 5
667 173
667 187
667 316
667 319
667 356
667 403
667 432
667 531
667 590
667 636
667 663
667 65
667 198
667 253
667 493
667 547
667 694
5 561
5 21
5 82
5 173
5 187
5 200
5 235
5 335
5 356
5 367
5 403
5 432
5 447
5 469
5 531
5 636
5 659
5 663
5 694
21 561
21 22
21 173
21 209
21 235
21 316
21 319
21 335
21 356
21 367
21 371
21 403
21 447
21 531
21 590
21 636
21 663
44 173
44 432
44 531
44 636
44 663
44 547
44 65
44 541
71 354
71 59
71 574
71 612
71 681
87 314
87 268
123 58
123 122
123 141
123 264
123 442
123 459
123 532
143 45
143 227
143 314
143 610
143 627
154 227
154 314
154 12
154 373
154 549
154 559
154 597
154 635
154 688
173 561
173 22
173 82
173 187
173 209
173 253
173 319
173 356
173 367
173 403
173 432
173 445
173 447
173 547
173 590
173 636
173 663
173 694
198 636
209 367
209 432
209 546
209 590
209 636
209 663
227 22
227 27
227 30
227 34
227 50
227 60
227 80
227 162
227 183
227 186
227 200
227 265
227 302
227 314
227 321
227 328
227 360
227 435
227 448
227 451
227 466
227 520
227 533
227 546
227 561
227 617
227 634
227 635
227 660
227 696
235 22
235 316
235 367
235 403
235 432
235 636
235 663
235 694
253 531
253 590
253 636
253 547
253 65
253 493
253 541
314 45
314 169
314 262
314 279
314 354
314 360
314 458
314 477
314 507
314 606
319 561
319 22
319 316
319 356
319 445
319 531
319 547
319 636
319 663
319 694
335 561
335 22
335 82
335 187
335 316
335 356
335 367
335 403
335 447
335 531
335 590
335 636
335 694
356 561
356 22
356 187
356 200
356 316
356 367
356 447
356 590
356 636
356 694
360 200
360 448
360 504
360 546
360 608
360 660
367 22
367 82
367 187
367 316
367 403
367 445
367 547
367 590
367 636
367 694
403 561
403 316
403 531
403 590
403 636
403 663
403 694
432 561
432 22
432 187
432 316
432 531
432 547
432 636
447 561
447 22
447 321
447 590
447 636
520 50
520 60
520 80
520 186
520 190
520 231
520 265
520 451
520 466
520 500
520 514
520 617
520 620
520 634
520 675
531 561
531 22
531 316
531 65
531 493
531 541
531 636
531 663
561 22
561 200
561 316
561 663
561 694
590 22
590 82
590 187
590 316
590 469
590 546
590 547
590 636
590 663
590 694
606 19
606 47
606 54
606 267
606 271
606 557
606 558
606 580
606 593
606 133
606 171
606 443
606 451
606 455
606 612
606 633
606 660
606 683
636 22
636 82
636 187
636 316
636 445
636 541
636 547
636 663
636 694
663 82
663 187
663 200
663 316
458 82
22 316
22 445
22 469
22 694
30 162
45 27
45 103
45 151
45 448
45 507
45 559
45 635
187 694
200 190
200 321
200 451
200 504
200 546
200 634
316 82
371 203
371 628
371 693
546 34
546 50
546 190
546 265
546 277
546 321
546 327
546 451
546 466
546 533
546 617
546 634
546 696
574 151
612 354
612 28
612 83
612 353
612 392
612 401
612 454
612 534
612 93
612 122
612 151
612 477
612 497
612 583
612 660
659 254
659 684
660 169
660 93
660 151
660 262
660 477
660 583
694 82
34 27
34 50
34 60
34 80
34 125
34 162
34 186
34 190
34 231
34 265
34 328
34 423
34 435
34 466
34 554
34 617
34 634
34 643
50 60
50 67
50 125
50 183
50 190
50 231
50 277
50 302
50 327
50 331
50 423
50 466
50 533
50 566
50 643
50 690
50 696
80 27
80 60
80 121
80 190
80 231
80 265
80 277
80 302
80 321
80 327
80 328
80 331
80 500
80 533
80 643
80 690
90 696
90 277
90 113
90 226
90 495
93 354
93 169
93 455
93 477
93 583
151 354
151 160
151 185
151 208
151 376
151 467
151 507
151 588
231 27
231 60
231 162
231 186
231 190
231 125
231 183
231 265
231 302
231 327
231 328
231 435
231 466
231 500
231 617
231 634
231 643
231 690
231 696
265 60
265 186
265 190
265 302
265 435
265 466
265 504
265 533
265 617
265 634
265 696
265 125
265 183
265 277
265 331
265 423
265 500
265 554
265 643
265 690
328 60
328 186
328 302
328 321
328 533
328 617
328 125
328 121
328 277
328 327
328 423
328 451
328 500
328 643
328 690
448 162
448 190
448 504
448 608
451 60
451 190
451 302
451 321
451 466
451 504
451 533
451 617
451 634
451 696
451 125
451 331
451 554
451 690
466 27
466 60
466 162
466 186
466 190
466 321
466 435
466 125
466 183
466 327
466 331
466 423
466 443
466 500
466 504
466 617
466 634
466 643
466 696
504 27
504 60
504 162
504 190
504 321
504 435
504 533
507 103
507 373
533 60
533 190
533 321
533 435
533 125
533 183
533 331
533 423
533 500
533 634
533 643
533 690
533 696
696 190
696 321
696 113
696 277
696 495
696 513
277 60
277 321
277 617
277 634
277 125
277 113
277 327
277 495
277 513
279 79
286 8
286 241
286 539
286 569
211 320
82 259
616 166
616 100
616 208
616 352
616 501
616 656
27 60
27 162
27 186
27 266
27 308
27 321
27 435
27 552
27 617
27 634
103 12
103 98
103 357
103 563
103 688
162 266
162 308
162 321
190 125
190 183
190 302
190 321
190 435
190 443
190 554
190 617
190 634
302 60
302 186
302 125
302 617
302 634
321 60
321 125
321 183
321 327
321 331
321 423
321 435
321 500
321 554
321 617
321 634
443 634
443 331
634 60
634 186
634 435
634 617
634 67
634 125
634 327
634 331
634 423
634 500
634 566
634 690
688 373
688 597
688 635
12 357
12 373
12 549
12 559
12 597
12 635
119 462
119 553
119 623
119 127
119 170
119 225
119 229
119 282
119 289
119 305
119 368
119 375
119 615
119 626
119 673
289 299
289 425
289 462
289 553
289 623
289 127
289 170
289 225
289 229
289 242
289 293
289 305
289 368
289 375
289 498
289 615
289 673
289 691
289 699
289 700
305 299
305 425
305 462
305 623
305 127
305 225
305 242
305 282
305 293
305 337
305 368
305 498
305 544
305 615
305 673
305 691
305 699
462 48
462 299
462 425
462 127
462 225
462 229
462 242
462 293
462 368
462 375
462 415
462 498
462 544
462 623
462 673
462 691
462 699
462 700
477 354
477 169
477 583
477 281
544 299
544 425
544 375
544 127
544 170
544 242
544 282
544 293
544 415
544 498
544 615
544 626
544 673
544 691
544 699
553 48
553 425
553 127
553 170
553 229
553 282
553 293
553 368
553 375
553 498
553 673
553 691
559 357
559 597
559 635
626 299
626 425
626 623
626 375
626 127
626 170
626 225
626 242
626 282
626 337
626 415
626 498
626 615
626 673
626 691
626 699
626 700
635 373
635 549
635 597
635 390
60 183
60 186
60 331
60 423
60 500
60 617
60 643
183 617
183 125
183 67
183 423
183 500
243 331
331 435
331 617
331 125
331 423
331 500
331 643
331 690
423 435
423 617
423 566
423 643
435 186
435 500
435 617
435 643
617 186
617 121
617 125
617 327
617 500
643 125
643 500
643 67
643 121
690 125
690 500
571 541
222 306
186 121
186 500
547 65
547 541
311 239
311 413
311 535
169 42
169 47
169 40
169 62
169 106
169 307
169 359
169 376
169 397
169 418
169 465
169 474
169 577
169 585
169 603
169 611
169 621
169 633
169 683
169 697
354 18
354 455
327 125
327 513
59 591
529 481
390 373
390 597
390 98
390 261
390 528
390 563
390 640
373 98
373 549
373 597
549 357
549 597
608 434
4 522
4 652
522 107
522 156
522 652
652 29
652 131
652 156
652 323
156 565
156 569
29 131
29 280
29 569
131 323
131 569
323 249
323 569
254 684
684 399
125 67
125 500
7 102
7 132
7 146
7 157
7 292
7 334
7 378
7 383
7 537
7 543
7 568
7 579
7 614
7 651
7 674
7 682
102 68
102 89
102 124
102 146
102 157
102 292
102 537
102 579
102 614
102 639
102 651
102 682
132 148
132 168
132 177
132 232
132 234
132 285
132 322
132 334
132 345
132 361
132 364
132 393
132 398
132 408
132 410
132 506
132 519
132 521
132 629
132 639
132 650
146 68
146 89
146 157
146 217
146 292
146 334
146 378
146 384
146 519
146 537
146 543
146 568
146 614
146 639
146 651
146 674
146 682
157 68
157 89
157 124
157 292
157 378
157 383
157 384
157 519
157 537
157 543
157 579
157 614
157 639
157 671
157 674
157 682
292 68
292 89
292 124
292 217
292 334
292 378
292 383
292 384
292 519
292 543
292 568
292 579
292 614
292 639
292 671
292 674
292 682
334 43
334 68
334 89
334 124
334 217
334 378
334 519
334 537
334 543
334 568
334 639
334 651
334 671
334 674
334 682
378 43
378 89
378 217
378 383
378 384
378 519
378 543
378 568
378 579
378 614
378 639
378 651
378 671
378 674
378 682
383 89
383 217
383 384
383 519
383 543
383 614
383 639
383 651
383 671
383 674
383 682
537 68
537 89
537 124
537 568
537 614
537 639
537 651
537 671
537 674
543 68
543 89
543 384
543 519
543 579
543 639
543 671
568 89
568 124
568 217
568 384
568 579
568 639
568 671
568 674
579 68
579 124
579 217
579 384
579 639
579 671
579 674
579 682
614 68
614 89
614 217
614 384
614 519
614 639
614 651
614 671
614 674
614 682
651 43
651 68
651 89
651 124
651 217
651 384
651 519
651 639
651 671
651 682
674 89
674 124
674 639
674 682
682 68
682 89
682 124
682 217
682 384
682 519
682 671
43 11
43 232
43 256
43 322
43 364
43 381
43 393
43 408
43 410
43 506
43 521
43 629
43 639
11 148
11 177
11 234
11 256
11 285
11 322
11 381
11 382
11 393
11 506
11 521
11 650
232 148
232 234
232 322
232 381
232 382
232 393
232 506
232 521
232 600
232 629
232 650
256 148
256 177
256 234
256 285
256 322
256 345
256 381
256 393
256 398
256 408
256 410
256 506
256 521
256 629
322 177
322 234
322 285
322 361
322 364
322 393
322 408
322 410
322 506
322 600
364 234
364 285
364 393
364 506
364 650
364 168
364 345
364 361
364 408
364 410
381 148
381 285
381 142
381 188
381 206
381 456
381 506
381 521
381 600
381 629
381 642
381 644
381 650
393 148
393 234
393 285
393 408
393 506
393 600
393 629
408 234
408 285
408 506
408 521
408 650
408 410
410 177
410 506
410 345
410 361
506 519
506 148
506 177
506 234
506 382
506 521
506 600
506 629
521 148
521 177
521 234
521 382
521 600
521 629
521 650
629 639
629 148
629 177
629 234
629 382
629 600
629 650
639 124
639 217
639 384
639 519
639 671
68 89
68 124
68 217
68 384
68 671
89 124
89 217
89 384
89 519
89 671
124 217
124 384
124 671
217 384
217 671
384 671
671 519
519 374
519 642
148 285
148 382
148 600
168 650
177 345
234 345
234 361
234 382
285 382
285 398
285 600
285 650
398 382
398 600
650 600
374 456
374 672
374 188
374 270
374 436
374 642
374 644
642 456
642 206
642 188
642 270
642 317
642 436
642 644
8 241
539 621
539 307
539 179
539 548
539 680
569 463
569 624
382 600
142 26
142 188
142 218
142 270
142 317
142 436
142 456
142 470
142 536
142 545
142 602
142 644
142 649
142 672
188 456
188 206
188 672
188 270
188 317
188 644
206 599
206 456
206 109
206 270
206 395
206 517
206 525
206 644
206 672
206 692
456 599
456 95
456 99
456 446
456 109
456 295
456 317
456 395
456 525
456 644
456 655
456 692
644 270
644 317
644 436
98 309
98 528
98 563
563 163
563 309
563 528
563 640
563 669
513 113
513 495
513 301
628 693
17 92
17 134
17 192
17 236
17 263
17 294
17 370
17 499
17 570
17 581
17 625
17 645
92 136
92 192
92 263
92 294
92 342
92 370
92 581
92 625
92 645
134 136
134 192
134 236
134 263
134 294
134 330
134 370
134 570
134 625
192 136
192 236
192 263
192 294
192 342
192 370
192 570
192 581
192 625
192 645
236 263
236 294
236 370
236 581
236 625
236 645
263 136
263 53
263 342
263 499
263 551
263 570
263 581
263 645
294 136
294 342
294 370
294 570
294 581
294 625
370 136
370 551
370 581
370 625
499 416
499 481
499 511
499 551
499 570
499 625
570 136
570 342
570 581
570 625
570 645
581 342
581 551
581 645
625 136
625 342
625 551
625 645
625 670
645 136
645 342
136 342
136 551
342 37
342 330
342 362
342 394
342 607
330 37
330 296
330 394
330 607
551 182
551 184
551 416
551 464
551 481
551 511
551 599
53 94
53 126
53 182
53 372
53 396
53 461
53 464
53 481
53 599
37 296
37 394
37 607
362 394
362 607
394 607
416 84
416 184
416 417
416 511
464 78
464 94
464 182
464 372
464 396
464 461
511 599
511 84
511 417
481 182
481 288
481 599
182 619
182 126
182 288
599 95
599 99
599 109
599 161
599 257
599 395
599 446
599 525
599 672
599 692
455 583
455 106
455 494
19 31
19 42
19 47
19 97
19 271
19 274
19 347
19 358
19 405
19 557
19 558
19 580
19 593
19 613
19 633
19 641
19 648
19 683
19 687
19 697
31 40
31 42
31 47
31 54
31 62
31 97
31 153
31 159
31 219
31 240
31 267
31 271
31 274
31 358
31 369
31 385
31 389
31 397
31 418
31 489
31 538
31 557
31 585
31 593
31 603
31 613
31 633
31 641
31 658
31 697
42 28
42 47
42 54
42 83
42 97
42 153
42 271
42 341
42 347
42 353
42 358
42 369
42 385
42 389
42 397
42 400
42 401
42 405
42 418
42 454
42 472
42 538
42 558
42 577
42 580
42 593
42 613
42 633
42 646
42 683
42 687
42 697
47 54
47 97
47 267
47 358
47 405
47 538
47 557
47 577
47 593
47 613
47 633
47 683
47 687
97 54
97 219
97 240
97 267
97 275
97 347
97 358
97 369
97 385
97 418
97 538
97 557
97 558
97 577
97 580
97 593
97 603
97 613
97 633
97 658
97 697
271 267
271 274
271 347
271 358
271 385
271 405
271 538
271 557
271 558
271 577
271 593
271 613
271 641
271 648
271 683
271 697
274 358
274 577
274 580
274 593
347 54
347 267
347 85
347 153
347 159
347 219
347 385
347 389
347 392
347 418
347 489
347 558
347 577
347 593
347 613
347 633
347 641
347 646
347 658
347 683
347 697
358 54
358 267
358 538
358 557
358 633
358 648
358 697
405 54
405 633
557 54
557 267
557 385
557 538
557 28
557 153
557 159
557 219
557 341
557 389
557 392
557 400
557 418
557 454
557 472
557 476
557 489
557 534
557 558
557 577
557 580
557 585
557 593
557 603
557 604
557 633
557 641
557 646
557 658
557 666
557 683
557 687
557 697
558 54
558 28
558 83
558 85
558 240
558 341
558 353
558 359
558 389
558 392
558 418
558 454
558 472
558 474
558 489
558 577
558 580
558 585
558 603
558 604
558 633
558 641
558 658
558 661
558 666
558 683
580 267
580 418
580 633
580 683
593 267
593 385
593 538
593 577
593 153
593 633
593 648
593 683
593 687
593 697
613 54
613 267
613 538
613 633
613 648
633 54
633 267
633 385
633 538
633 577
633 28
633 83
633 153
633 159
633 341
633 353
633 369
633 389
633 392
633 397
633 400
633 418
633 454
633 465
633 472
633 474
633 489
633 585
633 603
633 604
633 641
633 646
633 697
641 385
641 153
641 159
641 369
641 389
641 392
641 603
641 658
641 697
648 267
683 267
683 577
683 153
687 54
687 267
687 538
697 385
697 577
697 28
697 62
697 83
697 159
697 189
697 353
697 359
697 369
697 389
697 392
697 397
697 401
697 418
697 454
697 465
697 472
697 474
697 489
697 603
697 658
40 159
40 418
40 62
40 240
40 359
40 397
40 465
40 474
40 661
54 267
54 577
54 658
62 189
62 307
62 397
62 465
62 472
62 474
62 489
62 661
153 385
153 577
153 28
153 88
153 159
153 219
153 240
153 341
153 353
153 369
153 389
153 392
153 397
153 400
153 401
153 418
153 454
153 472
153 489
153 646
153 658
159 577
159 28
159 189
159 219
159 240
159 359
159 389
159 397
159 418
159 472
159 474
159 489
159 585
159 604
159 646
159 658
159 661
159 666
219 577
219 83
219 88
219 341
219 353
219 389
219 392
219 400
219 401
219 418
219 476
219 489
219 646
219 658
240 369
240 392
240 418
240 359
240 472
267 577
369 577
369 28
369 83
369 341
369 353
369 88
369 389
369 392
369 400
369 454
369 646
369 658
385 85
385 389
385 392
385 418
385 489
385 577
385 603
385 646
385 658
389 577
389 28
389 83
389 193
389 341
389 88
389 392
389 454
389 646
389 658
397 418
397 189
397 465
397 472
397 474
397 585
397 661
418 83
418 392
418 400
418 307
418 359
418 472
418 489
418 585
418 603
418 604
418 646
418 658
418 661
418 666
489 577
489 392
489 658
489 465
489 189
489 472
489 474
489 585
489 661
585 189
585 307
585 474
585 661
603 577
603 392
658 577
658 28
658 83
658 193
658 392
658 400
658 454
658 646
28 193
28 353
28 400
28 454
28 476
28 609
28 646
28 666
83 193
83 353
83 400
83 454
83 476
83 534
83 646
83 666
341 392
341 646
353 392
353 400
353 401
353 476
353 609
353 646
400 193
400 392
400 401
400 454
400 534
400 646
401 392
401 454
401 476
401 534
401 609
454 193
454 392
454 646
454 666
472 392
472 465
472 359
472 474
577 646
646 88
646 666
106 307
106 583
106 164
106 300
106 487
106 494
307 465
307 359
307 661
307 621
307 376
359 465
359 189
359 661
376 583
465 189
465 474
465 661
474 189
611 583
611 164
611 205
611 494
621 58
621 104
621 195
621 326
621 427
621 475
621 532
621 578
621 618
621 179
621 548
621 630
621 680
392 193
392 88
392 476
392 534
392 604
534 666
58 74
58 104
58 195
58 388
58 427
58 475
58 532
58 578
58 618
58 630
122 264
141 449
141 352
141 656
264 459
532 195
532 326
532 388
532 475
532 578
532 618
532 630
320 377
500 121
514 94
514 165
514 117
514 145
514 175
514 313
514 515
514 595
514 620
620 96
620 117
620 175
620 313
620 450
620 515
620 675
675 602
675 94
675 77
675 595
675 96
675 117
675 145
675 175
675 313
675 450
675 515
23 166
23 421
23 510
166 273
166 501
166 510
166 653
421 258
421 147
421 501
421 510
510 258
510 567
501 147
501 332
501 587
501 653
147 654
567 355
26 276
26 470
26 536
26 545
26 602
26 649
276 218
276 213
276 536
276 545
276 602
276 649
470 218
470 391
470 536
470 602
470 649
536 218
536 116
536 391
536 545
536 602
545 218
545 213
545 602
545 649
602 218
602 116
602 213
602 391
602 649
649 218
649 116
649 213
649 391
218 116
218 213
218 391
270 672
270 436
317 672
436 672
672 109
672 295
672 395
672 692
116 213
116 391
213 391
67 566
497 63
497 221
583 75
583 494
249 196
261 163
261 309
261 528
261 640
542 204
542 488
332 587
332 678
39 619
619 437
619 287
619 387
287 288
287 387
387 288
160 185
160 540
160 588
185 208
185 467
185 540
185 588
208 588
467 524
467 588
588 524
588 540
48 425
48 623
425 299
425 127
425 170
425 225
425 229
425 242
425 282
425 293
425 368
425 375
425 498
425 615
425 623
425 673
425 689
425 691
425 699
623 299
623 127
623 170
623 225
623 229
623 282
623 293
623 337
623 498
623 615
623 673
623 691
623 699
299 127
299 225
299 229
299 242
299 282
299 293
299 337
299 498
299 615
299 673
299 689
299 691
299 699
127 375
127 170
127 229
127 282
127 293
127 368
127 498
127 615
127 673
127 691
225 375
225 229
225 242
225 282
225 293
225 368
225 415
225 498
225 615
225 673
225 691
225 699
229 170
229 282
229 368
229 615
229 673
229 691
229 699
242 375
242 170
242 282
242 293
242 368
242 498
242 673
242 691
282 375
282 337
282 368
282 615
282 689
282 691
293 375
293 170
293 498
293 673
337 375
337 368
337 615
337 673
498 375
498 170
498 368
498 615
498 673
498 699
498 700
615 375
615 170
615 368
615 673
615 691
615 699
673 375
691 375
691 170
691 368
691 699
691 700
699 170
699 368
170 368
368 375
94 96
94 175
94 288
94 313
94 450
94 461
94 515
94 595
126 372
126 396
372 78
372 191
372 396
372 461
396 78
396 461
461 78
461 191
461 515
78 191
96 595
96 117
96 175
96 313
96 450
96 515
175 595
175 117
175 450
175 515
313 595
313 117
313 450
313 515
450 595
450 117
450 515
515 595
515 117
595 165
595 77
595 117
595 128
95 99
95 257
95 655
99 257
99 446
99 655
109 295
109 395
109 692
161 295
161 692
257 446
257 655
395 692
446 655
525 517
525 692
692 295
692 517
56 239
56 380
56 413
56 535
56 589
239 413
239 589
380 413
380 535
380 589
413 535
535 589
535 698
74 104
74 195
74 326
74 427
74 475
74 578
74 618
74 630
104 195
104 326
104 348
104 427
104 475
104 578
104 630
195 348
195 388
195 427
195 475
195 578
195 618
195 630
388 326
388 348
388 427
388 475
388 578
427 348
427 69
427 475
427 578
427 618
427 630
475 326
475 348
475 69
475 578
475 630
578 326
578 348
578 69
578 618
578 630
618 326
618 348
618 630
630 326
326 69
326 348
179 548
63 404
100 685
73 165
165 76
75 365
417 247
247 223
247 409
281 174
281 245
281 409
281 657
309 163
309 528
528 163
528 640
669 562
164 205
164 695
300 205
300 487
487 205
695 230
112 508
115 155
115 252
115 478
115 484
115 486
115 492
155 478
155 486
252 478
252 483
252 484
478 484
478 486
484 483
484 492
486 483
486 492
204 488
587 678
540 524
196 304
196 523
174 245
174 278
174 468
174 657
174 686
245 278
245 468
278 468
278 657
278 686
468 657
468 686
657 686
409 223
197 260
251 503
