85
65
114
39
190
41
50
260
204
115
267
93
108
94
135
19
146
65
308
247
104
218
104
5
168
39
316
179
269
183
256
54
115
50
137
68
173
137
101
76
39
138
239
38
262
27
237
323
142
148
45
312
242
315
201
39
272
162
186
308
209
189
173
117
137
6
135
63
272
111
323
235
239
54
323
84
106
20
195
308
158
160
158
302
273
131
191
105
105
159
116
195
16
54
58
162
298
317
308
111
67
322
186
179
135
242
214
20
41
179
152
57
108
213
217
187
323
146
319
143
41
17
38
135
238
12
188
273
98
162
216
1
249
70
273
67
323
182
112
74
115
308
93
323
222
108
162
50
116
114
186
197
228
263
262
146
51
108
228
123
323
128
150
