886
863
899
427
635
432
246
764
10
966
840
114
6
373
218
113
830
437
876
389
413
740
180
927
321
318
289
13
786
0
854
226
637
87
887
116
379
212
797
631
232
482
5
741
267
571
292
915
163
601
349
143
302
788
67
395
697
614
358
594
398
388
262
443
83
444
617
583
29
251
847
94
111
244
522
802
509
322
136
372
224
585
881
719
259
658
498
380
977
865
441
737
663
655
516
18
239
150
713
370
377
666
156
250
237
705
77
505
205
756
200
144
433
837
513
91
592
415
537
21
266
203
404
4
28
575
479
122
191
535
351
693
129
98
769
531
597
158
184
466
248
709
820
657
447
611
330
263
997
152
895
800
650
353
56
185
316
390
834
746
34
391
878
240
686
216
986
827
540
561
30
958
543
875
146
702
347
277
742
559
530
167
652
608
701
209
430
215
343
532
815
912
335
484
828
140
538
121
477
44
819
222
581
127
807
355
290
660
219
342
195
378
35
371
730
877
341
364
270
570
628
384
294
729
119
92
468
400
759
470
161
981
765
369
464
790
564
783
102
776
824
568
624
80
566
408
987
231
210
204
338
799
288
838
47
669
460
600
579
673
862
808
281
368
936
397
19
411
325
580
31
299
900
954
169
53
425
97
787
52
813
396
959
78
992
179
253
68
990
417
291
439
117
383
354
984
748
160
207
825
366
973
229
24
932
609
320
870
272
352
723
789
785
736
905
172
841
536
596
831
607
567
852
678
139
104
665
541
63
853
691
99
587
728
264
839
644
154
75
712
874
329
778
445
420
501
296
598
982
194
153
339
423
595
367
707
612
165
478
892
963
236
279
196
623
584
307
96
285
589
48
188
310
235
639
382
20
90
476
381
332
386
775
846
599
287
409
255
590
750
295
735
82
190
692
107
629
553
14
526
500
88
681
866
334
503
311
696
833
873
54
703
43
766
208
916
499
699
33
286
275
610
771
151
238
74
436
274
552
690
181
806
547
948
578
510
671
141
459
517
309
708
293
560
588
904
695
173
201
245
434
733
346
704
539
340
950
826
868
175
333
562
193
228
315
529
745
861
148
920
39
898
174
407
991
555
548
362
694
51
791
89
556
960
528
361
65
606
615
855
192
718
73
301
646
350
706
941
182
770
223
754
871
554
849
81
632
804
124
586
523
458
100
763
257
317
823
956
835
252
821
125
670
17
429
768
132
518
492
1
885
84
147
416
166
303
544
426
202
305
850
734
726
508
475
344
465
197
546
917
110
448
662
490
431
108
688
710
731
412
551
485
867
323
265
71
504
467
133
271
72
446
880
576
674
889
545
25
677
923
86
549
931
319
312
440
95
515
480
387
50
300
698
577
105
57
394
565
860
533
308
213
910
573
155
782
186
374
403
493
979
683
913
422
27
502
772
79
93
365
675
313
249
1001
680
591
481
360
832
399
647
225
618
247
732
957
495
233
401
682
164
183
491
496
914
393
751
428
138
645
749
345
514
882
16
326
453
243
463
170
487
135
356
26
563
574
909
66
471
469
359
557
9
803
214
234
461
64
462
947
625
199
273
507
946
942
115
137
511
128
896
280
642
7
779
278
494
817
627
582
134
752
