0 142
0 247
0 274
0 490
0 606
1 53
1 313
1 393
1 499
1 664
2 3
2 4
2 5
2 6
2 12
2 23
2 31
2 71
2 103
2 112
2 115
2 124
2 125
2 126
2 129
2 140
2 143
2 210
2 211
2 216
2 268
2 273
2 277
2 278
2 288
2 298
2 299
2 305
2 323
2 325
2 327
2 329
2 345
2 377
2 390
2 406
2 413
2 422
2 425
2 427
2 439
2 440
2 455
2 459
2 470
2 474
2 483
2 492
2 505
2 506
2 508
2 509
2 512
2 521
2 537
2 547
2 549
2 554
2 555
2 562
2 584
2 591
2 593
2 621
2 628
2 654
2 668
2 675
2 676
2 691
2 699
3 4
3 10
3 12
3 17
3 23
3 24
3 31
3 43
3 46
3 96
3 99
3 103
3 115
3 124
3 125
3 140
3 146
3 152
3 177
3 191
3 197
3 210
3 211
3 216
3 221
3 241
3 247
3 263
3 269
3 273
3 277
3 278
3 279
3 288
3 298
3 305
3 323
3 327
3 342
3 350
3 377
3 405
3 406
3 410
3 413
3 417
3 425
3 427
3 439
3 440
3 450
3 455
3 470
3 474
3 478
3 483
3 493
3 506
3 508
3 509
3 512
3 524
3 526
3 537
3 544
3 547
3 554
3 555
3 558
3 559
3 568
3 577
3 584
3 586
3 593
3 598
3 621
3 654
3 668
3 675
3 676
3 691
3 699
4 103
4 115
4 124
4 125
4 277
4 305
4 323
4 406
4 438
4 474
4 508
4 509
4 555
4 593
4 656
4 668
4 691
5 6
5 12
5 23
5 71
5 79
5 115
5 124
5 125
5 129
5 210
5 211
5 216
5 273
5 277
5 288
5 298
5 305
5 323
5 325
5 329
5 345
5 406
5 421
5 422
5 425
5 427
5 439
5 455
5 459
5 474
5 483
5 488
5 492
5 509
5 512
5 521
5 537
5 547
5 549
5 554
5 555
5 584
5 621
5 656
5 668
5 676
5 699
6 12
6 23
6 79
6 103
6 112
6 115
6 210
6 211
6 216
6 277
6 288
6 298
6 305
6 323
6 325
6 406
6 421
6 422
6 425
6 439
6 459
6 474
6 483
6 492
6 497
6 509
6 512
6 537
6 547
6 549
6 554
6 555
6 584
6 621
6 668
6 676
6 699
7 294
7 303
7 315
7 445
7 540
7 572
7 592
8 12
8 59
8 60
8 76
8 138
8 142
8 153
8 169
8 197
8 201
8 203
8 207
8 215
8 231
8 247
8 250
8 268
8 272
8 274
8 282
8 307
8 314
8 320
8 334
8 360
8 371
8 375
8 440
8 450
8 452
8 462
8 474
8 488
8 498
8 501
8 523
8 556
8 566
9 151
10 12
10 17
10 41
10 46
10 66
10 115
10 124
10 130
10 140
10 142
10 169
10 177
10 184
10 191
10 197
10 221
10 247
10 273
10 278
10 307
10 325
10 342
10 357
10 370
10 377
10 402
10 405
10 417
10 427
10 440
10 466
10 493
10 506
10 508
10 524
10 526
10 544
10 558
10 568
10 577
10 584
10 586
10 605
10 606
10 675
10 677
10 691
11 24
11 93
11 262
11 269
11 270
11 520
11 691
12 23
12 31
12 43
12 59
12 60
12 71
12 76
12 79
12 103
12 112
12 115
12 118
12 124
12 125
12 126
12 129
12 138
12 140
12 142
12 143
12 153
12 169
12 177
12 187
12 197
12 201
12 203
12 207
12 210
12 211
12 215
12 216
12 231
12 247
12 250
12 261
12 265
12 268
12 270
12 272
12 273
12 274
12 277
12 282
12 288
12 297
12 298
12 299
12 304
12 305
12 307
12 314
12 320
12 322
12 323
12 325
12 327
12 334
12 345
12 350
12 352
12 365
12 371
12 375
12 377
12 402
12 406
12 408
12 413
12 422
12 425
12 427
12 439
12 440
12 450
12 452
12 455
12 459
12 462
12 466
12 470
12 474
12 483
12 485
12 488
12 492
12 493
12 498
12 501
12 505
12 506
12 508
12 509
12 512
12 521
12 537
12 544
12 547
12 548
12 549
12 554
12 555
12 556
12 559
12 570
12 581
12 584
12 591
12 605
12 606
12 607
12 621
12 654
12 656
12 668
12 675
12 676
12 677
12 691
12 699
13 44
13 63
13 226
13 482
13 533
13 579
13 589
13 662
13 685
14 54
14 64
14 75
14 104
14 165
14 186
14 225
14 258
14 276
14 319
14 332
14 341
14 381
14 460
14 467
14 471
14 494
14 500
14 519
14 534
14 597
14 612
14 634
14 640
15 50
15 148
15 162
15 198
15 233
15 337
15 388
15 403
15 412
15 418
15 495
15 590
15 600
15 651
16 35
16 144
16 182
16 361
16 446
16 469
17 46
17 58
17 66
17 77
17 124
17 130
17 140
17 152
17 157
17 166
17 172
17 184
17 200
17 221
17 237
17 245
17 263
17 266
17 278
17 279
17 285
17 342
17 357
17 370
17 417
17 432
17 496
17 526
17 530
17 544
17 558
17 568
17 577
17 586
17 598
17 675
17 691
18 20
18 25
18 34
18 49
18 72
18 81
18 114
18 134
18 171
18 232
18 236
18 260
18 302
18 331
18 340
18 343
18 353
18 448
18 451
18 472
18 475
18 487
18 531
18 546
18 550
18 629
18 635
18 637
18 643
18 661
18 674
18 681
18 694
19 183
19 293
19 369
19 578
20 34
20 49
20 51
20 72
20 88
20 114
20 134
20 159
20 194
20 236
20 281
20 302
20 331
20 353
20 354
20 429
20 448
20 472
20 531
20 546
20 550
20 557
20 563
20 629
20 643
20 661
20 674
20 681
20 694
21 169
21 197
21 327
21 440
21 466
21 581
22 68
22 106
22 161
22 242
22 290
22 441
22 486
22 527
22 595
22 659
22 671
22 686
22 696
23 31
23 71
23 79
23 103
23 112
23 115
23 118
23 124
23 125
23 126
23 129
23 143
23 177
23 187
23 210
23 211
23 216
23 268
23 270
23 273
23 277
23 288
23 298
23 299
23 304
23 305
23 309
23 323
23 325
23 327
23 329
23 345
23 365
23 377
23 406
23 413
23 421
23 422
23 425
23 427
23 439
23 440
23 450
23 455
23 459
23 470
23 474
23 483
23 492
23 505
23 506
23 509
23 512
23 521
23 537
23 547
23 549
23 554
23 555
23 584
23 591
23 593
23 621
23 628
23 654
23 656
23 668
23 676
23 691
23 699
24 31
24 45
24 57
24 82
24 93
24 99
24 124
24 262
24 269
24 270
24 493
24 516
24 520
24 574
24 650
24 691
25 48
25 49
25 72
25 113
25 114
25 171
25 236
25 260
25 302
25 340
25 414
25 420
25 448
25 451
25 472
25 475
25 487
25 489
25 513
25 546
25 559
25 635
25 637
25 674
25 681
25 694
26 376
27 67
27 117
27 195
27 254
27 378
27 436
27 457
27 481
27 507
27 517
27 541
27 542
27 580
27 609
28 33
28 42
28 120
28 125
28 206
28 241
28 410
28 444
28 478
28 603
28 605
28 625
28 635
29 36
29 70
29 86
29 89
29 105
29 155
29 188
29 228
29 244
29 251
29 257
29 271
29 306
29 356
29 389
29 442
29 522
29 561
29 630
29 700
30 135
30 179
30 196
30 212
30 220
30 238
30 280
30 287
30 295
30 396
30 404
30 407
30 423
30 461
30 463
30 480
30 582
30 585
30 616
30 648
30 687
31 43
31 93
31 99
31 103
31 124
31 125
31 140
31 177
31 187
31 197
31 247
31 261
31 273
31 279
31 321
31 323
31 327
31 350
31 377
31 405
31 406
31 410
31 413
31 439
31 440
31 450
31 455
31 459
31 470
31 493
31 505
31 506
31 508
31 512
31 549
31 554
31 584
31 591
31 628
31 650
31 654
31 668
31 675
31 691
31 699
32 208
32 256
32 384
32 670
33 644
34 49
34 72
34 88
34 114
34 134
34 150
34 159
34 194
34 281
34 302
34 331
34 354
34 429
34 448
34 472
34 531
34 546
34 550
34 557
34 563
34 564
34 629
34 643
34 661
34 674
34 694
35 144
35 182
35 355
35 361
35 410
35 446
35 469
36 102
36 155
36 192
36 244
36 336
36 356
36 536
36 688
37 454
37 599
38 167
38 259
38 308
38 324
38 387
38 437
38 465
38 518
38 633
38 638
38 667
38 683
39 324
39 362
39 391
39 465
39 514
39 518
39 667
40 91
40 551
40 641
41 191
41 312
41 508
42 120
42 206
42 241
42 559
42 625
42 635
43 71
43 103
43 115
43 124
43 125
43 140
43 143
43 177
43 191
43 216
43 273
43 277
43 278
43 298
43 305
43 309
43 323
43 327
43 377
43 386
43 390
43 406
43 413
43 417
43 422
43 440
43 450
43 459
43 470
43 493
43 505
43 506
43 508
43 509
43 512
43 521
43 547
43 549
43 554
43 555
43 584
43 628
43 650
43 654
43 668
43 676
43 691
44 63
44 226
44 482
44 533
44 579
44 589
44 662
44 685
45 82
45 358
45 373
45 443
45 477
45 516
45 552
45 672
46 58
46 66
46 77
46 124
46 130
46 140
46 146
46 152
46 157
46 166
46 177
46 200
46 221
46 263
46 266
46 278
46 285
46 342
46 370
46 417
46 493
46 524
46 526
46 544
46 558
46 559
46 568
46 577
46 586
46 675
46 680
46 691
47 111
47 116
47 230
47 264
47 275
47 308
47 367
47 435
47 437
47 529
47 667
47 697
48 113
48 171
48 302
48 451
48 475
48 487
48 513
48 637
48 674
49 72
49 81
49 114
49 134
49 171
49 232
49 302
49 331
49 343
49 353
49 448
49 472
49 487
49 531
49 546
49 550
49 629
49 635
49 643
49 661
49 674
49 681
49 694
50 148
50 162
50 233
50 337
50 388
50 403
50 412
50 418
50 495
50 590
50 600
50 651
51 88
51 159
51 194
51 281
51 354
51 531
51 550
51 557
51 603
51 629
51 661
51 674
52 318
52 441
52 464
52 663
53 313
53 499
53 664
54 64
54 75
54 78
54 104
54 165
54 186
54 258
54 276
54 319
54 332
54 341
54 381
54 460
54 467
54 471
54 494
54 500
54 519
54 534
54 597
54 612
54 628
54 634
54 640
55 211
55 298
55 305
55 323
55 509
55 549
55 676
56 83
56 90
56 145
56 160
56 174
56 326
56 336
56 339
56 347
56 397
56 456
56 532
56 543
56 565
56 658
57 93
57 99
57 262
57 269
57 270
57 493
57 520
57 574
57 628
58 77
58 130
58 140
58 152
58 157
58 166
58 172
58 221
58 237
58 263
58 266
58 285
58 342
58 370
58 417
58 432
58 558
58 568
58 577
58 586
58 598
58 604
58 675
59 60
59 76
59 138
59 142
59 169
59 197
59 201
59 203
59 207
59 231
59 247
59 250
59 265
59 272
59 274
59 282
59 307
59 320
59 371
59 439
59 440
59 450
59 462
59 466
59 485
59 498
59 523
59 526
59 556
59 581
59 606
59 677
60 76
60 138
60 142
60 169
60 201
60 203
60 207
60 231
60 247
60 250
60 265
60 272
60 274
60 282
60 297
60 298
60 307
60 320
60 371
60 375
60 402
60 462
60 485
60 498
60 501
60 523
60 526
60 556
60 581
60 606
60 677
61 476
62 135
62 179
62 196
62 212
62 220
62 238
62 280
62 287
62 295
62 396
62 404
62 407
62 423
62 435
62 461
62 463
62 480
62 484
62 582
62 585
62 616
62 648
62 687
63 226
63 275
63 283
63 482
63 533
63 579
63 589
63 662
63 685
64 75
64 78
64 104
64 165
64 170
64 186
64 234
64 258
64 276
64 319
64 332
64 341
64 381
64 460
64 467
64 471
64 494
64 500
64 519
64 534
64 597
64 612
64 634
64 640
65 284
65 323
65 328
65 473
65 476
65 572
65 651
65 699
66 77
66 130
66 140
66 152
66 157
66 221
66 237
66 245
66 263
66 266
66 278
66 285
66 342
66 370
66 417
66 530
66 544
66 558
66 568
66 577
66 586
66 598
66 675
67 117
67 195
67 239
67 378
67 436
67 457
67 507
67 517
67 541
67 542
67 580
67 609
67 620
68 106
68 161
68 242
68 290
68 441
68 486
68 527
68 595
68 611
68 659
68 671
68 686
68 696
69 84
69 178
69 548
69 653
70 102
70 128
70 155
70 188
70 192
70 228
70 244
70 251
70 306
70 356
70 385
70 389
70 465
70 518
70 522
70 536
70 622
70 658
70 700
71 79
71 115
71 124
71 125
71 129
71 187
71 197
71 199
71 210
71 211
71 216
71 268
71 273
71 277
71 298
71 305
71 323
71 325
71 327
71 365
71 406
71 413
71 422
71 425
71 427
71 439
71 440
71 455
71 459
71 470
71 483
71 492
71 497
71 505
71 508
71 509
71 521
71 537
71 547
71 549
71 554
71 555
71 562
71 584
71 593
71 621
71 668
71 676
71 691
71 699
72 81
72 88
72 109
72 114
72 134
72 189
72 190
72 194
72 202
72 214
72 236
72 281
72 302
72 317
72 331
72 335
72 340
72 343
72 353
72 383
72 429
72 448
72 472
72 475
72 487
72 531
72 546
72 550
72 557
72 559
72 563
72 564
72 567
72 614
72 629
72 635
72 643
72 661
72 674
72 681
72 684
72 689
72 694
73 163
73 222
73 409
73 553
73 695
74 86
74 89
74 108
74 252
74 362
74 398
74 442
74 447
74 560
74 613
74 655
75 165
75 186
75 258
75 276
75 319
75 332
75 341
75 381
75 460
75 467
75 471
75 494
75 519
75 534
75 597
75 640
76 138
76 153
76 169
76 201
76 203
76 207
76 215
76 231
76 247
76 250
76 265
76 272
76 274
76 282
76 298
76 307
76 314
76 320
76 334
76 360
76 371
76 375
76 452
76 462
76 498
76 501
76 556
76 566
76 592
77 124
77 130
77 140
77 152
77 157
77 166
77 172
77 177
77 184
77 200
77 221
77 237
77 263
77 266
77 278
77 285
77 342
77 357
77 370
77 417
77 544
77 558
77 568
77 577
77 586
77 598
77 624
77 675
78 165
78 186
78 258
78 276
78 319
78 332
78 381
78 460
78 467
78 471
78 494
78 500
78 534
78 597
78 640
79 115
79 124
79 129
79 210
79 211
79 216
79 273
79 277
79 298
79 305
79 323
79 325
79 327
79 345
79 406
79 421
79 422
79 425
79 439
79 459
79 474
79 483
79 492
79 497
79 509
79 510
79 512
79 547
79 549
79 554
79 584
79 621
79 656
79 668
79 676
79 691
79 699
80 176
80 213
80 239
80 254
80 378
80 401
80 436
80 449
80 457
80 481
80 507
80 517
80 542
80 580
80 620
81 114
81 232
81 448
81 472
81 546
81 550
81 635
81 643
81 661
81 674
81 681
81 694
82 93
82 269
82 373
82 443
82 477
82 506
82 516
82 520
82 552
82 672
83 90
83 145
83 160
83 173
83 174
83 253
83 326
83 336
83 339
83 347
83 397
83 430
83 528
83 532
83 543
83 565
83 623
83 626
83 658
83 698
84 96
84 323
85 327
85 459
86 89
86 105
86 108
86 244
86 251
86 252
86 257
86 271
86 306
86 356
86 389
86 398
86 442
86 447
86 522
86 561
86 613
86 630
86 655
86 700
87 101
87 235
87 243
87 286
87 394
87 411
87 538
87 576
87 602
87 678
88 114
88 150
88 159
88 194
88 219
88 281
88 302
88 331
88 335
88 354
88 472
88 531
88 550
88 557
88 603
88 629
88 643
88 661
88 674
89 105
89 108
89 128
89 228
89 244
89 251
89 252
89 257
89 271
89 306
89 356
89 362
89 389
89 398
89 442
89 447
89 522
89 561
89 613
89 630
89 655
89 700
90 122
90 145
90 158
90 160
90 173
90 174
90 218
90 224
90 253
90 255
90 326
90 330
90 336
90 338
90 339
90 347
90 362
90 380
90 397
90 400
90 430
90 458
90 525
90 528
90 532
90 543
90 565
90 623
90 626
90 631
90 658
90 698
91 92
91 127
91 294
91 303
91 400
91 455
91 479
91 551
91 572
91 592
93 99
93 262
93 269
93 270
93 493
93 516
93 520
93 574
93 628
93 675
94 692
95 102
95 133
95 156
95 192
95 289
95 646
96 124
96 125
96 177
96 309
96 323
96 508
96 548
96 691
97 114
97 134
98 511
98 665
99 262
99 269
99 270
99 520
99 574
99 628
100 134
100 202
100 383
100 614
100 643
101 235
101 243
101 286
101 394
101 411
101 538
101 576
101 602
101 678
102 155
102 192
102 228
102 244
102 289
102 336
102 518
102 700
103 112
103 115
103 124
103 125
103 129
103 140
103 143
103 177
103 187
103 197
103 210
103 211
103 216
103 249
103 270
103 273
103 277
103 288
103 298
103 299
103 305
103 323
103 327
103 377
103 390
103 406
103 413
103 422
103 427
103 438
103 439
103 440
103 450
103 455
103 459
103 470
103 474
103 483
103 492
103 493
103 505
103 506
103 508
103 509
103 512
103 521
103 524
103 537
103 547
103 554
103 555
103 584
103 593
103 610
103 621
103 654
103 656
103 668
103 676
103 691
103 699
104 165
104 186
104 258
104 276
104 319
104 332
104 341
104 381
104 460
104 467
104 471
104 494
104 500
104 519
104 534
104 597
104 612
104 634
104 640
105 244
105 251
105 257
105 271
105 306
105 356
105 389
105 522
105 561
105 630
105 700
106 161
106 242
106 288
106 290
106 441
106 486
106 527
106 595
106 611
106 659
106 671
106 686
106 696
107 279
107 496
108 252
108 398
108 447
108 613
108 655
109 114
109 134
109 189
109 190
109 202
109 214
109 353
109 383
109 546
109 564
109 567
109 614
109 635
109 643
109 684
109 689
110 120
110 206
110 415
110 599
110 670
111 116
111 230
111 264
111 275
111 308
111 367
111 437
111 465
111 529
111 667
111 697
112 115
112 277
112 305
112 323
112 406
112 492
112 509
112 512
112 537
112 547
112 555
112 656
112 676
112 699
113 171
113 302
113 451
113 472
113 487
113 489
113 513
113 546
113 637
113 674
113 694
114 134
114 159
114 171
114 189
114 190
114 194
114 202
114 214
114 281
114 302
114 331
114 353
114 354
114 383
114 448
114 472
114 487
114 489
114 531
114 546
114 550
114 557
114 564
114 567
114 614
114 629
114 635
114 643
114 661
114 674
114 681
114 684
114 689
114 694
115 118
115 124
115 125
115 129
115 177
115 187
115 201
115 207
115 210
115 211
115 215
115 216
115 268
115 273
115 277
115 288
115 298
115 299
115 305
115 307
115 314
115 323
115 325
115 327
115 329
115 345
115 365
115 377
115 406
115 408
115 413
115 421
115 422
115 425
115 427
115 439
115 440
115 450
115 455
115 459
115 470
115 474
115 483
115 488
115 492
115 493
115 497
115 502
115 505
115 508
115 509
115 510
115 512
115 521
115 537
115 547
115 549
115 554
115 555
115 581
115 584
115 593
115 621
115 654
115 656
115 668
115 676
115 691
115 699
116 155
116 176
116 213
116 239
116 254
116 264
116 275
116 308
116 378
116 449
116 457
116 481
116 507
116 517
116 529
116 541
116 542
116 580
116 620
116 667
117 195
117 436
117 457
117 541
117 542
117 580
117 609
118 177
118 201
118 247
118 268
118 298
118 307
118 309
118 334
118 352
118 439
118 440
118 450
118 459
118 470
118 483
118 505
118 509
118 537
118 548
118 549
118 556
118 691
119 215
119 322
119 468
120 125
120 206
120 241
120 261
120 309
120 410
120 478
120 493
120 603
120 635
120 642
121 464
122 158
122 160
122 218
122 224
122 255
122 330
122 338
122 339
122 349
122 362
122 380
122 400
122 458
122 525
122 565
122 631
123 132
123 344
123 434
123 660
124 125
124 129
124 140
124 143
124 152
124 157
124 177
124 184
124 191
124 197
124 210
124 211
124 216
124 221
124 241
124 268
124 273
124 277
124 278
124 279
124 285
124 298
124 299
124 305
124 309
124 323
124 325
124 327
124 342
124 350
124 357
124 365
124 366
124 370
124 377
124 386
124 405
124 406
124 410
124 417
124 421
124 422
124 425
124 427
124 432
124 438
124 439
124 440
124 450
124 455
124 459
124 470
124 474
124 483
124 492
124 493
124 505
124 506
124 508
124 509
124 521
124 524
124 537
124 544
124 547
124 548
124 549
124 554
124 555
124 558
124 559
124 568
124 577
124 586
124 598
124 601
124 610
124 621
124 650
124 654
124 656
124 668
124 675
124 676
124 691
124 699
125 143
125 177
125 197
125 206
125 210
125 216
125 241
125 270
125 273
125 277
125 288
125 298
125 305
125 323
125 325
125 327
125 377
125 406
125 413
125 417
125 422
125 427
125 438
125 439
125 440
125 450
125 455
125 459
125 470
125 474
125 478
125 483
125 493
125 505
125 506
125 508
125 509
125 521
125 537
125 547
125 549
125 554
125 555
125 559
125 577
125 584
125 591
125 593
125 605
125 621
125 628
125 635
125 650
125 668
125 675
125 676
125 691
125 699
126 268
126 277
126 298
126 299
126 304
126 390
126 406
126 425
126 427
126 459
126 505
126 509
126 521
127 328
127 416
127 479
127 594
128 155
128 188
128 228
128 248
128 465
128 518
128 536
128 700
129 138
129 187
129 197
129 210
129 216
129 268
129 273
129 277
129 298
129 299
129 304
129 305
129 323
129 325
129 327
129 377
129 406
129 413
129 421
129 422
129 427
129 439
129 440
129 455
129 459
129 470
129 483
129 492
129 505
129 508
129 509
129 512
129 521
129 554
129 555
129 584
129 593
129 621
129 628
129 654
129 668
129 676
129 677
129 691
129 699
130 140
130 152
130 157
130 172
130 221
130 237
130 263
130 266
130 278
130 285
130 342
130 370
130 417
130 530
130 544
130 558
130 568
130 577
130 586
130 598
130 624
130 675
131 180
131 292
131 657
131 670
132 151
132 344
132 434
132 453
133 156
133 646
134 189
134 190
134 202
134 214
134 302
134 317
134 331
134 335
134 353
134 383
134 448
134 472
134 531
134 546
134 550
134 557
134 564
134 567
134 614
134 629
134 635
134 643
134 661
134 674
134 681
134 684
134 689
135 179
135 196
135 212
135 220
135 238
135 280
135 287
135 295
135 396
135 404
135 407
135 423
135 435
135 461
135 463
135 480
135 484
135 582
135 585
135 616
135 648
135 687
136 209
136 248
136 688
137 359
137 364
137 424
137 632
137 669
137 671
137 701
138 142
138 169
138 197
138 201
138 203
138 207
138 231
138 247
138 250
138 265
138 272
138 274
138 282
138 297
138 298
138 304
138 307
138 314
138 320
138 327
138 371
138 375
138 402
138 413
138 440
138 462
138 466
138 498
138 521
138 523
138 526
138 555
138 556
138 581
138 606
138 675
138 677
139 175
139 185
139 227
139 444
139 625
140 146
140 152
140 157
140 172
140 177
140 200
140 216
140 221
140 247
140 263
140 266
140 273
140 278
140 279
140 285
140 323
140 327
140 342
140 370
140 377
140 406
140 413
140 417
140 427
140 432
140 440
140 450
140 455
140 470
140 483
140 493
140 496
140 505
140 506
140 508
140 509
140 521
140 524
140 526
140 544
140 549
140 558
140 559
140 568
140 577
140 584
140 586
140 593
140 598
140 621
140 650
140 654
140 675
140 691
141 490
142 169
142 177
142 187
142 197
142 201
142 203
142 207
142 247
142 250
142 265
142 270
142 272
142 274
142 277
142 282
142 297
142 298
142 307
142 314
142 320
142 327
142 365
142 371
142 375
142 402
142 413
142 440
142 450
142 462
142 485
142 498
142 505
142 521
142 523
142 526
142 549
142 555
142 556
142 577
142 584
142 603
142 605
142 606
142 668
142 675
142 677
143 216
143 273
143 299
143 321
143 323
143 377
143 439
143 509
143 691
144 182
144 361
144 410
144 446
144 469
145 160
145 174
145 326
145 336
145 339
145 347
145 397
145 456
145 532
145 543
145 565
145 658
146 157
146 177
146 247
146 278
146 279
146 285
146 370
146 377
146 405
146 417
146 496
146 506
146 526
146 558
146 568
146 577
146 586
146 598
146 605
146 675
147 652
148 162
148 233
148 337
148 388
148 403
148 412
148 418
148 495
148 548
148 590
148 600
148 651
149 315
149 392
149 445
149 587
150 159
150 194
150 281
150 335
150 354
150 472
150 550
150 557
150 603
150 661
150 674
152 157
152 166
152 172
152 177
152 184
152 200
152 221
152 237
152 263
152 266
152 278
152 279
152 285
152 342
152 357
152 370
152 417
152 508
152 524
152 544
152 558
152 568
152 577
152 586
152 598
152 624
152 675
152 691
153 201
153 207
153 209
153 215
153 231
153 282
153 334
153 360
153 375
153 452
153 501
153 556
153 592
154 279
154 296
154 506
154 647
155 188
155 192
155 193
155 228
155 244
155 336
155 356
155 385
155 389
155 522
155 536
155 700
156 646
157 166
157 172
157 177
157 200
157 221
157 237
157 263
157 266
157 278
157 279
157 285
157 342
157 357
157 370
157 417
157 496
157 524
157 544
157 558
157 568
157 577
157 586
157 598
157 624
157 675
157 691
158 160
158 218
158 224
158 255
158 330
158 338
158 339
158 362
158 380
158 400
158 458
158 525
158 565
158 631
159 194
159 281
159 302
159 354
159 472
159 531
159 550
159 557
159 603
159 629
159 639
159 643
159 661
159 674
160 173
160 174
160 218
160 253
160 255
160 326
160 330
160 336
160 339
160 347
160 380
160 400
160 430
160 458
160 525
160 528
160 543
160 565
160 623
160 626
160 631
160 658
160 698
161 242
161 290
161 441
161 486
161 527
161 595
161 611
161 659
161 671
161 686
161 696
162 233
162 337
162 388
162 403
162 412
162 418
162 495
162 548
162 590
162 600
162 651
163 188
163 394
163 409
163 553
163 602
163 695
164 497
165 170
165 186
165 234
165 258
165 276
165 319
165 332
165 341
165 381
165 460
165 467
165 471
165 494
165 500
165 519
165 534
165 597
165 612
165 634
165 640
166 221
166 263
166 266
166 417
166 577
166 586
167 259
167 308
167 324
167 387
167 437
167 465
167 518
167 633
167 638
167 667
167 683
168 384
168 652
169 197
169 201
169 203
169 207
169 231
169 247
169 250
169 265
169 272
169 274
169 282
169 297
169 298
169 307
169 314
169 320
169 327
169 371
169 402
169 427
169 439
169 440
169 450
169 462
169 466
169 470
169 498
169 521
169 523
169 526
169 549
169 555
169 556
169 581
169 584
169 606
169 668
169 675
169 677
170 381
170 534
170 640
171 236
171 260
171 302
171 340
171 414
171 420
171 451
171 472
171 475
171 487
171 489
171 513
171 546
171 559
171 637
171 661
171 674
171 681
171 694
172 200
172 221
172 263
172 266
172 279
172 285
172 342
172 370
172 417
172 544
172 558
172 568
172 577
172 586
172 598
172 624
172 675
173 253
173 294
173 339
173 347
173 400
173 430
173 443
173 528
173 565
173 623
173 626
173 698
174 326
174 336
174 339
174 347
174 397
174 456
174 532
174 543
174 565
174 658
175 185
175 625
176 213
176 239
176 254
176 378
176 436
176 449
176 457
176 481
176 507
176 517
176 541
176 542
176 580
176 620
177 187
177 191
177 197
177 216
177 221
177 241
177 247
177 261
177 270
177 273
177 277
177 278
177 288
177 298
177 304
177 305
177 309
177 323
177 327
177 352
177 365
177 370
177 377
177 405
177 406
177 410
177 413
177 417
177 439
177 440
177 450
177 459
177 470
177 478
177 485
177 493
177 496
177 505
177 506
177 508
177 521
177 524
177 526
177 544
177 554
177 555
177 559
177 568
177 577
177 584
177 586
177 591
177 603
177 605
177 628
177 650
177 654
177 668
177 675
177 691
177 699
178 217
178 535
178 653
179 196
179 212
179 220
179 238
179 280
179 287
179 295
179 396
179 404
179 407
179 423
179 435
179 461
179 463
179 480
179 484
179 582
179 585
179 616
179 648
179 687
180 292
180 657
180 670
181 261
181 299
181 377
181 439
181 610
181 615
181 682
182 355
182 361
182 410
182 446
183 204
183 293
183 369
183 502
183 578
183 617
184 191
184 221
184 249
184 263
184 285
184 323
184 342
184 357
184 417
184 508
184 524
184 558
184 586
184 601
185 625
186 234
186 258
186 276
186 319
186 332
186 341
186 381
186 460
186 467
186 471
186 494
186 500
186 519
186 534
186 597
186 612
186 634
186 640
187 216
187 247
187 273
187 274
187 277
187 288
187 298
187 304
187 314
187 323
187 325
187 327
187 365
187 377
187 406
187 422
187 425
187 427
187 439
187 440
187 450
187 459
187 466
187 474
187 483
187 492
187 493
187 505
187 506
187 509
187 512
187 521
187 537
187 554
187 555
187 584
187 593
187 621
187 654
187 668
187 676
187 691
187 699
188 222
188 228
188 248
188 356
188 394
188 409
188 518
188 536
188 553
188 695
189 190
189 202
189 353
189 383
189 567
189 614
189 635
189 643
189 684
189 689
190 202
190 214
190 353
190 383
190 472
190 503
190 567
190 614
190 635
190 643
190 684
190 689
191 216
191 249
191 350
191 493
191 506
191 508
191 524
191 554
191 601
191 691
192 228
192 244
192 289
192 385
192 700
193 195
193 541
193 580
194 219
194 281
194 302
194 331
194 335
194 354
194 472
194 531
194 550
194 557
194 603
194 629
194 643
194 661
194 674
195 239
195 378
195 436
195 457
195 507
195 541
195 542
195 580
195 609
195 620
196 212
196 220
196 238
196 280
196 287
196 396
196 404
196 407
196 423
196 461
196 463
196 480
196 484
196 582
196 616
196 648
196 687
197 201
197 203
197 231
197 241
197 247
197 250
197 268
197 272
197 274
197 282
197 297
197 298
197 305
197 307
197 314
197 320
197 321
197 323
197 325
197 327
197 334
197 371
197 375
197 406
197 427
197 440
197 450
197 462
197 466
197 474
197 478
197 485
197 491
197 493
197 498
197 506
197 508
197 521
197 535
197 537
197 555
197 556
197 559
197 581
197 610
197 621
197 675
197 677
197 691
198 233
198 337
198 388
198 418
199 211
199 298
199 459
199 593
200 221
200 263
200 278
200 279
200 285
200 342
200 417
200 496
200 558
200 568
200 577
200 586
200 598
200 675
200 691
201 203
201 207
201 215
201 231
201 246
201 247
201 250
201 265
201 268
201 272
201 274
201 277
201 282
201 291
201 297
201 298
201 307
201 314
201 320
201 321
201 327
201 334
201 360
201 371
201 375
201 402
201 406
201 408
201 413
201 427
201 439
201 440
201 450
201 452
201 462
201 474
201 498
201 501
201 549
201 555
201 556
201 566
201 581
201 592
201 606
201 607
201 668
201 673
201 677
202 214
202 302
202 353
202 383
202 472
202 503
202 546
202 550
202 567
202 614
202 635
202 643
202 661
202 674
202 684
202 689
203 207
203 231
203 247
203 250
203 265
203 272
203 274
203 282
203 298
203 307
203 314
203 320
203 371
203 375
203 402
203 440
203 450
203 462
203 485
203 498
203 523
203 526
203 556
203 581
203 592
203 606
203 607
203 673
203 675
203 677
204 293
204 369
204 578
204 617
205 393
205 569
206 241
206 410
206 419
206 478
206 603
206 628
206 635
207 215
207 231
207 247
207 250
207 272
207 274
207 282
207 298
207 307
207 314
207 320
207 325
207 371
207 375
207 439
207 452
207 462
207 498
207 501
207 549
207 556
207 668
207 673
208 363
208 384
209 248
209 536
209 688
210 211
210 216
210 273
210 277
210 298
210 301
210 305
210 323
210 325
210 327
210 366
210 406
210 421
210 422
210 425
210 439
210 455
210 459
210 470
210 474
210 483
210 492
210 497
210 506
210 508
210 509
210 512
210 521
210 554
210 555
210 584
210 621
210 654
210 656
210 668
210 676
210 691
210 699
211 216
211 273
211 277
211 298
211 305
211 323
211 325
211 327
211 329
211 421
211 422
211 425
211 427
211 439
211 455
211 459
211 483
211 492
211 497
211 506
211 509
211 510
211 512
211 547
211 549
211 554
211 555
211 584
211 621
211 656
211 668
211 676
211 699
212 220
212 238
212 280
212 287
212 295
212 396
212 404
212 407
212 423
212 461
212 463
212 480
212 484
212 582
212 585
212 616
212 648
212 687
213 239
213 254
213 378
213 401
213 436
213 449
213 457
213 481
213 507
213 517
213 541
213 542
213 580
213 620
214 302
214 353
214 383
214 472
214 550
214 564
214 567
214 614
214 643
214 661
214 674
214 689
215 231
215 250
215 268
215 282
215 307
215 314
215 322
215 325
215 334
215 360
215 375
215 440
215 452
215 498
215 501
215 549
215 556
215 592
216 240
216 268
216 273
216 277
216 288
216 298
216 299
216 305
216 309
216 323
216 325
216 327
216 329
216 345
216 365
216 377
216 390
216 406
216 413
216 421
216 422
216 425
216 427
216 439
216 440
216 450
216 455
216 459
216 470
216 474
216 483
216 492
216 493
216 497
216 505
216 506
216 508
216 509
216 510
216 512
216 521
216 537
216 547
216 549
216 554
216 555
216 562
216 584
216 591
216 621
216 654
216 656
216 668
216 675
216 676
216 691
216 699
218 224
218 255
218 330
218 338
218 339
218 349
218 362
218 380
218 400
218 458
218 525
218 565
218 631
219 331
219 335
219 354
219 531
219 550
219 557
219 661
220 238
220 280
220 287
220 295
220 396
220 404
220 407
220 423
220 435
220 461
220 463
220 480
220 484
220 582
220 585
220 616
220 648
220 687
221 237
221 245
221 263
221 266
221 278
221 279
221 285
221 323
221 342
221 357
221 370
221 417
221 524
221 530
221 544
221 558
221 568
221 577
221 586
221 598
221 624
221 675
221 691
222 300
223 227
223 426
224 255
224 330
224 338
224 339
224 380
224 400
224 458
224 565
224 631
225 258
225 319
225 332
225 640
226 283
226 482
226 533
226 579
226 589
226 662
226 685
227 444
227 625
228 244
228 356
228 389
228 522
228 700
229 583
230 264
230 275
230 308
230 367
230 437
230 465
230 529
230 667
230 697
231 247
231 250
231 268
231 272
231 274
231 282
231 298
231 307
231 314
231 320
231 325
231 327
231 334
231 371
231 375
231 413
231 439
231 440
231 452
231 462
231 498
231 505
231 549
231 556
231 592
231 606
231 677
232 448
232 546
232 694
233 337
233 388
233 403
233 412
233 418
233 495
233 590
233 600
233 651
234 460
234 534
235 243
235 286
235 394
235 411
235 538
235 544
235 575
235 602
235 678
236 302
236 340
236 451
236 472
236 475
236 487
236 531
236 546
236 559
236 571
236 635
236 637
236 661
236 674
236 681
237 245
237 263
237 285
237 342
237 370
237 417
237 530
237 558
237 568
237 577
237 586
237 598
238 239
238 280
238 287
238 295
238 396
238 404
238 407
238 423
238 435
238 461
238 463
238 480
238 484
238 582
238 585
238 616
238 648
238 687
239 254
239 287
239 378
239 404
239 407
239 435
239 436
239 449
239 457
239 480
239 481
239 507
239 517
239 541
239 542
239 580
239 582
239 609
239 620
239 648
240 345
240 372
240 508
241 305
241 323
241 410
241 440
241 470
241 478
241 493
241 603
241 635
241 691
242 288
242 290
242 441
242 486
242 527
242 595
242 611
242 621
242 645
242 659
242 671
242 686
242 696
243 286
243 394
243 411
243 482
243 538
243 544
243 575
243 576
243 602
243 678
244 251
244 257
244 271
244 306
244 356
244 389
244 442
244 522
244 561
244 630
244 700
245 263
245 530
246 298
246 334
246 360
246 408
246 501
247 250
247 265
247 272
247 273
247 274
247 277
247 282
247 291
247 296
247 297
247 298
247 304
247 307
247 314
247 320
247 327
247 350
247 365
247 371
247 375
247 377
247 402
247 405
247 406
247 413
247 427
247 439
247 440
247 450
247 459
247 462
247 466
247 470
247 474
247 478
247 485
247 491
247 493
247 498
247 501
247 505
247 506
247 521
247 523
247 526
247 544
247 555
247 556
247 577
247 581
247 584
247 603
247 605
247 606
247 607
247 610
247 621
247 668
247 673
247 675
247 677
247 691
248 394
248 536
248 688
249 524
249 601
250 265
250 272
250 274
250 282
250 297
250 298
250 307
250 314
250 320
250 327
250 371
250 375
250 402
250 440
250 450
250 452
250 462
250 498
250 501
250 523
250 556
250 581
250 606
250 607
250 673
250 677
251 257
251 271
251 306
251 356
251 389
251 442
251 522
251 561
251 630
251 700
252 398
252 447
252 560
252 613
252 655
253 339
253 347
253 430
253 528
253 565
253 623
253 626
253 698
254 287
254 378
254 401
254 407
254 436
254 449
254 457
254 481
254 507
254 517
254 541
254 542
254 580
254 620
255 330
255 338
255 339
255 349
255 362
255 380
255 400
255 458
255 525
255 565
255 631
257 271
257 306
257 356
257 389
257 442
257 522
257 561
257 630
257 700
258 276
258 319
258 332
258 341
258 381
258 460
258 467
258 471
258 494
258 500
258 519
258 534
258 588
258 597
258 612
258 628
258 634
258 640
259 308
259 324
259 518
259 633
259 638
260 340
260 472
260 475
260 487
260 489
260 546
260 637
261 413
261 427
261 450
261 478
261 493
261 508
261 603
261 608
261 610
261 682
262 269
262 270
262 493
262 520
262 574
263 266
263 278
263 285
263 342
263 357
263 370
263 417
263 530
263 544
263 558
263 568
263 577
263 586
263 598
263 624
263 675
264 275
264 308
264 367
264 435
264 437
264 465
264 529
264 667
264 697
265 272
265 274
265 282
265 297
265 307
265 320
265 371
265 462
265 498
265 523
265 555
265 556
265 606
265 677
266 285
266 342
266 370
266 417
266 544
266 558
266 568
266 577
266 586
266 598
266 624
266 675
267 392
268 273
268 277
268 282
268 298
268 299
268 305
268 309
268 325
268 334
268 345
268 352
268 375
268 377
268 406
268 408
268 413
268 422
268 425
268 427
268 439
268 440
268 455
268 459
268 474
268 485
268 492
268 505
268 509
268 521
268 537
268 547
268 549
268 554
268 555
268 556
268 584
268 591
268 593
268 621
268 628
268 668
268 676
268 691
269 270
269 493
269 516
269 520
269 574
269 628
269 650
270 323
270 413
270 439
270 440
270 450
270 493
270 505
270 520
270 537
270 584
270 675
271 306
271 356
271 389
271 442
271 522
271 561
271 630
271 700
272 274
272 282
272 291
272 298
272 307
272 320
272 371
272 375
272 402
272 413
272 462
272 498
272 523
272 556
272 581
272 606
272 673
272 677
273 277
273 288
273 298
273 299
273 304
273 305
273 323
273 325
273 327
273 345
273 352
273 365
273 377
273 390
273 406
273 413
273 421
273 422
273 425
273 427
273 439
273 440
273 450
273 455
273 459
273 470
273 474
273 483
273 492
273 493
273 505
273 506
273 508
273 509
273 512
273 521
273 537
273 547
273 549
273 554
273 555
273 584
273 591
273 593
273 621
273 628
273 654
273 656
273 668
273 675
273 676
273 682
273 691
273 699
274 277
274 282
274 297
274 298
274 307
274 314
274 320
274 365
274 371
274 375
274 402
274 406
274 440
274 450
274 462
274 466
274 485
274 491
274 498
274 505
274 523
274 526
274 556
274 581
274 606
274 607
274 668
274 673
274 675
274 677
275 283
275 308
275 367
275 437
275 482
275 529
275 533
275 589
275 662
275 667
275 685
275 697
276 319
276 332
276 341
276 381
276 460
276 467
276 471
276 494
276 500
276 519
276 534
276 597
276 612
276 634
276 640
277 282
277 288
277 298
277 299
277 304
277 305
277 323
277 325
277 327
277 345
277 365
277 377
277 406
277 413
277 421
277 422
277 425
277 427
277 439
277 440
277 450
277 455
277 459
277 466
277 470
277 474
277 483
277 485
277 492
277 493
277 505
277 506
277 508
277 509
277 510
277 512
277 521
277 537
277 547
277 549
277 554
277 555
277 562
277 570
277 584
277 591
277 593
277 610
277 621
277 628
277 654
277 656
277 668
277 676
277 691
277 699
278 279
278 285
278 342
278 370
278 405
278 417
278 432
278 496
278 506
278 508
278 524
278 526
278 544
278 558
278 568
278 577
278 586
278 598
278 675
278 680
278 691
279 285
279 296
279 342
279 370
279 483
279 496
279 524
279 558
279 568
279 586
279 598
279 647
279 675
279 691
280 287
280 295
280 396
280 404
280 407
280 423
280 435
280 461
280 463
280 480
280 484
280 582
280 585
280 616
280 648
280 687
281 302
281 354
281 472
281 531
281 550
281 557
281 603
281 629
281 639
281 643
281 661
281 674
282 298
282 307
282 314
282 320
282 325
282 327
282 334
282 371
282 375
282 402
282 427
282 440
282 452
282 462
282 466
282 485
282 498
282 501
282 505
282 523
282 549
282 555
282 556
282 581
282 592
282 606
282 607
282 673
282 677
283 482
283 533
283 589
283 662
283 685
285 342
285 370
285 417
285 544
285 558
285 568
285 577
285 586
285 598
285 675
285 691
286 411
286 538
286 576
286 602
286 678
287 295
287 396
287 404
287 407
287 423
287 435
287 461
287 463
287 480
287 484
287 580
287 582
287 585
287 616
287 648
287 687
288 298
288 299
288 305
288 323
288 327
288 345
288 365
288 377
288 406
288 413
288 422
288 425
288 427
288 439
288 440
288 450
288 455
288 459
288 470
288 474
288 483
288 491
288 492
288 505
288 506
288 509
288 512
288 521
288 537
288 547
288 549
288 554
288 555
288 584
288 621
288 654
288 668
288 676
288 691
288 699
290 441
290 486
290 527
290 595
290 659
290 671
290 686
290 696
291 374
291 539
291 627
292 384
292 400
292 415
292 535
292 540
292 652
292 670
293 369
293 578
293 617
294 315
294 400
294 479
294 551
294 572
295 396
295 404
295 407
295 423
295 435
295 461
295 463
295 480
295 484
295 582
295 585
295 616
295 648
295 687
296 377
296 496
296 675
297 298
297 307
297 320
297 371
297 395
297 450
297 462
297 498
297 555
297 556
298 299
298 301
298 304
298 305
298 307
298 314
298 320
298 323
298 325
298 327
298 334
298 345
298 365
298 371
298 375
298 377
298 390
298 402
298 406
298 408
298 413
298 421
298 422
298 425
298 427
298 439
298 440
298 450
298 455
298 459
298 462
298 466
298 470
298 474
298 483
298 488
298 492
298 493
298 497
298 498
298 505
298 506
298 508
298 509
298 510
298 512
298 521
298 537
298 547
298 549
298 554
298 555
298 556
298 570
298 581
298 584
298 591
298 593
298 606
298 621
298 654
298 656
298 668
298 676
298 691
298 699
299 305
299 323
299 377
299 390
299 406
299 413
299 422
299 425
299 439
299 440
299 450
299 455
299 459
299 483
299 505
299 509
299 521
299 547
299 549
299 554
299 555
299 621
299 628
299 654
299 668
299 676
299 691
301 325
301 512
302 317
302 331
302 340
302 353
302 354
302 414
302 448
302 451
302 472
302 475
302 487
302 489
302 513
302 531
302 546
302 550
302 557
302 559
302 563
302 564
302 629
302 635
302 637
302 643
302 661
302 674
302 681
302 694
303 328
303 400
303 592
304 327
304 413
304 439
304 440
304 450
304 459
304 505
304 521
304 584
305 323
305 325
305 327
305 345
305 377
305 406
305 413
305 422
305 425
305 427
305 438
305 439
305 440
305 455
305 459
305 474
305 478
305 483
305 492
305 493
305 497
305 505
305 506
305 508
305 509
305 510
305 512
305 521
305 537
305 547
305 549
305 554
305 555
305 559
305 584
305 593
305 621
305 628
305 650
305 656
305 668
305 675
305 676
305 691
305 699
306 356
306 389
306 442
306 522
306 561
306 630
306 700
307 314
307 320
307 371
307 375
307 402
307 427
307 440
307 452
307 462
307 466
307 485
307 498
307 523
307 526
307 549
307 555
307 556
307 581
307 592
307 606
307 607
307 677
308 324
308 367
308 387
308 437
308 465
308 518
308 529
308 633
308 638
308 667
308 683
308 697
309 325
309 386
309 406
309 470
309 483
309 493
309 506
309 508
309 549
309 558
309 601
309 691
310 535
310 596
310 599
310 652
311 387
312 473
312 515
312 651
313 431
313 499
313 618
313 664
314 327
314 334
314 375
314 402
314 406
314 413
314 440
314 450
314 462
314 491
314 501
314 523
314 556
314 581
314 584
314 668
314 677
314 691
315 392
315 445
315 587
316 555
316 676
317 472
317 550
317 629
317 643
317 661
317 674
318 663
319 332
319 341
319 381
319 460
319 467
319 471
319 494
319 500
319 519
319 534
319 588
319 597
319 612
319 628
319 634
319 640
320 371
320 375
320 462
320 498
320 523
320 556
320 581
320 607
320 677
321 352
321 365
321 459
322 440
322 468
322 483
323 325
323 327
323 329
323 345
323 365
323 377
323 390
323 406
323 413
323 417
323 422
323 425
323 427
323 438
323 439
323 440
323 455
323 459
323 470
323 474
323 483
323 492
323 493
323 505
323 506
323 508
323 509
323 512
323 521
323 537
323 547
323 548
323 549
323 554
323 555
323 577
323 584
323 593
323 621
323 628
323 654
323 656
323 668
323 676
323 682
323 691
323 699
324 362
324 387
324 391
324 437
324 465
324 514
324 518
324 633
324 638
324 667
324 690
325 327
325 365
325 406
325 413
325 421
325 422
325 425
325 427
325 439
325 440
325 450
325 455
325 459
325 470
325 474
325 483
325 492
325 497
325 505
325 509
325 512
325 521
325 537
325 547
325 549
325 554
325 555
325 556
325 562
325 584
325 593
325 621
325 654
325 656
325 668
325 676
325 691
326 336
326 339
326 347
326 397
326 456
326 532
326 543
326 565
326 658
327 365
327 377
327 382
327 390
327 406
327 413
327 422
327 427
327 439
327 440
327 450
327 455
327 459
327 462
327 466
327 470
327 474
327 483
327 485
327 491
327 492
327 493
327 497
327 505
327 506
327 508
327 509
327 512
327 521
327 526
327 549
327 554
327 555
327 581
327 584
327 593
327 610
327 621
327 628
327 654
327 656
327 668
327 675
327 676
327 677
327 691
328 416
328 476
328 479
329 421
329 422
329 425
329 483
329 509
329 555
329 676
330 338
330 339
330 362
330 380
330 400
330 458
330 525
330 565
330 631
331 429
331 448
331 472
331 531
331 546
331 550
331 557
331 563
331 629
331 643
331 661
331 674
331 681
331 694
332 341
332 381
332 460
332 467
332 471
332 494
332 500
332 519
332 534
332 597
332 612
332 628
332 634
332 640
333 441
333 464
334 360
334 375
334 408
334 452
334 501
334 556
334 566
334 592
335 550
335 557
335 629
335 643
335 674
336 339
336 347
336 397
336 456
336 532
336 543
336 565
336 658
337 388
337 403
337 412
337 418
337 495
337 590
337 600
337 651
338 380
338 400
338 458
338 565
338 631
339 347
339 362
339 380
339 397
339 400
339 430
339 456
339 458
339 525
339 528
339 532
339 543
339 565
339 623
339 631
339 658
340 451
340 472
340 475
340 487
340 489
340 513
340 546
340 559
340 571
340 637
340 643
340 674
340 694
341 381
341 460
341 467
341 471
341 494
341 500
341 519
341 534
341 588
341 597
341 612
341 634
341 640
342 357
342 370
342 417
342 544
342 558
342 568
342 577
342 586
342 598
342 624
342 675
343 546
343 681
343 694
344 434
344 473
344 619
344 660
345 406
345 413
345 422
345 425
345 439
345 455
345 459
345 483
345 492
345 497
345 502
345 508
345 509
345 510
345 512
345 549
345 555
345 584
345 668
345 676
345 699
346 433
347 397
347 430
347 456
347 528
347 532
347 543
347 565
347 623
347 626
347 658
347 698
348 351
348 379
348 540
349 380
349 400
349 458
349 631
350 601
350 603
351 379
352 439
352 493
352 549
353 383
353 472
353 531
353 546
353 550
353 567
353 614
353 635
353 643
353 661
353 674
353 681
353 684
353 689
353 694
354 472
354 531
354 550
354 557
354 603
354 629
354 639
354 643
354 661
354 674
355 361
355 410
355 446
356 389
356 442
356 522
356 561
356 630
356 700
357 417
357 508
357 558
357 568
357 601
358 368
359 364
359 424
359 632
359 669
359 671
360 375
360 408
360 452
360 501
360 556
360 592
361 410
361 446
362 380
362 391
362 400
362 458
362 465
362 514
362 518
362 565
362 613
362 631
362 667
363 384
363 596
363 652
363 666
364 424
364 632
364 669
364 671
365 406
365 413
365 422
365 425
365 427
365 439
365 440
365 450
365 455
365 459
365 470
365 483
365 505
365 509
365 512
365 537
365 547
365 549
365 555
365 584
365 593
365 621
365 668
365 676
365 691
365 699
366 508
367 437
367 529
367 667
367 697
369 502
369 578
369 617
370 417
370 496
370 506
370 524
370 544
370 558
370 568
370 577
370 586
370 598
370 675
370 680
370 691
371 375
371 413
371 440
371 450
371 462
371 498
371 523
371 556
371 581
371 606
371 677
373 443
373 477
373 516
373 552
373 672
374 539
375 440
375 452
375 462
375 474
375 498
375 501
375 505
375 523
375 549
375 556
375 607
376 570
377 406
377 410
377 422
377 425
377 427
377 439
377 440
377 450
377 455
377 459
377 466
377 470
377 483
377 493
377 505
377 506
377 508
377 509
377 512
377 521
377 537
377 547
377 549
377 554
377 555
377 577
377 584
377 605
377 610
377 621
377 654
377 668
377 675
377 676
377 680
377 691
377 699
378 401
378 436
378 449
378 457
378 481
378 507
378 517
378 541
378 542
378 580
378 620
379 583
380 400
380 458
380 525
380 565
380 631
381 460
381 467
381 471
381 494
381 500
381 519
381 534
381 597
381 612
381 628
381 634
381 640
382 399
382 405
382 493
382 605
383 503
383 564
383 567
383 614
383 635
383 643
383 684
383 689
384 596
384 652
384 666
384 670
386 521
386 691
387 437
387 518
387 667
387 683
388 403
388 412
388 418
388 495
388 590
388 600
388 651
389 442
389 522
389 561
389 630
389 700
390 406
390 422
390 455
390 459
390 474
390 483
390 505
390 506
390 508
390 509
390 521
390 554
390 555
390 628
390 676
391 465
391 514
391 518
391 667
391 690
392 445
392 587
394 411
394 538
394 576
394 602
394 678
396 404
396 407
396 423
396 435
396 461
396 463
396 480
396 484
396 582
396 585
396 616
396 648
396 687
397 456
397 532
397 543
397 565
397 658
398 447
398 560
398 613
398 655
399 605
399 692
400 458
400 525
400 565
400 583
400 592
400 631
401 457
401 580
401 620
402 427
402 498
402 556
402 581
402 606
402 677
403 412
403 418
403 495
403 590
403 600
403 651
404 407
404 423
404 435
404 461
404 463
404 480
404 484
404 504
404 582
404 585
404 616
404 648
404 687
405 496
405 506
405 605
405 675
406 413
406 422
406 425
406 427
406 439
406 440
406 450
406 455
406 459
406 470
406 474
406 483
406 485
406 492
406 493
406 497
406 505
406 506
406 508
406 509
406 512
406 521
406 523
406 537
406 547
406 549
406 554
406 555
406 556
406 562
406 570
406 584
406 591
406 593
406 610
406 621
406 628
406 654
406 656
406 668
406 675
406 676
406 682
406 691
406 699
407 423
407 435
407 461
407 463
407 480
407 484
407 504
407 580
407 582
407 585
407 616
407 648
407 687
408 501
408 549
408 556
409 553
409 695
410 440
410 446
410 469
410 478
410 493
410 506
410 508
410 559
410 603
410 610
410 628
410 635
410 650
410 675
411 538
411 576
411 602
411 678
412 418
412 495
412 590
412 600
413 422
413 425
413 427
413 439
413 440
413 450
413 455
413 459
413 462
413 466
413 470
413 474
413 483
413 485
413 493
413 505
413 506
413 509
413 512
413 521
413 537
413 547
413 549
413 554
413 555
413 610
413 621
413 668
413 676
413 677
413 691
413 699
414 472
414 475
414 487
414 637
416 433
416 476
416 479
416 502
417 432
417 493
417 496
417 508
417 524
417 544
417 558
417 568
417 577
417 586
417 598
417 604
417 675
417 680
417 691
418 495
418 590
418 600
418 651
419 646
420 451
420 475
420 487
420 489
420 513
421 422
421 425
421 439
421 483
421 492
421 497
421 512
421 547
421 554
421 555
421 621
421 656
421 668
421 676
422 425
422 427
422 439
422 440
422 455
422 459
422 470
422 474
422 483
422 492
422 497
422 505
422 506
422 509
422 512
422 521
422 547
422 549
422 554
422 555
422 562
422 584
422 593
422 621
422 654
422 656
422 668
422 676
422 691
423 463
423 480
423 484
423 582
423 616
423 648
423 687
424 632
424 669
424 671
425 427
425 439
425 440
425 455
425 459
425 470
425 474
425 483
425 488
425 492
425 497
425 505
425 509
425 510
425 512
425 521
425 547
425 549
425 554
425 555
425 584
425 621
425 654
425 656
425 668
425 676
425 691
425 699
427 439
427 440
427 450
427 455
427 459
427 470
427 474
427 483
427 485
427 498
427 505
427 506
427 508
427 509
427 521
427 526
427 537
427 547
427 549
427 554
427 555
427 556
427 584
427 593
427 621
427 628
427 668
427 676
427 691
427 699
428 502
429 550
429 563
429 629
429 661
430 528
430 565
430 623
430 626
430 698
431 499
431 664
432 559
432 568
432 577
432 675
432 691
433 596
434 453
434 619
434 660
435 461
435 463
435 480
435 507
435 529
435 580
435 582
435 585
435 687
436 449
436 457
436 481
436 507
436 517
436 541
436 542
436 580
436 609
436 620
437 465
437 518
437 529
437 633
437 667
437 683
437 697
438 478
439 440
439 450
439 455
439 459
439 466
439 470
439 474
439 483
439 492
439 497
439 505
439 509
439 512
439 521
439 537
439 547
439 549
439 554
439 555
439 562
439 581
439 584
439 593
439 621
439 654
439 668
439 675
439 676
439 691
439 699
440 450
440 455
440 459
440 462
440 466
440 470
440 474
440 483
440 485
440 492
440 493
440 498
440 505
440 506
440 508
440 509
440 521
440 537
440 547
440 549
440 554
440 555
440 556
440 570
440 581
440 584
440 606
440 607
440 610
440 621
440 654
440 668
440 675
440 676
440 677
440 691
440 699
441 464
441 486
441 527
441 595
441 659
441 671
441 686
441 696
442 447
442 522
442 561
442 630
442 700
443 477
443 516
443 552
443 672
444 625
444 635
445 572
446 469
447 560
447 613
447 655
448 472
448 487
448 531
448 546
448 550
448 629
448 661
448 674
448 681
448 694
449 457
449 481
449 507
449 517
449 541
449 542
449 580
449 620
450 455
450 459
450 462
450 466
450 470
450 474
450 483
450 485
450 493
450 498
450 505
450 506
450 509
450 511
450 521
450 547
450 554
450 555
450 556
450 584
450 591
450 606
450 610
450 621
450 654
450 668
450 675
450 676
450 682
450 691
450 699
451 472
451 475
451 487
451 489
451 513
451 546
451 559
451 637
451 674
451 681
451 694
452 556
452 566
452 592
454 599
455 459
455 470
455 483
455 492
455 505
455 506
455 508
455 509
455 512
455 521
455 537
455 547
455 549
455 554
455 555
455 562
455 570
455 584
455 591
455 593
455 621
455 654
455 668
455 675
455 676
455 691
455 699
456 532
456 543
456 565
456 658
457 481
457 507
457 517
457 541
457 542
457 580
457 609
457 620
458 525
458 565
458 631
459 470
459 474
459 483
459 492
459 505
459 506
459 508
459 509
459 512
459 521
459 537
459 547
459 549
459 554
459 555
459 584
459 591
459 593
459 621
459 628
459 654
459 656
459 668
459 675
459 676
459 691
459 699
460 467
460 471
460 494
460 500
460 519
460 534
460 597
460 612
460 628
460 634
460 640
461 463
461 480
461 484
461 582
461 585
461 616
461 648
461 687
462 466
462 491
462 498
462 556
462 581
462 607
462 677
463 480
463 484
463 582
463 585
463 616
463 648
463 687
465 514
465 518
465 529
465 667
466 470
466 485
466 521
466 526
466 555
466 606
466 621
466 677
467 471
467 494
467 500
467 519
467 534
467 597
467 634
467 640
469 535
470 483
470 492
470 493
470 505
470 506
470 508
470 509
470 512
470 521
470 537
470 544
470 547
470 554
470 555
470 584
470 591
470 621
470 654
470 668
470 676
470 691
470 699
471 494
471 500
471 519
471 534
471 588
471 597
471 612
471 634
471 640
472 475
472 487
472 489
472 513
472 531
472 546
472 550
472 557
472 559
472 563
472 564
472 567
472 571
472 614
472 629
472 635
472 637
472 643
472 661
472 674
472 681
472 694
473 503
473 515
473 651
474 483
474 488
474 492
474 493
474 505
474 508
474 509
474 512
474 521
474 537
474 547
474 549
474 554
474 555
474 584
474 593
474 621
474 656
474 668
474 676
474 691
475 487
475 489
475 513
475 531
475 546
475 559
475 637
475 674
475 681
475 694
477 516
477 552
477 672
478 508
478 559
478 603
478 605
478 635
478 675
478 691
480 484
480 582
480 585
480 616
480 648
480 687
481 507
481 517
481 541
481 542
481 580
481 620
482 533
482 579
482 589
482 662
482 685
483 492
483 497
483 505
483 506
483 508
483 509
483 510
483 512
483 521
483 537
483 547
483 549
483 554
483 555
483 584
483 593
483 621
483 656
483 668
483 676
483 691
483 699
484 582
484 585
484 616
484 648
484 687
485 493
485 498
485 526
485 584
485 606
485 675
485 677
486 527
486 595
486 611
486 621
486 659
486 671
486 686
486 696
487 489
487 513
487 546
487 559
487 635
487 637
487 674
487 681
487 694
488 509
488 556
488 668
488 699
489 513
489 546
489 637
489 674
489 694
492 497
492 506
492 509
492 512
492 521
492 547
492 549
492 554
492 555
492 584
492 591
492 621
492 654
492 656
492 668
492 676
492 691
492 699
493 505
493 506
493 508
493 521
493 526
493 544
493 549
493 554
493 558
493 584
493 591
493 603
493 621
493 628
493 650
493 654
493 675
493 691
493 699
494 500
494 519
494 534
494 597
494 612
494 628
494 634
494 640
495 590
495 600
495 651
496 506
496 558
496 568
496 586
496 647
496 675
496 691
497 510
497 554
497 555
497 621
497 656
497 668
497 676
497 693
498 523
498 556
498 581
498 606
498 668
498 673
498 677
499 664
500 519
500 534
500 597
500 612
500 634
500 640
500 679
501 556
502 617
503 545
503 567
503 614
503 625
503 635
503 643
503 651
503 684
503 689
504 585
505 506
505 509
505 512
505 521
505 537
505 547
505 549
505 554
505 555
505 584
505 593
505 621
505 628
505 654
505 656
505 668
505 675
505 676
505 691
505 699
506 508
506 509
506 521
506 524
506 526
506 537
506 544
506 547
506 549
506 554
506 555
506 558
506 584
506 593
506 621
506 628
506 647
506 650
506 654
506 668
506 675
506 676
506 691
506 699
507 517
507 541
507 542
507 580
507 609
507 620
508 509
508 521
508 524
508 537
508 544
508 549
508 554
508 555
508 558
508 568
508 577
508 584
508 593
508 601
508 603
508 628
508 650
508 654
508 656
508 668
508 675
508 691
508 699
509 512
509 521
509 537
509 547
509 549
509 554
509 555
509 584
509 593
509 621
509 656
509 668
509 676
509 691
509 699
510 512
510 554
510 656
510 676
510 699
512 521
512 537
512 547
512 549
512 554
512 555
512 584
512 621
512 654
512 656
512 668
512 676
512 691
512 699
513 546
513 637
513 674
513 681
513 694
514 518
514 667
514 690
515 651
516 552
516 672
517 541
517 542
517 580
517 620
518 633
518 638
518 667
518 683
518 690
519 534
519 588
519 597
519 640
520 574
520 628
521 537
521 547
521 549
521 554
521 555
521 577
521 584
521 593
521 621
521 628
521 668
521 675
521 676
521 677
521 691
521 699
522 561
522 630
522 700
523 556
523 677
524 558
524 568
524 586
524 601
524 675
524 691
525 565
525 631
526 544
526 558
526 577
526 605
526 675
526 677
527 595
527 611
527 659
527 671
527 686
527 696
528 565
528 623
528 626
528 698
529 667
529 697
531 546
531 550
531 557
531 629
531 643
531 661
531 674
531 681
531 694
532 543
532 565
532 658
533 579
533 589
533 662
533 685
534 597
534 612
534 634
534 640
535 573
535 596
535 599
535 652
535 653
535 670
536 688
537 547
537 549
537 555
537 584
537 591
537 593
537 621
537 668
537 676
537 691
537 699
538 544
538 575
538 576
538 602
538 678
539 627
541 542
541 580
541 609
541 620
542 580
542 609
542 620
543 565
543 658
543 700
544 558
544 568
544 577
544 586
544 675
544 678
544 691
545 635
546 550
546 564
546 567
546 614
546 629
546 635
546 637
546 643
546 661
546 674
546 681
546 689
546 694
547 549
547 554
547 555
547 584
547 593
547 621
547 654
547 656
547 668
547 676
547 691
547 699
548 590
549 554
549 555
549 556
549 584
549 591
549 621
549 628
549 668
549 675
549 676
549 691
549 699
550 557
550 563
550 564
550 603
550 629
550 643
550 661
550 674
550 681
550 694
551 599
552 672
553 695
554 555
554 562
554 584
554 591
554 593
554 621
554 654
554 656
554 668
554 676
554 691
554 699
555 562
555 584
555 591
555 593
555 621
555 628
555 654
555 656
555 668
555 676
555 682
555 691
555 696
555 699
556 581
556 592
556 606
556 607
556 668
556 673
556 677
557 563
557 603
557 629
557 639
557 643
557 661
557 674
558 568
558 577
558 586
558 598
558 606
558 675
558 680
558 691
559 577
559 603
559 637
559 674
559 675
559 691
561 630
561 700
562 676
563 629
563 661
563 674
564 643
564 661
564 674
564 681
564 694
565 623
565 626
565 631
565 658
565 698
566 592
567 614
567 635
567 643
567 674
567 684
567 689
568 577
568 586
568 598
568 675
568 691
570 584
570 591
570 668
572 618
573 618
573 653
575 678
576 602
576 678
577 586
577 598
577 604
577 605
577 621
577 675
577 691
578 617
579 589
579 662
579 685
580 582
580 609
580 620
581 673
581 677
582 585
582 616
582 648
582 687
584 621
584 654
584 668
584 676
584 691
584 699
585 616
585 648
585 687
586 598
586 675
586 691
588 612
588 640
589 662
589 685
590 600
590 651
591 621
591 668
591 676
591 691
593 621
593 654
593 676
593 699
595 611
595 659
595 671
595 686
595 696
596 652
596 666
597 612
597 634
597 640
598 675
599 652
600 651
602 678
603 605
605 675
605 692
606 677
609 620
610 682
611 615
611 621
611 671
611 686
612 634
612 640
613 655
614 635
614 643
614 684
614 689
616 648
616 687
621 654
621 656
621 668
621 671
621 676
621 691
621 696
621 699
623 626
623 698
625 635
626 698
628 640
628 650
628 654
628 676
629 643
629 661
629 674
629 681
630 700
632 669
632 671
632 701
633 638
633 667
634 640
634 679
635 637
635 643
635 651
635 674
635 681
635 684
635 689
636 652
636 670
637 674
637 681
637 694
638 667
643 661
643 674
643 681
643 684
643 689
643 694
645 659
645 671
645 686
645 696
648 687
649 653
650 691
652 670
654 656
654 668
654 676
654 691
654 699
656 668
656 676
656 691
656 699
659 671
659 686
659 696
661 674
661 681
661 694
662 685
667 690
668 676
668 691
668 699
669 671
669 701
671 686
671 696
671 701
674 681
674 694
675 677
675 691
676 691
676 699
681 694
682 691
684 689
686 696
691 699
