98
182
2
200
134
71
5
9
85
139
304
265
1
269
76
67
4
26
153
246
142
227
97
266
93
135
309
117
203
158
107
121
159
54
310
271
233
99
185
178
312
24
183
324
116
174
272
302
211
291
22
288
119
305
255
20
38
138
316
204
8
56
136
317
131
50
172
126
128
157
42
103
27
242
0
315
75
165
33
129
168
112
326
104
176
25
275
6
111
105
170
308
231
81
244
216
72
249
289
133
3
188
45
80
241
177
40
322
259
256
65
251
236
184
320
201
43
207
91
122
83
307
218
298
262
297
217
137
113
235
303
108
319
239
146
7
143
286
73
36
96
160
292
260
294
41
215
64
110
293
164
323
274
150
152
240
59
92
299
284
314
74
205
