657
194
109
586
388
573
197
357
496
626
54
108
568
472
498
436
53
61
231
336
643
538
95
559
51
527
387
607
207
537
68
353
402
482
469
624
501
31
584
684
122
601
325
379
410
407
580
155
398
140
341
112
441
335
173
338
344
539
251
331
178
451
258
612
524
614
360
179
505
215
650
377
208
138
385
594
79
98
372
374
32
99
111
136
78
415
401
516
635
243
240
24
113
312
361
466
311
217
581
38
236
261
225
25
183
366
124
625
168
105
534
454
46
544
34
234
661
462
337
535
307
161
473
333
59
611
230
339
468
159
464
12
669
177
195
588
162
322
75
332
58
188
160
543
117
90
245
60
528
139
610
499
73
504
76
126
551
565
502
487
293
305
577
137
130
408
358
403
169
404
280
72
205
359
170
50
33
550
386
65
470
219
622
209
346
133
495
64
587
269
463
479
608
540
198
425
675
87
576
420
569
518
613
30
118
603
35
363
244
146
187
489
526
49
189
181
485
174
227
121
417
517
589
96
273
176
9
106
92
334
582
82
287
175
158
186
147
292
80
627
593
467
604
211
571
378
541
48
409
636
248
520
530
36
202
134
351
442
56
340
201
26
399
271
422
23
107
119
615
440
370
618
62
400
549
623
558
628
471
465
157
190
152
57
597
