506
152
275
265
832
718
654
277
243
24
115
481
134
224
504
335
349
530
350
66
379
703
259
23
897
315
457
312
483
89
968
284
289
975
239
283
549
221
382
40
135
671
674
758
325
676
784
607
139
505
321
740
253
727
471
80
862
597
992
896
717
629
124
800
588
422
631
458
371
827
421
418
835
68
495
414
304
978
554
650
660
310
99
402
10
380
694
518
825
725
16
807
50
47
787
562
288
558
120
52
688
887
345
685
944
585
72
543
526
501
515
324
161
546
553
269
445
272
767
150
871
498
192
656
126
109
516
172
268
354
149
561
899
17
132
313
823
653
404
77
632
542
184
706
351
892
641
868
196
867
292
756
417
609
802
127
464
940
642
509
814
342
280
29
199
548
341
296
108
194
511
155
492
91
412
143
582
308
260
276
90
508
261
189
500
28
374
156
365
193
859
14
622
330
34
183
545
927
306
584
735
255
496
326
375
352
951
405
876
810
502
881
336
852
783
643
190
452
901
617
890
329
566
590
237
873
760
601
591
627
751
678
238
386
158
274
721
780
215
425
565
870
314
86
486
423
191
119
51
479
734
842
204
606
218
776
523
222
252
207
226
128
610
637
390
110
845
655
465
173
302
206
912
828
337
141
599
916
663
100
834
234
709
437
361
271
0
646
157
114
293
146
399
815
817
490
340
295
21
331
403
360
847
541
524
737
552
943
476
977
372
997
31
900
430
355
197
854
894
729
994
704
247
996
482
567
949
803
744
712
278
616
195
691
774
409
583
586
874
615
525
154
367
373
203
618
370
213
461
356
723
645
200
572
449
488
303
178
140
79
753
45
123
813
614
359
540
25
364
667
248
579
209
983
420
612
786
394
102
463
406
875
763
507
389
623
913
719
966
419
442
6
98
521
381
531
782
267
444
898
22
426
410
942
661
26
7
148
624
864
628
348
111
242
844
965
305
608
673
92
391
728
736
475
319
82
575
366
491
462
633
43
377
431
320
514
175
436
640
408
75
210
781
936
652
647
112
478
245
170
427
125
668
346
885
333
18
683
63
666
902
960
715
358
846
714
681
556
911
279
287
593
489
716
165
439
448
589
841
257
187
625
649
316
202
779
327
563
307
746
510
739
166
658
603
831
460
138
392
339
596
180
720
398
416
878
713
849
93
97
95
153
64
580
434
13
400
136
711
602
819
621
281
707
856
785
648
71
208
484
41
396
263
56
20
256
915
851
837
1001
555
677
697
961
104
96
105
866
474
453
171
467
564
225
732
415
103
291
657
168
182
877
227
493
151
754
893
605
290
27
528
698
533
299
722
745
357
771
101
708
446
368
611
752
662
385
395
58
137
594
447
217
33
282
822
311
145
113
229
947
30
309
174
249
695
443
262
696
522
759
230
236
264
232
503
850
334
35
635
223
347
638
571
733
578
451
185
266
680
57
88
122
499
770
806
73
9
731
231
81
700
459
907
790
214
468
129
710
179
512
636
626
595
133
576
980
54
466
19
338
600
450
219
532
889
909
147
738
250
538
976
768
853
273
407
485
383
48
300
692
730
397
353
497
888
429
181
693
401
699
644
791
860
792
332
724
547
384
413
812
805
363
799
953
318
201
251
163
577
470
987
246
886
880
670
411
839
84
387
87
473
557
833
286
53
74
65
956
954
682
78
241
537
581
94
675
808
777
982
169
963
121
244
821
469
317
778
592
988
513
285
494
550
428
747
362
551
205
869
328
167
1
905
863
343
861
838
587
517
44
931
76
378
270
4
883
536
679
879
369
769
659
388
804
393
858
560
107
477
840
186
5
233
775
240
999
529
634
15
106
83
598
820
