0 23
0 70
23 9
23 47
23 67
23 107
23 118
70 47
70 71
9 110
9 118
47 107
47 79
47 136
47 118
47 35
47 99
47 100
47 31
47 36
67 4
67 15
67 27
67 49
67 73
67 74
67 76
67 91
67 99
67 136
107 35
107 136
118 35
118 100
71 20
71 46
71 58
71 22
71 69
71 88
71 100
71 130
71 137
35 10
35 27
35 100
136 15
136 60
136 99
1 24
24 12
24 30
24 31
24 90
24 98
24 104
24 112
24 129
12 30
30 18
31 112
31 129
31 87
31 57
31 66
31 90
31 124
31 125
90 129
90 29
90 41
90 50
90 122
90 124
98 2
98 29
98 72
98 7
98 83
98 114
98 139
104 32
104 25
112 106
112 140
129 82
106 46
106 124
106 50
106 59
140 46
140 89
140 34
82 10
82 64
82 113
82 132
2 29
2 114
29 66
29 109
29 114
29 139
114 72
66 72
66 83
66 133
66 48
66 116
66 125
109 53
109 26
139 6
139 53
139 7
139 37
139 83
7 83
83 133
3 28
28 65
65 16
65 85
16 13
16 44
16 117
16 123
16 141
85 84
4 79
4 121
4 127
4 138
79 42
79 138
121 58
121 127
138 91
138 94
15 42
15 87
15 61
15 99
15 111
27 110
27 99
27 103
27 119
49 14
49 43
49 94
73 42
73 80
73 108
74 5
74 111
76 42
76 99
76 55
76 62
76 96
99 36
42 8
42 17
42 19
42 48
42 77
42 80
42 86
42 87
58 20
58 94
94 43
94 97
5 32
32 120
120 133
120 40
120 95
120 126
111 52
111 40
111 55
111 119
6 53
53 48
53 51
53 116
48 80
48 133
51 116
37 135
133 87
133 102
133 61
133 18
8 77
8 80
77 80
77 108
80 96
19 108
19 55
19 62
19 96
19 134
86 134
87 10
87 36
108 55
108 62
108 96
108 134
55 40
55 62
55 119
62 134
134 119
100 69
100 88
10 52
10 102
52 93
64 113
64 132
113 132
11 84
11 92
84 33
84 92
92 13
92 33
33 123
13 101
18 61
101 78
101 117
44 123
117 141
78 39
78 128
39 128
128 38
38 43
43 45
43 97
119 103
20 46
20 89
20 130
46 34
46 57
46 122
122 41
122 59
22 69
21 105
21 115
105 115
105 131
115 135
131 135
124 75
95 126
126 56
45 97
54 63
54 68
68 81
