0 30
0 156
0 272
0 431
1 46
1 145
1 172
1 177
1 227
1 258
1 299
1 419
1 427
2 98
2 110
2 111
2 130
2 153
2 238
2 365
3 10
3 11
3 21
3 55
3 58
3 268
3 291
3 344
3 376
3 385
3 395
3 400
4 223
5 29
5 72
5 117
5 149
5 216
5 235
5 236
5 268
5 291
5 303
5 344
5 359
5 364
5 403
6 35
6 105
6 118
6 141
6 147
6 154
6 197
6 210
6 221
6 222
6 245
6 247
6 248
6 288
6 301
6 346
6 419
7 31
7 197
7 304
7 367
8 52
8 62
8 180
8 283
8 329
8 331
8 448
9 33
9 82
9 158
9 231
9 267
9 301
9 306
9 335
9 343
9 414
9 445
10 55
10 107
10 268
10 344
10 376
10 385
11 55
11 79
11 376
11 395
12 44
12 52
12 101
12 166
12 199
12 310
13 116
13 118
13 119
13 210
13 224
13 226
13 230
13 233
13 255
13 300
13 371
13 408
13 410
13 418
14 51
14 106
14 111
14 271
14 392
15 52
15 95
15 136
15 146
15 164
15 172
15 208
15 215
15 277
15 304
15 331
15 353
15 411
15 427
16 23
16 216
16 218
16 351
16 388
17 258
17 292
17 333
17 360
17 394
17 412
17 423
17 445
18 100
18 140
18 175
18 265
19 89
19 150
19 210
19 410
20 183
20 185
20 239
20 280
20 369
20 448
21 103
21 149
21 218
21 268
21 375
22 25
22 83
22 111
22 130
22 131
22 205
22 212
22 238
22 241
22 349
22 350
22 371
22 387
22 419
23 27
23 79
23 212
23 218
23 220
23 236
23 238
23 264
23 274
23 293
23 363
23 380
23 412
24 97
24 119
24 229
24 406
24 420
24 430
24 449
25 110
25 111
25 112
25 130
25 131
25 153
25 238
25 269
25 274
25 305
25 320
25 405
25 421
26 52
26 59
26 71
26 95
26 165
26 181
26 202
26 215
26 218
26 334
26 379
27 33
27 79
27 113
27 130
27 159
27 167
27 197
27 222
27 264
27 315
27 335
27 393
27 419
27 445
28 82
28 86
28 122
28 201
28 211
28 231
28 266
28 267
28 282
28 338
28 343
28 350
28 394
28 414
28 445
29 41
29 48
29 235
29 268
29 291
29 297
29 303
29 375
30 96
30 431
31 116
31 124
31 168
31 189
31 210
31 300
31 353
31 363
32 37
32 97
32 129
32 134
32 151
32 248
32 323
32 429
32 434
33 66
33 75
33 76
33 82
33 147
33 151
33 158
33 173
33 176
33 211
33 260
33 267
33 286
33 298
33 335
33 343
33 350
33 378
33 381
33 393
34 67
34 83
34 86
34 95
34 111
34 130
34 189
34 212
34 215
34 288
34 306
34 318
34 338
34 343
34 359
34 414
34 448
35 81
35 89
35 113
35 141
35 152
35 155
35 172
35 197
35 214
35 220
35 227
35 258
35 279
35 306
35 328
35 350
35 362
36 69
36 79
36 363
37 77
37 97
37 133
37 141
37 240
37 255
37 323
37 377
37 434
38 146
38 167
38 184
38 200
38 218
38 253
38 310
38 337
38 371
39 105
39 376
40 224
40 432
40 433
40 441
41 290
41 385
42 74
42 348
43 175
43 428
43 439
44 82
44 99
44 136
44 146
44 162
44 206
44 242
44 291
44 310
44 337
44 375
44 391
44 393
44 411
44 412
45 52
45 107
45 147
45 162
45 172
45 206
45 287
45 294
45 303
45 380
45 403
45 422
46 47
46 106
46 122
46 145
46 174
46 186
46 253
46 394
46 445
47 94
47 116
47 204
47 294
47 303
47 380
48 53
48 55
48 200
48 215
48 268
48 281
48 334
48 344
48 375
48 388
48 391
49 67
49 124
49 133
49 300
49 316
49 340
49 342
49 360
49 381
49 408
49 412
49 429
50 54
50 94
50 327
50 353
50 354
50 386
50 411
50 446
51 369
51 392
52 53
52 101
52 105
52 117
52 127
52 136
52 199
52 201
52 218
52 227
52 234
52 241
52 283
52 317
52 329
52 331
52 359
52 368
52 391
52 445
53 56
53 58
53 171
53 268
53 344
53 390
54 215
54 251
54 353
54 379
54 411
54 446
55 58
55 157
55 268
55 344
55 376
55 385
55 395
55 419
56 58
56 102
56 268
56 344
57 80
57 131
57 275
57 319
57 320
57 333
58 188
58 190
58 344
58 376
58 385
58 395
58 413
59 71
59 99
59 165
59 218
59 318
59 411
59 422
60 210
60 268
61 64
61 82
61 130
61 131
61 211
61 212
61 231
61 241
61 267
61 343
61 414
61 445
62 151
62 247
62 321
62 378
62 386
62 451
63 139
63 159
63 241
63 258
63 273
63 315
63 319
63 419
64 86
64 88
64 139
64 212
64 231
64 269
65 177
65 326
65 426
66 115
66 126
66 206
66 300
66 380
66 419
66 428
66 438
67 77
67 124
67 133
67 134
67 206
67 207
67 236
67 244
67 300
67 353
67 357
67 412
67 429
68 161
68 236
68 371
68 383
70 123
70 312
70 410
70 418
70 424
70 447
71 200
71 202
71 215
71 218
71 334
71 338
71 402
71 442
72 87
72 149
72 268
72 358
72 390
73 90
73 91
73 157
73 190
73 347
73 383
73 390
73 422
73 444
74 150
74 278
74 348
74 419
74 432
75 100
75 124
75 227
75 366
75 378
75 408
75 411
76 78
76 115
76 343
77 222
77 243
77 340
77 412
77 434
77 442
78 82
78 158
78 225
78 258
78 324
78 343
78 431
79 80
79 130
79 139
79 141
79 159
79 193
79 222
79 236
79 264
79 287
79 335
79 419
79 431
80 86
80 131
80 139
80 176
80 293
80 319
80 320
80 419
80 421
81 113
81 155
81 172
81 210
81 256
81 277
81 279
81 303
81 362
81 388
81 410
82 136
82 139
82 152
82 154
82 167
82 198
82 213
82 241
82 267
82 322
82 364
82 391
82 393
82 394
82 414
82 427
82 445
83 98
83 175
83 189
83 194
83 205
83 238
83 241
83 243
83 258
83 349
83 365
83 381
83 387
83 388
83 425
83 428
83 439
84 116
84 118
84 134
84 378
84 410
84 415
84 436
85 87
85 102
85 105
85 235
85 268
85 290
85 358
85 375
86 111
86 112
86 130
86 131
86 145
86 176
86 196
86 211
86 241
86 250
86 259
86 293
86 339
86 352
86 382
86 416
86 421
86 445
87 102
87 197
87 235
87 268
87 358
88 196
88 212
88 305
89 99
89 130
89 293
89 391
90 127
91 190
91 234
91 271
91 295
91 347
91 399
91 405
91 452
92 107
92 137
92 146
92 154
92 156
92 311
92 445
93 197
95 146
95 189
95 208
95 210
95 277
95 299
95 334
95 390
95 427
96 122
97 108
97 124
97 134
97 178
97 207
97 229
97 245
97 255
97 276
97 302
97 316
97 323
97 346
97 434
97 449
98 110
98 153
98 228
98 238
98 365
99 107
99 125
99 134
99 138
99 152
99 172
99 200
99 206
99 218
99 231
99 241
99 257
99 273
99 318
99 334
99 353
99 381
99 391
99 393
99 415
99 436
100 211
100 265
100 333
100 350
100 366
100 378
100 393
101 127
101 164
101 167
101 199
101 227
101 253
101 277
101 301
101 311
101 313
101 317
101 331
101 359
102 127
102 171
102 268
102 290
102 344
102 385
103 249
103 291
103 329
103 400
104 162
104 178
104 254
104 363
104 412
104 419
105 117
105 167
105 301
105 319
105 360
106 186
106 215
106 227
106 250
106 263
106 392
106 411
107 109
107 127
107 152
107 167
107 177
107 197
107 218
107 235
107 241
107 264
107 287
107 304
107 311
107 315
107 366
107 393
107 419
108 134
108 174
108 245
108 429
108 430
109 133
109 150
109 217
109 322
109 327
110 153
110 228
110 238
110 331
110 365
111 130
111 131
111 153
111 196
111 202
111 227
111 238
111 293
111 338
111 365
111 394
111 421
111 425
111 443
111 445
112 176
112 179
112 187
112 259
112 269
112 293
112 397
112 421
112 442
113 123
113 155
113 210
113 236
114 225
114 407
115 231
115 284
115 324
115 387
116 134
116 138
116 210
116 224
116 230
116 260
116 262
116 312
116 378
116 396
116 404
116 408
116 410
116 415
116 424
116 447
116 450
117 141
117 146
117 168
117 172
117 297
117 299
117 308
117 314
117 424
118 123
118 130
118 147
118 210
118 215
118 230
118 260
118 312
118 334
118 408
118 410
118 418
118 424
118 433
118 447
119 162
119 194
119 203
119 206
119 207
119 233
119 241
119 253
119 274
119 300
119 357
119 360
119 381
119 412
119 419
119 429
119 441
119 449
120 131
120 289
120 343
120 394
121 231
121 306
122 138
122 145
122 154
122 201
123 129
123 134
123 138
123 147
123 207
123 221
123 292
123 341
123 362
123 415
123 436
124 133
124 134
124 162
124 168
124 189
124 194
124 207
124 233
124 240
124 255
124 340
124 342
124 353
124 380
124 381
124 412
124 420
124 438
125 138
125 216
125 436
126 206
126 300
126 304
126 323
126 380
126 412
126 429
126 434
127 137
127 182
127 277
127 280
127 452
128 200
128 215
128 236
128 253
128 299
128 334
128 389
129 134
129 138
129 194
129 233
129 245
129 300
129 309
129 312
129 340
129 360
129 363
129 367
129 381
129 410
129 415
130 131
130 176
130 196
130 206
130 212
130 227
130 238
130 241
130 293
130 315
130 320
130 365
130 391
130 394
130 421
130 425
130 445
131 179
131 212
131 218
131 231
131 269
131 274
131 314
131 338
131 394
131 421
131 445
132 143
132 336
132 451
133 134
133 162
133 174
133 178
133 194
133 206
133 207
133 215
133 243
133 261
133 300
133 342
133 353
133 357
133 360
133 391
133 412
133 429
134 138
134 206
134 240
134 245
134 255
134 292
134 300
134 316
134 323
134 340
134 360
134 363
134 374
134 380
134 410
134 412
134 415
134 429
134 434
134 436
134 449
135 220
135 301
135 317
135 411
136 191
136 236
136 241
136 315
137 142
137 156
137 201
137 250
137 311
138 200
138 218
138 231
138 257
138 315
138 318
138 334
138 353
138 378
138 388
138 410
138 436
139 163
139 176
139 196
139 197
139 212
139 214
139 241
139 252
139 258
139 269
139 274
139 305
139 320
139 339
139 426
140 350
140 416
141 159
141 220
141 281
141 293
141 332
142 236
142 287
143 146
143 211
143 247
143 336
143 386
143 451
144 258
145 251
145 258
146 186
146 200
146 215
146 218
146 277
146 301
146 306
146 308
146 313
146 334
146 337
146 384
146 436
147 211
147 221
147 227
147 260
148 297
148 303
148 329
149 249
149 268
149 400
149 403
150 161
150 184
150 226
150 253
150 322
150 325
150 359
150 364
150 415
150 448
151 219
151 233
151 245
151 251
151 268
151 327
151 337
151 394
151 408
151 412
151 414
151 428
152 163
152 172
152 174
152 201
152 202
152 218
152 241
152 304
152 306
152 318
152 353
152 359
152 366
152 367
152 379
152 391
152 419
153 228
153 238
153 365
154 167
154 172
154 211
154 253
154 301
154 306
154 319
154 322
154 364
154 366
154 368
154 393
154 421
154 435
155 168
155 197
155 215
155 218
155 279
155 353
155 362
155 372
155 419
156 168
156 250
156 257
156 270
156 271
156 272
156 311
156 339
156 379
156 383
156 390
156 405
156 434
157 171
157 190
157 223
157 257
157 290
157 377
157 383
157 390
157 403
157 422
158 173
158 211
158 218
158 267
158 285
158 286
158 324
158 343
158 428
158 445
159 203
159 273
159 335
160 325
160 332
160 448
161 189
161 200
161 207
161 215
161 238
161 261
161 301
161 304
161 351
161 370
162 194
162 207
162 240
162 258
162 276
162 292
162 300
162 316
162 357
162 374
162 412
162 420
163 174
163 187
163 197
163 201
163 213
163 216
163 218
163 241
163 293
163 363
163 372
163 396
163 419
163 426
164 174
164 207
164 246
164 313
164 317
164 331
164 380
165 236
165 359
165 371
166 167
166 194
166 211
166 227
166 299
166 313
166 337
166 370
166 389
166 443
167 282
167 306
167 313
167 361
167 370
167 435
167 443
167 448
168 238
168 240
168 243
168 257
168 279
168 339
168 390
168 410
168 422
169 185
169 215
169 338
170 216
171 234
171 268
171 270
171 290
171 358
171 385
171 390
171 403
171 409
172 184
172 189
172 210
172 222
172 227
172 281
172 306
172 311
172 325
172 344
172 359
172 369
172 411
172 419
172 448
173 193
173 231
173 267
173 289
173 343
173 414
173 445
174 216
174 241
174 267
174 293
174 394
174 414
174 437
175 205
175 377
175 428
175 439
176 196
176 241
176 253
176 259
176 293
176 355
176 397
176 421
176 428
177 426
178 207
178 255
178 363
178 412
178 449
179 184
179 212
179 213
179 218
179 238
179 252
179 419
179 421
180 192
181 240
182 184
182 185
182 287
182 353
182 359
182 391
182 452
183 280
183 423
184 201
184 280
184 368
184 370
186 242
186 384
187 228
187 241
187 302
187 352
187 421
188 290
188 385
188 403
189 206
189 207
189 210
189 216
189 236
189 243
189 244
189 248
189 294
189 300
189 302
189 340
189 357
189 360
189 367
189 381
189 412
189 437
190 295
190 297
190 358
190 390
190 399
191 359
192 322
192 419
193 254
193 285
193 445
194 209
194 243
194 294
194 342
194 381
194 396
194 424
195 203
196 212
196 269
196 293
196 305
196 350
196 352
196 382
196 394
197 221
197 241
197 258
197 279
197 283
197 301
197 352
197 391
197 394
198 226
198 364
199 236
199 331
199 356
199 391
199 417
200 221
200 263
200 334
200 351
200 370
201 230
201 241
201 250
201 272
201 407
201 431
201 445
202 238
202 379
202 394
202 402
202 442
205 238
205 241
205 349
205 387
205 428
206 214
206 222
206 233
206 244
206 300
206 323
206 340
206 360
206 380
206 381
206 395
206 412
207 214
207 243
207 248
207 255
207 258
207 261
207 292
207 313
207 340
207 351
207 357
207 360
207 380
207 381
207 408
207 410
207 411
207 429
208 214
208 427
209 237
209 294
209 315
209 335
209 340
209 419
210 218
210 221
210 262
210 301
210 306
210 371
210 410
210 415
211 215
211 250
211 259
211 263
211 267
211 268
211 298
211 303
211 350
211 373
211 378
211 381
211 393
211 398
211 408
211 411
211 412
211 414
211 416
211 428
211 451
212 269
212 274
212 305
212 319
212 338
212 387
212 394
213 319
213 372
214 330
214 357
214 372
214 383
214 405
214 419
214 444
214 451
215 221
215 234
215 243
215 249
215 253
215 269
215 299
215 307
215 318
215 331
215 334
215 338
215 340
215 370
215 371
215 379
215 422
215 429
216 258
216 300
217 364
217 401
218 227
218 241
218 291
218 300
218 308
218 353
218 357
218 378
218 388
218 393
218 408
218 411
218 422
219 227
219 336
219 350
219 389
219 435
220 236
220 353
220 391
221 257
221 334
221 338
221 371
221 379
221 410
221 415
222 241
222 245
222 264
222 315
222 340
222 412
222 419
222 429
224 233
224 255
224 300
224 418
224 433
224 441
225 407
226 278
226 325
226 364
227 254
227 285
227 300
227 317
227 326
227 358
227 387
227 389
227 391
227 437
227 438
227 451
228 238
228 288
228 333
228 349
228 365
229 233
229 245
229 255
229 300
229 406
229 441
229 449
230 313
230 418
230 443
231 343
231 394
231 414
231 438
231 445
232 266
232 323
232 380
233 255
233 300
233 302
233 323
233 357
233 381
233 437
233 441
234 270
234 282
234 405
235 268
235 287
235 375
236 263
236 344
236 355
236 402
236 421
236 442
237 308
238 241
238 243
238 350
238 365
238 421
238 425
238 428
239 338
239 368
240 442
241 253
241 280
241 342
241 349
241 369
241 387
241 412
241 419
242 380
243 245
243 300
243 357
243 360
243 381
243 412
243 449
244 252
244 304
244 340
244 360
244 381
244 410
244 429
245 300
245 340
245 357
245 406
245 412
245 429
245 437
245 449
246 265
246 350
247 321
247 386
247 389
247 448
247 451
249 303
249 308
249 375
249 443
250 306
250 311
250 313
250 393
250 416
250 419
250 443
251 317
251 446
252 263
252 286
252 293
252 412
253 280
253 287
253 308
253 330
253 331
253 391
253 393
253 412
253 426
253 429
253 435
253 438
253 451
254 286
254 287
254 363
254 364
254 395
254 412
254 419
255 276
255 302
255 323
255 377
255 412
255 420
255 429
255 434
255 441
255 442
256 433
257 295
257 339
257 383
257 390
257 436
257 444
258 267
258 279
258 293
258 372
258 374
258 407
258 412
258 431
258 451
259 293
259 397
259 421
259 428
260 298
260 350
260 408
260 418
260 441
262 441
263 334
263 378
263 443
264 287
264 304
264 335
264 390
264 412
264 419
264 442
265 301
265 366
265 393
267 285
267 286
267 298
267 324
267 343
267 414
267 428
267 438
267 445
268 281
268 291
268 313
268 335
268 344
268 375
268 376
268 419
268 443
269 305
269 338
269 402
269 421
271 282
271 295
271 399
272 407
272 431
273 353
273 391
273 437
274 421
274 434
275 282
275 293
275 339
275 347
275 414
276 292
276 302
276 316
276 346
276 357
276 406
276 420
276 429
277 393
278 432
279 313
279 328
279 419
279 424
280 423
282 295
282 296
282 310
282 339
282 399
282 405
283 300
283 329
283 331
283 401
284 285
286 343
286 388
286 445
287 308
287 375
287 451
288 443
289 343
290 344
290 375
290 385
290 390
291 297
292 357
292 374
292 408
292 420
292 434
293 319
293 338
293 355
293 369
293 397
293 419
293 421
294 340
294 342
294 381
294 412
295 399
295 414
296 399
297 419
298 350
298 373
298 378
298 398
299 301
299 306
299 317
299 326
299 359
299 371
299 389
299 391
300 301
300 316
300 323
300 340
300 357
300 360
300 406
300 411
300 412
300 419
300 420
300 429
301 331
301 334
301 368
301 371
301 379
301 411
302 309
302 316
302 323
302 346
302 408
302 430
302 434
303 364
303 385
304 315
304 353
304 363
304 412
304 419
306 315
306 318
306 325
306 331
306 359
306 381
306 403
306 411
306 414
306 448
307 338
308 331
308 391
309 316
309 323
309 381
309 429
310 321
310 361
310 372
310 405
310 409
310 435
312 330
313 364
313 381
313 443
315 335
315 364
315 393
315 419
315 427
315 437
316 323
316 346
316 406
316 429
316 434
316 442
317 331
317 344
317 433
317 446
318 330
318 334
318 359
318 391
318 436
319 421
320 442
322 368
322 386
322 391
322 426
322 448
323 374
323 380
323 434
323 449
325 370
325 448
327 401
328 358
328 362
329 331
329 400
329 452
330 444
331 359
332 442
334 338
334 370
334 371
334 391
334 436
335 364
335 393
335 412
335 419
335 442
336 361
337 339
337 354
337 361
337 391
338 353
338 447
339 347
339 361
339 364
339 390
339 405
339 422
339 445
340 357
340 371
340 381
340 412
340 437
341 410
342 360
342 408
342 412
343 345
343 394
343 414
343 438
343 445
344 359
344 371
344 385
344 395
346 372
346 406
347 405
347 410
349 387
349 428
350 366
350 373
350 378
350 393
350 398
350 412
350 414
350 416
350 418
350 423
350 428
351 380
351 412
352 382
353 388
353 391
353 393
353 412
353 437
353 440
355 402
355 421
355 428
355 442
357 374
357 381
357 408
357 412
357 420
357 429
358 390
359 419
359 429
359 448
360 391
360 408
360 429
362 410
363 412
363 419
363 430
363 434
366 378
366 391
366 393
368 401
370 391
370 435
370 448
371 411
373 398
373 417
374 430
374 434
375 403
376 395
377 428
377 439
377 442
378 415
378 416
379 422
380 381
380 412
380 429
381 393
381 411
381 412
383 405
383 422
383 444
385 390
386 451
388 402
388 421
390 403
390 422
391 393
391 427
392 419
393 416
393 419
393 451
394 414
394 438
394 445
396 404
396 447
397 421
398 416
399 405
399 422
405 444
406 449
407 431
408 411
408 412
408 441
410 415
410 433
410 436
411 446
412 419
412 429
412 430
412 437
412 449
414 445
415 436
417 433
418 419
419 421
419 431
419 437
419 445
421 445
423 426
423 452
428 439
429 449
433 441
433 447
434 449
435 448
438 445
440 443
443 451
