325
71
28
132
181
219
290
10
57
66
270
293
148
154
248
351
116
324
110
98
209
51
129
169
303
217
128
205
204
107
146
245
296
91
11
241
305
99
0
222
177
49
317
143
86
165
168
124
23
308
271
131
211
298
52
144
88
340
180
349
94
268
43
306
179
267
60
142
183
16
80
213
83
134
323
376
97
78
330
347
371
194
202
46
300
178
176
272
182
210
220
304
309
247
12
184
166
186
113
203
4
58
56
87
82
366
279
118
275
253
206
256
289
233
172
152
1
375
224
262
321
163
318
90
9
133
353
79
31
135
352
173
119
159
326
280
333
364
346
84
25
160
361
240
138
93
363
195
373
167
332
292
350
72
357
130
67
201
140
235
59
20
359
102
7
297
68
121
264
40
106
243
372
356
164
29
103
38
74
101
175
216
92
310
123
334
104
21
50
299
221
225
47
115
307
109
151
208
348
170
367
198
13
139
343
236
337
312
329
258
260
32
161
149
237
95
249
365
65
190
336
234
112
45
273
6
85
200
126
196
214
244
22
41
358
145
157
199
42
75
238
313
162
188
242
70
55
215
322
14
150
223
17
301
34
331
108
117
228
8
64
239
335
360
302
69
257
48
276
269
320
127
212
338
5
370
231
39
339
114
185
319
281
125
171
362
174
261
37
73
36
355
96
229
44
230
232
158
354
3
374
153
15
