259
182
18
678
652
585
431
432
623
896
344
857
635
733
153
479
195
663
127
516
707
272
368
162
205
860
849
403
871
430
423
397
486
304
727
676
529
256
684
340
143
433
399
31
922
192
0
593
469
250
165
565
848
176
94
576
166
464
473
28
361
193
841
262
15
235
679
278
552
427
501
389
401
358
554
532
367
622
158
10
76
157
420
257
24
25
118
383
74
180
827
561
219
535
362
133
264
321
100
212
470
790
685
84
964
99
940
284
320
204
558
650
838
519
2
125
63
189
68
422
912
213
155
951
537
465
800
538
936
816
294
111
103
494
577
749
943
472
677
493
628
743
490
376
788
630
227
812
710
366
757
21
879
704
203
947
902
573
98
600
763
231
467
16
95
716
295
228
856
662
616
222
646
963
575
114
669
181
188
836
201
223
289
453
840
81
531
618
485
872
216
784
720
47
904
846
240
748
570
199
324
139
455
711
481
726
425
488
502
112
273
782
171
333
268
721
255
387
708
793
439
398
241
837
419
761
369
461
318
172
931
474
370
510
178
581
44
316
693
647
245
553
803
413
8
202
378
825
528
811
475
638
498
377
586
700
75
983
584
160
624
206
583
826
141
633
424
683
548
144
574
972
839
33
441
785
19
187
778
417
148
760
345
34
533
747
243
822
530
642
956
168
428
317
637
592
124
477
78
682
580
