237
187
243
153
159
265
80
113
347
28
319
302
280
221
214
130
10
332
323
143
165
202
162
241
348
45
74
61
60
39
148
350
111
289
99
203
235
7
334
279
240
239
44
3
330
210
128
150
16
158
124
56
359
68
290
38
313
115
360
304
252
343
9
25
325
293
0
247
234
244
51
222
303
318
212
101
255
251
322
62
213
71
275
297
326
266
127
43
273
245
72
270
110
112
40
19
198
174
327
373
276
363
63
37
166
195
171
201
50
129
292
355
102
312
59
8
122
120
169
362
193
164
2
257
170
346
269
160
329
167
114
367
268
352
116
249
149
209
291
317
233
236
57
132
324
311
372
70
224
17
331
141
200
204
353
284
365
100
288
321
46
161
109
91
90
242
199
194
89
36
126
65
4
144
13
310
320
69
256
176
248
15
125
173
354
207
18
358
42
230
188
223
260
349
351
168
357
238
66
131
106
41
274
328
118
121
152
246
371
254
333
175
14
1
211
163
55
366
172
11
12
133
134
75
123
271
142
