301
340
490
751
541
917
871
121
158
92
171
415
128
64
614
234
611
80
708
404
368
420
344
331
156
289
10
48
603
97
337
120
425
880
556
815
481
475
760
975
373
35
589
471
563
6
487
498
397
895
265
172
765
329
862
745
258
83
13
922
516
22
824
486
17
796
759
372
695
150
847
605
449
631
549
932
266
237
528
1001
598
293
105
278
227
339
948
379
26
617
767
591
135
559
769
569
242
623
972
791
99
151
554
553
86
145
693
276
358
434
319
884
818
842
23
546
635
629
65
753
711
325
500
872
727
52
728
512
460
976
547
174
561
334
777
240
756
427
125
967
964
87
609
575
294
747
640
557
274
868
643
845
90
142
386
870
764
191
463
248
30
900
652
928
595
381
186
472
47
11
190
846
737
625
115
286
129
807
346
166
245
729
597
257
287
29
889
399
387
305
725
243
701
497
686
363
971
343
474
755
754
123
578
200
723
545
338
102
968
177
703
515
940
768
402
225
897
209
50
375
85
507
453
62
1003
259
576
341
542
537
678
748
885
469
690
432
321
202
228
698
119
501
390
832
24
981
734
3
991
233
126
914
630
417
704
464
398
439
896
785
312
419
93
594
551
970
283
610
154
229
875
987
114
962
188
508
853
680
378
137
183
522
607
657
838
790
203
681
269
810
297
540
947
566
303
677
927
882
14
113
977
567
660
252
568
924
811
742
793
543
552
758
666
544
140
851
189
413
965
495
130
144
316
206
46
42
781
103
830
392
802
385
639
526
675
81
992
840
208
783
107
579
82
946
253
275
814
819
757
809
930
656
116
7
645
180
651
361
408
674
683
335
371
134
179
40
2
601
488
39
979
411
525
952
712
426
41
718
324
299
396
806
262
771
106
394
562
520
620
84
73
502
863
616
424
854
685
165
168
778
61
185
978
328
521
743
808
435
692
483
146
980
774
197
826
618
267
356
66
284
536
746
950
268
422
108
480
235
636
918
139
816
910
877
124
374
436
892
989
721
12
513
592
38
353
388
285
173
558
615
18
100
982
246
263
309
437
181
148
750
255
187
196
581
138
295
160
466
444
95
409
527
53
178
555
788
58
633
317
888
647
389
881
730
812
905
632
958
586
736
219
109
220
136
117
907
342
393
193
856
663
688
79
238
479
348
457
88
496
902
68
184
973
850
110
795
300
207
886
429
1002
859
664
383
37
211
370
250
36
74
448
133
949
593
634
627
679
221
602
350
304
518
916
318
937
290
682
1
573
270
763
78
296
659
524
582
860
218
313
775
277
55
565
201
77
606
433
801
963
995
72
59
934
588
291
476
157
878
994
738
360
345
260
519
523
590
955
787
153
514
254
921
89
473
216
485
901
149
204
866
251
833
162
570
956
841
406
446
101
167
256
440
369
20
32
506
75
443
650
823
217
231
311
4
574
49
122
919
654
644
33
362
504
357
684
699
401
628
671
9
8
327
418
509
658
687
564
414
141
118
599
873
716
700
247
445
779
63
310
28
493
583
822
205
176
182
648
352
459
936
612
510
288
839
223
596
649
366
709
624
988
986
239
637
155
236
861
641
909
210
147
799
831
766
112
279
395
347
169
308
164
421
468
131
21
724
535
821
800
175
653
76
45
69
441
571
499
261
127
531
997
111
458
944
16
307
887
844
883
51
529
622
719
461
587
98
867
359
161
865
380
923
733
735
71
691
163
31
710
517
320
722
264
999
367
355
782
19
670
482
550
365
813
780
740
382
298
384
25
226
56
580
505
215
195
470
817
431
407
835
271
70
548
326
451
966
894
249
192
57
706
224
403
676
465
364
912
665
336
213
54
689
604
330
462
908
608
222
333
492
984
655
915
794
770
638
600
400
244
143
929
749
530
996
232
739
377
0
198
491
705
836
91
15
503
351
60
391
489
455
646
494
132
673
669
315
621
152
661
199
241
282
430
852
477
454
332
717
828
450
44
273
585
662
694
533
94
104
5
230
67
803
642
752
423
707
827
412
159
302
532
194
405
447
538
34
354
741
776
478
214
974
272
170
584
577
731
96
560
869
292
43
27
