878
531
616
650
424
759
873
790
737
102
844
339
522
945
911
448
491
264
596
215
748
631
469
808
475
708
80
490
666
854
667
471
333
308
110
509
121
571
387
831
344
527
459
130
609
444
251
896
49
461
936
899
647
247
562
143
485
986
25
668
268
351
735
850
703
607
383
734
132
690
407
81
662
431
693
833
820
19
587
465
499
576
7
767
946
38
864
663
754
62
285
707
832
93
954
290
675
577
319
297
99
75
233
556
158
212
966
590
150
347
681
823
51
343
913
687
219
821
583
503
478
104
719
581
545
495
846
472
641
259
47
435
77
680
218
353
275
55
948
85
783
674
931
498
516
136
487
922
492
243
997
592
169
292
768
857
891
819
753
892
886
828
480
173
807
745
888
866
151
815
338
484
42
231
644
400
405
553
803
715
917
228
34
46
391
646
341
460
584
632
533
912
393
425
645
508
83
443
69
741
238
500
880
315
470
705
8
782
204
670
263
635
786
838
732
152
742
437
529
154
624
827
277
563
637
599
900
770
811
787
519
860
617
88
440
186
682
278
736
340
651
740
766
395
272
417
561
548
63
205
226
569
501
401
706
372
713
462
567
559
128
156
316
111
588
191
50
597
312
97
105
229
526
94
610
454
716
872
594
350
683
453
618
140
779
442
20
32
505
89
445
802
463
115
468
265
585
467
648
70
302
788
555
752
239
481
159
172
710
595
185
552
360
704
92
363
889
652
388
611
718
728
612
642
127
507
403
813
883
799
510
615
575
48
82
371
354
373
436
356
420
476
514
658
28
434
124
248
733
262
730
709
694
234
61
317
916
458
11
515
493
806
579
441
430
528
162
606
131
153
812
685
303
517
634
623
244
582
337
198
419
98
254
871
279
386
246
659
660
530
520
628
394
876
855
494
502
174
141
940
175
