296
6
212
285
300
82
233
146
239
73
89
306
21
180
243
198
11
50
263
101
203
40
84
151
43
301
92
319
111
88
322
122
287
274
215
240
316
66
166
197
249
132
27
42
87
211
117
68
188
41
165
224
46
174
2
236
170
148
247
109
298
161
202
261
63
293
54
218
93
114
231
187
245
139
97
278
133
152
33
153
81
181
71
314
238
196
195
85
10
255
244
135
34
138
76
99
121
189
205
9
234
175
79
75
31
120
18
26
264
324
3
257
12
281
223
277
45
309
221
48
38
256
55
8
35
279
52
308
163
131
62
65
262
140
115
258
317
191
171
116
137
206
266
208
22
176
32
113
219
147
15
302
57
60
320
251
201
36
270
272
17
77
24
