86
372
237
248
50
208
213
167
150
257
152
157
56
196
351
239
286
261
67
84
224
43
297
181
252
346
231
217
81
263
370
334
80
348
169
344
200
259
345
226
293
23
151
46
171
122
186
353
264
279
105
99
1
360
317
3
88
125
267
240
135
179
77
238
31
374
148
132
225
11
127
330
188
178
123
48
373
199
14
82
160
124
243
251
222
33
85
235
10
305
206
35
9
94
184
253
104
65
223
133
343
284
212
256
71
27
233
102
209
128
294
156
245
269
95
356
139
8
328
289
100
365
352
241
254
191
137
329
207
302
32
340
359
60
129
116
177
369
25
202
155
327
285
107
18
45
109
244
29
349
83
58
282
189
144
299
24
273
90
53
59
295
176
63
170
120
276
175
162
377
145
311
87
201
172
272
198
119
287
42
37
168
300
283
74
54
0
230
361
214
73
211
275
296
368
309
218
7
310
262
255
91
136
350
229
61
260
354
70
337
140
342
220
180
134
378
138
158
131
108
69
62
281
232
362
76
307
221
98
204
52
316
38
347
165
112
192
313
106
22
250
280
227
320
163
336
110
355
210
333
193
118
143
194
159
357
47
197
130
270
5
185
115
146
234
173
326
96
75
97
66
364
338
366
306
64
216
154
324
271
358
44
288
114
290
17
318
40
219
228
325
39
36
265
78
187
183
6
304
321
113
292
195
277
363
308
89
376
319
375
57
182
371
291
141
341
166
274
323
203
55
51
335
68
332
314
72
20
242
2
126
278
30
34
15
149
236
19
147
322
16
301
12
161
303
205
339
121
92
111
142
258
103
4
41
93
101
164
26
247
215
315
266
298
268
246
367
190
312
28
21
13
249
49
117
174
331
153
79
