0 66
0 75
0 105
0 113
0 124
66 30
66 31
66 137
75 91
105 94
105 100
105 6
105 16
105 21
105 23
105 51
105 90
105 103
105 124
105 129
105 131
105 136
113 91
124 6
124 64
124 70
124 111
124 131
124 136
124 141
30 86
31 91
31 137
137 106
137 86
91 50
91 97
50 6
50 121
50 133
50 28
50 97
94 6
94 16
94 23
94 89
94 103
94 131
6 1
6 5
6 21
6 27
6 48
6 51
6 64
6 111
6 129
6 131
6 141
16 21
16 54
16 103
16 130
23 21
23 131
23 79
23 90
23 103
23 129
23 141
89 79
103 21
103 54
103 131
103 92
131 1
131 111
131 46
131 81
131 86
131 90
131 141
21 1
21 130
51 1
51 48
51 54
51 96
51 111
51 130
51 136
51 141
90 18
90 43
90 129
90 141
129 22
129 44
129 62
129 96
129 118
136 48
136 111
136 5
136 27
136 64
136 87
136 141
64 48
64 5
64 86
64 141
70 48
111 1
111 46
111 86
141 48
141 54
141 130
1 48
1 54
1 116
54 44
54 58
54 96
54 106
116 19
116 33
116 61
116 67
116 128
5 27
5 86
5 87
27 86
130 96
96 13
96 62
96 126
44 22
44 37
58 22
58 47
58 62
106 3
106 28
106 13
46 37
46 63
46 72
46 86
86 32
86 63
19 101
19 67
33 22
33 38
33 134
33 61
33 99
61 135
128 87
128 93
128 102
128 99
128 135
128 36
81 56
87 36
87 83
87 104
2 73
2 115
2 121
2 133
73 115
73 121
73 133
115 133
121 28
121 74
121 133
133 28
133 56
28 3
74 3
74 126
74 139
3 32
3 72
32 63
72 63
37 47
126 47
126 139
4 24
4 117
24 60
24 78
24 117
24 140
117 60
60 8
60 125
78 7
78 95
140 7
8 57
8 93
8 125
125 102
125 18
36 59
83 22
83 38
83 42
83 47
83 88
83 101
83 104
83 120
83 134
104 38
104 77
104 88
104 101
104 14
104 42
104 120
104 138
18 102
18 20
43 80
43 95
22 11
22 38
22 55
22 62
22 76
22 101
22 134
62 40
62 52
62 107
118 12
118 25
118 98
118 92
7 40
7 52
7 107
40 52
40 107
40 123
52 107
52 123
123 99
123 101
99 80
101 11
101 38
101 77
101 55
101 120
101 134
57 68
57 93
93 68
93 80
80 102
9 127
127 110
15 71
71 41
71 114
10 34
10 69
34 41
69 122
122 132
11 38
11 77
11 134
11 138
38 29
38 77
38 88
38 120
38 134
38 138
77 47
77 55
77 120
77 134
134 120
134 29
134 109
134 138
138 88
138 109
76 35
76 39
76 108
29 14
29 42
29 45
42 45
14 45
12 82
12 98
82 25
25 84
25 119
84 65
92 53
17 85
85 132
132 49
132 112
20 26
35 39
35 108
39 108
