0 14
0 45
0 49
0 51
0 56
0 92
0 93
0 113
0 218
0 232
0 233
0 248
14 12
14 17
14 37
14 86
14 113
14 115
14 142
14 145
14 255
45 18
45 24
45 49
45 51
45 61
45 71
45 92
45 183
45 222
45 256
49 51
49 56
49 64
49 129
49 222
49 278
51 24
51 56
51 91
56 92
56 111
56 113
56 218
56 232
92 61
92 91
92 129
92 174
93 12
93 142
93 145
93 201
93 218
93 232
113 227
113 233
113 248
113 255
218 201
218 59
218 64
218 102
218 111
218 245
218 256
232 142
232 145
232 201
232 12
232 233
232 280
233 201
248 90
248 167
248 184
248 278
12 142
12 86
12 155
12 255
17 59
37 62
37 65
37 151
37 178
37 180
37 194
37 264
86 115
142 155
145 243
145 282
18 35
18 108
18 118
18 179
24 46
24 91
24 118
24 129
24 222
24 280
61 264
61 129
61 42
61 78
61 120
61 225
61 263
71 280
71 91
71 120
71 123
71 256
183 3
183 167
183 108
183 118
183 260
222 46
222 118
222 64
222 278
256 280
256 64
256 129
256 282
256 78
64 118
64 280
64 78
64 123
64 169
64 278
129 42
129 78
129 79
129 84
129 120
129 156
129 160
129 169
129 174
129 238
129 270
129 279
129 282
278 59
91 120
111 245
174 280
174 42
201 243
243 30
243 173
243 180
243 282
282 30
282 117
282 228
282 235
282 267
102 211
102 274
102 19
102 65
102 96
102 116
102 147
102 170
102 180
102 215
102 273
245 151
245 138
245 235
280 108
280 118
280 41
280 123
280 166
90 15
90 214
90 48
90 184
167 3
167 121
167 247
167 252
184 210
184 214
184 28
184 197
184 20
184 186
184 238
184 264
1 15
1 46
1 112
1 133
1 281
15 28
15 50
15 112
15 122
15 143
15 148
15 197
15 205
15 214
15 221
15 281
46 38
46 50
46 101
46 122
46 197
46 221
112 36
112 133
112 139
112 190
112 205
112 281
133 36
133 148
133 190
133 205
133 281
281 205
28 214
28 20
28 101
28 152
28 186
28 197
28 219
28 264
50 211
50 74
50 13
50 101
50 103
50 105
50 156
50 197
50 210
50 214
50 220
50 263
50 264
122 38
122 108
122 148
122 221
122 230
122 266
143 148
143 221
143 266
197 210
197 214
197 219
197 264
214 13
214 103
214 210
214 20
214 48
214 105
214 186
214 238
214 264
214 276
214 277
221 266
38 81
38 139
38 169
101 152
101 190
36 103
36 39
36 119
36 125
36 190
139 81
139 131
139 230
190 119
190 41
190 132
190 156
190 241
2 44
2 137
44 204
137 57
204 193
99 22
99 239
22 157
22 196
239 259
239 275
3 237
3 247
121 11
121 83
121 252
121 260
121 271
252 11
252 40
252 55
252 176
252 67
252 149
252 249
252 250
252 260
108 118
108 179
108 230
108 260
108 270
118 35
118 219
118 267
118 270
260 67
4 202
202 200
202 246
200 159
200 246
159 208
246 157
246 136
246 127
246 208
246 107
246 254
5 33
5 85
5 98
5 193
5 206
33 141
33 147
33 206
85 68
85 173
85 193
98 208
193 65
193 141
193 206
193 211
193 257
206 140
206 147
141 211
141 47
141 170
147 65
147 180
147 215
147 273
68 191
173 30
173 117
173 79
173 217
208 66
65 119
65 170
65 180
211 88
211 119
211 124
211 144
211 162
211 220
211 241
211 257
140 242
88 220
88 144
119 125
119 241
124 7
124 128
124 136
124 181
124 216
144 220
144 162
162 220
220 263
6 43
6 69
6 95
6 165
6 168
6 223
6 258
43 69
43 189
43 283
69 106
69 165
69 268
95 8
95 110
95 146
95 168
95 196
95 203
95 223
95 269
165 153
165 196
165 203
168 146
223 203
258 161
258 284
189 283
283 196
283 110
283 240
283 269
106 126
106 75
106 231
106 268
268 75
268 150
8 52
8 109
8 161
8 164
110 196
196 153
196 203
196 259
203 153
161 52
161 229
284 109
284 27
284 150
7 74
7 128
7 181
7 216
7 253
74 34
74 128
74 149
74 236
74 267
74 279
128 34
128 82
128 216
128 253
128 263
181 34
181 136
181 216
181 253
216 34
216 253
253 34
253 54
236 10
236 40
236 136
236 249
267 81
267 279
267 67
267 82
136 40
136 271
136 63
136 67
136 172
82 263
263 78
263 132
52 73
52 164
109 272
73 27
27 89
150 171
9 251
251 135
251 31
251 199
251 262
13 26
13 31
13 103
13 134
13 210
13 262
13 277
26 185
26 224
26 277
103 39
103 210
103 277
134 191
134 276
210 156
210 186
210 219
210 238
210 264
210 265
210 277
16 29
16 53
16 104
16 105
16 175
16 191
29 94
29 104
29 105
29 163
29 175
29 188
53 104
53 175
53 199
104 105
105 163
105 175
105 276
191 135
191 199
199 224
10 58
40 11
40 76
40 83
40 198
40 250
40 271
11 76
11 176
11 198
76 83
76 176
176 55
176 83
176 198
176 271
198 55
250 271
271 55
271 114
185 77
185 80
185 94
185 177
185 207
185 224
156 264
156 186
156 219
156 78
156 238
264 20
264 21
264 178
264 180
264 194
264 226
264 238
264 265
186 41
186 219
186 238
219 48
219 41
219 238
238 41
238 265
20 188
62 180
62 194
151 138
178 194
230 131
230 270
94 77
94 79
94 80
94 154
94 163
94 207
163 79
163 80
188 177
274 116
35 179
179 84
179 270
270 169
270 160
270 84
270 131
96 273
170 209
177 80
177 154
177 207
157 66
157 127
157 130
157 192
66 127
66 254
130 254
130 192
23 212
195 182
182 72
182 261
78 169
78 225
169 81
169 160
169 234
120 42
160 234
25 70
77 80
77 207
80 154
89 32
89 187
32 158
30 217
30 228
217 117
228 117
138 87
81 234
63 97
63 172
60 126
126 231
72 100
72 244
72 261
100 213
244 213
