860
882
43
449
763
727
160
580
946
295
1003
683
487
850
188
492
722
676
64
596
236
521
645
384
200
806
16
237
822
847
869
872
626
842
225
894
818
944
965
271
644
479
680
629
725
182
370
557
485
146
638
710
45
819
891
700
681
592
106
660
885
665
658
422
883
701
509
609
831
352
826
843
862
242
235
717
812
199
844
340
618
222
450
280
889
699
5
341
866
737
206
612
768
728
9
731
742
281
811
734
369
554
73
144
849
760
194
892
941
964
858
187
777
936
926
823
861
524
116
829
896
662
311
33
623
109
868
685
423
522
318
590
828
4
310
969
704
915
606
455
600
825
475
810
711
679
838
497
933
532
859
647
346
581
71
873
300
791
733
880
939
790
608
666
272
957
821
975
599
553
589
135
751
782
992
635
995
741
899
981
787
855
788
87
79
813
583
15
887
57
631
223
463
562
409
27
696
56
525
147
17
881
252
628
117
697
792
916
718
652
183
664
909
515
886
740
366
439
682
282
809
587
615
516
286
195
997
588
301
26
839
783
565
840
776
607
999
694
661
506
457
745
78
493
419
917
427
108
827
14
