1025
38
759
931
487
381
680
217
769
61
62
182
633
730
1041
768
251
799
352
859
1037
528
578
25
798
1081
772
899
482
261
592
456
639
958
1035
888
301
731
162
98
1070
841
492
662
1040
741
1061
816
39
792
407
941
993
376
48
683
1088
873
132
178
1002
73
909
1068
793
861
341
981
638
51
1084
614
195
84
1098
210
156
960
29
325
968
216
1107
512
936
939
126
155
54
829
64
41
56
805
181
467
435
995
483
779
979
1120
834
211
68
833
1046
280
372
139
527
929
723
890
964
900
630
278
268
1064
976
97
137
274
1014
1032
853
159
459
143
498
1108
242
125
1111
938
300
453
440
611
983
262
658
303
1016
3
438
384
1085
739
206
1043
240
698
1033
1104
717
28
163
1039
77
1109
686
265
441
117
264
22
104
46
506
877
1103
401
313
306
63
502
850
397
1050
287
980
579
545
215
224
53
836
389
436
560
486
870
642
44
523
1009
803
885
813
863
546
503
343
871
1003
102
13
1100
160
624
632
1045
887
1067
208
106
1080
70
58
419
876
1026
586
910
